/*--------------------------------*- C++ -*----------------------------------*\
| =========                 |                                                 |
| \\      /  F ield         | OpenFOAM: The Open Source CFD Toolbox           |
|  \\    /   O peration     | Version:  2.4.0                                 |
|   \\  /    A nd           | Web:      www.OpenFOAM.org                      |
|    \\/     M anipulation  |                                                 |
\*---------------------------------------------------------------------------*/
FoamFile
{
    version     2.0;
    format      ascii;
    class       volScalarField;
    location    "0.83";
    object      p;
}
// * * * * * * * * * * * * * * * * * * * * * * * * * * * * * * * * * * * * * //

dimensions      [0 2 -2 0 0 0 0];

internalField   nonuniform List<scalar> 
8800
(
86.5826
74.2269
66.8324
63.3003
61.4105
60.0194
58.8034
57.6993
56.7137
55.7004
54.7549
53.868
52.9535
52.0363
51.2288
50.426
49.6567
48.9745
48.1595
47.8008
83.4691
73.873
67.0024
63.4146
61.4697
60.0451
58.8107
57.6986
56.7135
55.6983
54.7499
53.8675
52.9523
52.0325
51.227
50.4248
49.6561
48.9765
48.1537
47.6914
81.5029
73.9499
67.6054
63.7903
61.6372
60.1241
58.8564
57.7308
56.7385
55.7151
54.7595
53.874
52.9541
52.0288
51.2255
50.4173
49.6545
48.9757
48.2056
47.6952
79.9657
74.0113
68.1955
64.2154
61.8206
60.2088
58.9179
57.788
56.7867
55.7539
54.7889
53.8914
52.9639
52.0336
51.2254
50.41
49.6435
48.969
48.2864
47.8988
78.7156
73.9838
68.6741
64.6242
61.9912
60.2748
58.9655
57.845
56.8382
55.8065
54.8299
53.9178
52.976
52.0484
51.221
50.4058
49.6176
48.9614
48.2111
48.1966
77.7301
73.8866
69.0442
64.975
62.1436
60.3159
58.9946
57.8916
56.8838
55.8585
54.8716
53.9403
52.9887
52.0633
51.2167
50.3993
49.5957
48.9479
48.2674
48.716
76.9728
73.7737
69.3127
65.2573
62.2858
60.3436
59.0036
57.9237
56.9195
55.9018
54.91
53.961
53.0013
52.0727
51.2134
50.3882
49.5847
48.9507
48.3984
49.0342
76.4224
73.6737
69.4963
65.4723
62.4102
60.36
59.0028
57.9459
56.9467
55.9363
54.9387
53.9741
53.0114
52.0814
51.2093
50.383
49.5867
48.9666
48.5116
49.259
76.0654
73.5987
69.611
65.6161
62.4998
60.3706
58.999
57.9586
56.9638
55.9599
54.9609
53.9838
53.0178
52.0876
51.2097
50.3829
49.5937
48.9856
48.6124
49.4035
75.8903
73.5583
69.6668
65.6899
62.5445
60.3736
58.9989
57.9639
56.9704
55.9757
54.9741
53.9857
53.0222
52.0957
51.2122
50.3877
49.6124
49.0039
48.68
49.5119
75.8919
73.5578
69.6664
65.6904
62.5445
60.3734
59.0005
57.9638
56.9683
55.978
54.9778
53.984
53.0261
52.1037
51.2187
50.3978
49.6277
49.0223
48.7366
49.579
76.0651
73.6
69.6104
65.6187
62.4998
60.3654
59.0064
57.9601
56.9539
55.9711
54.9721
53.9755
53.0276
52.1134
51.2273
50.4113
49.6503
49.0387
48.7583
49.6033
76.4241
73.6741
69.4941
65.4755
62.4111
60.3536
59.0141
57.9487
56.9299
55.9528
54.9583
53.9627
53.0268
52.1235
51.2382
50.4314
49.6747
49.0613
48.7543
49.5644
76.9735
73.7736
69.3106
65.2629
62.2856
60.333
59.0196
57.9296
56.8956
55.9256
54.9372
53.9423
53.0234
52.1326
51.251
50.4553
49.7078
49.0886
48.7363
49.4609
77.7321
73.886
69.0401
64.9809
62.1446
60.3038
59.0157
57.897
56.8516
55.8894
54.9081
53.9156
53.0187
52.1381
51.2636
50.4824
49.7482
49.1273
48.7259
49.2739
78.7164
73.9816
68.6726
64.6332
61.9905
60.2572
58.9919
57.8546
56.7974
55.8439
54.8775
53.8821
53.0098
52.1415
51.2767
50.505
49.7965
49.1752
48.7488
49.0209
79.966
74.0105
68.1939
64.2257
61.8198
60.1888
58.9488
57.801
56.7367
55.7961
54.8461
53.8512
53.0008
52.1412
51.2884
50.5222
49.8435
49.2224
48.8031
48.7366
81.5033
73.9478
67.6053
63.8019
61.6361
60.1018
58.8884
57.7464
56.6878
55.7572
54.8218
53.8331
52.9937
52.1403
51.2991
50.535
49.8767
49.2588
48.8612
48.584
83.4699
73.8712
67.0014
63.4252
61.4695
60.0237
58.8416
57.7148
56.6652
55.739
54.8112
53.8306
52.9931
52.1427
51.3071
50.5448
49.892
49.2806
48.8573
48.4976
86.5843
74.2247
66.8317
63.3111
61.4098
59.9995
58.8334
57.7132
56.6696
55.741
54.8114
53.8358
52.996
52.1433
51.3115
50.5487
49.8951
49.2872
48.8598
48.6192
48.3562
48.3636
48.1441
47.8973
47.7089
47.6547
47.6895
47.7689
47.8781
47.9586
48.0202
48.0204
48.0013
47.9835
47.9662
47.9793
48.0025
48.0408
48.0939
48.1265
48.1183
48.0442
47.8748
47.6292
47.3312
47.045
46.8696
46.792
46.814
46.9299
47.0215
47.0791
47.0027
46.7439
46.3514
45.7725
45.0549
44.2706
43.4583
42.7395
42.1975
41.892
41.8772
42.1248
42.5766
43.2429
44.0151
44.7722
45.4904
46.066
46.4257
46.6449
46.6374
46.3663
46.0372
45.5533
44.8979
44.2724
43.5331
42.6965
41.9844
41.3162
40.75
40.3929
40.195
40.1525
40.2412
40.3635
40.3727
40.313
40.1262
39.6962
39.2929
38.8859
38.4125
38.1586
38.105
38.2367
38.6827
39.4161
40.5057
41.8592
43.2221
44.6133
45.9957
47.3091
48.3995
49.1689
49.7415
49.9057
49.8115
49.5398
48.8316
48.0987
47.3501
46.2461
45.306
44.4615
43.3691
42.5169
42.0053
41.3822
40.8872
40.8053
40.7578
40.5987
40.8722
41.2838
41.6278
42.0012
42.2237
42.3489
42.2917
41.3684
40.3819
39.7744
37.8498
35.1136
33.3554
31.0268
27.4206
24.1555
21.1462
17.7339
14.5356
11.8511
9.585
8.0299
7.35968
7.54303
8.72388
10.8575
13.1654
16.6782
21.4088
26.7538
32.5832
38.8384
45.1715
50.6415
55.5623
59.3872
62.0351
64.0769
65.3035
65.6524
65.4311
65.1207
64.4848
63.4574
62.2414
61.2321
60.0736
58.9419
58.0565
57.3425
56.6174
56.3658
56.4158
56.586
56.9292
57.674
58.6029
59.5042
60.4978
61.6297
62.8571
64.0056
65.147
66.27
67.2816
68.228
69.2605
70.3691
71.2826
72.0915
72.7427
73.2727
74.0053
74.5181
74.744
74.7547
74.7597
74.5334
74.2062
73.7728
73.1896
72.5282
71.6399
70.5321
68.9977
67.2973
65.1591
63.0425
60.1892
57.6955
54.6514
50.0577
44.1641
25.8973
48.2414
48.3188
48.1363
47.9014
47.6439
47.5433
47.5483
47.6396
47.8053
47.9164
48.0278
48.0509
48.0345
48.0154
47.9701
47.9778
47.9853
48.007
48.0507
48.0614
48.0392
47.968
47.8108
47.6077
47.3672
47.1086
46.9507
46.849
46.8271
46.9025
46.9285
46.9508
46.8716
46.6035
46.2441
45.7104
45.0467
44.3569
43.6237
42.9746
42.503
42.1938
42.1714
42.3801
42.7354
43.3296
43.9974
44.6584
45.3441
45.8726
46.2161
46.4558
46.4691
46.2174
45.933
45.4937
44.849
44.2782
43.629
42.8235
42.1779
41.5832
41.0203
40.6622
40.4481
40.3146
40.3073
40.39
40.3383
40.259
40.1346
39.7423
39.3963
39.0613
38.6829
38.5628
38.5679
38.7533
39.2449
39.9718
41.069
42.3256
43.5435
44.794
46.0359
47.1944
48.1395
48.8581
49.3754
49.5042
49.5308
49.449
48.8178
48.145
47.6753
46.8433
45.9978
45.3787
44.6052
43.8807
43.5541
43.334
42.9874
42.8611
43.0971
43.2466
43.4228
43.8728
44.3717
44.5586
44.4518
44.3999
44.1961
43.0209
41.4022
40.3161
38.4429
35.1635
32.3673
29.627
25.6205
21.4263
17.6215
13.7325
9.92275
6.68445
4.23243
2.43895
1.47483
1.60139
2.78735
4.81823
7.67945
11.5574
16.4722
22.3448
28.9642
36.2138
43.5354
49.8935
55.5189
59.7409
62.6906
64.6737
65.8492
66.2339
65.9251
65.4347
64.5993
63.3454
61.8954
60.5503
59.0608
57.5725
56.5328
55.5901
54.7367
54.4794
54.5506
54.557
55.0864
56.0616
57.0641
58.2025
59.4772
60.7142
61.9801
63.2762
64.4808
65.5403
66.7166
67.9687
69.1305
70.0763
71.0845
71.9594
72.7397
73.4243
74.0735
74.3337
74.5382
74.6912
74.4435
74.2206
73.9021
73.482
72.6897
72.0649
70.9696
69.8894
68.0612
66.3739
64.0624
61.7171
58.8807
55.7932
52.4762
46.0635
39.0642
21.9091
48.2753
48.4135
48.3362
48.1187
47.6998
47.496
47.4214
47.4888
47.7161
47.849
48.0317
48.0712
48.0626
48.0511
47.9657
47.9722
47.9522
47.9534
47.9864
47.9755
47.9386
47.8786
47.7348
47.5659
47.3954
47.1481
47.0312
46.8998
46.815
46.8793
46.7992
46.8147
46.7215
46.4273
46.1479
45.6343
45.0551
44.477
43.8138
43.2762
42.8584
42.5818
42.5348
42.6901
42.9716
43.4545
44.0357
44.5846
45.1836
45.6926
45.9648
46.2174
46.2893
46.0162
45.8118
45.4253
44.7669
44.3058
43.6966
42.9747
42.4239
41.8412
41.3562
40.9897
40.7369
40.5858
40.4544
40.5351
40.4442
40.2694
40.2898
39.9435
39.5818
39.4317
39.1513
39.0731
39.1458
39.426
39.989
40.6365
41.6509
42.7884
43.8459
44.9825
46.023
47.0646
47.9214
48.4624
49.0032
49.2919
49.2341
49.2127
48.8909
48.3425
48.0035
47.4983
46.7909
46.3155
46.0053
45.5209
45.1807
45.228
45.1893
45.0837
45.4471
45.9015
46.0408
46.3361
46.8951
47.0338
46.7104
46.4824
46.1046
44.8515
42.8682
41.1345
39.0382
35.6383
31.967
28.4003
24.0878
19.3556
14.8396
10.4759
6.26211
2.59915
-0.245355
-2.36223
-3.44169
-3.29231
-2.04818
0.117182
3.16629
7.14789
11.9654
17.9561
24.9443
33.046
41.4797
48.9101
55.1988
59.9599
63.2585
65.3107
66.5542
66.8448
66.5387
65.9079
64.7557
63.2006
61.4872
59.716
57.8593
56.0528
54.8629
53.6015
52.7629
52.3654
52.3924
52.4952
53.0586
54.3116
55.552
56.673
58.2501
59.8426
61.1232
62.3901
63.8183
65.0558
65.977
67.1858
68.7324
70.0308
71.1042
71.9227
72.7016
73.3521
73.7481
74.2161
74.4412
74.456
74.2261
74.1172
73.6767
73.1278
72.3511
71.6324
70.5154
69.1929
67.4814
65.4941
63.2779
60.2679
57.6908
53.9658
50.5459
43.8768
36.2718
23.3043
48.5203
48.5139
48.305
48.0738
47.5374
47.2745
47.2108
47.2996
47.6231
47.7668
48.0146
48.0765
48.064
48.0852
47.954
47.9586
47.9209
47.8759
47.9151
47.8717
47.827
47.8083
47.6452
47.5204
47.393
47.1586
47.0763
46.9292
46.8168
46.8392
46.6945
46.6732
46.5661
46.2676
46.0247
45.5883
45.0845
44.6155
44.0641
43.6031
43.2721
42.9959
42.9446
43.0841
43.2357
43.6519
44.1317
44.5426
45.0767
45.5061
45.734
45.9733
46.059
45.8281
45.6615
45.3465
44.7564
44.3312
43.7977
43.1843
42.6813
42.1329
41.7736
41.3699
41.0564
40.9985
40.7386
40.7433
40.7434
40.4601
40.5179
40.3165
39.9598
39.9313
39.7467
39.711
39.8774
40.1735
40.7766
41.3299
42.188
43.3009
44.1334
45.1286
46.136
46.9404
47.702
48.2024
48.68
49.0633
48.9833
49.0117
49.0547
48.6189
48.2886
48.19
47.7479
47.3352
47.3326
47.1082
46.8071
47.067
47.3289
47.2623
47.6607
48.2727
48.4878
48.7164
49.2437
49.4808
49.0517
48.6216
48.1462
46.9354
44.7839
42.4373
39.8545
36.2861
32.1105
27.7808
23.1428
18.0013
12.881
7.98026
3.3019
-0.792079
-4.10979
-6.54527
-7.68132
-7.4664
-5.98189
-3.56372
-0.332781
3.46352
8.01941
14.0842
21.3695
30.0048
39.1595
47.605
54.7442
60.1265
63.7408
66.0238
67.3348
67.6239
67.3316
66.4567
64.9978
63.1202
60.9859
58.739
56.5325
54.3883
52.8528
51.4305
50.5097
50.0465
49.848
50.1935
51.0556
52.2884
53.8681
55.397
56.8678
58.5495
60.345
61.7085
62.8143
64.1413
65.5061
66.9214
68.2093
69.4614
70.8156
72.012
72.7766
73.4495
73.8172
74.3121
74.3961
74.3689
74.2218
73.9553
73.5393
72.9183
72.2418
71.2636
70.2419
68.615
67.1437
64.5508
62.4274
59.0652
56.4803
53.1479
49.341
42.9852
35.0222
25.3268
50.0491
49.7051
48.4071
47.6247
46.9302
46.7735
46.7823
47.0237
47.4771
47.6422
47.971
48.0458
48.056
48.115
47.9485
47.9475
47.8652
47.8077
47.8195
47.7545
47.7076
47.6534
47.5461
47.4363
47.3552
47.1594
47.0665
46.9443
46.7984
46.7804
46.6108
46.5214
46.4257
46.1464
45.9162
45.5719
45.1485
44.7708
44.3349
43.9457
43.7302
43.4404
43.3764
43.5129
43.5515
43.908
44.2673
44.5375
45.0452
45.318
45.5325
45.7819
45.7698
45.6811
45.5196
45.225
44.8025
44.3686
43.9284
43.4298
42.9596
42.5086
42.183
41.8115
41.5079
41.4364
41.1753
41.1016
41.1331
40.8499
40.8728
40.8021
40.4741
40.5205
40.4475
40.3789
40.6709
40.9517
41.4221
42.0495
42.7767
43.6832
44.4625
45.3588
46.2212
46.8215
47.5431
48.051
48.3943
48.8523
48.9486
48.9435
49.1635
49.0012
48.7006
48.8331
48.6983
48.3118
48.4536
48.6007
48.4103
48.7063
49.2261
49.2588
49.6194
50.4212
50.7963
51.0157
51.4853
51.8133
51.5585
51.1469
50.5293
49.1817
46.9519
44.1942
41.0736
37.2272
32.7973
27.9051
22.7438
17.0958
11.3608
5.85092
0.554181
-4.09385
-7.89565
-10.559
-11.8533
-11.4761
-9.54769
-6.79916
-3.27585
0.580958
5.00475
10.9791
18.4303
27.261
36.9915
46.2247
54.114
60.1752
64.2071
66.7865
68.139
68.4689
68.1828
67.0648
65.3449
62.9968
60.3341
57.6829
54.9853
52.529
50.4931
49.1482
47.9762
47.4063
47.2883
47.7268
48.8653
50.4208
52.0278
54.0037
56.0318
57.7091
59.3065
60.9375
62.2194
63.0549
64.3808
66.0853
67.7957
69.6071
70.9533
72.0513
72.8207
73.6358
74.0307
74.253
74.4333
74.3566
74.2866
73.9151
73.4745
72.8573
72.2285
71.041
70.1278
68.2858
66.7569
64.0444
61.8293
58.7226
55.5687
52.5661
48.5084
42.6104
35.0835
27.3466
51.0104
50.4542
48.5504
47.3205
46.5172
46.3609
46.4297
46.7876
47.3077
47.5512
47.9101
47.9998
48.0412
48.1058
47.9583
47.9196
47.8435
47.7595
47.723
47.6563
47.5809
47.5571
47.4407
47.3398
47.3297
47.1041
47.0509
46.9363
46.7612
46.752
46.5185
46.4392
46.3259
46.0471
45.8684
45.5434
45.2577
44.9302
44.592
44.3219
44.0691
43.9412
43.8065
43.8606
43.9594
44.1289
44.4311
44.6417
44.9868
45.2174
45.3953
45.5929
45.5533
45.5553
45.4036
45.1276
44.8735
44.4517
44.0671
43.7032
43.2782
42.8732
42.593
42.3135
41.9957
41.8812
41.7183
41.5516
41.5568
41.3826
41.295
41.3075
41.1084
41.0893
41.1255
41.1239
41.3581
41.6359
42.0786
42.6656
43.2574
44.0394
44.7964
45.5246
46.2285
46.7969
47.4587
47.9276
48.2651
48.7667
48.9615
49.0082
49.3244
49.3952
49.2216
49.4133
49.4823
49.3296
49.5916
49.8763
49.8915
50.2167
50.8103
51.1378
51.5638
52.3084
52.8542
53.2346
53.7818
54.3218
54.3089
53.8285
53.0977
51.666
49.2588
46.2173
42.7955
38.6655
33.805
28.4908
22.7955
16.5574
10.0861
3.75141
-2.2518
-7.46333
-11.7506
-14.6638
-15.9908
-15.4035
-12.9277
-9.64348
-5.9182
-1.81666
2.80463
8.67917
16.0462
25.1068
35.2751
45.0182
53.588
60.1236
64.5959
67.4704
69.0005
69.4496
69.083
67.7162
65.6134
62.7698
59.4923
56.5249
53.1853
50.4875
48.1193
46.6356
45.251
44.4986
44.6781
45.3681
46.5912
48.4032
50.5812
52.6871
54.8561
57.1445
58.9729
60.0581
60.8832
61.9836
63.5998
65.3942
67.3255
69.3333
70.748
72.0697
72.9913
73.618
74.147
74.3232
74.676
74.4649
74.4052
73.9852
73.53
72.8732
72.2425
70.9415
70.0436
68.3003
66.6755
64.0626
61.3065
58.5437
55.0314
52.0139
48.111
42.985
36.4426
29.5593
51.4925
50.9525
48.8619
47.3125
46.3124
46.081
46.1608
46.5793
47.1578
47.4501
47.8574
47.9442
48.0114
48.1136
47.944
47.9147
47.8022
47.7197
47.6542
47.554
47.5012
47.4526
47.3438
47.2498
47.2542
47.0603
47.0076
46.9148
46.7478
46.7157
46.4593
46.3774
46.2715
45.978
45.8612
45.5648
45.3549
45.1082
44.7983
44.6435
44.3835
44.313
44.2132
44.1586
44.3238
44.3721
44.5787
44.7797
44.9443
45.1954
45.3088
45.4177
45.482
45.4124
45.3065
45.1622
44.8755
44.5646
44.297
43.9202
43.5852
43.286
42.9706
42.7756
42.5057
42.3122
42.2478
42.0431
41.9851
41.9221
41.7738
41.796
41.7093
41.6588
41.7427
41.7772
41.9579
42.2665
42.6398
43.1253
43.6939
44.3623
45.0021
45.6551
46.2898
46.8062
47.4417
47.9155
48.2053
48.7427
49.0476
49.1598
49.5543
49.7745
49.7028
50.0075
50.3134
50.2537
50.6085
51.0525
51.1696
51.6441
52.3778
52.767
53.2644
54.1514
54.9023
55.5115
56.2099
56.776
56.9685
56.6871
55.8238
54.1724
51.6669
48.4517
44.6418
40.3347
35.2683
29.4915
23.1687
16.3356
9.20462
2.15415
-4.42068
-10.1726
-14.847
-18.1972
-19.5618
-18.7226
-15.9391
-12.0116
-7.96116
-3.71416
1.10442
7.06878
14.4899
23.8083
34.0857
44.1708
53.0857
60.0433
64.9959
68.1689
69.8924
70.3664
69.8985
68.2745
65.7302
62.3173
58.7132
54.9769
51.3875
48.1551
45.6924
43.763
42.2067
41.6179
41.85
42.8179
44.1503
46.0831
48.8471
51.6164
53.9247
56.6366
59.0038
59.7505
59.6338
60.5101
62.2223
64.7817
67.1489
69.1299
70.7691
72.1899
73.3258
73.8726
74.5903
74.7515
74.9172
74.5857
74.5001
74.0587
73.6501
72.9158
72.28
71.0287
70.0567
68.592
66.6429
64.1758
61.0784
58.1818
54.8803
51.9784
48.4164
44.2157
38.2386
31.6392
51.7212
51.297
49.1619
47.3761
46.2624
45.9412
45.9837
46.3941
46.9838
47.3434
47.7918
47.8973
48.006
48.1149
47.9335
47.9168
47.7764
47.6857
47.5972
47.4574
47.4309
47.3337
47.2703
47.1679
47.1606
47.0337
46.8852
46.8813
46.6813
46.6484
46.4621
46.3178
46.2598
45.9678
45.8555
45.6374
45.4277
45.2694
44.9875
44.8826
44.6979
44.5891
44.5445
44.4566
44.5872
44.616
44.7128
44.9033
44.9762
45.189
45.278
45.3198
45.4312
45.3266
45.2717
45.1958
44.8997
44.7202
44.4947
44.1306
43.9208
43.6467
43.3382
43.2158
42.9691
42.7587
42.7263
42.5237
42.4436
42.4199
42.2516
42.2892
42.2514
42.1709
42.297
42.3487
42.4798
42.7945
43.1059
43.5314
44.0595
44.6278
45.2016
45.7697
46.3711
46.8901
47.4405
47.8994
48.2427
48.7619
49.1829
49.3819
49.7243
50.1251
50.2955
50.6007
50.9904
51.1488
51.5414
52.1111
52.4597
52.9327
53.6847
54.3281
54.9603
55.9322
56.945
57.6753
58.4416
59.3036
59.6935
59.384
58.47
56.7208
54.0419
50.716
46.7325
42.0756
36.7756
30.757
24.0296
16.6788
8.99415
1.31979
-5.63947
-11.7126
-16.6382
-20.0835
-21.6416
-20.7338
-17.7973
-13.7645
-9.45435
-4.93639
0.031982
6.13826
13.7571
23.2706
33.559
43.8177
52.8232
59.9748
65.1551
68.5042
70.3861
70.8115
70.4759
68.6384
65.654
61.664
57.6509
53.2646
49.4915
45.9113
43.1921
41.0985
39.3804
39.0749
39.0845
40.5154
41.9
44.2593
47.3743
50.272
53.2393
56.9491
59.9025
58.4263
57.2915
58.5728
61.0374
64.251
66.9186
69.0148
71.0797
72.4743
73.7659
74.332
74.9801
75.1293
75.2572
74.8833
74.6649
74.2081
73.7967
72.9849
72.3212
71.2265
69.9942
68.9086
66.5981
64.2488
61.4794
58.1124
55.0671
52.3574
48.7911
45.3779
39.6767
33.4391
51.8769
51.5309
49.3321
47.4507
46.2778
45.8923
45.9157
46.2979
46.8888
47.2618
47.7169
47.8568
47.9872
48.1204
47.918
47.9054
47.722
47.6165
47.5499
47.3691
47.3862
47.2535
47.1967
47.1206
47.0585
47.0165
46.8259
46.8402
46.6958
46.5799
46.4887
46.2893
46.2511
46.0073
45.8485
45.7359
45.4934
45.4059
45.1744
45.0456
44.9821
44.8069
44.7917
44.7568
44.7651
44.8359
44.8735
44.9869
45.0814
45.1958
45.2732
45.3171
45.3793
45.3233
45.2851
45.208
45.0104
44.8449
44.6608
44.4051
44.1874
43.9666
43.7415
43.5789
43.3935
43.224
43.1265
43.0047
42.91
42.8434
42.7527
42.7568
42.7064
42.6892
42.7999
42.8207
42.9914
43.2758
43.4973
43.9159
44.408
44.8429
45.3686
45.9186
46.4617
46.9525
47.4291
47.9085
48.3638
48.8344
49.2267
49.5809
50.0381
50.4718
50.7789
51.1787
51.6156
51.9753
52.4897
53.0773
53.5409
54.166
54.9882
55.7409
56.575
57.5857
58.6688
59.7415
60.6897
61.584
62.2058
62.0496
60.968
59.0302
56.2195
52.6987
48.6631
43.9466
38.4595
32.1343
25.0856
17.3912
9.34372
1.31174
-6.15173
-12.4115
-17.3535
-20.7549
-22.1554
-21.2983
-18.4925
-14.5895
-10.2924
-5.59561
-0.380448
5.9395
13.8685
23.5473
33.7095
43.7412
52.4619
59.4245
64.7033
68.3033
70.5338
71.576
70.8236
68.6462
65.1265
60.8682
56.3497
51.8013
47.7646
43.9969
41.148
38.8142
37.3096
36.8803
36.7561
38.6455
40.3743
43.1643
46.5192
48.236
52.2991
58.1062
63.077
55.3718
53.8976
56.2082
59.7985
63.5395
66.8751
69.1953
71.5313
72.7772
74.1726
74.9069
75.4932
75.6817
75.7626
75.4042
75.0337
74.5353
73.9751
73.0801
72.343
71.3889
69.8138
69.1477
66.849
64.5267
62.3245
58.3612
55.5445
52.8049
48.6652
45.9164
41.1014
35.5424
51.9277
51.6246
49.4363
47.5244
46.3467
45.8578
45.8503
46.205
46.815
47.2188
47.6722
47.8621
47.957
48.1041
47.8819
47.8674
47.6911
47.5452
47.5263
47.2751
47.3229
47.1875
47.0992
47.1092
46.9544
47.001
46.8098
46.7625
46.7343
46.5086
46.4897
46.3133
46.2123
46.0746
45.8676
45.804
45.5986
45.4965
45.3432
45.1951
45.1874
45.0117
44.9911
45.0011
44.9202
45.0266
45.0401
45.0609
45.2086
45.2416
45.289
45.378
45.3546
45.3575
45.3403
45.2216
45.1381
44.9941
44.805
44.6735
44.4543
44.2468
44.1373
43.922
43.7646
43.6894
43.5142
43.4324
43.3906
43.2526
43.2215
43.2279
43.141
43.174
43.2671
43.2663
43.449
43.7028
43.8596
44.28
44.7061
45.007
45.5603
46.0764
46.4658
46.9871
47.4956
47.9534
48.4106
48.858
49.3493
49.8418
50.3032
50.7685
51.243
51.7573
52.2688
52.7294
53.2859
53.9847
54.6187
55.2671
56.1495
57.0855
57.97
59.0396
60.2737
61.4614
62.6324
63.7564
64.4337
64.2092
62.9646
60.786
57.8959
54.4135
50.3543
45.6019
40.0479
33.6457
26.505
18.6965
10.3401
2.07215
-5.62367
-12.1114
-17.0609
-20.3661
-21.6007
-20.7285
-18.2081
-14.5746
-10.3278
-5.52772
-0.0446529
6.61739
14.7455
24.3887
34.216
43.689
51.9499
58.619
63.8648
67.631
70.0593
71.1383
70.5328
68.103
64.3117
59.8418
55.2199
50.526
46.4036
42.4215
39.7153
36.9358
35.7615
35.1208
35.2158
37.4858
38.7588
43.2917
46.272
45.5571
51.038
59.0038
67.7993
49.3189
49.8922
53.8246
58.6448
63.0807
66.9643
69.3819
72.0324
73.4268
74.8863
75.7703
76.2677
76.4231
76.3449
76.0198
75.5162
74.9746
74.3104
73.3601
72.4481
71.5601
69.8324
69.3339
67.1102
64.6817
62.9988
58.5551
55.7853
53.3319
48.9693
46.4413
42.4923
37.6293
51.889
51.5974
49.467
47.6023
46.397
45.877
45.8796
46.2278
46.8195
47.2173
47.6369
47.8491
47.9142
48.0675
47.8434
47.8034
47.6497
47.4724
47.4955
47.2182
47.2694
47.1596
47.0198
47.0949
46.8701
46.9582
46.8096
46.6871
46.7739
46.4677
46.4739
46.3807
46.1583
46.1579
45.9065
45.8396
45.7458
45.5362
45.5238
45.3492
45.304
45.2632
45.1135
45.1857
45.1468
45.1207
45.2206
45.1829
45.2795
45.3593
45.3146
45.4354
45.4181
45.3657
45.434
45.2976
45.2217
45.1919
44.956
44.8843
44.7603
44.5033
44.475
44.3034
44.0995
44.1122
43.9359
43.8136
43.8538
43.6856
43.6371
43.699
43.5773
43.6088
43.7158
43.7036
43.8582
44.0911
44.2409
44.5634
44.9306
45.218
45.6918
46.1323
46.4907
47.0309
47.5335
47.9165
48.4406
48.9897
49.471
50.0187
50.5574
51.1134
51.7005
52.2676
52.8351
53.4228
54.1262
54.841
55.4965
56.2947
57.1923
58.1666
59.1668
60.2275
61.5196
62.8195
64.1164
65.3344
65.9894
65.5833
64.132
61.9421
59.125
55.6633
51.6114
46.92
41.4491
35.1732
28.1559
20.5118
12.2704
3.90162
-3.82926
-10.402
-15.4456
-18.7705
-20.0749
-19.619
-17.172
-13.7241
-9.43972
-4.47554
1.29474
8.23741
16.4557
25.8398
35.174
43.9383
51.4722
57.6479
62.6119
66.3425
68.9156
70.1229
69.5189
67.0069
63.0863
58.7551
54.2103
49.4904
45.3169
41.6092
38.7823
35.837
34.9761
33.9341
34.1833
37.2374
37.06
44.4972
45.1675
43.112
49.8335
55.525
60.0317
42.9875
47.695
51.4542
57.2561
62.5719
67.0179
69.8553
72.8094
74.5139
75.9909
76.8163
77.2389
77.3462
77.1397
76.8107
76.1929
75.6023
74.7657
73.817
72.7277
71.7878
69.9764
69.2031
67.0354
64.5222
63.13
58.7417
56.1198
54.0573
49.6656
47.0974
43.8116
39.456
51.8069
51.4987
49.3861
47.5603
46.4094
45.8954
45.9569
46.3133
46.8856
47.2724
47.6341
47.8552
47.8733
48.0138
47.8062
47.7276
47.6227
47.4031
47.4396
47.1785
47.1877
47.1432
46.9616
47.0702
46.8413
46.8961
46.8214
46.6015
46.774
46.4624
46.436
46.4425
46.1282
46.2154
45.9723
45.87
45.8912
45.5901
45.6566
45.5145
45.3976
45.4716
45.2332
45.3534
45.3439
45.1939
45.4111
45.3015
45.3387
45.5238
45.3457
45.4939
45.5504
45.3667
45.5451
45.4284
45.2818
45.3921
45.1439
45.06
45.0641
44.7817
44.7629
44.6886
44.4435
44.4856
44.3697
44.2072
44.2749
44.1374
44.0539
44.1267
44.0253
44.028
44.1358
44.1281
44.2524
44.4553
44.5578
44.8105
45.1438
45.38
45.7578
46.1814
46.5384
47.0136
47.4928
47.9324
48.4865
49.0325
49.5672
50.197
50.8178
51.438
52.0721
52.7169
53.4256
54.078
54.7798
55.6267
56.3097
57.0888
58.0409
58.9444
60.0215
61.0663
62.2572
63.6423
64.9098
66.0907
66.5839
66.0099
64.61
62.4853
59.6541
56.2812
52.4097
47.8661
42.5526
36.539
29.892
22.5572
14.6898
6.61341
-0.979165
-7.48731
-12.5157
-15.8515
-17.3279
-17.1299
-15.024
-11.7769
-7.48532
-2.3534
3.68743
10.8051
18.9455
27.7939
36.3755
44.2014
50.8654
56.4046
60.9319
64.4613
66.9872
68.1512
67.6151
65.1936
61.6093
57.6452
53.1461
48.6216
44.6972
41.2955
38.3385
35.8001
34.8845
33.5472
34.3302
36.6613
35.5423
43.5728
43.1262
42.8423
48.9247
50.1545
52.3843
39.4523
45.9939
47.8739
55.9884
62.3087
67.304
70.8041
73.9432
75.8504
77.2872
77.9965
78.3099
78.568
78.3178
77.933
77.1533
76.3744
75.2667
74.3282
72.9001
71.8162
69.9174
68.9102
66.9627
64.2675
63.0572
59.3689
56.6604
54.559
50.3774
47.8608
45.0293
41.0601
51.6501
51.3127
49.2694
47.5052
46.4448
46.0142
46.1261
46.502
47.0117
47.3564
47.6416
47.8424
47.8368
47.9201
47.7473
47.6277
47.5662
47.352
47.3721
47.1705
47.1222
47.1296
46.9284
47.0216
46.8297
46.8285
46.8306
46.5839
46.7369
46.4921
46.3984
46.4831
46.1517
46.2258
46.0643
45.8903
45.9888
45.6986
45.7258
45.687
45.5012
45.597
45.4274
45.4567
45.5056
45.3479
45.5021
45.457
45.436
45.6065
45.458
45.5647
45.642
45.4641
45.6309
45.5558
45.4094
45.5406
45.3571
45.2562
45.3141
45.0846
45.0411
45.0377
44.8153
44.8302
44.7877
44.615
44.6579
44.5885
44.4811
44.5341
44.4822
44.4488
44.5246
44.5478
44.6096
44.7472
44.8692
45.0591
45.3024
45.5335
45.837
46.1872
46.5259
46.9664
47.456
47.9268
48.4715
49.056
49.6867
50.3344
51.0037
51.7141
52.4262
53.1496
53.8522
54.5972
55.3857
56.2114
56.8931
57.5911
58.6812
59.5229
60.3247
61.4805
62.4748
63.6937
65.0838
65.9141
66.2283
65.7667
64.3477
62.22
59.5671
56.4064
52.7321
48.4409
43.4121
37.7777
31.5923
24.7628
17.3824
9.79225
2.59928
-3.63027
-8.51556
-11.8483
-13.456
-13.3838
-11.5754
-8.52119
-4.30961
0.853231
6.98196
14.0641
21.843
29.8935
37.5095
44.3186
50.0997
54.9212
58.8928
62.0107
64.1988
65.1997
64.7148
62.6678
59.7293
56.2497
52.1874
48.0953
44.5614
41.3177
38.5216
36.2932
35.2039
34.3096
35.2425
37.3184
35.8617
43.755
41.8057
43.0207
47.2569
49.8983
49.5917
37.554
44.0189
42.8367
55.7911
62.4125
68.1022
72.3434
75.5053
77.4572
78.609
79.5579
79.8255
79.9725
79.6637
79.1097
78.1179
77.1014
75.6969
74.6892
72.955
71.9677
69.856
68.5341
67.1684
64.2564
62.9405
60.0884
57.0656
54.8644
51.113
48.5469
46.0775
42.5443
51.3384
50.967
49.0678
47.4614
46.5421
46.2116
46.3724
46.7478
47.1769
47.4818
47.6744
47.8225
47.8049
47.8092
47.6851
47.5328
47.4814
47.3113
47.2766
47.1609
47.0789
47.0919
46.9488
46.9725
46.8662
46.8055
46.8001
46.6128
46.6684
46.5184
46.4039
46.459
46.2181
46.2222
46.1387
45.9667
46.0305
45.8301
45.7988
45.8103
45.6312
45.6896
45.6079
45.5566
45.6382
45.5183
45.5795
45.6114
45.5524
45.6635
45.6177
45.6308
45.7159
45.6361
45.6779
45.6963
45.6009
45.6341
45.5853
45.4849
45.4998
45.403
45.3298
45.3233
45.2109
45.174
45.1465
45.0546
45.0357
44.9885
44.9307
44.9252
44.8864
44.8714
44.8973
44.9072
44.9489
45.0384
45.1348
45.275
45.4561
45.6534
45.8969
46.1902
46.5363
46.9318
47.3725
47.8801
48.4506
49.0518
49.7406
50.4436
51.1722
51.954
52.6603
53.4322
54.1741
54.952
55.8153
56.5059
57.273
57.9803
58.7775
59.7641
60.3732
61.141
62.3225
63.2592
64.3526
65.2485
65.2176
64.6483
63.3925
61.4285
58.8879
55.962
52.6302
48.6736
44.034
38.8377
33.1728
27.0225
20.3339
13.3644
6.68348
0.84364
-3.79415
-7.02856
-8.63477
-8.49181
-7.00181
-4.1494
-0.0766055
4.96082
10.9119
17.6546
24.8258
31.9929
38.633
44.4811
49.407
53.4664
56.7253
59.1486
60.6786
61.3181
60.8951
59.298
57.1822
54.5352
51.3254
48.0201
44.9616
42.0517
39.3932
37.3547
36.0698
35.4384
36.5035
38.5051
37.3343
45.4964
43.1494
44.6499
47.6807
48.6561
45.9061
40.9342
42.9098
40.5036
57.2638
61.7926
69.41
74.4787
77.4318
79.622
80.4108
81.2853
81.554
81.3153
80.9842
80.2501
79.1088
78.0129
76.3595
75.1217
73.1792
72.1807
70.0186
68.0784
67.2986
64.373
62.654
60.5018
57.3944
55.1211
51.7644
49.1348
46.8903
43.7609
50.799
50.4164
48.8202
47.4933
46.774
46.5568
46.7193
47.0677
47.3662
47.613
47.7188
47.7706
47.7606
47.6722
47.5942
47.4559
47.3768
47.2983
47.1984
47.1549
47.0784
47.0306
46.9802
46.9173
46.8801
46.801
46.7367
46.6575
46.6064
46.5313
46.4425
46.4087
46.3046
46.2305
46.1689
46.0771
46.0349
45.9551
45.9035
45.8665
45.7938
45.7768
45.7306
45.7075
45.7169
45.6741
45.6854
45.705
45.6943
45.7337
45.7382
45.7429
45.7912
45.7747
45.779
45.8085
45.7675
45.7647
45.7678
45.7065
45.698
45.6775
45.609
45.5963
45.5569
45.4978
45.4874
45.4381
45.389
45.3655
45.318
45.2795
45.2545
45.2314
45.2177
45.2231
45.2448
45.2935
45.3663
45.4638
45.5799
45.7376
45.9565
46.2079
46.5214
46.9023
47.3452
47.8589
48.4259
49.051
49.7605
50.4984
51.2632
52.0505
52.8073
53.6014
54.3661
55.171
55.9922
56.5895
57.3366
58.1596
58.6788
59.3978
60.2204
60.7905
61.5028
62.661
63.6343
64.1756
64.1082
63.2043
61.8086
59.933
57.681
55.0292
51.9698
48.4872
44.5011
39.9435
34.8625
29.3257
23.3246
17.0606
10.9831
5.56888
1.16827
-1.92369
-3.43114
-3.28361
-1.91925
0.699443
4.50097
9.27451
14.9059
21.1621
27.6341
33.9678
39.7533
44.7629
48.9228
52.2411
54.6955
56.2179
56.8667
56.8243
56.2456
55.217
54.1057
52.7468
50.8355
48.5497
46.1782
43.5316
41.0129
39.1675
38.0521
37.6559
38.5248
39.8092
39.5967
46.7071
45.6065
48.7649
48.56
49.3587
49.1299
44.4337
43.6472
43.6972
60.4799
60.3404
71.426
77.0189
79.4894
81.9247
82.2215
82.986
83.4054
82.6656
82.4517
81.6641
80.2568
79.1696
77.3144
75.7307
73.7786
72.2951
70.378
68.153
67.1604
64.4528
62.5636
60.8207
57.5931
55.1929
52.3646
49.7624
47.4138
44.6368
49.9887
49.6546
48.5491
47.6354
47.1524
47.0313
47.1602
47.4067
47.5599
47.7092
47.7449
47.7214
47.7075
47.5726
47.5052
47.3956
47.2861
47.2616
47.1438
47.1244
47.0709
46.9906
46.9909
46.8888
46.8608
46.8008
46.6956
46.68
46.5799
46.5247
46.4725
46.3589
46.3497
46.2576
46.1857
46.1663
46.0636
46.0394
45.9977
45.9212
45.9208
45.8561
45.8333
45.8383
45.7839
45.8044
45.7906
45.7814
45.8195
45.8007
45.8304
45.8566
45.8513
45.8913
45.8909
45.8911
45.9199
45.8952
45.9008
45.9029
45.8733
45.88
45.8518
45.829
45.8218
45.7799
45.7576
45.7346
45.6872
45.653
45.6203
45.5752
45.5421
45.5093
45.4776
45.4688
45.4674
45.4854
45.5367
45.6089
45.7026
45.8422
46.027
46.2421
46.5339
46.9021
47.328
47.8389
48.4143
49.0594
49.7795
50.5192
51.295
52.0812
52.8409
53.6133
54.4006
55.235
55.9521
56.4986
57.2408
58.0723
58.635
59.2326
59.9209
60.4998
61.2371
62.1823
62.815
62.9086
62.4092
61.3596
59.9653
57.9928
55.849
53.5881
51.1072
48.2576
44.9182
40.9959
36.5483
31.5946
26.1723
20.5227
15.0052
10.0097
5.86641
2.92362
1.44124
1.46567
2.68503
5.14109
8.75546
13.2855
18.5478
24.2891
30.123
35.7552
40.8637
45.2586
48.8366
51.5119
53.1938
53.8031
53.4236
52.4954
51.5827
51.0769
51.1351
51.3909
50.9332
49.7152
48.0843
45.9945
43.7329
41.8902
40.9456
40.6751
41.0024
41.6091
42.6777
47.2639
46.1236
51.6855
48.3308
58.3561
57.2811
49.1581
48.8569
50.7524
61.9771
61.0918
74.4386
79.5548
81.462
84.1919
84.1649
84.9698
85.3353
84.3731
83.9678
83.2415
81.4613
80.3126
78.5106
76.4647
74.4809
72.4589
70.9356
68.5726
66.95
64.7027
62.5295
60.798
57.8854
55.3395
52.7824
50.3844
47.9107
45.3336
49.1232
48.935
48.4018
47.9257
47.6555
47.5689
47.595
47.6888
47.7197
47.7651
47.7427
47.6697
47.6278
47.4959
47.4328
47.3461
47.2465
47.2299
47.1286
47.1078
47.0637
46.9777
46.977
46.8748
46.8328
46.7861
46.6807
46.6739
46.5744
46.5225
46.4892
46.3714
46.3709
46.2873
46.2143
46.2139
46.1088
46.095
46.0635
45.9835
45.9912
45.9321
45.9109
45.9103
45.8602
45.883
45.8659
45.8562
45.8889
45.8702
45.9017
45.9235
45.914
45.9633
45.9622
45.967
46.0097
45.9898
46.0072
46.029
46.0076
46.0244
46.0189
45.9974
46.0013
45.9745
45.9488
45.9358
45.8919
45.8509
45.823
45.7739
45.7285
45.6974
45.6603
45.637
45.6285
45.634
45.6691
45.729
45.8089
45.9298
46.0955
46.306
46.5881
46.9341
47.3458
47.8484
48.4191
49.0628
49.7799
50.5127
51.271
52.0471
52.7857
53.5299
54.3461
55.1895
55.8849
56.4702
57.2098
57.9607
58.5666
59.2253
59.9033
60.4782
61.1683
61.8566
62.1303
61.7802
60.8223
59.383
57.7556
55.9459
54.135
52.1807
50.1049
47.8638
45.3019
42.1711
38.3777
33.9272
28.9556
23.7292
18.5866
13.8886
9.97015
7.17212
5.68899
5.53866
6.67778
9.0403
12.4752
16.7341
21.6472
26.9336
32.2597
37.373
42.0086
46.0008
49.1755
51.3635
52.45
52.4099
51.3537
49.7758
48.5057
48.2305
49.1607
50.6637
51.4443
51.1037
50.016
48.5644
46.9783
45.4255
44.1561
43.3706
43.3043
43.8546
44.999
47.4782
46.8434
52.7487
47.9802
63.2558
61.9705
55.2399
55.9269
57.8713
62.8301
64.4819
76.8172
81.431
83.5673
85.8999
85.9393
86.7895
86.8247
86.2309
85.7176
84.9922
82.699
81.2954
79.6297
77.326
75.3742
72.9272
71.385
69.022
66.7988
65.0115
62.3857
60.4722
58.1467
55.5301
53.1825
51.0114
48.4842
45.9479
48.396
48.3814
48.3654
48.2447
48.1047
47.9918
47.9137
47.8797
47.8254
47.7957
47.7352
47.645
47.5787
47.4637
47.3932
47.319
47.2324
47.2033
47.1259
47.0927
47.0523
46.9773
46.9577
46.8749
46.8228
46.7764
46.687
46.6617
46.5806
46.5237
46.4891
46.3949
46.372
46.3086
46.2425
46.229
46.1502
46.1246
46.0965
46.032
46.0292
45.9845
45.9574
45.9557
45.9147
45.9243
45.9149
45.8996
45.9247
45.9164
45.9354
45.9588
45.9588
45.9949
46.007
46.0155
46.0504
46.0513
46.0669
46.0915
46.0879
46.1027
46.106
46.0952
46.097
46.0796
46.0589
46.0415
46.0043
45.9671
45.932
45.8862
45.8432
45.8053
45.7686
45.7436
45.731
45.7368
45.7683
45.8219
45.8998
46.0149
46.1746
46.3814
46.6496
46.9838
47.384
47.8641
48.4283
49.0703
49.7812
50.5237
51.2704
52.0125
52.7575
53.5178
54.32
55.1076
55.7901
56.4515
57.2281
57.9893
58.6465
59.3303
60.0307
60.6922
61.4156
61.9264
61.8528
61.0669
59.6903
57.9691
56.0546
54.2144
52.5886
50.9182
49.2159
47.5428
45.7786
43.4708
40.3324
36.3446
31.7029
26.7339
21.7971
17.248
13.434
10.6852
9.17428
8.89976
10.0016
12.2805
15.5407
19.56
24.1648
29.0761
34.0306
38.7726
43.0836
46.8042
49.7184
51.6098
52.384
52.076
50.8205
49.0881
47.7579
47.6174
48.8878
50.8031
51.9643
52.0301
51.81
51.0176
49.6774
48.0981
46.4859
45.2568
44.7901
45.1661
46.1891
47.2419
47.8475
53.1238
50.8304
63.0783
62.7261
59.3047
59.753
62.4766
65.6467
70.5411
79.0246
83.3104
85.742
87.0105
87.634
88.3933
88.1558
88.2877
87.4793
86.5454
84.3096
82.331
80.626
78.3341
76.0562
73.4699
71.65
69.0317
66.6573
64.8096
62.097
60.2934
58.2174
55.732
53.6121
51.3824
48.9859
46.699
48.4114
48.4039
48.4025
48.344
48.2479
48.1418
48.0475
47.9703
47.8834
47.8091
47.7238
47.6278
47.5479
47.4489
47.3756
47.3057
47.2322
47.1894
47.1262
47.0851
47.0413
46.9791
46.9423
46.8739
46.8191
46.7666
46.6936
46.6533
46.5851
46.5306
46.486
46.4109
46.3749
46.3184
46.2613
46.2344
46.1731
46.1409
46.11
46.0595
46.0425
46.0067
45.9801
45.9686
45.9404
45.9386
45.9304
45.9215
45.9337
45.933
45.9478
45.9661
45.9739
46.0015
46.0169
46.031
46.0595
46.0695
46.0864
46.1083
46.1144
46.1271
46.1335
46.1292
46.128
46.1155
46.097
46.0778
46.0456
46.0096
45.9742
45.9316
45.8897
45.8524
45.819
45.7964
45.7872
45.7954
45.827
45.8824
45.9637
46.0803
46.2393
46.4474
46.7148
47.0462
47.4462
47.9196
48.476
49.106
49.7975
50.5273
51.2743
52.012
52.7533
53.5173
54.3579
55.1156
55.7997
56.5011
57.274
58.0241
58.7373
59.4594
60.2487
61.088
61.845
62.2583
61.9936
60.9942
59.4201
57.6209
55.848
54.2254
52.3209
50.4766
48.6474
47.2483
46.2639
44.7608
42.1984
38.5686
34.0935
29.2241
24.3558
19.8486
16.0588
13.3045
11.7888
11.6235
12.6046
14.7208
17.8182
21.6653
26.0632
30.7386
35.4521
39.9583
44.0393
47.5401
50.2665
52.0242
52.6897
52.3866
51.3238
49.9567
49.0042
48.644
49.5035
51.7205
52.6326
52.9054
53.6773
53.3084
51.7457
49.8802
48.01
46.5488
45.9389
46.1287
46.6129
47.539
49.5191
52.687
52.8172
62.5145
62.1245
60.8681
61.3471
64.7381
68.2985
76.1285
80.0428
85.8399
87.1724
87.9609
89.5042
89.8455
89.6574
90.0646
88.8083
87.3558
85.2938
83.1836
81.1727
78.9864
76.3937
73.6024
71.4887
68.8008
66.5532
64.7725
61.9626
60.1622
58.203
55.9279
53.7633
51.621
49.5204
47.4918
48.5523
48.4956
48.425
48.3483
48.2648
48.173
48.0804
47.9922
47.8976
47.8092
47.7181
47.6247
47.5393
47.4483
47.3725
47.302
47.2342
47.1832
47.1267
47.0819
47.0354
46.9802
46.9344
46.8734
46.8177
46.7621
46.6979
46.6481
46.5871
46.5324
46.482
46.4186
46.3728
46.3207
46.2692
46.2313
46.1809
46.1445
46.1102
46.0687
46.0433
46.0122
45.9868
45.9699
45.9483
45.9412
45.9336
45.9278
45.9342
45.9377
45.9501
45.9657
45.9782
46.0002
46.0175
46.0341
46.0567
46.0714
46.0881
46.1063
46.1164
46.1269
46.1326
46.1311
46.1278
46.1167
46.0997
46.0788
46.0494
46.0154
45.9795
45.9396
45.8997
45.8632
45.8319
45.8108
45.8036
45.8143
45.8472
45.9044
45.9894
46.1089
46.2705
46.4815
46.7503
47.0834
47.4877
47.9733
48.5296
49.158
49.8416
50.5583
51.2924
52.0349
52.7894
53.5583
54.3544
55.1093
55.8216
56.5645
57.3354
58.0807
58.8057
59.5398
60.3394
61.2502
62.0642
62.5366
62.3409
61.3984
59.8368
58.0113
56.191
54.365
52.3021
50.1284
48.3103
47.3532
46.8198
45.6668
43.3464
39.8697
35.4315
30.5914
25.7235
21.2054
17.4015
14.6101
13.0188
12.6986
13.5838
15.7013
18.7928
22.5993
26.9217
31.499
36.0999
40.4984
44.4664
47.8536
50.4861
52.1925
52.8631
52.6288
51.7406
50.5872
49.7526
49.3522
50.029
51.4631
52.3367
53.5725
54.6708
54.5004
52.9816
50.9799
48.9204
47.2605
46.565
46.7158
47.0798
48.2602
50.7038
52.9458
54.663
62.7292
61.9285
61.7958
63.0215
66.8127
70.2811
77.7847
80.84
88.5176
87.7681
88.7788
90.4805
90.4501
90.3714
90.7017
89.2374
87.4749
85.5606
83.3533
81.2705
79.0189
76.4617
73.7703
71.4489
68.8368
66.5967
64.631
62.1776
60.1311
58.211
56.0475
53.7905
51.7328
49.6497
47.5958
47.8938
47.8936
47.9109
47.9249
47.9221
47.9116
47.9057
47.909
47.9117
47.9081
47.9101
47.9177
47.9243
47.9239
47.9253
47.93
47.94
47.9554
47.9764
48.0084
48.0549
48.1153
48.1865
48.2606
48.3247
48.3714
48.3932
48.3685
48.2667
47.9533
47.3744
46.5132
45.4095
44.2723
43.3211
42.6772
42.3928
42.4685
42.8601
43.4615
44.1867
44.9234
45.4742
45.6769
45.6714
45.6964
45.809
45.7404
45.637
45.6578
45.7271
45.7279
45.8711
45.8872
45.4584
44.8788
44.5851
44.4919
44.5732
44.8016
45.1334
45.5559
46.0614
46.5473
46.9073
47.0039
46.7455
46.15
45.3237
44.3822
43.48
42.6123
41.7783
41.0042
40.276
39.5573
38.8853
38.2837
37.6496
36.7952
35.775
34.7841
34.0203
33.8642
34.042
34.4732
35.3254
36.0106
36.9165
37.6963
38.1511
39.0499
39.5521
39.6652
39.2686
38.1057
36.7816
36.1154
35.8911
35.9745
37.367
38.1896
37.0864
37.1895
39.6577
41.2639
40.6392
39.3306
37.9965
37.0271
36.5877
36.6916
37.2542
38.19
39.4156
40.83
42.3632
43.9328
45.4748
46.9695
48.3587
49.5916
50.6739
51.6013
52.3474
52.9258
53.3541
53.6323
53.7889
53.8517
53.8511
53.8103
53.7618
53.735
53.7753
53.9152
54.2117
54.6824
55.3261
56.1574
57.1826
58.3858
59.7588
61.2681
62.8699
64.516
66.1629
67.771
69.2691
70.5722
71.6029
72.2998
72.679
72.826
72.8157
72.6949
72.4672
72.1652
71.8656
71.62
71.4122
71.1709
70.9436
70.8113
70.7992
70.9038
71.068
71.2141
71.3283
71.4232
71.561
71.7969
72.0992
72.5078
72.9692
73.406
73.7883
74.1295
74.466
74.8623
75.2746
75.6275
75.9074
76.1238
76.3209
76.5068
76.6798
76.849
76.9717
77.0367
77.0709
77.0806
77.059
76.9977
76.8971
76.7623
76.6484
76.5723
76.5401
76.5683
47.8853
47.8858
47.903
47.9163
47.9132
47.9026
47.8948
47.8974
47.9014
47.9054
47.9101
47.9143
47.9203
47.9212
47.9229
47.9267
47.9354
47.9495
47.9697
48.0008
48.0445
48.1038
48.177
48.2627
48.335
48.3881
48.4174
48.3961
48.2767
47.9072
47.258
46.305
45.1272
43.9632
43.0167
42.3807
42.0864
42.1627
42.5458
43.1172
43.7912
44.4846
45.056
45.4093
45.6242
45.831
45.8697
45.7281
45.6319
45.6673
45.5623
45.4893
45.6538
45.6517
45.1931
44.6597
44.4409
44.37
44.4619
44.7105
45.0736
45.5306
46.0315
46.5009
46.8252
46.8672
46.5451
45.9051
45.0361
44.097
43.2358
42.407
41.6143
40.864
40.126
39.416
38.769
38.1163
37.4594
36.5557
35.447
34.3983
33.6195
33.6791
33.8767
34.3294
35.4514
35.9415
36.9586
37.7851
38.194
39.0956
39.6068
39.4817
38.7476
37.6864
36.7567
36.369
36.0597
35.192
36.875
39.7251
38.8167
36.9044
37.7725
38.9253
38.6877
37.7548
36.7476
36.0419
35.8165
36.1123
36.8401
37.8725
39.1602
40.633
42.2221
43.8362
45.4082
46.9249
48.3301
49.5817
50.6769
51.6066
52.3563
52.9351
53.3615
53.6318
53.7782
53.8294
53.8109
53.7577
53.6946
53.6515
53.6705
53.7841
54.0548
54.5206
55.1537
55.9834
57.0136
58.2272
59.6083
61.1367
62.7637
64.4312
66.107
67.7492
69.288
70.6323
71.688
72.3956
72.7548
72.8661
72.8501
72.748
72.5038
72.1542
71.8468
71.6391
71.4229
71.1313
70.8802
70.7594
70.7578
70.8644
71.0126
71.1681
71.3151
71.4038
71.5045
71.6986
72.0713
72.5514
73.0423
73.4488
73.8025
74.1127
74.4214
74.8447
75.3068
75.6971
75.9635
76.1408
76.3219
76.5053
76.6518
76.8223
77.0019
77.0893
77.1101
77.1043
77.0743
77.0017
76.8899
76.7428
76.6179
76.5296
76.4889
76.5104
47.877
47.8777
47.8892
47.894
47.8858
47.8705
47.8636
47.8684
47.8822
47.8964
47.907
47.9146
47.9195
47.9209
47.9205
47.9224
47.9275
47.9354
47.9496
47.9748
48.0177
48.0768
48.1547
48.2494
48.3468
48.4097
48.4306
48.3859
48.2123
47.7517
46.9552
45.8184
44.4984
43.286
42.3394
41.7258
41.4873
41.6251
42.0203
42.5501
43.1495
43.7954
44.434
44.9721
45.3773
45.6635
45.801
45.8664
45.8912
45.7642
45.47
45.2033
45.3267
45.3361
44.9317
44.4566
44.2423
44.198
44.269
44.4824
44.776
45.1723
45.6584
46.1242
46.4417
46.4464
46.0953
45.4432
44.5367
43.6431
42.8509
42.0677
41.3343
40.6362
39.9194
39.2413
38.6596
37.9833
37.2218
36.3938
35.423
34.4775
33.4944
33.1028
33.0403
33.4371
34.6648
35.7318
37.1096
38.3875
39.2603
39.9397
40.1424
39.4762
38.0044
35.6715
34.1442
34.9485
36.5043
36.6712
36.4463
37.3802
37.741
36.7577
36.3345
36.2487
35.8364
35.2306
34.7083
34.4284
34.5257
35.1081
36.0592
37.2718
38.6862
40.2625
41.9479
43.6498
45.2683
46.8135
48.2661
49.5527
50.6621
51.5989
52.3567
52.9359
53.3612
53.6226
53.7444
53.7743
53.7267
53.6387
53.544
53.4625
53.4352
53.4936
53.699
54.1384
54.7403
55.5484
56.5828
57.8107
59.2145
60.7633
62.4217
64.1317
65.8507
67.5595
69.1722
70.6017
71.7341
72.46
72.8143
72.9168
72.893
72.7687
72.4813
72.1141
71.7788
71.5108
71.3137
71.1081
70.8751
70.7082
70.6589
70.7936
71.0211
71.2036
71.3343
71.404
71.4797
71.7324
72.0425
72.4726
72.9298
73.4053
73.826
74.1535
74.4269
74.8294
75.2872
75.7046
75.9684
76.1623
76.3565
76.5178
76.6824
76.9909
77.1565
77.1091
77.101
77.1347
77.1232
77.0276
76.8764
76.6952
76.5491
76.4433
76.3937
76.3934
47.8758
47.8727
47.8672
47.8516
47.8311
47.8109
47.8079
47.8203
47.8474
47.8778
47.9038
47.9182
47.9225
47.9217
47.9174
47.9142
47.913
47.9145
47.926
47.9519
47.9914
48.0404
48.1144
48.21
48.3013
48.3585
48.3821
48.3056
48.0637
47.4762
46.4731
45.0925
43.6146
42.3714
41.4575
40.9216
40.8093
41.0319
41.4474
41.9531
42.4919
43.0677
43.7022
44.3482
44.918
45.3636
45.6644
45.8413
45.9184
45.8535
45.6111
45.4185
45.3959
45.3749
44.9939
44.552
44.2929
44.0817
43.9642
44.0087
44.1546
44.4228
44.8188
45.2392
45.55
45.5894
45.3337
44.7503
43.9047
43.1042
42.3812
41.6902
41.0034
40.336
39.6865
39.1191
38.6141
37.9457
37.2254
36.4541
35.3818
34.1351
32.7733
31.9278
31.6834
32.1404
33.4299
35.2126
37.3474
39.4311
40.696
41.66
41.423
39.6278
37.5552
35.6161
33.8941
33.895
34.8443
35.7425
35.9295
36.0146
35.8349
35.1504
34.405
33.7832
33.2408
32.839
32.697
32.8179
33.2364
34.0817
35.2753
36.6576
38.1995
39.8798
41.643
43.4105
45.0988
46.6986
48.1846
49.4939
50.6316
51.5856
52.3447
52.9249
53.347
53.5928
53.6891
53.6875
53.5968
53.4628
53.3175
53.1758
53.0772
53.0709
53.1894
53.5612
54.1229
54.8681
55.8824
57.1303
58.5683
60.1606
61.85
63.6058
65.3675
67.131
68.8361
70.3759
71.6177
72.4006
72.7861
72.8691
72.7771
72.6473
72.3664
71.94
71.5863
71.3968
71.233
70.9498
70.6963
70.6077
70.6301
70.7362
70.9119
71.1274
71.3387
71.4149
71.3799
71.4729
71.8364
72.3353
72.9113
73.4023
73.8473
74.1978
74.4517
74.7602
75.2626
75.742
76.0387
76.2215
76.4035
76.5892
76.739
76.897
77.0803
77.2149
77.2273
77.1843
77.1376
77.0175
76.8519
76.6543
76.4758
76.3401
76.256
76.2271
47.8813
47.8605
47.8285
47.7861
47.747
47.724
47.7269
47.75
47.7955
47.8479
47.8947
47.9227
47.9289
47.9225
47.9136
47.9037
47.8933
47.8851
47.8903
47.9155
47.955
48.0007
48.0556
48.1229
48.1884
48.2385
48.263
48.1537
47.8129
47.1245
45.9151
44.3393
42.8047
41.5977
40.764
40.3394
40.3235
40.5675
40.9469
41.3937
41.877
42.4139
43.0427
43.7397
44.4129
44.9881
45.4364
45.7448
45.8985
45.8477
45.6548
45.5
45.504
45.5024
45.2761
44.8954
44.4754
44.0421
43.6214
43.2718
43.0213
42.994
43.2136
43.5775
43.9675
44.1951
44.1817
43.8105
43.1747
42.4958
41.8656
41.2639
40.6168
40.0168
39.4808
38.9913
38.5676
38.027
37.3828
36.5458
35.3155
33.7426
31.8593
30.5478
30.0569
30.4468
32.1057
34.5527
37.4815
40.3181
42.1553
43.2732
43.4485
41.6469
38.3815
36.4675
35.2674
34.8402
34.9168
35.1732
35.1029
34.6731
33.9873
33.1664
32.3457
31.6463
31.1309
30.8981
31.0265
31.4473
32.1393
33.1873
34.5543
36.102
37.759
39.5113
41.3336
43.168
44.9284
46.5706
48.0784
49.42
50.5796
51.5345
52.2977
52.882
53.2866
53.5194
53.5861
53.5581
53.4275
53.2495
53.0485
52.8399
52.685
52.6046
52.6282
52.871
53.3692
54.0412
54.9767
56.2248
57.6872
59.3329
61.0843
62.8814
64.6962
66.4989
68.2645
69.9066
71.3058
72.2069
72.567
72.6263
72.5847
72.42
72.0866
71.654
71.338
71.1074
70.9122
70.7682
70.6464
70.5641
70.5195
70.6084
70.8466
71.0828
71.2653
71.2766
71.2443
71.3785
71.685
72.1967
72.7622
73.302
73.841
74.2595
74.5384
74.8718
75.3087
75.7357
76.0574
76.2711
76.4642
76.5965
76.7445
76.9758
77.1835
77.2043
77.1586
77.2128
77.202
77.0316
76.8101
76.559
76.3393
76.1801
76.0608
76.0054
47.8858
47.8386
47.7717
47.7051
47.6512
47.6302
47.6388
47.6692
47.7336
47.8104
47.8804
47.9239
47.9333
47.9242
47.9102
47.8915
47.8672
47.8466
47.8489
47.8745
47.9076
47.9385
47.9656
47.9786
47.9917
48.0277
48.0177
47.9112
47.4918
46.7392
45.442
43.7519
42.2488
41.1296
40.3933
40.0478
40.0811
40.3313
40.6703
41.0473
41.4612
41.9565
42.5776
43.2937
44.0209
44.6725
45.1978
45.5786
45.7833
45.7977
45.6347
45.5
45.5814
45.7153
45.6267
45.2524
44.6958
43.9725
43.0792
42.151
41.3588
40.9298
40.9211
41.279
41.819
42.3491
42.6778
42.6809
42.3507
41.8478
41.3606
40.838
40.2657
39.7398
39.3184
38.9315
38.5771
38.1816
37.5988
36.6814
35.2727
33.2828
30.9075
29.034
28.0863
28.4556
30.4244
33.615
37.5535
40.9025
43.7338
45.3021
45.1071
43.3536
40.6677
38.3792
36.9179
36.0539
35.4835
35.0114
34.3794
33.5034
32.5
31.5028
30.6099
29.943
29.5469
29.4596
29.7674
30.4098
31.3048
32.505
33.9811
35.6216
37.3634
39.174
41.0367
42.9262
44.7314
46.4181
47.9536
49.308
50.4706
51.4313
52.1853
52.769
53.15
53.3761
53.3999
53.3367
53.1853
52.9493
52.7465
52.4768
52.2518
52.1376
52.1114
52.2684
52.6814
53.31
54.1225
55.284
56.7422
58.3728
60.1861
62.0442
63.8885
65.7154
67.5297
69.2867
70.7641
71.7296
72.1807
72.2769
72.1085
71.8663
71.5624
71.2854
71.0326
70.7509
70.5645
70.4523
70.4064
70.4065
70.4111
70.4976
70.664
70.914
71.1036
71.1869
71.2183
71.3275
71.6689
72.0964
72.5956
73.1824
73.7812
74.3042
74.6704
74.9576
75.3239
75.78
76.1124
76.317
76.4912
76.6439
76.7951
76.9546
77.0602
77.0638
77.0885
77.1567
77.1336
76.964
76.7041
76.3958
76.1463
75.9608
75.7955
75.7155
47.8676
47.8014
47.7024
47.6175
47.5553
47.5387
47.553
47.5915
47.672
47.7696
47.8626
47.9239
47.9406
47.9293
47.909
47.8785
47.8335
47.7932
47.7862
47.8163
47.8553
47.8661
47.8372
47.7715
47.7045
47.7053
47.6636
47.5558
47.143
46.3672
45.1124
43.4506
42.0032
40.9752
40.3147
40.036
40.0645
40.2521
40.5218
40.8453
41.2363
41.7195
42.3262
43.0423
43.7948
44.4773
45.0321
45.4525
45.7053
45.7743
45.7029
45.6416
45.7705
45.9887
45.978
45.6082
44.8821
43.8064
42.3716
40.7822
39.3965
38.5739
38.4053
38.7899
39.5075
40.3513
41.074
41.5183
41.554
41.3081
40.9665
40.5286
40.0305
39.588
39.2238
38.8962
38.6282
38.3336
37.8326
36.88
35.3006
32.9336
30.0985
27.6691
26.3194
26.5905
28.7976
32.5931
37.0942
41.3732
44.6012
45.9778
45.5845
43.8887
41.8176
39.9252
38.3916
37.1701
36.1032
35.0514
33.9142
32.6792
31.438
30.2916
29.3479
28.7242
28.43
28.4705
28.9017
29.6851
30.7251
32.0179
33.5552
35.2442
37.0142
38.8621
40.7612
42.6657
44.4976
46.2258
47.7889
49.1423
50.2801
51.239
51.969
52.5495
52.911
53.1042
53.1193
52.9713
52.8401
52.5522
52.3024
52.0531
51.7584
51.6162
51.5696
51.6802
52.017
52.6151
53.3824
54.4307
55.8902
57.4843
59.2424
61.1459
63.0538
64.9531
66.7218
68.4433
70.0262
71.093
71.5588
71.5931
71.4099
71.2285
71.0485
70.7385
70.3432
70.1511
70.1863
70.2331
70.1439
70.0458
70.1122
70.2534
70.5081
70.7804
70.9715
71.0927
71.1513
71.3576
71.6769
72.0543
72.5404
73.0856
73.7201
74.3061
74.7241
75.0672
75.4366
75.8183
76.129
76.3604
76.5393
76.7006
76.8095
76.8582
76.8927
76.9385
76.9486
76.9297
76.8979
76.7806
76.5084
76.1984
75.9232
75.6585
75.4311
75.3338
47.8249
47.7474
47.6291
47.5318
47.4647
47.4516
47.4727
47.5226
47.619
47.7341
47.8469
47.923
47.9464
47.9339
47.9098
47.8653
47.7977
47.7342
47.7112
47.7321
47.7668
47.7633
47.6632
47.4873
47.3337
47.2624
47.2213
47.1131
46.7947
46.1137
44.9943
43.4917
42.1338
41.1424
40.4781
40.1772
40.1571
40.2753
40.4607
40.7179
41.0797
41.5564
42.1646
42.8859
43.6579
44.374
44.9624
45.4141
45.7098
45.8416
45.8429
45.8467
45.9991
46.2706
46.4151
45.9419
44.9271
43.4792
41.586
39.4301
37.5587
36.5042
36.3317
36.883
37.8458
38.9112
39.9113
40.6952
41.0973
41.0976
40.8566
40.4914
40.0346
39.6252
39.2811
38.9615
38.747
38.4822
37.9866
37.0795
35.4926
33.154
30.2939
27.6151
25.9401
26.0977
28.2639
32.0968
36.8833
41.2209
43.9867
45.3004
45.1206
43.9405
42.4164
40.8837
39.4263
38.0244
36.6201
35.1827
33.6889
32.1858
30.7663
29.5415
28.5796
27.9631
27.7413
27.894
28.4115
29.2534
30.3761
31.7204
33.2642
34.9731
36.7384
38.5807
40.4792
42.402
44.2388
45.9687
47.5501
48.9088
50.0111
50.9169
51.6238
52.1558
52.5314
52.6524
52.6839
52.4945
52.3023
52.0556
51.7282
51.5107
51.1926
50.9894
50.9697
51.0629
51.3967
51.9999
52.763
53.7394
55.1525
56.7516
58.4477
60.3249
62.1834
64.1145
66.0149
67.6728
69.1329
70.1775
70.6995
70.7778
70.6137
70.4186
70.1435
69.8908
69.8049
69.7012
69.6328
69.5672
69.6462
69.8007
69.8819
70.0489
70.2641
70.5405
70.7685
70.9113
71.0756
71.2875
71.6325
72.0475
72.4888
73.0399
73.6455
74.2724
74.7882
75.1522
75.4833
75.8821
76.2186
76.4442
76.5898
76.7042
76.7994
76.7782
76.7378
76.7435
76.6983
76.6009
76.5318
76.4357
76.2114
75.9119
75.6006
75.2552
74.9548
74.8326
47.7751
47.6964
47.5706
47.4669
47.3947
47.3799
47.4071
47.4695
47.58
47.7076
47.8329
47.9163
47.9451
47.9352
47.9087
47.8526
47.7649
47.6801
47.6401
47.6446
47.6533
47.6186
47.4547
47.1633
46.9191
46.7806
46.7204
46.6431
46.4695
46.0035
45.1249
43.8892
42.6766
41.6882
40.9769
40.5886
40.4269
40.4222
40.5263
40.7214
41.0284
41.4764
42.0897
42.8259
43.6256
44.3801
44.9949
45.4875
45.8246
46.0071
46.0589
46.0772
46.1944
46.3972
46.4654
46.026
44.8826
43.1513
40.8963
38.3661
36.2472
35.1583
35.102
35.8589
37.0319
38.2656
39.4139
40.3885
41.0834
41.3471
41.2379
40.9038
40.4677
40.0142
39.5736
39.1225
38.734
38.3881
37.9141
37.1756
35.8928
33.9645
31.5918
29.3259
27.8487
27.9502
29.8525
33.2178
37.3924
41.1016
43.5607
44.7304
44.7313
43.951
42.8219
41.5253
40.1137
38.614
37.0301
35.3689
33.6497
31.9835
30.4674
29.1864
28.2347
27.648
27.4629
27.6787
28.2465
29.101
30.2121
31.5828
33.0922
34.7795
36.5222
38.3391
40.2008
42.0869
43.9304
45.63
47.2206
48.5407
49.6267
50.4466
51.1068
51.5637
51.9427
52.0565
51.9965
51.7999
51.5012
51.3521
51.066
50.8271
50.5988
50.3533
50.3908
50.5059
50.7796
51.4072
52.2098
53.1999
54.6206
56.266
57.9287
59.7169
61.5292
63.3933
65.3271
66.9807
68.3024
69.2576
69.7482
69.7898
69.6226
69.4984
69.3484
69.1886
69.0308
68.9301
68.9051
69.0544
69.2088
69.3034
69.454
69.6515
69.9612
70.2563
70.5285
70.7289
70.8862
71.1838
71.5054
71.9595
72.5043
73.032
73.636
74.1903
74.7403
75.212
75.586
75.9443
76.2535
76.4611
76.5775
76.6727
76.7578
76.717
76.6061
76.5113
76.3868
76.1904
76.0421
75.9171
75.7391
75.4564
75.1459
74.7337
74.3662
74.2519
47.7478
47.673
47.5455
47.4377
47.356
47.3346
47.3648
47.4395
47.5604
47.6931
47.8197
47.904
47.935
47.9303
47.9052
47.8432
47.7437
47.6445
47.5918
47.5811
47.568
47.4812
47.2341
46.8349
46.4929
46.285
46.2
46.1979
46.211
46.0204
45.4808
44.5971
43.5749
42.6243
41.8673
41.3527
41.0266
40.8522
40.7943
40.872
41.1184
41.5232
42.1212
42.8835
43.7254
44.5253
45.1711
45.6826
46.0602
46.2685
46.338
46.3374
46.363
46.4472
46.4306
45.941
44.7176
42.8338
40.4192
37.7321
35.534
34.5012
34.5274
35.3733
36.6743
38.0403
39.273
40.3539
41.2567
41.7919
41.8839
41.5888
41.0716
40.4555
39.8308
39.2951
38.817
38.3025
37.6956
37.0895
36.3231
35.1209
33.6556
32.3655
31.7461
32.3623
33.9553
36.5428
39.5852
42.2492
44.0279
44.837
44.8064
44.1965
43.2518
42.0603
40.6606
39.0896
37.3939
35.6117
33.8029
32.0641
30.5035
29.2201
28.2882
27.7072
27.5673
27.766
28.3103
29.1901
30.2118
31.5421
33.038
34.6689
36.3647
38.104
39.9672
41.7541
43.5328
45.1573
46.7546
48.0067
49.0213
49.7688
50.3089
50.725
51.0362
51.1452
50.9959
50.8988
50.6191
50.3932
50.1427
49.8925
49.8495
49.7007
49.6732
49.8952
50.3153
51.0423
51.8832
52.8941
54.2928
55.9126
57.6066
59.4378
61.2038
62.923
64.7673
66.4056
67.6053
68.4541
68.8246
68.8629
68.6969
68.5835
68.4934
68.3149
68.2528
68.2074
68.2906
68.4117
68.5062
68.6524
68.9885
69.3025
69.4958
69.8576
70.2196
70.4677
70.76
71.0188
71.3843
71.9017
72.4659
73.0209
73.5492
74.2035
74.805
75.2436
75.6277
75.9751
76.2839
76.5068
76.629
76.6577
76.6905
76.64
76.4142
76.1879
75.9999
75.7212
75.4352
75.2312
75.0473
74.7437
74.3824
73.9459
73.626
73.559
47.7603
47.6896
47.564
47.4521
47.3586
47.3243
47.3537
47.4357
47.5606
47.6927
47.813
47.8918
47.9218
47.9247
47.9027
47.8424
47.7433
47.6419
47.5876
47.5644
47.5271
47.392
47.0611
46.5469
46.1246
45.8591
45.7489
45.8241
46.0313
46.1456
45.989
45.502
44.7418
43.8741
43.0815
42.3986
41.8399
41.4617
41.1944
41.0898
41.2351
41.5826
42.1824
42.9711
43.8547
44.7238
45.3967
45.9504
46.3795
46.6031
46.6689
46.6221
46.5306
46.4342
46.2942
45.7612
44.572
42.6361
40.1848
37.5402
35.3483
34.2846
34.2147
34.9827
36.3398
37.8508
39.2117
40.3599
41.325
41.9996
42.228
42.0246
41.4941
40.7924
40.0394
39.3277
38.6906
38.1136
37.6071
37.2005
36.819
36.3684
35.9509
35.75
36.0447
37.0591
38.7635
40.7731
42.7838
44.4149
45.3868
45.7058
45.468
44.7989
43.8361
42.6344
41.1952
39.5558
37.808
35.9875
34.1121
32.4041
30.8895
29.5918
28.6684
28.1515
27.9235
28.1141
28.5824
29.4265
30.3917
31.5886
33.0783
34.6524
36.3156
37.883
39.6854
41.4446
43.1137
44.548
46.0483
47.2695
48.1338
48.8145
49.1846
49.5039
49.6698
49.8418
49.7593
49.5101
49.1956
49.0195
49.0394
48.8982
48.8312
48.8733
49.0645
49.4574
49.8652
50.6771
51.7426
52.7786
54.1818
55.9365
57.628
59.2984
61.0335
62.7153
64.4692
65.9739
67.0503
67.7125
68.013
68.02
67.913
67.7954
67.6526
67.5311
67.4804
67.5262
67.5936
67.7035
67.8416
68.1405
68.4258
68.6826
69.0041
69.4222
69.8571
70.1619
70.5549
70.9391
71.2718
71.8139
72.4164
72.9398
73.585
74.1952
74.783
75.3274
75.7029
76.0496
76.3368
76.552
76.6516
76.6208
76.5793
76.4882
76.1969
75.8677
75.5604
75.1752
74.7037
74.3828
74.1021
73.7792
73.3676
72.9759
72.7758
72.7952
47.8118
47.7435
47.6219
47.5078
47.4064
47.3628
47.3877
47.4694
47.5857
47.7056
47.8115
47.8783
47.903
47.9093
47.8946
47.848
47.7671
47.6849
47.6375
47.613
47.5488
47.3706
46.9768
46.3753
45.8798
45.569
45.4391
45.5795
45.9502
46.3175
46.5144
46.4234
45.9678
45.2213
44.3911
43.5474
42.7939
42.1235
41.5723
41.2575
41.2313
41.5077
42.0899
42.8937
43.8424
44.7696
45.5314
46.2017
46.6835
46.9338
47.0112
46.9228
46.722
46.4771
46.1531
45.551
44.4261
42.6085
40.2623
37.7682
35.6589
34.4775
34.2242
34.8649
36.2373
37.8436
39.2903
40.4708
41.419
42.0721
42.2943
42.1213
41.6162
40.8784
40.078
39.3169
38.6029
37.9552
37.5036
37.3452
37.3754
37.5384
37.9219
38.5907
39.5698
40.8996
42.5888
44.27
45.5795
46.4907
46.9134
46.8461
46.363
45.5732
44.5373
43.2569
41.7322
40.0795
38.2699
36.443
34.6526
32.9549
31.4729
30.2297
29.2692
28.7186
28.4575
28.5947
29.0423
29.801
30.7455
31.7732
33.1604
34.6641
36.3259
37.8386
39.4045
40.9618
42.5746
43.917
45.1371
46.2
46.8983
47.5428
47.6601
47.8024
48.0132
47.962
47.7225
47.6141
47.5838
47.4334
47.4494
47.4871
47.6363
47.9065
48.2345
48.804
49.5258
50.5429
51.8179
53.081
54.4655
56.1472
57.8507
59.4584
61.1285
62.6773
64.212
65.5997
66.5152
67.0785
67.2757
67.2841
67.1977
67.0569
66.9185
66.8204
66.7798
66.7422
66.8571
67.0669
67.2356
67.4893
67.8029
68.0254
68.4363
68.977
69.4373
69.9142
70.2871
70.7337
71.1696
71.7779
72.4574
73.082
73.6252
74.2164
74.8726
75.3406
75.7275
76.0489
76.3567
76.5647
76.588
76.5222
76.4723
76.3348
76.04
75.5823
75.1397
74.5821
73.9622
73.4701
73.0802
72.6905
72.3912
72.1401
71.9816
71.9242
47.8969
47.8272
47.7068
47.5908
47.4877
47.4408
47.4633
47.5386
47.636
47.7317
47.8139
47.864
47.8845
47.8922
47.8869
47.8608
47.8098
47.7601
47.7366
47.7172
47.6458
47.4349
46.9935
46.3349
45.7819
45.4528
45.3186
45.4914
45.9446
46.478
46.9101
47.1188
46.9723
46.4204
45.6075
44.6772
43.6199
42.621
41.7983
41.2261
40.9901
41.171
41.7017
42.528
43.5279
44.5527
45.4967
46.3195
46.887
47.2151
47.3487
47.1987
46.9402
46.5812
46.1055
45.4096
44.3351
42.7095
40.6192
38.3841
36.4161
35.1567
34.7456
35.2008
36.4503
38.0347
39.4919
40.6514
41.5445
42.1279
42.2728
42.05
41.5344
40.7915
39.9598
39.1622
38.4521
37.8688
37.5365
37.5461
37.8975
38.5323
39.4434
40.6665
42.1088
43.6378
45.2116
46.6823
47.6406
48.1058
48.1678
47.8701
47.2389
46.3169
45.1613
43.8606
42.2497
40.5539
38.7909
36.9936
35.2438
33.6261
32.1958
30.9715
30.0106
29.4297
29.1737
29.1949
29.5951
30.2928
31.1964
32.1718
33.4691
34.8376
36.2153
37.6588
39.2796
40.6315
41.7418
42.9428
44.0569
44.8756
45.2384
45.6775
45.7817
45.6828
45.5482
45.4797
45.4482
45.2561
45.1778
45.1333
45.3425
45.7813
46.1429
46.6532
47.4574
48.4
49.401
50.6031
52.0664
53.5186
54.9175
56.6658
58.4466
59.935
61.3781
62.8242
64.0982
65.2226
66.0011
66.3841
66.53
66.5042
66.4212
66.2764
66.1415
66.0604
66.0013
65.9714
66.0222
66.2242
66.4976
66.7989
67.1492
67.4642
67.8702
68.4299
69.0374
69.5312
70.0828
70.4956
71.0998
71.8137
72.4624
73.1462
73.7127
74.306
74.882
75.396
75.7224
76.0248
76.3047
76.4367
76.4388
76.4648
76.3576
76.1951
75.8815
75.335
74.6836
73.9827
73.2078
72.5318
71.9557
71.5387
71.2584
70.9702
70.7579
70.6265
48.0077
47.9322
47.8052
47.6856
47.5855
47.54
47.5593
47.6238
47.7001
47.7688
47.8249
47.8585
47.8753
47.8845
47.8858
47.8788
47.8618
47.8517
47.8605
47.8591
47.7932
47.5716
47.1164
46.4417
45.8697
45.5269
45.3938
45.5441
46.0217
46.652
47.198
47.5411
47.5547
47.1443
46.3655
45.3295
44.1328
42.911
41.8391
41.0611
40.6217
40.6307
41.0945
41.8431
42.8768
44.0299
45.176
46.1832
46.9209
47.3757
47.5644
47.4517
47.1595
46.7369
46.1681
45.4064
44.3708
42.9451
41.1732
39.2457
37.4866
36.2516
35.7105
35.9317
36.9474
38.3538
39.6959
40.7786
41.5874
42.0647
42.1111
41.8041
41.2447
40.5134
39.7076
38.94
38.2734
37.7674
37.5916
37.7879
38.3654
39.3129
40.5647
42.0872
43.7489
45.3941
46.8986
48.1506
48.9552
49.2341
49.0822
48.6507
47.9202
46.9306
45.7064
44.3101
42.708
40.9979
39.2544
37.5438
35.8896
34.3109
33.0011
31.7944
30.8344
30.239
30.0003
29.981
30.322
31.0002
31.768
32.5857
33.7688
35.2332
36.4962
37.47
38.6359
40.181
41.2009
41.6515
42.3829
43.0969
43.1611
43.2933
43.0582
42.7577
42.7309
42.5089
42.2735
42.0957
42.13
42.3973
42.8841
43.5572
44.2985
45.2542
46.4025
47.6595
49.1018
50.7132
52.4243
54.1945
55.8594
57.5215
59.1982
60.6263
61.9341
63.1689
64.1455
64.8712
65.3831
65.6857
65.6747
65.6116
65.4511
65.3258
65.2167
65.0866
65.1319
65.1433
65.2407
65.3888
65.6615
66.1834
66.4842
66.8132
67.3234
67.9156
68.6262
69.2232
69.7363
70.4236
71.0269
71.6657
72.4526
73.0611
73.7253
74.337
74.9444
75.4039
75.7333
75.9611
76.1738
76.298
76.299
76.2395
76.1276
75.9601
75.5881
74.9486
74.2172
73.4583
72.4633
71.4516
70.6295
70.1228
69.7603
69.4138
69.1064
68.897
48.1313
48.0422
47.8972
47.7706
47.6756
47.6341
47.6518
47.7063
47.7678
47.8117
47.8437
47.8625
47.8753
47.8857
47.8935
47.9019
47.914
47.9383
47.9762
48.0033
47.9561
47.7578
47.3209
46.6895
46.1115
45.7477
45.5994
45.7191
46.1568
46.7847
47.3432
47.6853
47.7503
47.4203
46.6788
45.6252
44.4026
43.0667
41.8276
40.881
40.2907
40.157
40.4757
41.2015
42.2547
43.5082
44.8101
45.96
46.8148
47.3668
47.6183
47.5737
47.284
46.8662
46.2844
45.5128
44.5284
43.2943
41.8027
40.1722
38.6431
37.4625
36.8199
36.8441
37.6048
38.7754
39.9355
40.8601
41.5076
41.8731
41.8052
41.371
40.8084
40.0929
39.3334
38.6416
38.0679
37.6347
37.6008
38.0055
38.7635
39.8976
41.3295
43.0067
44.7509
46.4204
47.9158
49.0658
49.7588
49.974
49.7047
49.1861
48.417
47.3881
46.1174
44.6846
43.071
41.3745
39.7101
38.0535
36.5341
35.0309
33.8215
32.7293
31.7835
31.2112
30.9575
30.874
31.1212
31.8531
32.6497
33.3882
34.2186
35.3016
36.5521
37.8108
38.3923
38.8984
40.117
40.6812
40.3866
40.57
40.6035
40.2096
39.715
39.2749
39.0011
38.5507
38.2535
38.4347
38.7054
39.1228
39.8213
40.7999
42.0571
43.4683
45.1352
47.0072
49.0175
51.1327
53.1704
55.0997
56.8436
58.5387
60.1881
61.4565
62.5561
63.5597
64.2477
64.6194
64.8333
64.8746
64.8457
64.6374
64.4834
64.3376
64.1799
64.1454
64.1512
64.2797
64.4324
64.6884
65.0394
65.4169
65.8417
66.2191
66.7834
67.5202
68.2156
68.8831
69.5589
70.171
70.7861
71.5542
72.1785
72.993
73.7487
74.3001
74.9038
75.3915
75.6859
75.902
76.0941
76.11
76.0472
75.9643
75.8354
75.5096
75.1656
74.5468
73.8312
72.9154
71.829
70.467
69.3283
68.7091
68.2331
67.7041
67.1388
66.7621
48.2482
48.1347
47.9709
47.8359
47.7441
47.7105
47.7283
47.7789
47.8311
47.8611
47.8696
47.8745
47.887
47.8969
47.9103
47.9281
47.9529
47.9997
48.0644
48.113
48.0939
47.9335
47.5567
46.9933
46.4324
46.0565
45.905
45.9939
46.3504
46.9017
47.3898
47.6851
47.7127
47.4116
46.7539
45.7523
44.5025
43.1505
41.8575
40.8372
40.1919
39.9847
40.2334
40.8998
41.9247
43.1777
44.4841
45.6589
46.5763
47.2113
47.5347
47.5516
47.3113
46.9129
46.3617
45.634
44.7194
43.6399
42.3883
41.0318
39.7308
38.6757
38.0316
37.911
38.3788
39.241
40.1553
40.9015
41.3749
41.5714
41.4728
41.0305
40.3779
39.6558
38.9746
38.3051
37.8189
37.4306
37.5285
38.1488
39.0439
40.3085
41.8325
43.5826
45.3403
47.012
48.4517
49.5537
50.1929
50.3631
50.1003
49.5398
48.7349
47.7041
46.4349
44.9787
43.409
41.7178
40.1378
38.5914
37.1432
35.7999
34.692
33.7124
32.7777
32.2573
32.116
32.083
32.2017
32.7498
33.4213
34.2067
35.1657
35.9684
36.4033
37.4645
38.5331
38.3136
38.3236
39.0187
38.6377
37.7383
37.4388
36.8864
36.0037
35.1252
34.5143
34.2155
33.9566
34.106
34.5181
35.1777
36.2725
37.666
39.4181
41.4171
43.778
46.2691
48.7605
51.3593
53.7322
55.93
57.9312
59.7799
61.3489
62.3569
63.2255
63.8992
64.2166
64.3555
64.3507
64.1752
64.0103
63.7906
63.5131
63.3188
63.2037
63.1942
63.2334
63.3253
63.542
63.9394
64.3046
64.7345
65.1802
65.623
66.2526
67.0585
67.8475
68.5433
69.2124
69.8895
70.689
71.2467
71.9687
72.8533
73.4839
74.2881
74.9504
75.3575
75.6039
75.7586
75.8571
75.9351
75.814
75.6616
75.3432
75.1606
74.7747
74.1053
73.2497
72.4453
71.2591
69.6757
68.2067
67.149
66.2418
65.2665
64.4481
63.9256
48.3501
48.2191
48.0479
47.8967
47.7999
47.7598
47.7792
47.8303
47.8797
47.9102
47.9043
47.8917
47.9015
47.9107
47.9264
47.9491
47.98
48.0342
48.1066
48.1721
48.1816
48.0601
47.7643
47.2996
46.7977
46.4289
46.2594
46.2955
46.5447
46.9621
47.3404
47.5661
47.5764
47.3129
46.7107
45.7803
44.6138
43.3332
42.0792
41.0489
40.364
40.1044
40.286
40.8768
41.8215
43.005
44.2579
45.4049
46.3364
46.986
47.3331
47.3896
47.2095
46.8615
46.3587
45.6875
44.8569
43.9024
42.826
41.6795
40.5811
39.6639
39.0577
38.8429
39.0405
39.5899
40.27
40.8618
41.194
41.2501
40.9934
40.5096
39.8956
39.2718
38.4995
37.9231
37.532
37.3145
37.4889
38.1725
39.235
40.5849
42.1708
43.9245
45.6655
47.3022
48.6884
49.752
50.3805
50.5376
50.312
49.7087
48.9226
47.8955
46.6625
45.235
43.7264
42.0991
40.537
39.1842
37.8294
36.5817
35.6159
34.8154
33.9683
33.4174
33.2637
33.3125
33.5725
34.098
34.5672
35.0518
35.8317
36.8394
37.0754
37.1482
38.0352
38.0431
37.02
36.951
36.6719
35.214
34.2115
33.2466
32.0025
31.0077
30.1988
29.6288
29.2791
29.3884
29.9338
30.9293
32.4011
34.2287
36.5125
39.1583
42.1772
45.195
48.2626
51.4797
54.3697
56.9069
58.9924
60.9381
62.372
63.1134
63.8917
64.3083
64.1374
64.0344
63.8784
63.5709
63.22
62.9942
62.5857
62.3762
62.1818
62.1361
62.2225
62.3139
62.6151
62.9343
63.4231
63.8732
64.3951
65.0568
65.7003
66.5385
67.3943
68.1463
68.9306
69.7012
70.3055
71.0406
71.7747
72.5494
73.5495
74.1899
74.7119
75.2138
75.4912
75.6191
75.7361
75.6795
75.5239
75.3207
75.106
74.6958
74.1203
73.4108
72.6556
71.7177
70.3292
68.6886
66.9975
65.3881
63.8374
62.3664
61.0453
60.6223
48.385
48.2127
48.0136
47.871
47.785
47.7628
47.803
47.8578
47.9132
47.9546
47.9514
47.9251
47.9266
47.9281
47.9409
47.9643
47.9961
48.0501
48.1205
48.1853
48.2057
48.1213
47.8921
47.5186
47.0877
46.7421
46.5555
46.5418
46.6911
46.9735
47.2375
47.3832
47.3595
47.1147
46.6038
45.8052
44.775
43.6265
42.4806
41.509
40.8281
40.5314
40.6461
41.1382
41.9619
43.024
44.168
45.2285
46.0976
46.7118
47.0596
47.1585
47.0277
46.718
46.2635
45.659
44.9074
44.0535
43.1072
42.1005
41.1472
40.3236
39.7278
39.4451
39.4765
39.8
40.2565
40.6483
40.8634
40.861
40.6446
40.2348
39.6251
38.9166
38.3605
37.8749
37.4416
37.2619
37.5594
38.3078
39.4306
40.8217
42.4113
44.1295
45.8261
47.4156
48.7551
49.7616
50.3922
50.5289
50.3603
49.7839
48.9645
48.0231
46.7857
45.4306
44.0319
42.5336
41.0387
39.8339
38.6795
37.4952
36.5869
35.8948
35.2423
34.8999
34.7942
34.6886
34.9756
35.5873
36.0252
36.4814
36.9262
37.5381
37.973
37.5581
37.3508
37.5785
36.3552
34.934
34.3455
32.9785
31.1229
29.5372
28.2439
26.9989
25.6628
24.7883
24.5699
24.729
25.2908
26.5316
28.2516
30.5396
33.3849
36.5675
40.202
43.9762
47.8121
51.5982
54.8773
57.7231
59.8458
61.9499
63.3636
63.7874
64.397
64.699
64.182
63.7362
63.4057
62.9585
62.5277
61.9656
61.5895
61.2978
61.0863
60.9184
61.0156
61.2252
61.3709
61.8349
62.3824
62.8508
63.5669
64.2503
65.1069
66.0122
66.8358
67.7439
68.6203
69.4289
70.1972
70.8269
71.5417
72.4478
73.2126
73.8695
74.6957
75.1828
75.2559
75.3414
75.4551
75.4425
75.3308
75.0144
74.5397
73.9858
73.4945
72.7407
71.8434
70.573
69.1857
67.4456
65.5542
63.671
61.6265
59.6574
58.1689
56.6354
48.3122
48.1503
47.9935
47.8695
47.7846
47.7713
47.7916
47.8498
47.9169
47.9791
47.9926
47.9549
47.9483
47.9438
47.9528
47.9736
48.0027
48.0538
48.123
48.1836
48.202
48.1275
47.934
47.6241
47.2486
46.93
46.7395
46.6923
46.7776
46.9701
47.1567
47.258
47.1999
46.958
46.5047
45.814
44.9302
43.9471
42.9568
42.1
41.4815
41.177
41.2226
41.5885
42.2435
43.141
44.1328
45.071
45.87
46.4569
46.8171
46.9521
46.8622
46.5877
46.1739
45.6214
44.9286
44.146
43.2818
42.3638
41.5032
40.7493
40.1683
39.8449
39.7821
39.9372
40.2368
40.5489
40.7211
40.6678
40.4208
39.9637
39.3772
38.8137
38.2961
37.8006
37.465
37.4342
37.8302
38.6092
39.7412
41.0985
42.6253
44.2842
45.8936
47.4242
48.6982
49.6592
50.2837
50.4071
50.2458
49.7878
48.9251
48.0598
46.9365
45.6125
44.3719
43.0652
41.6487
40.4743
39.5033
38.5431
37.8556
37.2959
36.6525
36.3924
36.5692
36.5222
36.714
37.3668
37.8273
38.2092
38.4513
38.5708
38.8406
38.3621
37.0846
36.6736
35.6927
33.5206
31.837
30.3363
28.2046
25.8806
24.0272
22.4221
20.8401
19.7928
19.5378
19.7596
20.3403
21.799
23.9373
26.569
29.9729
33.8334
38.1994
42.642
47.1079
51.4083
55.2591
58.4336
60.6218
62.7203
64.138
64.3934
64.7013
64.8358
64.3387
63.5936
62.9649
62.3669
61.8364
61.1453
60.5616
60.1105
59.8021
59.5814
59.6269
59.8495
60.0909
60.5361
61.1087
61.9299
62.6759
63.4001
64.4008
65.3845
66.3261
67.3793
68.2318
69.0847
70.0236
70.6586
71.4216
72.2687
73.011
73.8333
74.4055
74.7484
75.0368
75.2806
75.2498
75.1197
74.8352
74.4736
74.0367
73.5859
72.8699
72.0121
70.8736
69.5562
67.998
66.0081
63.983
61.6827
59.4103
57.0413
54.4334
52.1403
48.3316
48.2566
48.0342
47.8447
47.7178
47.6908
47.7232
47.8116
47.9046
47.9812
48.0162
47.9872
47.9702
47.9595
47.9564
47.975
48.0047
48.0514
48.1156
48.168
48.1774
48.1066
47.9281
47.6482
47.3019
46.9929
46.8048
46.7422
46.7949
46.945
47.0878
47.1676
47.1025
46.8568
46.4353
45.8118
45.027
44.1598
43.2814
42.5077
41.9336
41.6194
41.6199
41.9097
42.446
43.2065
44.0717
44.9118
45.6644
46.2357
46.5975
46.7791
46.7312
46.4731
46.1028
45.5902
44.9281
44.2203
43.4233
42.5529
41.7677
41.0633
40.4799
40.1324
39.9942
40.0293
40.227
40.4391
40.4983
40.4283
40.1903
39.752
39.2889
38.8017
38.2934
37.9049
37.7162
37.7984
38.2326
38.9818
40.0973
41.4537
42.8854
44.4612
45.9657
47.3857
48.5801
49.4328
50.0241
50.1816
50.0669
49.7058
48.8508
48.0463
47.1503
45.9046
44.753
43.6034
42.371
41.4111
40.6235
39.7522
39.1951
38.9194
38.4867
38.2365
38.582
38.806
39.0364
39.5101
39.836
40.2119
40.3699
39.8558
39.6074
39.1941
37.2819
35.6752
34.6866
32.3105
29.4652
27.3194
24.8365
21.8467
19.3425
17.319
15.4416
14.1428
13.6438
13.8248
14.7909
16.6307
18.8315
21.8832
26.0765
30.7289
35.6879
40.8853
46.2517
51.1051
55.4972
58.9795
61.3317
63.4387
64.745
65.0117
65.0755
64.9584
64.3897
63.5488
62.5949
61.7818
61.0118
60.1465
59.4208
58.8454
58.2847
58.0548
58.135
58.3346
58.5841
59.1987
59.9385
60.6774
61.6326
62.6336
63.6021
64.7658
65.8386
66.7736
67.7388
68.7752
69.7043
70.6415
71.3317
72.0008
72.8301
73.6
74.1793
74.6556
75.0059
74.981
74.8256
74.7307
74.5111
74.138
73.6554
72.9594
72.248
71.2621
70.0082
68.4848
66.6007
64.4935
62.0554
59.5437
57.0245
54.0336
50.0188
40.9502
-28.0024
11.9981
15.4876
14.1509
3.99447
-1.34294
3.90004
11.0101
14.0031
11.8098
7.52588
7.71456
13.1536
17.906
16.631
5.72092
-10.2378
-31.3578
-13.1264
3.23663
-19.2152
11.881
16.1007
14.3953
3.8683
-1.70949
3.64801
11.0597
14.1724
11.9204
7.45812
7.47403
13.0019
17.9833
17.1067
5.8041
-10.7008
-32.3073
-14.5706
2.99157
-10.8921
12.3231
17.0414
14.7168
3.54116
-1.98268
3.13788
11.1094
14.4187
12.0901
7.34216
7.13541
12.7727
18.0607
17.3621
5.68813
-11.4479
-33.7574
-17.4487
2.4085
-2.8268
13.0953
18.408
14.9802
2.94984
-3.32029
2.18893
10.8823
14.5772
12.2576
7.28992
6.83847
12.4918
18.0519
17.4015
5.41522
-11.9091
-34.6655
-20.738
1.34322
4.0185
13.8788
19.2202
14.9486
2.38756
-4.71822
1.21243
10.2976
14.4683
12.3636
7.28737
6.56666
12.0978
17.6362
17.1807
5.25381
-11.7351
-34.0976
-23.1281
-0.05113
9.50891
14.7272
19.7637
14.8108
2.38171
-4.41802
0.832256
9.55078
13.9082
12.2995
7.17074
6.24391
11.6116
16.7089
16.8373
5.40864
-10.8246
-31.7313
-23.6955
-1.44746
14.0304
15.8108
20.435
14.8271
2.93451
-3.19701
0.92016
8.74203
12.7356
11.7141
6.74022
5.81608
11.211
16.4431
16.5797
5.98708
-9.21285
-27.7245
-22.2917
-2.56393
18.1219
17.3923
21.6521
15.1544
3.64511
-2.14297
1.17318
7.83453
10.9152
10.281
5.92592
5.34527
11.0413
16.1426
16.441
6.99661
-7.01545
-22.3107
-19.1204
-3.17158
22.1375
19.4475
22.8907
15.6091
4.33136
-1.07222
1.6291
6.83486
8.45338
7.93192
4.83999
5.4015
11.2019
15.8642
16.2791
8.25536
-4.35652
-16.1314
-14.5682
-3.13865
25.9386
21.832
23.9744
16.0108
4.95685
-0.0576647
2.26312
5.86788
5.48494
4.4937
3.51519
5.77332
11.6733
15.7698
15.9118
9.60365
-1.24961
-9.76789
-9.22809
-2.51662
29.4147
24.2131
24.8774
16.3057
5.56333
0.837872
2.98735
5.01247
2.21829
0.593827
2.14663
6.31582
12.2064
15.8516
15.334
10.9605
2.24935
-3.56957
-3.708
-1.50771
32.5199
26.3466
25.4231
16.7207
6.32345
1.59073
3.73111
4.4803
-0.921052
-3.24762
0.87447
6.79364
12.7101
16.0634
14.6883
12.2268
5.97944
2.14328
1.49004
-0.366965
35.1891
28.0539
25.7236
17.6508
7.824
2.43397
4.25138
4.2127
-3.36686
-6.42238
-0.150225
7.0923
13.1456
16.3741
14.1512
13.432
9.75528
7.16787
6.04545
0.739478
37.3207
29.2804
25.9005
19.2863
9.9985
3.56787
4.59228
4.07828
-4.76956
-8.42055
-0.844
7.23839
13.6216
16.6379
13.8217
14.6215
13.2895
11.4222
9.80828
1.72358
38.912
30.2783
26.2674
21.499
12.5399
4.91112
4.81597
4.01984
-5.20418
-9.18933
-1.24045
7.35794
14.2345
16.811
14.184
15.858
16.4484
14.9132
12.7444
2.5574
40.0958
31.2472
27.044
23.6629
15.1563
6.46618
5.03171
3.96525
-5.07091
-9.24727
-1.40051
7.64101
14.9303
16.8331
14.388
17.1095
18.7603
17.6293
14.8524
3.23464
41.0965
32.0123
27.8888
25.4353
17.6287
8.02579
5.33512
3.87629
-4.74665
-8.80066
-1.16669
8.10375
15.3082
16.6702
14.7119
18.2164
20.2694
19.4662
16.1232
3.73493
42.0764
32.3194
28.3337
26.4942
19.2889
9.15127
5.64407
3.76091
-4.33881
-7.71648
-0.617613
8.50031
15.2391
16.48
15.1
18.9199
21.028
20.3791
16.6171
4.03799
42.9532
32.3754
28.3012
26.6426
19.8403
9.74131
5.90665
3.5943
-4.04202
-6.93276
-0.144289
8.57147
14.9943
16.3584
15.4095
19.0903
21.0729
20.5441
16.5808
4.14869
42.986
32.1751
28.0819
26.3594
19.7027
9.95175
6.06221
3.46314
-3.93265
-6.63105
0.0801249
8.55698
14.8583
16.252
15.4792
19.069
20.9764
20.369
16.3357
4.14104
)
;

boundaryField
{
    inlet
    {
        type            zeroGradient;
    }
    outlet
    {
        type            fixedValue;
        value           uniform 0;
    }
    walls
    {
        type            zeroGradient;
    }
    frontAndBack
    {
        type            empty;
    }
}


// ************************************************************************* //
