/*--------------------------------*- C++ -*----------------------------------*\
| =========                 |                                                 |
| \\      /  F ield         | OpenFOAM: The Open Source CFD Toolbox           |
|  \\    /   O peration     | Version:  2.4.0                                 |
|   \\  /    A nd           | Web:      www.OpenFOAM.org                      |
|    \\/     M anipulation  |                                                 |
\*---------------------------------------------------------------------------*/
FoamFile
{
    version     2.0;
    format      ascii;
    class       volScalarField;
    location    "0.05";
    object      pMean;
}
// * * * * * * * * * * * * * * * * * * * * * * * * * * * * * * * * * * * * * //

dimensions      [0 2 -2 0 0 0 0];

internalField   nonuniform List<scalar> 
8800
(
169.612
156.099
147.688
143.285
140.485
138.157
135.951
133.812
131.698
129.618
127.546
125.491
123.437
121.418
119.38
117.362
115.258
113.063
110.631
106.391
166.618
155.75
147.841
143.391
140.542
138.181
135.958
133.811
131.696
129.615
127.544
125.489
123.437
121.415
119.387
117.355
115.283
113.084
110.687
107.766
164.724
155.806
148.397
143.737
140.701
138.258
136.001
133.84
131.714
129.626
127.549
125.492
123.439
121.416
119.392
117.355
115.306
113.127
110.99
108.574
163.244
155.849
148.937
144.122
140.872
138.345
136.066
133.894
131.757
129.655
127.568
125.502
123.448
121.422
119.402
117.372
115.328
113.229
111.163
109.339
162.041
155.809
149.377
144.485
141.028
138.413
136.124
133.954
131.813
129.694
127.597
125.516
123.465
121.431
119.42
117.392
115.372
113.335
111.423
110.166
161.093
155.706
149.716
144.797
141.166
138.458
136.163
134.004
131.865
129.736
127.624
125.534
123.478
121.446
119.435
117.426
115.429
113.468
111.715
110.827
160.368
155.586
149.967
145.049
141.288
138.486
136.188
134.041
131.91
129.772
127.647
125.549
123.49
121.46
119.453
117.465
115.498
113.615
112.003
111.396
159.843
155.479
150.142
145.24
141.392
138.504
136.2
134.068
131.944
129.801
127.666
125.561
123.501
121.474
119.478
117.51
115.583
113.762
112.281
111.857
159.502
155.399
150.251
145.368
141.466
138.516
136.205
134.085
131.968
129.822
127.679
125.571
123.511
121.49
119.503
117.559
115.668
113.907
112.529
112.23
159.336
155.355
150.304
145.433
141.504
138.521
136.207
134.094
131.981
129.834
127.687
125.579
123.521
121.507
119.534
117.611
115.754
114.046
112.745
112.536
159.337
155.354
150.305
145.433
141.504
138.522
136.207
134.094
131.982
129.837
127.691
125.585
123.532
121.525
119.567
117.665
115.838
114.174
112.93
112.78
159.506
155.396
150.253
145.368
141.466
138.517
136.206
134.087
131.973
129.831
127.689
125.589
123.542
121.545
119.601
117.72
115.92
114.292
113.083
112.964
159.847
155.474
150.145
145.24
141.392
138.506
136.202
134.07
131.953
129.816
127.683
125.591
123.552
121.566
119.635
117.774
116
114.403
113.205
113.087
160.374
155.579
149.971
145.049
141.288
138.487
136.19
134.043
131.922
129.792
127.671
125.591
123.562
121.585
119.67
117.828
116.077
114.507
113.301
113.136
161.101
155.698
149.72
144.796
141.167
138.459
136.167
134.005
131.882
129.759
127.654
125.588
123.571
121.602
119.702
117.879
116.155
114.606
113.39
113.107
162.049
155.801
149.381
144.484
141.031
138.415
136.129
133.955
131.833
129.721
127.634
125.582
123.579
121.615
119.733
117.925
116.232
114.701
113.483
113.006
163.253
155.841
148.941
144.12
140.876
138.348
136.072
133.896
131.781
129.683
127.613
125.575
123.584
121.626
119.759
117.964
116.301
114.784
113.575
112.87
164.733
155.798
148.401
143.736
140.705
138.262
136.008
133.842
131.741
129.657
127.599
125.572
123.587
121.637
119.778
117.994
116.351
114.85
113.646
112.755
166.628
155.743
147.845
143.389
140.546
138.186
135.965
133.814
131.723
129.647
127.596
125.574
123.592
121.646
119.789
118.013
116.378
114.89
113.683
112.685
169.621
156.093
147.691
143.283
140.49
138.162
135.959
133.816
131.726
129.65
127.599
125.577
123.595
121.65
119.794
118.02
116.385
114.905
113.696
112.779
104.377
104.415
104.325
104.094
103.836
103.577
103.251
102.839
102.329
101.72
100.993
100.129
99.1365
98.0611
96.9799
95.9618
95.0517
94.2867
93.7024
93.3258
93.1699
93.2362
93.5204
94.013
94.7006
95.5708
96.611
97.8041
99.1314
100.568
102.085
103.652
105.236
106.813
108.355
109.838
111.242
112.545
113.735
114.805
115.751
116.582
117.306
117.942
118.511
119.026
119.5
119.952
120.388
120.813
121.241
121.675
122.113
122.556
122.999
123.432
123.847
124.235
124.586
124.89
125.139
125.328
125.46
125.539
125.57
125.562
125.523
125.459
125.376
125.279
125.171
125.054
124.928
124.796
124.658
124.514
124.365
124.212
124.056
123.898
123.737
123.575
123.411
123.246
123.079
122.911
122.743
122.574
122.405
122.236
122.066
121.896
121.725
121.554
121.383
121.212
121.041
120.869
120.697
120.525
120.354
120.181
120.01
119.838
119.669
119.497
119.329
119.158
118.993
118.823
118.659
118.491
118.328
118.159
117.996
117.826
117.661
117.491
117.325
117.156
116.989
116.821
116.654
116.487
116.319
116.153
115.985
115.819
115.65
115.485
115.317
115.152
114.983
114.819
114.65
114.487
114.317
114.154
113.984
113.822
113.65
113.489
113.317
113.156
112.983
112.822
112.648
112.489
112.313
112.154
111.977
111.817
111.639
111.48
111.299
111.14
110.957
110.797
110.611
110.45
110.261
110.098
109.905
109.738
109.542
109.369
109.169
108.988
108.783
108.592
108.381
108.176
107.958
107.736
107.507
107.263
107.02
106.75
106.49
106.181
105.901
105.54
105.232
104.813
104.447
103.976
103.498
102.953
102.319
101.638
100.738
99.7668
98.4196
96.8082
94.6639
91.8681
87.8818
81.5238
73.9561
43.5869
106.025
105.584
105.471
105.229
104.92
104.615
104.303
103.935
103.465
102.873
102.149
101.295
100.332
99.3124
98.2952
97.3337
96.4725
95.7507
95.2033
94.8529
94.7074
94.765
95.0231
95.4764
96.1117
96.9166
97.8817
98.9911
100.223
101.557
102.969
104.43
105.906
107.369
108.793
110.154
111.43
112.604
113.663
114.604
115.432
116.158
116.794
117.357
117.867
118.335
118.771
119.192
119.607
120.02
120.448
120.895
121.359
121.84
122.334
122.826
123.302
123.751
124.165
124.532
124.839
125.079
125.254
125.369
125.429
125.443
125.421
125.372
125.301
125.214
125.115
125.004
124.885
124.758
124.624
124.484
124.338
124.189
124.036
123.88
123.721
123.561
123.398
123.234
123.069
122.902
122.735
122.567
122.399
122.23
122.06
121.891
121.721
121.55
121.379
121.208
121.037
120.865
120.694
120.521
120.35
120.177
120.006
119.833
119.663
119.49
119.323
119.151
118.988
118.816
118.656
118.485
118.326
118.154
117.995
117.822
117.662
117.487
117.325
117.151
116.989
116.815
116.654
116.48
116.319
116.145
115.984
115.81
115.649
115.475
115.314
115.141
114.98
114.807
114.646
114.473
114.311
114.138
113.976
113.803
113.641
113.467
113.305
113.131
112.968
112.794
112.631
112.456
112.291
112.116
111.95
111.773
111.607
111.428
111.261
111.08
110.912
110.727
110.557
110.368
110.195
110.001
109.827
109.625
109.447
109.237
109.055
108.834
108.646
108.412
108.215
107.968
107.756
107.494
107.261
106.983
106.718
106.422
106.116
105.792
105.437
105.076
104.654
104.242
103.716
103.241
102.593
101.999
101.233
100.394
99.3876
98.1328
96.6489
94.6479
92.1091
88.5674
84.6091
74.4198
66.7901
38.2467
107.317
106.831
106.451
106.111
105.796
105.51
105.219
104.877
104.428
103.85
103.145
102.325
101.422
100.479
99.5391
98.6505
97.8616
97.2086
96.7174
96.4057
96.2821
96.3452
96.5927
97.0213
97.6215
98.3809
99.2852
100.321
101.47
102.708
104.013
105.358
106.708
108.035
109.312
110.516
111.632
112.648
113.56
114.367
115.077
115.699
116.248
116.733
117.172
117.575
117.952
118.323
118.699
119.092
119.515
119.974
120.468
120.995
121.545
122.102
122.652
123.181
123.677
124.121
124.499
124.803
125.033
125.191
125.286
125.326
125.325
125.291
125.233
125.155
125.064
124.96
124.847
124.724
124.594
124.458
124.316
124.169
124.018
123.864
123.707
123.548
123.387
123.224
123.06
122.894
122.728
122.561
122.393
122.224
122.055
121.886
121.716
121.546
121.375
121.204
121.033
120.861
120.69
120.517
120.346
120.172
120.002
119.827
119.658
119.483
119.317
119.142
118.98
118.806
118.649
118.475
118.32
118.144
117.99
117.812
117.656
117.476
117.319
117.139
116.982
116.803
116.648
116.468
116.314
116.133
115.978
115.798
115.642
115.462
115.308
115.127
114.974
114.793
114.639
114.457
114.302
114.121
113.966
113.786
113.629
113.448
113.29
113.109
112.951
112.77
112.61
112.428
112.265
112.085
111.919
111.738
111.57
111.387
111.216
111.032
110.857
110.671
110.492
110.303
110.117
109.926
109.734
109.536
109.336
109.133
108.923
108.711
108.487
108.267
108.026
107.793
107.53
107.284
106.992
106.726
106.4
106.104
105.739
105.398
104.992
104.582
104.123
103.62
103.083
102.457
101.823
101.005
100.207
99.1388
97.9573
96.4941
94.7438
92.3023
90.2177
84.3548
82.4663
68.9227
60.035
40.576
109.075
108.506
107.487
106.695
106.231
105.976
105.78
105.538
105.185
104.697
104.08
103.356
102.558
101.721
100.886
100.098
99.3986
98.8213
98.3884
98.1154
98.0128
98.0824
98.3225
98.7293
99.2937
100.003
100.844
101.8
102.852
103.978
105.152
106.348
107.538
108.697
109.801
110.834
111.786
112.648
113.418
114.099
114.696
115.217
115.67
116.062
116.406
116.719
117.017
117.322
117.651
118.02
118.443
118.92
119.453
120.037
120.657
121.295
121.934
122.557
123.144
123.674
124.13
124.505
124.796
125.005
125.14
125.212
125.234
125.216
125.171
125.104
125.02
124.923
124.815
124.696
124.569
124.435
124.296
124.151
124.002
123.85
123.694
123.537
123.377
123.215
123.052
122.887
122.722
122.555
122.387
122.219
122.051
121.882
121.712
121.542
121.372
121.201
121.03
120.858
120.686
120.513
120.342
120.168
119.997
119.821
119.652
119.474
119.308
119.13
118.971
118.792
118.639
118.459
118.31
118.127
117.979
117.792
117.642
117.453
117.302
117.113
116.963
116.773
116.628
116.436
116.295
116.1
115.96
115.763
115.622
115.426
115.286
115.09
114.953
114.755
114.618
114.417
114.28
114.08
113.942
113.743
113.605
113.403
113.264
113.062
112.922
112.72
112.578
112.376
112.231
112.029
111.881
111.678
111.528
111.322
111.168
110.962
110.803
110.593
110.428
110.217
110.044
109.827
109.649
109.424
109.236
109.005
108.806
108.561
108.351
108.093
107.866
107.587
107.341
107.04
106.768
106.432
106.129
105.751
105.408
104.969
104.573
104.056
103.587
102.975
102.402
101.676
100.97
100.073
99.2073
97.9292
96.8416
94.5204
93.8806
89.0612
89.3726
80.2285
78.1333
65.6399
54.1381
42.0944
110.451
109.78
108.291
107.132
106.479
106.218
106.133
106.035
105.825
105.472
104.984
104.381
103.698
102.975
102.253
101.574
100.974
100.479
100.111
99.8861
99.8148
99.8975
100.132
100.515
101.037
101.685
102.445
103.301
104.234
105.222
106.244
107.276
108.297
109.286
110.224
111.096
111.894
112.615
113.256
113.816
114.298
114.704
115.04
115.314
115.544
115.753
115.96
116.194
116.474
116.822
117.25
117.757
118.344
118.999
119.702
120.434
121.172
121.896
122.582
123.206
123.749
124.2
124.557
124.819
124.996
125.101
125.148
125.151
125.12
125.063
124.986
124.894
124.789
124.673
124.549
124.417
124.279
124.136
123.989
123.838
123.683
123.527
123.368
123.207
123.044
122.88
122.715
122.549
122.382
122.214
122.046
121.877
121.708
121.538
121.368
121.197
121.026
120.854
120.683
120.51
120.339
120.164
119.992
119.815
119.645
119.465
119.299
119.118
118.959
118.778
118.626
118.444
118.296
118.111
117.961
117.772
117.621
117.428
117.278
117.083
116.937
116.74
116.599
116.4
116.264
116.061
115.929
115.721
115.59
115.38
115.252
115.041
114.919
114.703
114.585
114.362
114.246
114.021
113.908
113.68
113.572
113.337
113.231
112.991
112.889
112.645
112.547
112.296
112.199
111.943
111.848
111.587
111.493
111.224
111.13
110.855
110.76
110.478
110.38
110.09
109.987
109.689
109.581
109.272
109.155
108.834
108.708
108.371
108.232
107.877
107.724
107.343
107.169
106.758
106.559
106.106
105.872
105.371
105.09
104.517
104.172
103.493
103.074
102.224
101.752
100.608
100.213
98.4736
98.4663
95.6218
96.2514
91.6445
92.6806
86.1661
85.487
77.259
71.358
63.2209
51.7059
43.6135
111.534
110.878
109.14
107.716
106.854
106.488
106.415
106.412
106.338
106.134
105.791
105.325
104.769
104.167
103.562
102.99
102.484
102.072
101.772
101.599
101.558
101.65
101.874
102.226
102.696
103.272
103.942
104.69
105.498
106.348
107.223
108.101
108.964
109.796
110.582
111.311
111.973
112.564
113.079
113.513
113.867
114.141
114.344
114.487
114.595
114.695
114.813
114.979
115.218
115.553
115.993
116.539
117.189
117.926
118.723
119.558
120.401
121.226
122.015
122.739
123.374
123.909
124.333
124.648
124.868
125.006
125.078
125.098
125.079
125.031
124.961
124.872
124.769
124.655
124.532
124.401
124.265
124.123
123.977
123.827
123.674
123.518
123.36
123.2
123.038
122.874
122.71
122.544
122.377
122.21
122.042
121.873
121.704
121.534
121.364
121.194
121.023
120.851
120.68
120.507
120.335
120.16
119.988
119.81
119.639
119.457
119.29
119.106
118.946
118.762
118.611
118.426
118.275
118.086
117.93
117.736
117.579
117.383
117.229
117.033
116.885
116.687
116.545
116.341
116.204
115.994
115.86
115.647
115.517
115.301
115.176
114.955
114.838
114.609
114.497
114.261
114.154
113.912
113.812
113.563
113.471
113.211
113.124
112.855
112.778
112.499
112.431
112.138
112.078
111.772
111.724
111.403
111.364
111.025
110.997
110.641
110.626
110.248
110.243
109.84
109.847
109.417
109.435
108.975
109.002
108.51
108.547
108.014
108.061
107.483
107.539
106.901
106.966
106.26
106.333
105.533
105.615
104.703
104.801
103.725
103.852
102.544
102.73
101.081
101.385
99.2098
99.6957
96.7529
97.3584
93.6376
93.9026
89.6106
88.3186
83.8066
79.6692
74.5816
67.432
62.4711
52.7263
45.7955
112.343
111.716
109.843
108.227
107.197
106.733
106.661
106.74
106.796
106.738
106.544
106.219
105.79
105.296
104.784
104.296
103.867
103.525
103.283
103.152
103.136
103.236
103.449
103.771
104.191
104.699
105.284
105.931
106.624
107.346
108.085
108.823
109.546
110.241
110.895
111.495
112.032
112.496
112.882
113.183
113.398
113.532
113.594
113.603
113.587
113.58
113.616
113.725
113.935
114.269
114.733
115.33
116.053
116.88
117.779
118.718
119.661
120.584
121.47
122.291
123.019
123.636
124.128
124.495
124.756
124.925
125.019
125.053
125.045
125.004
124.939
124.854
124.754
124.641
124.52
124.391
124.255
124.114
123.969
123.819
123.666
123.511
123.353
123.193
123.031
122.868
122.704
122.539
122.373
122.206
122.038
121.87
121.701
121.531
121.361
121.191
121.02
120.848
120.677
120.504
120.333
120.157
119.985
119.806
119.635
119.452
119.282
119.096
118.932
118.747
118.588
118.402
118.24
118.048
117.878
117.682
117.513
117.318
117.156
116.961
116.808
116.611
116.464
116.259
116.111
115.898
115.753
115.539
115.402
115.186
115.054
114.833
114.702
114.471
114.346
114.11
113.992
113.752
113.638
113.388
113.281
113.019
112.921
112.65
112.56
112.277
112.196
111.896
111.826
111.512
111.454
111.121
111.076
110.719
110.688
110.31
110.295
109.885
109.886
109.443
109.463
108.983
109.022
108.496
108.557
107.981
108.065
107.428
107.534
106.831
106.961
106.174
106.324
105.446
105.619
104.622
104.813
103.673
103.884
102.561
102.773
101.221
101.421
99.5743
99.7228
97.5138
97.4595
94.9024
94.3154
91.5832
89.9535
87.1326
84.2143
81.0171
76.5712
73.4453
67.4131
63.6675
55.7552
48.8339
112.904
112.321
110.428
108.745
107.646
107.122
107.034
107.153
107.287
107.33
107.244
107.028
106.699
106.295
105.865
105.452
105.094
104.814
104.624
104.533
104.543
104.652
104.855
105.148
105.523
105.969
106.474
107.028
107.617
108.227
108.847
109.464
110.066
110.64
111.173
111.653
112.067
112.406
112.66
112.825
112.901
112.894
112.818
112.696
112.565
112.462
112.426
112.49
112.684
113.029
113.534
114.195
115.002
115.925
116.928
117.967
119.003
120.018
120.994
121.903
122.715
123.407
123.96
124.376
124.673
124.869
124.979
125.025
125.023
124.987
124.925
124.841
124.742
124.629
124.508
124.379
124.244
124.104
123.958
123.809
123.657
123.503
123.346
123.186
123.026
122.863
122.699
122.534
122.369
122.202
122.035
121.867
121.698
121.529
121.359
121.188
121.018
120.846
120.675
120.502
120.33
120.155
119.983
119.804
119.631
119.449
119.275
119.089
118.916
118.728
118.557
118.367
118.191
117.998
117.817
117.625
117.448
117.257
117.087
116.895
116.732
116.538
116.379
116.175
116.015
115.803
115.646
115.434
115.285
115.072
114.926
114.705
114.556
114.326
114.184
113.952
113.82
113.58
113.448
113.196
113.067
112.809
112.69
112.423
112.308
112.025
111.915
111.622
111.522
111.215
111.121
110.795
110.709
110.367
110.291
109.925
109.858
109.466
109.409
108.987
108.944
108.485
108.453
107.953
107.936
107.387
107.383
106.775
106.785
106.108
106.131
105.371
105.402
104.544
104.58
103.602
103.627
102.505
102.494
101.202
101.112
99.6271
99.39
97.7028
97.2195
95.3357
94.4573
92.4174
90.9692
88.8457
86.8
84.6103
81.9697
79.6961
76.0536
73.7944
68.8002
65.0026
58.3526
51.6872
113.334
112.792
110.927
109.231
108.095
107.522
107.407
107.541
107.727
107.846
107.851
107.734
107.503
107.193
106.846
106.507
106.214
105.989
105.844
105.786
105.814
105.926
106.118
106.383
106.714
107.101
107.536
108.008
108.506
109.019
109.537
110.047
110.54
111.003
111.423
111.787
112.083
112.299
112.427
112.464
112.41
112.273
112.068
111.828
111.591
111.4
111.299
111.327
111.516
111.886
112.441
113.175
114.069
115.09
116.191
117.322
118.448
119.548
120.604
121.588
122.471
123.225
123.829
124.285
124.612
124.829
124.954
125.009
125.014
124.981
124.921
124.839
124.74
124.627
124.505
124.375
124.24
124.099
123.954
123.805
123.653
123.499
123.342
123.183
123.022
122.86
122.696
122.531
122.366
122.2
122.032
121.864
121.696
121.527
121.357
121.186
121.016
120.844
120.673
120.5
120.328
120.154
119.981
119.804
119.63
119.448
119.271
119.083
118.901
118.708
118.521
118.327
118.138
117.949
117.762
117.576
117.394
117.207
117.028
116.837
116.663
116.466
116.295
116.093
115.922
115.716
115.546
115.338
115.172
114.961
114.797
114.579
114.413
114.188
114.029
113.801
113.648
113.412
113.256
113.007
112.855
112.603
112.459
112.196
112.051
111.771
111.631
111.344
111.212
110.91
110.775
110.455
110.328
109.994
109.87
109.513
109.389
109.011
108.893
108.49
108.372
107.937
107.821
107.352
107.235
106.724
106.602
106.044
105.915
105.3
105.154
104.473
104.302
103.544
103.333
102.486
102.205
101.255
100.875
99.8063
99.2769
98.0878
97.3504
96.0375
95.0478
93.6134
92.3286
90.8255
89.24
87.6326
85.7476
84.1786
81.898
80.2563
76.9906
74.6958
70.163
65.9939
60.2345
54.0683
113.675
113.165
111.34
109.658
108.52
107.94
107.829
107.989
108.221
108.398
108.47
108.425
108.269
108.031
107.75
107.471
107.23
107.049
106.94
106.906
106.949
107.064
107.245
107.487
107.781
108.12
108.495
108.898
109.318
109.745
110.17
110.584
110.977
111.336
111.649
111.902
112.085
112.186
112.199
112.118
111.944
111.685
111.363
111.016
110.689
110.431
110.29
110.304
110.505
110.912
111.528
112.338
113.318
114.427
115.616
116.834
118.04
119.212
120.333
121.376
122.311
123.108
123.747
124.231
124.58
124.81
124.942
125.001
125.008
124.978
124.92
124.839
124.74
124.628
124.505
124.375
124.239
124.097
123.952
123.802
123.65
123.496
123.339
123.18
123.02
122.857
122.693
122.529
122.363
122.196
122.029
121.862
121.693
121.524
121.354
121.184
121.013
120.842
120.671
120.498
120.326
120.152
119.979
119.803
119.628
119.448
119.268
119.081
118.89
118.693
118.493
118.295
118.098
117.91
117.721
117.539
117.355
117.171
116.986
116.795
116.609
116.411
116.225
116.027
115.843
115.648
115.462
115.263
115.075
114.871
114.682
114.475
114.287
114.077
113.892
113.676
113.491
113.269
113.079
112.852
112.664
112.431
112.246
112.002
111.812
111.559
111.371
111.11
110.924
110.649
110.455
110.167
109.978
109.676
109.481
109.158
108.957
108.62
108.418
108.054
107.841
107.455
107.234
106.817
106.581
106.131
105.875
105.386
105.106
104.572
104.253
103.67
103.306
102.664
102.232
101.529
101.011
100.231
99.6026
98.7468
97.9817
97.0545
96.1285
95.1195
94.0313
92.9453
91.6652
90.5785
89.0974
88.0684
86.2796
85.1912
82.7751
81.2201
77.8917
75.228
71.0227
66.6721
61.5218
55.9821
113.934
113.451
111.669
110.028
108.923
108.368
108.279
108.461
108.72
108.93
109.041
109.043
108.941
108.761
108.542
108.322
108.135
108.001
107.928
107.923
107.982
108.103
108.278
108.502
108.766
109.062
109.383
109.72
110.067
110.415
110.754
111.077
111.374
111.633
111.843
111.991
112.067
112.063
111.97
111.785
111.508
111.149
110.736
110.31
109.926
109.634
109.477
109.497
109.726
110.18
110.854
111.732
112.783
113.966
115.229
116.516
117.786
119.017
120.188
121.273
122.242
123.064
123.722
124.223
124.581
124.816
124.95
125.009
125.015
124.984
124.925
124.843
124.743
124.63
124.507
124.376
124.24
124.099
123.953
123.803
123.65
123.495
123.338
123.179
123.018
122.855
122.692
122.527
122.362
122.196
122.029
121.861
121.692
121.523
121.353
121.183
121.012
120.841
120.669
120.497
120.325
120.152
119.978
119.803
119.628
119.449
119.268
119.082
118.887
118.689
118.482
118.283
118.082
117.894
117.706
117.523
117.34
117.155
116.97
116.778
116.585
116.384
116.187
115.989
115.798
115.606
115.416
115.218
115.021
114.816
114.615
114.41
114.212
114.008
113.809
113.596
113.392
113.174
112.968
112.752
112.543
112.319
112.106
111.873
111.658
111.42
111.2
110.955
110.73
110.475
110.242
109.978
109.739
109.464
109.215
108.924
108.665
108.363
108.093
107.77
107.481
107.141
106.839
106.474
106.143
105.754
105.4
104.98
104.588
104.136
103.704
103.212
102.727
102.194
101.648
101.063
100.446
99.8063
99.1026
98.4162
97.61
96.8864
95.9621
95.2298
94.177
93.4694
92.2337
91.5545
90.0373
89.2792
87.2884
86.1599
83.5289
81.6852
78.3983
75.3683
71.4447
67.2134
62.5264
57.5721
114.127
113.661
111.928
110.349
109.303
108.8
108.75
108.959
109.236
109.466
109.603
109.639
109.58
109.451
109.287
109.124
108.989
108.898
108.86
108.878
108.951
109.072
109.238
109.441
109.672
109.925
110.194
110.47
110.748
111.02
111.278
111.514
111.717
111.878
111.987
112.034
112.012
111.915
111.737
111.474
111.125
110.702
110.236
109.774
109.367
109.067
108.919
108.964
109.232
109.732
110.46
111.395
112.505
113.743
115.053
116.385
117.701
118.971
120.172
121.279
122.26
123.087
123.747
124.248
124.605
124.837
124.969
125.025
125.028
124.994
124.931
124.846
124.743
124.628
124.505
124.374
124.237
124.096
123.95
123.801
123.648
123.493
123.336
123.176
123.016
122.854
122.69
122.526
122.36
122.194
122.027
121.859
121.691
121.522
121.352
121.182
121.012
120.84
120.669
120.496
120.324
120.151
119.977
119.803
119.626
119.451
119.268
119.086
118.891
118.7
118.492
118.297
118.093
117.904
117.714
117.531
117.346
117.162
116.975
116.786
116.589
116.392
116.189
115.994
115.798
115.608
115.414
115.22
115.018
114.817
114.608
114.407
114.203
114.004
113.797
113.589
113.374
113.162
112.946
112.737
112.519
112.301
112.074
111.85
111.621
111.396
111.16
110.923
110.678
110.438
110.187
109.937
109.675
109.413
109.141
108.872
108.585
108.3
108.001
107.705
107.385
107.07
106.733
106.403
106.037
105.685
105.295
104.924
104.493
104.097
103.629
103.211
102.688
102.247
101.667
101.206
100.553
100.083
99.349
98.8833
98.0435
97.5939
96.619
96.1917
95.0432
94.6154
93.2235
92.6938
90.9611
90.1352
87.949
86.5522
83.8687
81.6443
78.5236
75.3347
71.6556
67.6934
63.404
58.9173
114.242
113.787
112.116
110.628
109.67
109.248
109.255
109.488
109.771
110.003
110.146
110.196
110.163
110.073
109.956
109.843
109.755
109.706
109.701
109.742
109.827
109.951
110.107
110.29
110.492
110.706
110.927
111.147
111.36
111.558
111.735
111.883
111.993
112.059
112.073
112.032
111.93
111.763
111.523
111.208
110.819
110.37
109.893
109.432
109.038
108.765
108.655
108.743
109.055
109.601
110.374
111.352
112.501
113.77
115.107
116.462
117.799
119.086
120.295
121.4
122.37
123.181
123.825
124.312
124.657
124.881
125.005
125.055
125.054
125.016
124.95
124.862
124.757
124.639
124.512
124.379
124.241
124.098
123.951
123.802
123.649
123.493
123.336
123.177
123.016
122.853
122.69
122.525
122.359
122.193
122.026
121.858
121.689
121.52
121.351
121.181
121.01
120.839
120.668
120.496
120.323
120.151
119.976
119.803
119.626
119.453
119.27
119.094
118.902
118.721
118.518
118.332
118.127
117.941
117.745
117.564
117.375
117.194
117.004
116.821
116.623
116.437
116.231
116.044
115.84
115.656
115.456
115.271
115.065
114.876
114.662
114.471
114.258
114.069
113.854
113.661
113.438
113.239
113.013
112.816
112.589
112.389
112.151
111.946
111.702
111.496
111.248
111.034
110.772
110.555
110.286
110.066
109.784
109.553
109.257
109.024
108.714
108.471
108.141
107.892
107.544
107.286
106.911
106.645
106.244
105.971
105.535
105.256
104.782
104.497
103.974
103.69
103.111
102.829
102.182
101.912
101.183
100.926
100.102
99.858
98.9127
98.664
97.5701
97.2778
95.9973
95.5809
94.0538
93.3784
91.5343
90.4245
88.207
86.469
83.917
81.4402
78.4826
75.3307
71.862
68.1615
64.2072
60.0778
114.241
113.801
112.234
110.885
110.055
109.739
109.804
110.05
110.319
110.532
110.663
110.713
110.697
110.64
110.569
110.507
110.468
110.46
110.488
110.55
110.645
110.766
110.91
111.07
111.239
111.411
111.58
111.739
111.88
112.001
112.091
112.149
112.167
112.144
112.078
111.967
111.809
111.599
111.336
111.006
110.617
110.183
109.733
109.315
108.98
108.769
108.717
108.859
109.22
109.806
110.608
111.606
112.763
114.034
115.372
116.728
118.062
119.339
120.53
121.607
122.542
123.317
123.93
124.391
124.717
124.925
125.039
125.083
125.079
125.038
124.969
124.879
124.772
124.652
124.522
124.386
124.246
124.102
123.954
123.803
123.649
123.494
123.336
123.176
123.015
122.853
122.689
122.524
122.359
122.193
122.025
121.858
121.689
121.52
121.35
121.18
121.009
120.839
120.667
120.495
120.322
120.15
119.975
119.804
119.626
119.455
119.272
119.103
118.914
118.746
118.548
118.377
118.173
117.997
117.793
117.618
117.42
117.248
117.05
116.88
116.678
116.51
116.301
116.129
115.917
115.745
115.534
115.364
115.152
114.984
114.763
114.593
114.365
114.196
113.967
113.8
113.565
113.396
113.154
112.982
112.736
112.567
112.314
112.145
111.88
111.71
111.437
111.268
110.983
110.811
110.513
110.342
110.03
109.859
109.529
109.356
109.009
108.837
108.467
108.294
107.902
107.732
107.309
107.14
106.685
106.522
106.027
105.868
105.329
105.179
104.587
104.444
103.791
103.658
102.933
102.805
101.997
101.862
100.955
100.79
99.7613
99.5258
98.3513
97.9818
96.6273
96.0379
94.4557
93.5175
91.6869
90.2717
88.1891
86.2098
83.8023
81.2658
78.4359
75.3941
72.1098
68.6268
64.9345
61.0712
114.053
113.648
112.283
111.152
110.497
110.298
110.405
110.636
110.864
111.036
111.139
111.179
111.177
111.152
111.125
111.108
111.111
111.136
111.186
111.259
111.352
111.461
111.583
111.711
111.84
111.963
112.073
112.167
112.236
112.28
112.294
112.277
112.228
112.138
112.019
111.866
111.677
111.454
111.197
110.89
110.526
110.14
109.764
109.431
109.184
109.061
109.094
109.309
109.722
110.337
111.152
112.148
113.292
114.541
115.851
117.175
118.475
119.712
120.855
121.878
122.758
123.484
124.056
124.484
124.783
124.97
125.072
125.109
125.1
125.056
124.985
124.893
124.784
124.663
124.532
124.394
124.252
124.106
123.958
123.806
123.652
123.495
123.337
123.177
123.016
122.853
122.689
122.524
122.358
122.192
122.025
121.857
121.688
121.519
121.35
121.18
121.009
120.839
120.667
120.495
120.322
120.151
119.975
119.805
119.626
119.458
119.275
119.111
118.924
118.766
118.574
118.418
118.216
118.055
117.846
117.682
117.474
117.313
117.107
116.95
116.743
116.592
116.382
116.231
116.011
115.857
115.634
115.483
115.26
115.115
114.887
114.743
114.504
114.358
114.113
113.972
113.726
113.59
113.334
113.195
112.93
112.794
112.524
112.393
112.113
111.981
111.687
111.559
111.255
111.132
110.811
110.688
110.351
110.235
109.88
109.767
109.389
109.281
108.88
108.778
108.351
108.254
107.796
107.706
107.215
107.13
106.598
106.519
105.943
105.867
105.239
105.161
104.475
104.388
103.633
103.522
102.691
102.531
101.608
101.364
100.333
99.957
98.7916
98.2176
96.8941
96.0414
94.5436
93.3349
91.6383
90.0084
88.045
85.9752
83.661
81.1621
78.442
75.5225
72.3948
69.0818
65.5879
61.9347
113.631
113.296
112.284
111.472
111.031
110.93
111.032
111.203
111.361
111.476
111.543
111.574
111.585
111.588
111.595
111.613
111.644
111.688
111.746
111.817
111.898
111.986
112.078
112.171
112.257
112.332
112.391
112.429
112.444
112.434
112.396
112.329
112.238
112.116
111.966
111.803
111.623
111.416
111.168
110.887
110.589
110.282
110.002
109.786
109.658
109.638
109.752
110.027
110.479
111.113
111.923
112.894
113.999
115.203
116.461
117.727
118.963
120.132
121.208
122.165
122.985
123.658
124.186
124.578
124.847
125.013
125.101
125.131
125.117
125.071
124.998
124.904
124.794
124.672
124.54
124.402
124.259
124.112
123.963
123.81
123.656
123.499
123.34
123.18
123.018
122.855
122.691
122.525
122.359
122.193
122.025
121.857
121.689
121.519
121.35
121.18
121.009
120.838
120.666
120.495
120.322
120.151
119.975
119.806
119.627
119.46
119.278
119.118
118.932
118.78
118.591
118.446
118.248
118.101
117.892
117.742
117.528
117.38
117.164
117.022
116.807
116.673
116.456
116.326
116.099
115.967
115.734
115.603
115.368
115.245
115.007
114.889
114.641
114.524
114.265
114.151
113.89
113.784
113.516
113.412
113.131
113.028
112.741
112.645
112.349
112.257
111.945
111.855
111.532
111.449
111.113
111.033
110.677
110.601
110.231
110.161
109.768
109.699
109.285
109.221
108.783
108.721
108.254
108.192
107.697
107.633
107.1
107.03
106.459
106.376
105.759
105.652
104.987
104.843
104.116
103.912
103.117
102.827
101.947
101.538
100.566
99.9876
98.9072
98.1113
96.9014
95.8396
94.4639
93.0919
91.4852
89.7751
87.8697
85.8031
83.5484
81.1137
78.4896
75.6799
72.6841
69.5117
66.1746
62.6873
113.103
112.882
112.301
111.836
111.591
111.534
111.585
111.669
111.747
111.804
111.841
111.865
111.886
111.908
111.937
111.973
112.016
112.065
112.119
112.179
112.241
112.307
112.372
112.435
112.489
112.528
112.548
112.547
112.529
112.491
112.427
112.336
112.225
112.109
111.976
111.807
111.626
111.447
111.253
111.016
110.767
110.56
110.41
110.318
110.301
110.38
110.572
110.895
111.365
111.994
112.779
113.708
114.756
115.891
117.073
118.262
119.421
120.519
121.528
122.424
123.188
123.814
124.3
124.657
124.9
125.049
125.125
125.148
125.13
125.08
125.006
124.911
124.8
124.677
124.545
124.407
124.263
124.116
123.966
123.813
123.658
123.5
123.341
123.18
123.018
122.855
122.691
122.525
122.359
122.192
122.025
121.857
121.688
121.519
121.35
121.18
121.009
120.839
120.667
120.496
120.322
120.152
119.976
119.807
119.629
119.463
119.281
119.122
118.937
118.787
118.599
118.458
118.263
118.125
117.92
117.781
117.569
117.43
117.215
117.079
116.864
116.735
116.518
116.395
116.171
116.051
115.819
115.7
115.465
115.35
115.112
115.004
114.758
114.655
114.398
114.297
114.036
113.94
113.673
113.583
113.305
113.217
112.93
112.846
112.551
112.472
112.165
112.088
111.769
111.695
111.364
111.294
110.947
110.877
110.517
110.448
110.071
110
109.603
109.528
109.114
109.033
108.596
108.503
108.044
107.936
107.448
107.317
106.8
106.638
106.085
105.877
105.284
105.014
104.371
104.017
103.315
102.857
102.086
101.495
100.639
99.8854
98.9161
97.9694
96.8494
95.6763
94.3555
92.9246
91.3482
89.6282
87.7509
85.7096
83.4993
81.1172
78.5668
75.8459
72.9624
69.9153
66.7169
63.3716
112.701
112.588
112.367
112.178
112.059
111.999
111.98
111.984
111.996
112.01
112.026
112.045
112.07
112.101
112.138
112.18
112.224
112.27
112.316
112.364
112.412
112.46
112.506
112.549
112.585
112.607
112.612
112.598
112.568
112.526
112.466
112.385
112.279
112.159
112.04
111.915
111.776
111.612
111.426
111.242
111.087
110.972
110.91
110.92
111.007
111.168
111.413
111.76
112.227
112.828
113.567
114.434
115.412
116.471
117.578
118.696
119.79
120.828
121.782
122.627
123.346
123.931
124.384
124.713
124.937
125.073
125.142
125.16
125.139
125.087
125.011
124.916
124.805
124.682
124.55
124.411
124.268
124.12
123.97
123.816
123.661
123.503
123.344
123.183
123.02
122.857
122.692
122.527
122.361
122.194
122.026
121.858
121.689
121.52
121.35
121.18
121.009
120.839
120.667
120.496
120.322
120.152
119.977
119.807
119.63
119.464
119.285
119.124
118.941
118.789
118.602
118.459
118.264
118.129
117.924
117.793
117.581
117.451
117.236
117.108
116.893
116.768
116.551
116.431
116.21
116.094
115.867
115.753
115.522
115.41
115.176
115.069
114.828
114.728
114.479
114.381
114.127
114.032
113.773
113.681
113.414
113.326
113.051
112.962
112.682
112.595
112.305
112.22
111.92
111.834
111.525
111.438
111.117
111.027
110.695
110.599
110.255
110.152
109.794
109.677
109.306
109.173
108.785
108.632
108.226
108.045
107.618
107.404
106.951
106.693
106.211
105.899
105.38
104.999
104.435
103.973
103.35
102.788
102.089
101.407
100.609
99.7849
98.8546
97.8615
96.7629
95.5687
94.2576
92.8248
91.2575
89.5498
87.6926
85.6793
83.5037
81.1655
78.6657
76.0122
73.2182
70.2894
67.235
64.0595
112.504
112.466
112.445
112.397
112.326
112.252
112.188
112.143
112.117
112.107
112.111
112.126
112.15
112.182
112.218
112.256
112.296
112.335
112.375
112.417
112.461
112.508
112.555
112.596
112.627
112.64
112.638
112.622
112.595
112.557
112.504
112.439
112.363
112.277
112.18
112.071
111.949
111.815
111.674
111.541
111.437
111.382
111.39
111.472
111.624
111.836
112.113
112.465
112.912
113.473
114.158
114.966
115.88
116.877
117.925
118.989
120.034
121.028
121.942
122.75
123.437
123.993
124.424
124.736
124.949
125.079
125.144
125.16
125.137
125.085
125.009
124.914
124.803
124.681
124.549
124.411
124.267
124.12
123.969
123.816
123.66
123.503
123.343
123.182
123.02
122.856
122.692
122.526
122.36
122.193
122.026
121.858
121.689
121.52
121.35
121.18
121.009
120.839
120.667
120.496
120.323
120.152
119.978
119.808
119.633
119.464
119.288
119.124
118.946
118.787
118.607
118.454
118.268
118.122
117.929
117.788
117.587
117.45
117.244
117.112
116.904
116.774
116.564
116.439
116.225
116.103
115.885
115.766
115.544
115.426
115.202
115.087
114.858
114.748
114.513
114.405
114.166
114.059
113.816
113.711
113.462
113.358
113.104
112.998
112.739
112.632
112.368
112.259
111.987
111.874
111.596
111.478
111.192
111.066
110.773
110.636
110.334
110.186
109.873
109.707
109.383
109.196
108.858
108.647
108.292
108.05
107.675
107.397
106.995
106.675
106.24
105.869
105.394
104.959
104.432
103.924
103.328
102.733
102.05
101.347
100.557
99.7207
98.7909
97.7937
96.6924
95.5028
94.1896
92.7678
91.2034
89.5117
87.6632
85.675
83.5186
81.2192
78.7515
76.1529
73.4139
70.5926
67.6749
64.7402
112.67
112.614
112.546
112.47
112.388
112.308
112.239
112.188
112.155
112.139
112.139
112.152
112.175
112.205
112.239
112.275
112.31
112.345
112.378
112.412
112.448
112.489
112.533
112.575
112.61
112.633
112.642
112.636
112.618
112.589
112.548
112.495
112.43
112.357
112.279
112.193
112.096
111.988
111.872
111.766
111.69
111.663
111.7
111.809
111.984
112.217
112.504
112.852
113.278
113.812
114.463
115.234
116.111
117.072
118.088
119.123
120.143
121.114
122.006
122.795
123.464
124.007
124.426
124.733
124.941
125.07
125.136
125.152
125.13
125.079
125.003
124.909
124.799
124.678
124.547
124.41
124.266
124.119
123.969
123.816
123.66
123.502
123.343
123.182
123.02
122.856
122.692
122.526
122.36
122.193
122.026
121.858
121.689
121.52
121.35
121.18
121.009
120.838
120.667
120.495
120.323
120.151
119.979
119.807
119.634
119.464
119.29
119.123
118.949
118.786
118.61
118.452
118.271
118.119
117.932
117.785
117.591
117.448
117.25
117.11
116.91
116.773
116.57
116.438
116.231
116.102
115.892
115.765
115.551
115.427
115.209
115.088
114.866
114.748
114.521
114.406
114.175
114.06
113.825
113.712
113.471
113.359
113.113
113
112.749
112.634
112.377
112.26
111.997
111.875
111.606
111.478
111.202
111.066
110.782
110.636
110.343
110.183
109.881
109.703
109.39
109.191
108.864
108.639
108.296
108.039
107.676
107.383
106.993
106.658
106.234
105.849
105.383
104.937
104.416
103.899
103.308
102.705
102.023
101.317
100.523
99.6875
98.7514
97.7581
96.6495
95.4652
94.1452
92.7314
91.1616
89.481
87.6304
85.657
83.5013
81.2229
78.7635
76.1985
73.4819
70.7072
67.8207
64.923
107.035
106.922
106.628
106.111
105.359
104.369
103.16
101.796
100.406
99.1589
98.217
97.6774
97.5527
97.7538
98.101
98.4667
98.8307
99.2544
99.7488
100.29
100.848
101.42
102.063
102.834
103.706
104.635
105.633
106.656
107.658
108.693
109.826
111.083
112.448
113.894
115.377
116.858
118.292
119.65
120.905
122.042
123.055
123.948
124.727
125.404
125.99
126.493
126.92
127.278
127.575
127.815
128.007
128.158
128.275
128.363
128.426
128.466
128.485
128.481
128.452
128.398
128.316
128.204
128.063
127.893
127.697
127.48
127.245
126.998
126.745
126.489
126.234
125.984
125.739
125.5
125.267
125.041
124.82
124.606
124.396
124.191
123.99
123.793
123.6
123.409
123.222
123.036
122.852
122.671
122.49
122.311
122.133
121.956
121.78
121.605
121.431
121.257
121.084
120.911
120.739
120.567
120.396
120.225
120.054
119.884
119.714
119.544
119.375
119.206
119.037
118.869
118.701
118.533
118.366
118.199
118.032
117.865
117.699
117.533
117.368
117.202
117.038
116.873
116.709
116.545
116.382
116.219
116.057
115.895
115.734
115.573
115.413
115.254
115.095
114.938
114.781
114.625
114.47
114.316
114.163
114.012
113.862
113.713
113.566
113.421
113.278
113.137
112.998
112.861
112.728
112.597
112.469
112.344
112.224
112.107
111.994
111.887
111.784
111.687
111.595
111.51
111.432
111.361
111.298
111.243
111.196
111.159
111.132
111.115
111.108
111.112
111.126
111.151
111.186
111.231
111.284
111.346
111.415
111.492
111.576
111.671
111.775
111.891
112.016
112.152
112.299
112.458
112.631
112.822
113.032
113.269
113.539
113.85
114.202
114.592
115.006
115.426
115.818
116.145
116.379
116.52
106.979
106.857
106.554
106.031
105.265
104.249
102.99
101.555
100.084
98.7614
97.7581
97.1764
97.0375
97.2647
97.6561
98.0564
98.4361
98.8519
99.3017
99.7675
100.263
100.826
101.486
102.272
103.164
104.069
105.01
106.03
107.093
108.209
109.419
110.741
112.162
113.653
115.174
116.684
118.146
119.525
120.798
121.947
122.969
123.866
124.649
125.327
125.916
126.422
126.853
127.216
127.516
127.759
127.955
128.109
128.229
128.319
128.385
128.429
128.452
128.452
128.428
128.379
128.301
128.194
128.056
127.89
127.696
127.48
127.246
126.999
126.745
126.489
126.235
125.984
125.739
125.499
125.267
125.04
124.82
124.605
124.395
124.19
123.989
123.792
123.599
123.409
123.221
123.035
122.852
122.67
122.49
122.311
122.133
121.956
121.78
121.605
121.431
121.257
121.083
120.911
120.739
120.567
120.395
120.224
120.054
119.883
119.714
119.544
119.375
119.206
119.037
118.869
118.701
118.533
118.366
118.198
118.032
117.865
117.699
117.533
117.367
117.202
117.037
116.873
116.709
116.545
116.382
116.219
116.056
115.895
115.733
115.573
115.413
115.253
115.095
114.937
114.78
114.624
114.469
114.315
114.162
114.011
113.86
113.712
113.565
113.419
113.276
113.135
112.996
112.859
112.725
112.594
112.466
112.341
112.22
112.103
111.99
111.882
111.779
111.681
111.589
111.503
111.425
111.353
111.289
111.233
111.186
111.148
111.12
111.102
111.094
111.097
111.111
111.134
111.169
111.212
111.266
111.326
111.396
111.473
111.56
111.656
111.764
111.881
112.008
112.144
112.292
112.449
112.621
112.806
113.014
113.243
113.511
113.815
114.166
114.552
114.971
115.389
115.79
116.119
116.355
116.487
106.875
106.749
106.435
105.905
105.119
104.055
102.709
101.141
99.5126
98.0244
96.8877
96.2259
96.048
96.2839
96.7393
97.2336
97.6915
98.0947
98.4559
98.7966
99.1725
99.6722
100.333
101.113
101.974
102.891
103.859
104.909
106.051
107.286
108.622
110.056
111.574
113.143
114.733
116.302
117.816
119.237
120.543
121.716
122.753
123.658
124.446
125.128
125.721
126.234
126.674
127.046
127.354
127.606
127.809
127.969
128.095
128.191
128.264
128.316
128.347
128.356
128.343
128.304
128.238
128.143
128.016
127.859
127.674
127.464
127.234
126.989
126.737
126.482
126.228
125.978
125.733
125.495
125.263
125.037
124.817
124.603
124.394
124.189
123.989
123.792
123.599
123.409
123.221
123.036
122.852
122.67
122.49
122.311
122.133
121.956
121.78
121.605
121.431
121.257
121.083
120.911
120.738
120.567
120.395
120.224
120.054
119.883
119.713
119.544
119.374
119.205
119.037
118.868
118.7
118.533
118.365
118.198
118.031
117.865
117.698
117.532
117.367
117.202
117.037
116.872
116.708
116.544
116.381
116.218
116.055
115.894
115.732
115.572
115.411
115.252
115.093
114.935
114.778
114.622
114.467
114.313
114.159
114.008
113.857
113.709
113.561
113.416
113.272
113.13
112.99
112.854
112.719
112.588
112.458
112.333
112.211
112.094
111.979
111.871
111.766
111.667
111.573
111.487
111.405
111.332
111.266
111.208
111.158
111.118
111.087
111.066
111.054
111.054
111.063
111.085
111.114
111.156
111.205
111.265
111.332
111.409
111.495
111.592
111.699
111.818
111.947
112.088
112.238
112.4
112.572
112.76
112.963
113.196
113.458
113.767
114.114
114.509
114.926
115.356
115.755
116.102
116.325
116.466
106.757
106.605
106.289
105.757
104.953
103.833
102.374
100.64
98.8134
97.126
95.8159
95.0219
94.7482
94.9289
95.3667
95.8857
96.376
96.7852
97.1056
97.3656
97.6688
98.1129
98.7378
99.5103
100.382
101.336
102.379
103.529
104.794
106.169
107.645
109.204
110.828
112.486
114.15
115.781
117.346
118.813
120.157
121.361
122.419
123.336
124.128
124.814
125.412
125.935
126.389
126.776
127.099
127.363
127.576
127.746
127.88
127.985
128.067
128.129
128.172
128.195
128.197
128.175
128.127
128.049
127.94
127.799
127.627
127.428
127.206
126.968
126.719
126.466
126.214
125.966
125.723
125.486
125.255
125.031
124.813
124.6
124.391
124.188
123.988
123.792
123.599
123.409
123.222
123.036
122.853
122.671
122.49
122.311
122.133
121.957
121.78
121.605
121.431
121.257
121.083
120.911
120.738
120.566
120.395
120.224
120.053
119.883
119.713
119.543
119.374
119.205
119.036
118.868
118.7
118.532
118.365
118.197
118.03
117.864
117.698
117.532
117.366
117.201
117.036
116.871
116.707
116.543
116.38
116.216
116.054
115.892
115.731
115.569
115.41
115.249
115.091
114.932
114.776
114.618
114.464
114.308
114.156
114.003
113.853
113.703
113.556
113.409
113.265
113.122
112.983
112.844
112.709
112.575
112.447
112.319
112.197
112.076
111.963
111.85
111.745
111.643
111.549
111.457
111.375
111.297
111.229
111.166
111.114
111.067
111.033
111.005
110.99
110.981
110.987
110.999
111.025
111.057
111.102
111.155
111.219
111.292
111.377
111.472
111.579
111.698
111.829
111.972
112.127
112.294
112.474
112.669
112.885
113.125
113.403
113.718
114.083
114.479
114.914
115.34
115.752
116.078
116.319
116.485
106.582
106.451
106.142
105.622
104.808
103.633
102.065
100.155
98.1061
96.174
94.6451
93.6664
93.2286
93.2679
93.5942
94.0368
94.4808
94.8719
95.1771
95.427
95.7331
96.1906
96.8311
97.6357
98.5757
99.6372
100.813
102.099
103.497
105.004
106.607
108.282
110.004
111.74
113.462
115.145
116.757
118.269
119.654
120.893
121.977
122.911
123.71
124.4
125.006
125.542
126.014
126.421
126.763
127.044
127.271
127.453
127.598
127.715
127.809
127.884
127.943
127.984
128.005
128.003
127.976
127.92
127.832
127.711
127.558
127.375
127.165
126.935
126.692
126.443
126.194
125.948
125.707
125.473
125.244
125.022
124.805
124.593
124.387
124.184
123.985
123.79
123.598
123.408
123.221
123.036
122.852
122.671
122.49
122.311
122.133
121.956
121.78
121.605
121.43
121.257
121.083
120.91
120.738
120.566
120.394
120.223
120.053
119.882
119.712
119.543
119.373
119.204
119.035
118.867
118.699
118.531
118.364
118.196
118.03
117.863
117.697
117.531
117.365
117.2
117.034
116.87
116.705
116.541
116.378
116.215
116.052
115.89
115.728
115.567
115.406
115.247
115.087
114.93
114.771
114.615
114.458
114.305
114.15
113.998
113.846
113.697
113.547
113.402
113.255
113.114
112.971
112.834
112.695
112.563
112.43
112.304
112.177
112.059
111.939
111.828
111.717
111.616
111.514
111.425
111.335
111.257
111.18
111.117
111.055
111.008
110.963
110.933
110.906
110.895
110.887
110.896
110.908
110.937
110.969
111.018
111.072
111.141
111.218
111.31
111.413
111.531
111.661
111.806
111.964
112.137
112.327
112.536
112.768
113.03
113.327
113.667
114.046
114.47
114.908
115.361
115.76
116.11
116.324
116.442
106.461
106.317
106.007
105.5
104.703
103.513
101.874
99.8216
97.5515
95.3485
93.5502
92.3037
91.6078
91.3831
91.4715
91.7294
92.0592
92.3987
92.7058
93.0242
93.4357
94.0124
94.7728
95.7052
96.7867
97.9944
99.3106
100.723
102.23
103.834
105.531
107.301
109.108
110.912
112.69
114.424
116.086
117.645
119.074
120.353
121.47
122.426
123.238
123.938
124.555
125.108
125.6
126.029
126.391
126.691
126.934
127.131
127.292
127.423
127.532
127.623
127.698
127.756
127.794
127.812
127.805
127.769
127.703
127.604
127.47
127.305
127.109
126.891
126.656
126.413
126.167
125.924
125.686
125.454
125.228
125.008
124.794
124.584
124.379
124.178
123.98
123.786
123.594
123.405
123.218
123.034
122.851
122.669
122.489
122.31
122.132
121.956
121.78
121.604
121.43
121.256
121.082
120.91
120.737
120.565
120.394
120.223
120.052
119.881
119.711
119.542
119.372
119.203
119.035
118.866
118.698
118.53
118.363
118.195
118.028
117.862
117.695
117.529
117.364
117.198
117.033
116.868
116.704
116.54
116.376
116.213
116.05
115.887
115.726
115.564
115.404
115.243
115.085
114.925
114.768
114.61
114.454
114.298
114.145
113.991
113.84
113.689
113.54
113.392
113.247
113.102
112.961
112.819
112.683
112.546
112.415
112.284
112.159
112.034
111.916
111.799
111.689
111.581
111.481
111.383
111.294
111.207
111.131
111.057
110.995
110.936
110.89
110.847
110.818
110.792
110.782
110.775
110.784
110.796
110.826
110.858
110.909
110.963
111.037
111.117
111.217
111.325
111.455
111.595
111.757
111.934
112.133
112.356
112.607
112.892
113.215
113.58
113.987
114.426
114.885
115.325
115.731
116.046
116.374
116.563
106.289
106.165
105.887
105.414
104.652
103.48
101.816
99.6811
97.2195
94.7376
92.6159
91.0272
89.9695
89.3647
89.1105
89.0985
89.2543
89.5159
89.8614
90.3158
90.9147
91.6907
92.6479
93.7625
95.0003
96.3372
97.7581
99.2619
100.852
102.537
104.321
106.189
108.102
110.004
111.86
113.657
115.377
116.99
118.467
119.788
120.94
121.923
122.755
123.471
124.104
124.676
125.19
125.639
126.02
126.338
126.598
126.812
126.989
127.137
127.262
127.369
127.459
127.532
127.587
127.62
127.63
127.613
127.565
127.485
127.371
127.223
127.042
126.836
126.611
126.374
126.134
125.895
125.661
125.432
125.209
124.991
124.779
124.571
124.368
124.169
123.972
123.779
123.589
123.401
123.215
123.031
122.848
122.667
122.487
122.309
122.131
121.954
121.778
121.603
121.429
121.255
121.081
120.909
120.736
120.564
120.393
120.222
120.051
119.88
119.71
119.541
119.371
119.202
119.033
118.865
118.697
118.529
118.361
118.194
118.027
117.86
117.694
117.528
117.362
117.196
117.031
116.866
116.702
116.538
116.374
116.21
116.047
115.885
115.723
115.561
115.4
115.24
115.08
114.921
114.762
114.605
114.448
114.293
114.138
113.984
113.832
113.68
113.531
113.382
113.235
113.09
112.947
112.805
112.667
112.529
112.396
112.263
112.136
112.009
111.889
111.769
111.656
111.545
111.441
111.339
111.246
111.155
111.072
110.995
110.925
110.861
110.805
110.758
110.717
110.687
110.663
110.65
110.644
110.651
110.663
110.691
110.724
110.775
110.831
110.909
110.991
111.099
111.214
111.356
111.509
111.692
111.892
112.127
112.39
112.693
113.036
113.422
113.851
114.313
114.804
115.308
115.795
116.107
115.927
116.204
106.131
106.016
105.756
105.317
104.6
103.475
101.838
99.6673
97.0692
94.3389
91.8774
89.8926
88.4092
87.3662
86.7049
86.3599
86.2896
86.4571
86.8508
87.4404
88.2177
89.1921
90.3421
91.6232
92.9998
94.4562
95.9891
97.6027
99.3052
101.104
103.008
105.004
107.046
109.069
111.021
112.89
114.672
116.341
117.866
119.228
120.414
121.426
122.282
123.02
123.675
124.268
124.801
125.269
125.668
126.002
126.279
126.51
126.703
126.868
127.01
127.132
127.237
127.323
127.391
127.438
127.462
127.46
127.428
127.365
127.266
127.133
126.967
126.772
126.557
126.328
126.094
125.86
125.63
125.405
125.185
124.971
124.761
124.556
124.355
124.157
123.963
123.771
123.582
123.395
123.21
123.026
122.844
122.664
122.484
122.306
122.129
121.952
121.777
121.602
121.427
121.253
121.08
120.907
120.735
120.563
120.391
120.22
120.049
119.879
119.709
119.539
119.37
119.201
119.032
118.864
118.695
118.528
118.36
118.193
118.026
117.859
117.692
117.526
117.36
117.195
117.029
116.864
116.699
116.535
116.371
116.208
116.044
115.882
115.719
115.558
115.396
115.236
115.075
114.916
114.757
114.6
114.442
114.286
114.13
113.977
113.822
113.672
113.519
113.372
113.221
113.078
112.93
112.791
112.646
112.512
112.372
112.243
112.107
111.984
111.855
111.739
111.616
111.508
111.394
111.295
111.19
111.101
111.006
110.929
110.847
110.782
110.713
110.662
110.609
110.572
110.536
110.514
110.497
110.491
110.494
110.507
110.532
110.566
110.615
110.674
110.753
110.841
110.954
111.078
111.234
111.403
111.611
111.84
112.114
112.421
112.776
113.171
113.613
114.09
114.578
115.027
115.375
115.623
115.885
116.433
105.944
105.837
105.586
105.169
104.495
103.423
101.832
99.6576
96.9756
94.0675
91.3178
88.9592
87.0674
85.606
84.5179
83.7841
83.4225
83.4632
83.8701
84.5611
85.4958
86.6426
87.9522
89.368
90.8696
92.4533
94.1243
95.8823
97.7286
99.6668
101.704
103.834
106.008
108.153
110.202
112.149
113.995
115.716
117.287
118.685
119.901
120.94
121.824
122.59
123.272
123.889
124.442
124.926
125.34
125.689
125.982
126.228
126.438
126.62
126.777
126.914
127.032
127.13
127.209
127.268
127.304
127.314
127.296
127.245
127.16
127.04
126.885
126.7
126.494
126.273
126.046
125.818
125.593
125.373
125.157
124.947
124.74
124.538
124.339
124.144
123.951
123.761
123.573
123.387
123.203
123.021
122.84
122.66
122.481
122.303
122.126
121.95
121.774
121.6
121.425
121.252
121.078
120.906
120.733
120.561
120.39
120.219
120.048
119.877
119.707
119.538
119.368
119.199
119.03
118.862
118.694
118.526
118.358
118.191
118.024
117.857
117.691
117.524
117.358
117.193
117.027
116.862
116.697
116.532
116.369
116.204
116.042
115.878
115.716
115.553
115.393
115.23
115.071
114.91
114.752
114.592
114.436
114.277
114.123
113.966
113.815
113.658
113.51
113.356
113.211
113.059
112.917
112.768
112.631
112.486
112.353
112.212
112.085
111.948
111.827
111.697
111.583
111.459
111.353
111.236
111.14
111.032
110.946
110.848
110.773
110.686
110.625
110.55
110.502
110.441
110.408
110.363
110.345
110.318
110.316
110.309
110.325
110.343
110.379
110.425
110.487
110.566
110.66
110.779
110.913
111.083
111.271
111.504
111.763
112.074
112.42
112.818
113.253
113.726
114.221
114.746
115.295
115.616
115.344
115.717
105.71
105.591
105.328
104.91
104.242
103.204
101.643
99.4772
96.7822
93.8094
90.8828
88.2414
86.0363
84.2209
82.721
81.582
80.9137
80.8019
81.2022
81.9843
83.0551
84.3374
85.766
87.2847
88.887
90.579
92.3708
94.2592
96.2376
98.3063
100.475
102.735
105.034
107.288
109.431
111.454
113.36
115.13
116.738
118.167
119.409
120.474
121.388
122.186
122.899
123.539
124.109
124.606
125.032
125.395
125.703
125.966
126.193
126.391
126.564
126.714
126.844
126.953
127.042
127.111
127.157
127.178
127.169
127.129
127.053
126.942
126.797
126.621
126.423
126.21
125.991
125.77
125.551
125.336
125.125
124.919
124.716
124.517
124.321
124.128
123.938
123.749
123.563
123.379
123.196
123.014
122.834
122.655
122.477
122.299
122.123
121.947
121.772
121.597
121.423
121.249
121.076
120.904
120.731
120.559
120.388
120.217
120.046
119.876
119.705
119.536
119.366
119.197
119.029
118.86
118.692
118.524
118.357
118.189
118.022
117.855
117.689
117.522
117.356
117.191
117.025
116.86
116.694
116.53
116.365
116.202
116.037
115.875
115.711
115.55
115.386
115.227
115.064
114.906
114.744
114.587
114.426
114.271
114.112
113.959
113.801
113.65
113.494
113.346
113.192
113.047
112.896
112.754
112.606
112.468
112.323
112.19
112.05
111.922
111.786
111.664
111.534
111.419
111.296
111.189
111.072
110.974
110.866
110.778
110.679
110.603
110.514
110.45
110.372
110.321
110.256
110.22
110.169
110.149
110.113
110.112
110.095
110.113
110.12
110.161
110.198
110.265
110.34
110.441
110.564
110.71
110.891
111.098
111.353
111.635
111.975
112.348
112.772
113.227
113.705
114.154
114.455
114.646
115.011
115.633
105.384
105.221
104.897
104.43
103.742
102.707
101.147
98.9909
96.36
93.4602
90.5121
87.7108
85.3063
83.2346
81.4057
79.9312
78.997
78.7364
79.1166
79.9496
81.0907
82.4402
83.9304
85.5144
87.1901
88.969
90.8584
92.8519
94.9437
97.131
99.4197
101.791
104.187
106.524
108.743
110.829
112.785
114.593
116.23
117.68
118.942
120.032
120.977
121.809
122.552
123.213
123.796
124.304
124.742
125.12
125.444
125.725
125.969
126.181
126.367
126.529
126.67
126.789
126.888
126.965
127.02
127.049
127.048
127.014
126.945
126.84
126.702
126.533
126.343
126.139
125.928
125.714
125.503
125.294
125.089
124.888
124.689
124.494
124.301
124.111
123.922
123.736
123.552
123.369
123.187
123.007
122.827
122.649
122.472
122.295
122.119
121.943
121.769
121.594
121.42
121.247
121.074
120.901
120.729
120.557
120.386
120.215
120.044
119.874
119.703
119.534
119.364
119.195
119.026
118.858
118.69
118.522
118.355
118.187
118.02
117.853
117.687
117.52
117.354
117.188
117.022
116.857
116.692
116.527
116.363
116.198
116.035
115.87
115.708
115.544
115.383
115.219
115.06
114.897
114.739
114.577
114.42
114.26
114.104
113.946
113.792
113.636
113.483
113.33
113.179
113.028
112.879
112.731
112.586
112.441
112.3
112.159
112.022
111.884
111.752
111.62
111.494
111.367
111.247
111.126
111.014
110.9
110.796
110.69
110.596
110.498
110.415
110.326
110.255
110.175
110.118
110.049
110.007
109.95
109.924
109.882
109.875
109.85
109.864
109.862
109.902
109.929
110
110.067
110.175
110.295
110.452
110.639
110.858
111.124
111.419
111.773
112.151
112.577
113.021
113.489
114.011
114.171
113.994
114.447
104.954
104.685
104.202
103.612
102.854
101.786
100.205
98.0866
95.6267
92.9533
90.1519
87.3296
84.846
82.6607
80.6546
78.9862
77.8899
77.5297
77.8557
78.6809
79.8272
81.1845
82.6836
84.2859
85.9915
87.813
89.7582
91.8173
93.9829
96.2498
98.6182
101.061
103.516
105.903
108.169
110.3
112.289
114.118
115.768
117.229
118.506
119.619
120.595
121.458
122.226
122.905
123.499
124.017
124.468
124.859
125.2
125.498
125.757
125.982
126.179
126.351
126.502
126.632
126.741
126.829
126.891
126.927
126.931
126.9
126.833
126.732
126.598
126.436
126.254
126.059
125.857
125.653
125.45
125.248
125.05
124.853
124.66
124.468
124.279
124.091
123.906
123.722
123.539
123.358
123.177
122.998
122.82
122.643
122.466
122.29
122.114
121.939
121.765
121.591
121.417
121.244
121.071
120.899
120.727
120.555
120.384
120.212
120.042
119.871
119.701
119.531
119.362
119.193
119.024
118.856
118.688
118.52
118.352
118.185
118.018
117.851
117.684
117.518
117.352
117.185
117.02
116.854
116.689
116.524
116.359
116.194
116.03
115.866
115.702
115.54
115.376
115.215
115.052
114.891
114.73
114.57
114.411
114.251
114.094
113.935
113.78
113.622
113.47
113.313
113.163
113.008
112.861
112.708
112.564
112.414
112.273
112.126
111.99
111.847
111.714
111.576
111.447
111.314
111.191
111.064
110.947
110.827
110.716
110.605
110.5
110.398
110.3
110.208
110.119
110.038
109.957
109.888
109.818
109.762
109.703
109.664
109.617
109.597
109.567
109.57
109.56
109.592
109.611
109.677
109.735
109.843
109.956
110.114
110.296
110.515
110.777
111.066
111.409
111.762
112.16
112.493
112.745
113.027
113.4
113.628
104.358
103.906
103.149
102.344
101.454
100.341
98.7947
96.8237
94.6587
92.3463
89.8215
87.1188
84.6851
82.5556
80.5549
78.8613
77.7323
77.3048
77.5606
78.3293
79.4252
80.7281
82.1651
83.7136
85.3871
87.1973
89.1461
91.2216
93.4118
95.7129
98.1169
100.587
103.056
105.454
107.738
109.886
111.884
113.713
115.359
116.82
118.107
119.24
120.242
121.131
121.917
122.608
123.213
123.74
124.201
124.606
124.96
125.27
125.542
125.779
125.987
126.171
126.334
126.477
126.598
126.695
126.764
126.804
126.81
126.781
126.716
126.616
126.485
126.33
126.157
125.972
125.78
125.586
125.392
125.199
125.007
124.816
124.628
124.44
124.255
124.071
123.888
123.706
123.525
123.346
123.167
122.989
122.812
122.636
122.46
122.285
122.11
121.935
121.761
121.588
121.414
121.241
121.069
120.896
120.724
120.552
120.381
120.21
120.039
119.869
119.699
119.529
119.359
119.19
119.022
118.853
118.685
118.518
118.35
118.183
118.016
117.849
117.682
117.515
117.349
117.183
117.016
116.851
116.685
116.52
116.355
116.191
116.025
115.862
115.697
115.535
115.371
115.209
115.045
114.885
114.722
114.563
114.4
114.244
114.081
113.926
113.764
113.612
113.45
113.3
113.14
112.993
112.835
112.69
112.534
112.392
112.238
112.1
111.948
111.815
111.666
111.537
111.391
111.267
111.125
111.007
110.87
110.758
110.627
110.521
110.396
110.296
110.179
110.086
109.978
109.892
109.794
109.714
109.629
109.556
109.485
109.421
109.365
109.313
109.276
109.238
109.224
109.205
109.222
109.228
109.282
109.325
109.423
109.517
109.664
109.823
110.023
110.254
110.508
110.803
111.099
111.47
111.724
111.728
111.544
112.182
103.597
102.856
101.702
100.588
99.5715
98.4708
97.0945
95.4416
93.7133
91.8591
89.7074
87.2731
85.0219
83.0516
81.2219
79.6407
78.5363
78.0612
78.2211
78.8879
79.8746
81.0546
82.3651
83.8062
85.3989
87.1517
89.0549
91.0928
93.2564
95.5423
97.9329
100.38
102.819
105.191
107.458
109.591
111.57
113.377
115.004
116.456
117.748
118.896
119.917
120.821
121.618
122.316
122.926
123.461
123.931
124.344
124.708
125.028
125.311
125.56
125.782
125.981
126.157
126.313
126.446
126.553
126.629
126.671
126.679
126.651
126.587
126.49
126.364
126.216
126.053
125.879
125.698
125.515
125.331
125.146
124.962
124.778
124.594
124.412
124.23
124.049
123.869
123.689
123.511
123.333
123.156
122.98
122.804
122.628
122.453
122.279
122.105
121.931
121.757
121.584
121.411
121.238
121.065
120.893
120.721
120.55
120.378
120.207
120.036
119.866
119.696
119.526
119.357
119.188
119.019
118.851
118.683
118.515
118.347
118.18
118.013
117.846
117.679
117.513
117.346
117.179
117.014
116.847
116.683
116.516
116.352
116.185
116.022
115.856
115.694
115.528
115.366
115.201
115.04
114.875
114.716
114.551
114.394
114.229
114.074
113.91
113.755
113.592
113.44
113.278
113.128
112.967
112.819
112.66
112.515
112.357
112.215
112.059
111.92
111.766
111.632
111.48
111.35
111.201
111.076
110.929
110.81
110.667
110.554
110.414
110.308
110.172
110.072
109.942
109.849
109.725
109.638
109.521
109.442
109.334
109.261
109.166
109.099
109.02
108.96
108.901
108.852
108.815
108.782
108.774
108.763
108.79
108.811
108.88
108.942
109.052
109.166
109.311
109.474
109.643
109.823
109.92
110.068
110.238
110.35
110.169
102.668
101.603
100.017
98.6712
97.6446
96.7099
95.6753
94.5205
93.2898
91.8647
90.0991
88.021
86.0177
84.2662
82.6719
81.2641
80.2242
79.7064
79.7469
80.2596
81.0763
82.0828
83.2334
84.535
86.0081
87.6535
89.4557
91.4018
93.491
95.7151
98.0437
100.424
102.794
105.106
107.321
109.409
111.342
113.107
114.704
116.14
117.43
118.583
119.61
120.517
121.314
122.013
122.625
123.162
123.634
124.051
124.419
124.747
125.041
125.306
125.544
125.76
125.954
126.126
126.274
126.391
126.475
126.523
126.535
126.509
126.449
126.357
126.238
126.099
125.946
125.784
125.615
125.443
125.269
125.093
124.916
124.738
124.56
124.382
124.204
124.027
123.85
123.673
123.497
123.321
123.145
122.97
122.795
122.621
122.447
122.273
122.099
121.926
121.753
121.58
121.407
121.235
121.062
120.89
120.718
120.547
120.375
120.204
120.033
119.863
119.693
119.523
119.354
119.185
119.016
118.848
118.68
118.512
118.345
118.178
118.01
117.844
117.677
117.51
117.343
117.177
117.01
116.845
116.678
116.513
116.346
116.182
116.016
115.852
115.686
115.524
115.358
115.196
115.031
114.87
114.705
114.545
114.381
114.222
114.058
113.9
113.738
113.581
113.42
113.264
113.104
112.95
112.792
112.64
112.483
112.333
112.177
112.03
111.876
111.732
111.58
111.439
111.289
111.152
111.004
110.871
110.725
110.598
110.454
110.331
110.19
110.073
109.934
109.824
109.687
109.584
109.449
109.353
109.221
109.133
109.005
108.925
108.804
108.73
108.621
108.552
108.461
108.397
108.329
108.274
108.231
108.19
108.177
108.155
108.173
108.176
108.218
108.244
108.285
108.321
108.348
108.373
108.208
107.921
107.618
108.063
101.728
100.331
98.4696
97.2071
96.4209
95.8227
95.2465
94.5494
93.6768
92.5831
91.1807
89.4844
87.7521
86.1923
84.7847
83.5269
82.5497
81.9929
81.9117
82.2441
82.8591
83.6684
84.6383
85.7767
87.0954
88.5907
90.2529
92.0773
94.0616
96.186
98.4119
100.688
102.959
105.18
107.312
109.322
111.187
112.897
114.455
115.867
117.142
118.285
119.301
120.199
120.987
121.677
122.282
122.812
123.278
123.693
124.064
124.401
124.708
124.992
125.253
125.493
125.711
125.903
126.069
126.203
126.3
126.358
126.377
126.358
126.305
126.221
126.111
125.982
125.84
125.69
125.533
125.372
125.207
125.04
124.87
124.699
124.526
124.353
124.179
124.005
123.831
123.657
123.483
123.308
123.134
122.96
122.787
122.613
122.44
122.267
122.094
121.921
121.748
121.576
121.403
121.231
121.059
120.887
120.715
120.543
120.372
120.201
120.03
119.859
119.689
119.52
119.35
119.181
119.013
118.845
118.677
118.509
118.342
118.175
118.008
117.841
117.674
117.507
117.34
117.174
117.007
116.841
116.675
116.508
116.343
116.177
116.012
115.846
115.682
115.517
115.353
115.188
115.024
114.861
114.698
114.535
114.372
114.21
114.048
113.887
113.725
113.566
113.404
113.247
113.085
112.93
112.769
112.615
112.456
112.303
112.146
111.994
111.839
111.689
111.536
111.388
111.238
111.091
110.943
110.798
110.654
110.51
110.37
110.228
110.091
109.95
109.818
109.678
109.55
109.411
109.288
109.148
109.031
108.89
108.781
108.639
108.537
108.394
108.301
108.16
108.075
107.943
107.86
107.744
107.66
107.566
107.478
107.401
107.309
107.241
107.142
107.065
106.941
106.789
106.573
106.284
105.966
105.531
104.99
104.342
100.994
99.493
97.7463
96.8709
96.4568
96.232
95.9713
95.557
94.9212
94.0576
92.939
91.5736
90.0788
88.6391
87.3267
86.1662
85.2384
84.6518
84.4524
84.5952
84.9979
85.6021
86.3862
87.3513
88.4991
89.8284
91.3377
93.027
94.8859
96.8838
98.9775
101.123
103.271
105.375
107.398
109.31
111.092
112.738
114.249
115.625
116.87
117.985
118.975
119.848
120.613
121.282
121.867
122.382
122.839
123.25
123.627
123.975
124.302
124.61
124.9
125.169
125.416
125.638
125.828
125.983
126.099
126.174
126.205
126.198
126.155
126.084
125.987
125.87
125.739
125.6
125.453
125.302
125.147
124.988
124.825
124.66
124.493
124.324
124.154
123.984
123.813
123.641
123.469
123.297
123.124
122.951
122.778
122.606
122.433
122.261
122.089
121.916
121.744
121.572
121.399
121.227
121.055
120.883
120.712
120.54
120.369
120.197
120.026
119.856
119.686
119.516
119.347
119.178
119.009
118.841
118.674
118.506
118.339
118.172
118.005
117.838
117.671
117.504
117.337
117.17
117.004
116.837
116.671
116.504
116.339
116.172
116.007
115.841
115.676
115.51
115.346
115.18
115.018
114.852
114.69
114.524
114.363
114.197
114.038
113.872
113.714
113.548
113.391
113.225
113.07
112.904
112.75
112.585
112.433
112.268
112.118
111.953
111.806
111.642
111.496
111.332
111.188
111.026
110.884
110.723
110.582
110.423
110.283
110.126
109.986
109.831
109.692
109.54
109.398
109.25
109.106
108.961
108.814
108.671
108.521
108.381
108.227
108.091
107.93
107.8
107.63
107.508
107.332
107.213
107.038
106.909
106.741
106.584
106.414
106.215
106.014
105.749
105.473
105.095
104.627
103.99
103.103
102.054
100.705
100.241
100.924
99.7565
98.4875
97.8779
97.7665
97.7578
97.6366
97.335
96.8291
96.1007
95.1518
93.9961
92.6805
91.3309
90.0707
88.9647
88.072
87.4529
87.1296
87.0796
87.2679
87.6701
88.2743
89.072
90.0585
91.2354
92.6039
94.1593
95.8811
97.734
99.6802
101.68
103.686
105.655
107.553
109.358
111.051
112.626
114.078
115.403
116.6
117.67
118.616
119.447
120.174
120.809
121.368
121.866
122.315
122.727
123.114
123.482
123.832
124.169
124.492
124.796
125.077
125.331
125.553
125.737
125.878
125.975
126.026
126.034
126.006
125.948
125.864
125.76
125.642
125.513
125.377
125.235
125.088
124.936
124.781
124.621
124.459
124.295
124.129
123.962
123.794
123.625
123.455
123.284
123.113
122.941
122.77
122.598
122.426
122.255
122.083
121.911
121.739
121.567
121.395
121.224
121.052
120.88
120.708
120.536
120.365
120.194
120.023
119.852
119.682
119.512
119.343
119.174
119.006
118.838
118.67
118.503
118.336
118.169
118.002
117.836
117.668
117.502
117.334
117.168
117
116.835
116.667
116.502
116.334
116.169
116.002
115.837
115.67
115.506
115.339
115.176
115.008
114.846
114.679
114.518
114.35
114.19
114.022
113.863
113.696
113.537
113.369
113.212
113.044
112.889
112.721
112.566
112.398
112.245
112.077
111.926
111.758
111.608
111.44
111.292
111.123
110.977
110.807
110.664
110.493
110.351
110.179
110.039
109.865
109.726
109.551
109.412
109.235
109.095
108.917
108.773
108.595
108.444
108.267
108.106
107.931
107.759
107.583
107.398
107.22
107.018
106.838
106.612
106.431
106.179
105.98
105.706
105.451
105.14
104.775
104.363
103.818
103.198
102.372
101.327
99.9911
98.1575
95.6114
92.852
101.564
101.333
100.481
100.002
99.9662
99.9794
99.8281
99.4904
98.9877
98.3039
97.4373
96.4034
95.2269
93.984
92.7813
91.7056
90.8101
90.1253
89.6663
89.4402
89.4456
89.6769
90.125
90.7786
91.6322
92.6851
93.9338
95.3639
96.9485
98.6564
100.454
102.302
104.159
105.989
107.761
109.455
111.057
112.552
113.934
115.193
116.325
117.333
118.218
118.991
119.67
120.266
120.796
121.279
121.725
122.143
122.545
122.936
123.315
123.685
124.044
124.385
124.706
124.998
125.256
125.474
125.646
125.768
125.842
125.87
125.858
125.815
125.745
125.654
125.547
125.43
125.304
125.17
125.031
124.886
124.737
124.583
124.426
124.266
124.104
123.94
123.775
123.608
123.44
123.271
123.102
122.931
122.761
122.59
122.419
122.248
122.077
121.906
121.735
121.563
121.391
121.22
121.048
120.876
120.704
120.533
120.361
120.19
120.019
119.848
119.678
119.507
119.339
119.169
119.002
118.834
118.667
118.5
118.333
118.166
118
117.833
117.666
117.499
117.331
117.164
116.997
116.83
116.663
116.496
116.33
116.162
115.997
115.83
115.664
115.498
115.332
115.166
115.001
114.835
114.67
114.505
114.34
114.175
114.011
113.846
113.683
113.517
113.355
113.189
113.027
112.862
112.7
112.536
112.374
112.209
112.049
111.884
111.724
111.558
111.4
111.233
111.075
110.908
110.751
110.582
110.426
110.255
110.099
109.925
109.771
109.592
109.439
109.253
109.101
108.908
108.755
108.554
108.399
108.189
108.029
107.811
107.641
107.416
107.227
106.998
106.783
106.548
106.301
106.051
105.765
105.492
105.145
104.834
104.414
104.006
103.486
102.871
102.142
101.157
99.9522
98.3173
96.1326
93.4044
88.7562
82.7095
101.416
102.933
102.67
102.355
102.244
102.12
101.854
101.44
100.899
100.238
99.4407
98.5015
97.4376
96.2998
95.1675
94.1196
93.2055
92.455
91.8949
91.5469
91.4279
91.5419
91.8806
92.4325
93.1896
94.1444
95.2846
96.5919
98.0429
99.61
101.262
102.961
104.674
106.37
108.021
109.61
111.117
112.524
113.821
114.996
116.045
116.972
117.781
118.488
119.112
119.668
120.171
120.641
121.084
121.508
121.927
122.342
122.751
123.156
123.555
123.939
124.302
124.637
124.938
125.197
125.405
125.556
125.654
125.705
125.713
125.686
125.631
125.553
125.459
125.352
125.235
125.11
124.978
124.84
124.696
124.547
124.394
124.238
124.079
123.918
123.756
123.591
123.425
123.258
123.09
122.921
122.752
122.582
122.412
122.242
122.071
121.901
121.73
121.559
121.387
121.216
121.044
120.872
120.701
120.529
120.357
120.186
120.015
119.843
119.673
119.502
119.334
119.164
118.997
118.829
118.663
118.496
118.331
118.163
117.998
117.83
117.663
117.496
117.328
117.161
116.993
116.826
116.658
116.492
116.325
116.158
115.991
115.824
115.658
115.49
115.326
115.158
114.994
114.826
114.662
114.494
114.331
114.163
114
113.832
113.669
113.501
113.338
113.17
113.008
112.839
112.678
112.509
112.347
112.178
112.016
111.847
111.685
111.515
111.353
111.183
111.019
110.849
110.684
110.513
110.345
110.174
110.003
109.831
109.655
109.481
109.301
109.123
108.936
108.756
108.559
108.374
108.164
107.975
107.747
107.554
107.304
107.103
106.829
106.613
106.315
106.069
105.751
105.452
105.111
104.739
104.346
103.877
103.402
102.772
102.145
101.297
100.293
99.045
97.3355
95.2464
92.0985
87.92
81.5058
65.2812
-45.5277
7.01829
4.21599
11.6334
10.178
12.826
12.8409
13.8401
13.8355
13.8401
13.3045
12.5643
11.5387
10.3117
8.89922
7.42327
5.88223
4.25989
2.57759
0.881458
-28.323
6.46838
4.05602
11.5069
10.0913
12.7774
12.7768
13.799
13.7983
13.8103
13.2818
12.5442
11.5248
10.3022
8.89165
7.41683
5.88038
4.25925
2.57641
0.880634
-13.9183
6.78709
4.35854
11.2475
9.98601
12.6589
12.6925
13.6904
13.7175
13.7227
13.2107
12.4787
11.4731
10.2618
8.85749
7.39046
5.86417
4.24894
2.56888
0.878429
-0.31122
8.72029
5.61904
11.1739
10.0518
12.5217
12.6236
13.533
13.6011
13.5758
13.0832
12.3558
11.3694
10.177
8.78503
7.33343
5.82335
4.22009
2.54988
0.871215
11.3893
12.1342
7.87846
11.4232
10.4217
12.4491
12.6539
13.3808
13.4755
13.3928
12.9098
12.1853
11.2176
10.0496
8.6755
7.2451
5.75655
4.17028
2.51807
0.858532
20.9808
16.6392
11.0135
12.2703
11.2191
12.572
12.8168
13.3048
13.3736
13.2094
12.7111
11.9821
11.0264
9.88361
8.53373
7.12699
5.66414
4.09995
2.47361
0.839567
28.6451
21.4713
14.6659
13.6986
12.4038
12.9346
13.1056
13.3394
13.3249
13.0632
12.5224
11.7781
10.8253
9.70111
8.37974
6.99374
5.55514
4.01711
2.42148
0.817612
34.6325
25.9281
18.3074
15.4965
13.7494
13.513
13.4775
13.4774
13.3312
12.9652
12.3649
11.5949
10.6382
9.52406
8.23291
6.86276
5.44306
3.9334
2.36982
0.795635
39.3818
29.7719
21.626
17.3802
15.0356
14.1869
13.8726
13.6605
13.3622
12.894
12.2309
11.4299
10.4687
9.35922
8.09708
6.7406
5.33572
3.85591
2.32271
0.775576
43.2426
33.0015
24.4957
19.1826
16.2108
14.8573
14.251
13.8439
13.397
12.8345
12.1152
11.2826
10.3171
9.2099
7.97235
6.62929
5.2378
3.78696
2.28173
0.759785
46.3762
35.6708
26.8814
20.8194
17.2547
15.4692
14.5884
14.0018
13.4208
12.775
12.0084
11.146
10.1753
9.07088
7.85369
6.52538
5.14752
3.72368
2.24464
0.745349
48.8746
37.8442
28.8049
22.2118
18.142
15.9956
14.8712
14.122
13.425
12.7077
11.9021
11.0139
10.0375
8.93884
7.7392
6.42744
5.06467
3.66522
2.21061
0.732721
50.8659
39.6162
30.3282
23.357
18.8927
16.4456
15.1026
14.2045
13.4081
12.6305
11.7929
10.8832
9.90088
8.81043
7.62583
6.33199
4.98572
3.6089
2.17623
0.718396
52.481
41.0808
31.5327
24.2841
19.5314
16.8325
15.2901
14.2547
13.3723
12.5438
11.6803
10.753
9.76565
8.68477
7.51389
6.23809
4.90889
3.55429
2.14121
0.701936
53.836
42.2971
32.4854
25.0364
20.0833
17.1683
15.4421
14.2797
13.3223
12.4516
11.5682
10.6268
9.63666
8.56651
7.40999
6.15175
4.83971
3.5074
2.11202
0.689383
54.9981
43.2716
33.2132
25.6351
20.5536
17.4558
15.5631
14.2863
13.2647
12.3607
11.465
10.5153
9.52613
8.46866
7.3277
6.08652
4.7914
3.47774
2.09818
0.686361
56.0187
43.9939
33.7244
26.0936
20.942
17.6931
15.6551
14.2821
13.2108
12.2846
11.3848
10.4345
9.44926
8.40376
7.27658
6.04998
4.76871
3.46696
2.09941
0.692367
56.9447
44.4212
34.0037
26.4075
21.2205
17.8503
15.7004
14.2626
13.166
12.2332
11.3355
10.39
9.41021
8.37388
7.25631
6.04007
4.76779
3.46993
2.10843
0.70154
57.9041
44.6006
34.0889
26.5556
21.3394
17.8943
15.6878
14.2286
13.1354
12.2109
11.3192
10.3794
9.40278
8.36954
7.25513
6.0427
4.77416
3.47548
2.1154
0.70746
58.1363
44.5276
34.0647
26.573
21.3551
17.901
15.6864
14.2255
13.1333
12.2089
11.3164
10.3785
9.4026
8.36926
7.25481
6.04347
4.77679
3.47668
2.11661
0.709522
)
;

boundaryField
{
    inlet
    {
        type            calculated;
        value           nonuniform List<scalar> 
20
(
169.612
166.618
164.724
163.244
162.041
161.093
160.368
159.843
159.502
159.336
159.337
159.506
159.847
160.374
161.101
162.049
163.253
164.733
166.628
169.621
)
;
    }
    outlet
    {
        type            calculated;
        value           uniform 0;
    }
    walls
    {
        type            calculated;
        value           nonuniform List<scalar> 
520
(
169.621
156.093
147.691
143.283
140.49
138.162
135.959
133.816
131.726
129.65
127.599
125.577
123.595
121.65
119.794
118.02
116.385
114.905
113.696
112.779
112.67
112.614
112.546
112.47
112.388
112.308
112.239
112.188
112.155
112.139
112.139
112.152
112.175
112.205
112.239
112.275
112.31
112.345
112.378
112.412
112.448
112.489
112.533
112.575
112.61
112.633
112.642
112.636
112.618
112.589
112.548
112.495
112.43
112.357
112.279
112.193
112.096
111.988
111.872
111.766
111.69
111.663
111.7
111.809
111.984
112.217
112.504
112.852
113.278
113.812
114.463
115.234
116.111
117.072
118.088
119.123
120.143
121.114
122.006
122.795
123.464
124.007
124.426
124.733
124.941
125.07
125.136
125.152
125.13
125.079
125.003
124.909
124.799
124.678
124.547
124.41
124.266
124.119
123.969
123.816
123.66
123.502
123.343
123.182
123.02
122.856
122.692
122.526
122.36
122.193
122.026
121.858
121.689
121.52
121.35
121.18
121.009
120.838
120.667
120.495
120.323
120.151
119.979
119.807
119.634
119.464
119.29
119.123
118.949
118.786
118.61
118.452
118.271
118.119
117.932
117.785
117.591
117.448
117.25
117.11
116.91
116.773
116.57
116.438
116.231
116.102
115.892
115.765
115.551
115.427
115.209
115.088
114.866
114.748
114.521
114.406
114.175
114.06
113.825
113.712
113.471
113.359
113.113
113
112.749
112.634
112.377
112.26
111.997
111.875
111.606
111.478
111.202
111.066
110.782
110.636
110.343
110.183
109.881
109.703
109.39
109.191
108.864
108.639
108.296
108.039
107.676
107.383
106.993
106.658
106.234
105.849
105.383
104.937
104.416
103.899
103.308
102.705
102.023
101.317
100.523
99.6875
98.7514
97.7581
96.6495
95.4652
94.1452
92.7314
91.1616
89.481
87.6304
85.657
83.5013
81.2229
78.7635
76.1985
73.4819
70.7072
67.8207
64.923
58.1363
44.5276
34.0647
26.573
21.3551
17.901
15.6864
14.2255
13.1333
12.2089
11.3164
10.3785
9.4026
8.36926
7.25481
6.04347
4.77679
3.47668
2.11661
0.709522
169.612
156.099
147.688
143.285
140.485
138.157
135.951
133.812
131.698
129.618
127.546
125.491
123.437
121.418
119.38
117.362
115.258
113.063
110.631
106.391
107.035
106.979
106.875
106.757
106.582
106.461
106.289
106.131
105.944
105.71
105.384
104.954
104.358
103.597
102.668
101.728
100.994
100.924
101.564
101.416
107.035
106.922
106.628
106.111
105.359
104.369
103.16
101.796
100.406
99.1589
98.217
97.6774
97.5527
97.7538
98.101
98.4667
98.8307
99.2544
99.7488
100.29
100.848
101.42
102.063
102.834
103.706
104.635
105.633
106.656
107.658
108.693
109.826
111.083
112.448
113.894
115.377
116.858
118.292
119.65
120.905
122.042
123.055
123.948
124.727
125.404
125.99
126.493
126.92
127.278
127.575
127.815
128.007
128.158
128.275
128.363
128.426
128.466
128.485
128.481
128.452
128.398
128.316
128.204
128.063
127.893
127.697
127.48
127.245
126.998
126.745
126.489
126.234
125.984
125.739
125.5
125.267
125.041
124.82
124.606
124.396
124.191
123.99
123.793
123.6
123.409
123.222
123.036
122.852
122.671
122.49
122.311
122.133
121.956
121.78
121.605
121.431
121.257
121.084
120.911
120.739
120.567
120.396
120.225
120.054
119.884
119.714
119.544
119.375
119.206
119.037
118.869
118.701
118.533
118.366
118.199
118.032
117.865
117.699
117.533
117.368
117.202
117.038
116.873
116.709
116.545
116.382
116.219
116.057
115.895
115.734
115.573
115.413
115.254
115.095
114.938
114.781
114.625
114.47
114.316
114.163
114.012
113.862
113.713
113.566
113.421
113.278
113.137
112.998
112.861
112.728
112.597
112.469
112.344
112.224
112.107
111.994
111.887
111.784
111.687
111.595
111.51
111.432
111.361
111.298
111.243
111.196
111.159
111.132
111.115
111.108
111.112
111.126
111.151
111.186
111.231
111.284
111.346
111.415
111.492
111.576
111.671
111.775
111.891
112.016
112.152
112.299
112.458
112.631
112.822
113.032
113.269
113.539
113.85
114.202
114.592
115.006
115.426
115.818
116.145
116.379
116.52
116.52
116.487
116.466
116.485
116.442
116.563
116.204
116.433
115.717
115.633
114.447
113.628
112.182
110.169
108.063
104.342
100.241
92.852
82.7095
65.2812
-45.5277
7.01829
4.21599
11.6334
10.178
12.826
12.8409
13.8401
13.8355
13.8401
13.3045
12.5643
11.5387
10.3117
8.89922
7.42327
5.88223
4.25989
2.57759
0.881458
)
;
    }
    frontAndBack
    {
        type            empty;
    }
}


// ************************************************************************* //
