/*--------------------------------*- C++ -*----------------------------------*\
| =========                 |                                                 |
| \\      /  F ield         | OpenFOAM: The Open Source CFD Toolbox           |
|  \\    /   O peration     | Version:  2.4.0                                 |
|   \\  /    A nd           | Web:      www.OpenFOAM.org                      |
|    \\/     M anipulation  |                                                 |
\*---------------------------------------------------------------------------*/
FoamFile
{
    version     2.0;
    format      ascii;
    class       volScalarField;
    location    "0.31";
    object      pMean;
}
// * * * * * * * * * * * * * * * * * * * * * * * * * * * * * * * * * * * * * //

dimensions      [0 2 -2 0 0 0 0];

internalField   nonuniform List<scalar> 
8800
(
99.841
87.2935
79.738
76.0659
74.0303
72.4793
71.1194
69.8458
68.6555
67.4961
66.3791
65.2648
64.1866
63.1173
62.0923
61.0928
60.1373
59.2199
58.3119
57.2427
96.7467
86.9403
79.9052
76.1787
74.0893
72.5043
71.1267
69.846
68.6535
67.4936
66.3765
65.2625
64.1844
63.1152
62.0912
61.0896
60.1407
59.2194
58.3194
57.3208
94.7919
87.0136
80.5013
76.5501
74.2551
72.5823
71.1725
69.8777
68.6767
67.51
66.3861
65.2672
64.1857
63.1133
62.089
61.0821
60.1407
59.2115
58.3937
57.4057
93.264
87.072
81.0826
76.9685
74.4369
72.6686
71.2346
69.9332
68.7244
67.5476
66.4125
65.2843
64.1955
63.1173
62.0886
61.0756
60.1298
59.2034
58.44
57.6389
92.0216
87.0428
81.5549
77.3699
74.6041
72.7349
71.2831
69.9899
68.7799
67.5977
66.4475
65.311
64.2086
63.1267
62.086
61.0727
60.1074
59.1892
58.3829
57.9929
91.0422
86.9453
81.919
77.7136
74.7548
72.7792
71.3117
70.0351
68.83
67.6467
66.4832
65.3385
64.2215
63.1354
62.0825
61.0679
60.0876
59.1809
58.4117
58.4375
90.2898
86.8314
82.1855
77.9918
74.8918
72.8079
71.3223
70.0682
68.8711
67.6878
66.515
65.3616
64.2334
63.1405
62.0802
61.0608
60.0798
59.1898
58.5081
58.7662
89.7426
86.7305
82.3681
78.2019
75.0141
72.8268
71.3213
70.0903
68.9022
67.7194
66.5399
65.379
64.2425
63.1434
62.0794
61.0586
60.0838
59.2148
58.608
59.0114
89.3876
86.6551
82.4822
78.3437
75.1002
72.8384
71.3175
70.1031
68.9236
67.7416
66.5575
65.3907
64.249
63.1459
62.0808
61.0619
60.0963
59.2464
58.6983
59.1939
89.214
86.614
82.5379
78.4151
75.144
72.8441
71.315
70.1088
68.9351
67.7533
66.5672
65.3971
64.2537
63.1497
62.0863
61.071
60.1146
59.2803
58.7733
59.3265
89.2135
86.6146
82.5378
78.4153
75.1439
72.8444
71.3149
70.1092
68.9354
67.7542
66.5683
65.3991
64.2567
63.155
62.0949
61.0851
60.1359
59.3152
58.8277
59.4154
89.3869
86.6561
82.4823
78.3442
75.1004
72.8388
71.3176
70.1038
68.9251
67.7441
66.5611
65.3963
64.2583
63.1617
62.1069
61.1034
60.1609
59.3491
58.8633
59.4604
89.7413
86.7322
82.368
78.2027
75.0147
72.8276
71.3216
70.0916
68.9046
67.7239
66.546
65.3885
64.2578
63.1693
62.1219
61.1267
60.1909
59.3844
58.8792
59.4519
90.2877
86.8339
82.1851
77.9928
74.8922
72.8093
71.3223
70.0704
68.8744
67.694
66.5233
65.3752
64.2546
63.1767
62.1383
61.155
60.2273
59.4265
58.8806
59.3721
91.0401
86.948
81.9188
77.7143
74.7552
72.7806
71.3129
70.0376
68.8345
67.6541
66.4944
65.3557
64.2492
63.1806
62.1556
61.1845
60.2724
59.4774
58.8944
59.2108
92.0187
87.0462
81.5551
77.3707
74.6043
72.7365
71.285
69.9928
68.7853
67.6063
66.461
65.3318
64.2422
63.1808
62.1726
61.2116
60.3239
59.5369
58.9366
58.9876
93.2605
87.0758
81.0831
76.9698
74.4369
72.6705
71.2366
69.937
68.7304
67.5576
66.428
65.3085
64.2346
63.1787
62.1872
61.2329
60.3737
59.5929
59.0043
58.7457
94.7884
87.0169
80.5026
76.5514
74.2552
72.5842
71.1751
69.8818
68.6838
67.5205
66.4037
65.2928
64.2297
63.1787
62.1982
61.249
60.4096
59.6356
59.0669
58.615
96.7433
86.943
79.9069
76.1801
74.0896
72.5062
71.1295
69.8504
68.6609
67.5046
66.3948
65.2894
64.2304
63.1827
62.2055
61.2606
60.427
59.6605
59.0714
58.5426
99.838
87.2959
79.7397
76.0674
74.0307
72.481
71.1222
69.8502
68.6629
67.5074
66.3976
65.292
64.2331
63.1853
62.2088
61.2646
60.4311
59.6676
59.0751
58.6585
56.7974
56.3827
55.6608
54.894
54.2087
53.6195
53.136
52.7451
52.4246
52.1821
52.0019
51.8634
51.75
51.6547
51.5638
51.4737
51.3701
51.2411
51.0877
50.9131
50.7397
50.6124
50.5436
50.5296
50.5586
50.6064
50.6457
50.6469
50.5803
50.4235
50.1791
49.8739
49.5515
49.2641
49.0436
48.9069
48.8512
48.859
48.9159
49.0221
49.1749
49.368
49.5986
49.8621
50.1571
50.478
50.8201
51.1755
51.5362
51.8906
52.2247
52.5267
52.7877
53.0061
53.1867
53.3391
53.4797
53.6227
53.7736
53.9333
54.0983
54.2649
54.4266
54.5806
54.7246
54.8614
54.9927
55.1246
55.2635
55.4101
55.5614
55.7168
55.8747
56.0355
56.1935
56.3446
56.4814
56.5962
56.6869
56.7508
56.7997
56.8414
56.892
56.9558
57.0459
57.159
57.2955
57.4518
57.6217
57.8015
57.9956
58.2172
58.4695
58.7475
59.0474
59.3626
59.6876
60.0117
60.3352
60.6522
60.952
61.2343
61.4723
61.6533
61.8006
61.9257
62.0364
62.1393
62.2437
62.3463
62.454
62.5625
62.6651
62.7523
62.8141
62.8541
62.869
62.8654
62.8434
62.803
62.7534
62.697
62.6361
62.5769
62.5194
62.4703
62.4381
62.425
62.4437
62.4929
62.5801
62.6985
62.8464
63.0168
63.2112
63.4252
63.6553
63.8962
64.1373
64.3844
64.6216
64.8585
65.0788
65.2969
65.5009
65.7057
65.8967
66.0878
66.264
66.4328
66.5787
66.7045
66.8059
66.886
66.9525
66.9948
67.0375
67.0452
67.0604
67.0354
67.0149
66.9525
66.8899
66.796
66.701
66.5721
66.4572
66.3043
66.1901
66.0311
65.9556
65.828
65.8069
65.7241
65.7874
65.7572
65.9172
65.9592
66.1981
66.3146
66.6029
66.7615
67.0591
67.2321
67.498
67.6536
67.8521
67.9457
68.0516
68.015
67.9712
67.7183
67.3811
66.6719
65.7192
64.1023
61.7754
57.3582
52.059
28.6115
56.7342
56.4098
55.8784
55.1797
54.4834
53.8915
53.4257
53.0714
52.7973
52.5841
52.4181
52.2846
52.1733
52.0785
51.9896
51.8993
51.7981
51.6813
51.5488
51.4046
51.2617
51.1509
51.0871
51.0693
51.0856
51.1147
51.1323
51.1159
51.0458
50.9079
50.7009
50.4428
50.1651
49.9072
49.6978
49.5546
49.4813
49.4736
49.5198
49.6122
49.7463
49.9201
50.1313
50.3756
50.6492
50.9474
51.264
51.5911
51.9203
52.2407
52.5416
52.8148
53.054
53.2575
53.4276
53.5717
53.6987
53.8203
53.942
54.0677
54.1959
54.3243
54.4477
54.5641
54.6711
54.7714
54.8641
54.9547
55.0478
55.1485
55.2556
55.3684
55.4894
55.6182
55.7461
55.8698
55.9739
56.0551
56.1067
56.1316
56.1405
56.145
56.1596
56.1917
56.2522
56.3364
56.4477
56.579
56.7238
56.8791
57.0576
57.2707
57.5211
57.8011
58.1112
58.4438
58.7938
59.1466
59.5061
59.8616
60.2038
60.5261
60.7969
61.0072
61.1889
61.3489
61.4977
61.6411
61.7869
61.9315
62.0844
62.2339
62.3755
62.4885
62.5727
62.6235
62.6444
62.64
62.6148
62.5702
62.5174
62.455
62.3913
62.3257
62.265
62.213
62.1803
62.1672
62.1887
62.2386
62.3322
62.4559
62.615
62.7912
62.9997
63.2214
63.4693
63.7259
63.9934
64.2607
64.5302
64.7891
65.0394
65.2729
65.4958
65.7029
65.9022
66.0837
66.2613
66.4156
66.5627
66.6717
66.776
66.8388
66.9125
66.9353
66.989
66.9787
67.0025
66.9582
66.9413
66.8615
66.8003
66.6849
66.5932
66.4371
66.3279
66.1392
66.0272
65.8219
65.7367
65.5446
65.5103
65.3538
65.3828
65.2809
65.3761
65.3559
65.5206
65.5814
65.7982
65.9106
66.1445
66.2758
66.4886
66.59
66.7475
66.754
66.8117
66.6414
66.4844
66.0142
65.4685
64.4096
63.1039
60.6317
58.12
50.7967
44.4166
22.5908
56.8137
56.5577
56.1609
55.532
54.8082
54.1682
53.6868
53.3553
53.1264
52.9558
52.8159
52.6939
52.5856
52.4882
52.3968
52.3041
52.2055
52.0982
51.982
51.8615
51.7462
51.6534
51.5954
51.5723
51.576
51.5902
51.5959
51.5748
51.5119
51.3971
51.2296
51.02
50.7911
50.571
50.3845
50.248
50.1688
50.1487
50.1832
50.2644
50.3856
50.5449
50.7386
50.9646
51.2167
51.4908
51.7781
52.0719
52.3628
52.6433
52.9047
53.1414
53.349
53.5261
53.6739
53.7973
53.9017
53.9963
54.0865
54.1762
54.2654
54.3545
54.4403
54.5213
54.5964
54.6662
54.731
54.792
54.8506
54.9142
54.9861
55.0657
55.1573
55.2586
55.3633
55.4609
55.5355
55.5844
55.5982
55.5865
55.5582
55.5299
55.5106
55.5136
55.5439
55.5988
55.6827
55.7851
55.8987
56.025
56.1827
56.3827
56.6264
56.9085
57.2321
57.589
57.9686
58.3574
58.7575
59.153
59.5391
59.9019
60.2123
60.4618
60.6921
60.8976
61.0934
61.2823
61.4772
61.6738
61.8809
62.0804
62.2648
62.4087
62.517
62.5814
62.6114
62.6067
62.5789
62.5311
62.4771
62.4069
62.3394
62.2626
62.1995
62.1421
62.1095
62.0956
62.1206
62.1713
62.2738
62.4003
62.5726
62.7587
62.9866
63.2204
63.4874
63.7541
64.0418
64.3224
64.6158
64.8974
65.1764
65.4286
65.6727
65.8871
66.0921
66.2717
66.4436
66.5846
66.72
66.8132
66.9146
66.9693
67.0451
67.0609
67.1113
67.0913
67.1056
67.0502
67.0211
66.9314
66.8637
66.7274
66.6292
66.4473
66.3338
66.1118
65.994
65.75
65.6449
65.3908
65.3275
65.1033
65.0823
64.922
64.953
64.8657
64.9639
64.9493
65.098
65.1296
65.3062
65.3524
65.519
65.5342
65.644
65.5557
65.5369
65.2381
64.9614
64.2385
63.5911
61.8964
60.8366
56.7788
54.8028
45.6545
37.8865
23.0489
57.103
56.8247
56.3341
55.6333
54.894
54.2806
53.8549
53.5964
53.445
53.3418
53.2505
53.1563
53.058
52.9584
52.8591
52.76
52.6604
52.5599
52.4586
52.3586
52.2657
52.1893
52.1381
52.1131
52.1082
52.1121
52.1111
52.0907
52.0397
51.95
51.8207
51.6581
51.4766
51.2955
51.1351
51.0108
50.9334
50.9063
50.9303
51
51.1098
51.254
51.4296
51.6315
51.8545
52.0933
52.3415
52.591
52.8347
53.0665
53.281
53.4743
53.644
53.7879
53.907
54.0038
54.0832
54.1504
54.2112
54.2687
54.3247
54.3797
54.4329
54.4837
54.5314
54.5772
54.6197
54.6586
54.6934
54.73
54.7756
54.8312
54.9014
54.9819
55.0655
55.1359
55.183
55.2
55.1825
55.1402
55.0817
55.0242
54.9735
54.9468
54.9452
54.9691
55.0194
55.0825
55.1543
55.2449
55.3803
55.5676
55.8094
56.0986
56.4439
56.8265
57.2425
57.6681
58.1159
58.5527
58.9871
59.3895
59.746
60.0353
60.3169
60.5703
60.8194
61.059
61.3132
61.5669
61.8374
62.0896
62.3221
62.4993
62.6368
62.7156
62.7604
62.7577
62.7368
62.6858
62.6302
62.5453
62.47
62.3764
62.3105
62.2427
62.2107
62.1921
62.223
62.2741
62.3876
62.521
62.7082
62.9101
63.1609
63.4142
63.7034
63.9819
64.2869
64.5753
64.8872
65.1805
65.4855
65.7528
66.023
66.245
66.465
66.637
66.8111
66.9254
67.056
67.1218
67.2289
67.2672
67.3531
67.3565
67.4069
67.3667
67.3767
67.2932
67.2592
67.1343
67.0733
66.8903
66.8097
66.5768
66.4804
66.2056
66.0917
65.7919
65.6708
65.3586
65.2536
64.9733
64.8963
64.6777
64.6468
64.492
64.5179
64.4284
64.5004
64.4518
64.5513
64.5134
64.6133
64.5273
64.5991
64.3446
64.3667
63.7332
63.6768
62.2528
62.1048
59.1866
58.6188
53.3092
50.6772
42.299
33.4644
23.804
58.5066
57.9704
56.632
55.4569
54.6226
54.1223
53.8736
53.7765
53.7493
53.7374
53.7099
53.6552
53.5749
53.478
53.3738
53.2693
53.1681
53.0724
52.9824
52.8996
52.8262
52.7667
52.7253
52.7028
52.6948
52.6939
52.6899
52.6725
52.6333
52.5666
52.4704
52.3485
52.2097
52.0677
51.9374
51.8324
51.7623
51.7324
51.7453
51.799
51.8892
52.0099
52.1564
52.3236
52.5063
52.6984
52.8957
53.0925
53.2842
53.4662
53.6341
53.7841
53.9145
54.0241
54.1127
54.1827
54.2377
54.2814
54.3176
54.3497
54.3788
54.4059
54.4327
54.4589
54.4849
54.5104
54.5354
54.5596
54.5815
54.6052
54.6376
54.6836
54.7423
54.8078
54.8688
54.9121
54.9318
54.9212
54.8804
54.8163
54.7359
54.6515
54.5726
54.513
54.4754
54.4594
54.4655
54.4802
54.5048
54.5569
54.6685
54.8423
55.0879
55.3921
55.7668
56.1813
56.6353
57.1077
57.6023
58.0849
58.5697
59.0125
59.4157
59.7485
60.0835
60.3861
60.6888
60.9845
61.296
61.6086
61.9413
62.2472
62.5296
62.7415
62.9107
63.0104
63.0767
63.0847
63.0762
63.0212
62.9639
62.8664
62.7854
62.6763
62.6041
62.5242
62.4907
62.4667
62.5036
62.554
62.6805
62.821
63.026
63.2414
63.5178
63.7882
64.107
64.3932
64.7234
65.0098
65.3473
65.6357
65.9689
66.2425
66.549
66.7695
67.0217
67.1707
67.3594
67.4292
67.5675
67.5905
67.7196
67.7193
67.8272
67.7958
67.8597
67.777
67.7946
67.6614
67.6419
67.4547
67.4134
67.1615
67.113
66.8168
66.7421
66.4094
66.2973
65.9434
65.806
65.44
65.3042
64.9585
64.848
64.5441
64.4814
64.2205
64.2138
63.9947
64.0473
63.837
63.9507
63.6866
63.8763
63.4493
63.7348
62.9771
63.3601
62.0469
62.3534
60.2221
60.0988
56.7502
55.4056
50.5161
46.3855
40.1789
31.6248
24.6754
59.4897
58.8518
57.0098
55.4634
54.4659
53.987
53.8668
53.924
54.032
54.1239
54.1706
54.164
54.1106
54.0243
53.9205
53.8118
53.7071
53.6121
53.5291
53.4585
53.4005
53.3563
53.3264
53.3104
53.3047
53.3033
53.2995
53.286
53.257
53.2082
53.1384
53.0496
52.9467
52.8394
52.7377
52.6518
52.59
52.5582
52.559
52.5931
52.6572
52.7472
52.8573
52.9837
53.1209
53.2644
53.4106
53.5558
53.6959
53.8282
53.9496
54.0569
54.1484
54.2236
54.283
54.3283
54.3614
54.3853
54.4012
54.412
54.4194
54.4266
54.4346
54.4444
54.4559
54.469
54.4843
54.5012
54.5201
54.5428
54.5778
54.6283
54.6861
54.7409
54.7826
54.8036
54.7994
54.767
54.7083
54.628
54.528
54.419
54.3089
54.2098
54.1282
54.0683
54.0293
53.9991
53.9787
53.9864
54.0755
54.2407
54.4898
54.815
55.2242
55.6775
56.1685
56.6899
57.2311
57.762
58.2929
58.7843
59.2337
59.6151
60
60.3472
60.7038
61.0519
61.4187
61.7901
62.1846
62.5414
62.8681
63.1097
63.3112
63.4351
63.5268
63.549
63.5541
63.5025
63.4527
63.3539
63.2749
63.1558
63.0813
62.9873
62.9496
62.9181
62.9613
63.0101
63.1492
63.2874
63.5127
63.7385
64.0436
64.3329
64.684
64.9806
65.3373
65.6252
65.9815
66.2666
66.6234
66.8923
67.2393
67.4516
67.739
67.8592
68.0552
68.0764
68.2176
68.1886
68.3349
68.2824
68.4131
68.3265
68.4157
68.266
68.3131
68.0968
68.1176
67.8358
67.8416
67.4966
67.4957
67.1092
67.0777
66.6544
66.5878
66.14
66.0496
65.5731
65.4837
64.9967
64.9334
64.4517
64.4425
63.9719
64.034
63.5721
63.7179
63.2334
63.4525
62.8801
63.186
62.437
62.7955
61.7565
62.034
60.5926
60.4475
58.4351
57.4651
54.5711
52.2837
48.4414
43.7218
39.3589
32.0196
26.1282
60.1345
59.5069
57.4387
55.6568
54.5039
53.9726
53.9024
54.0648
54.2865
54.4764
54.5997
54.6482
54.6287
54.5582
54.4569
54.3436
54.2333
54.1355
54.0547
53.9917
53.9455
53.9146
53.8972
53.8908
53.8917
53.895
53.8956
53.8886
53.8697
53.8357
53.7852
53.72
53.6433
53.5611
53.481
53.4103
53.3561
53.3226
53.3125
53.3269
53.3642
53.4215
53.495
53.5804
53.6736
53.7713
53.8702
53.9684
54.0622
54.1487
54.2264
54.2932
54.3482
54.3921
54.4257
54.4492
54.4641
54.4714
54.4725
54.4687
54.4633
54.4583
54.4542
54.4537
54.4561
54.4616
54.4712
54.4858
54.5094
54.5445
54.5941
54.6565
54.7228
54.7734
54.8017
54.8042
54.7833
54.7393
54.6691
54.5725
54.4538
54.3211
54.1787
54.0358
53.9107
53.8103
53.7318
53.6567
53.5919
53.556
53.6176
53.7776
54.0409
54.3972
54.8463
55.3412
55.8772
56.4479
57.0311
57.6153
58.1903
58.7267
59.2185
59.6564
60.0733
60.455
60.8566
61.2487
61.67
62.0989
62.5549
62.9654
63.3303
63.5995
63.8257
63.9647
64.0777
64.1221
64.1432
64.1113
64.0773
63.9908
63.9215
63.804
63.7303
63.627
63.5846
63.5476
63.5928
63.6435
63.7869
63.9268
64.1647
64.4028
64.7319
65.0429
65.4223
65.7417
66.1219
66.4193
66.7841
67.073
67.4427
67.722
68.0869
68.3017
68.5991
68.6984
68.8733
68.8573
68.989
68.9172
69.0514
68.9515
69.067
68.9386
69.018
68.8215
68.8726
68.601
68.6288
68.2856
68.2909
67.8991
67.8858
67.4614
67.4142
66.9582
66.8823
66.3973
66.3
65.7728
65.6623
65.1059
64.9986
64.4343
64.3542
63.7988
63.7675
63.213
63.2413
62.67
62.7311
62.1052
62.1778
61.4254
61.4431
60.5104
60.3118
59.0767
58.4692
56.5996
55.3406
52.7768
50.2716
47.4663
43.1398
39.7491
33.6962
28.2418
60.5397
59.9595
57.8247
55.9272
54.6779
54.08
54.0084
54.2263
54.5273
54.7947
54.9831
55.0821
55.0968
55.0447
54.9498
54.836
54.7225
54.6223
54.5424
54.4845
54.4473
54.4279
54.4224
54.4268
54.4369
54.448
54.4558
54.4565
54.4471
54.4253
54.3902
54.3427
54.2852
54.2214
54.157
54.0971
54.0472
54.0104
53.989
53.9842
53.9958
54.022
54.0609
54.1086
54.1625
54.22
54.2777
54.3342
54.3867
54.433
54.4728
54.5055
54.5308
54.5498
54.5631
54.5706
54.5729
54.5703
54.5634
54.5529
54.5399
54.5258
54.5128
54.5042
54.5004
54.5039
54.516
54.5383
54.5737
54.6265
54.693
54.7702
54.8442
54.8947
54.9146
54.9068
54.8758
54.8284
54.7558
54.6488
54.5126
54.3533
54.174
53.9859
53.8202
53.6768
53.5678
53.454
53.3507
53.2838
53.3256
53.489
53.7749
54.1707
54.6549
55.1909
55.7733
56.389
57.0225
57.657
58.2836
58.8718
59.3991
59.8752
60.3075
60.7255
61.1578
61.5828
62.0471
62.5257
63.0349
63.4981
63.8994
64.1929
64.4292
64.5887
64.7215
64.7931
64.8425
64.8452
64.8395
64.7845
64.7303
64.626
64.5543
64.4501
64.403
64.3651
64.4122
64.4626
64.6087
64.7528
64.9932
65.2482
65.5957
65.9209
66.3271
66.6653
67.068
67.3751
67.7447
68.0379
68.4169
68.7054
69.0861
69.3093
69.6019
69.68
69.8242
69.7658
69.8787
69.7864
69.8848
69.762
69.8265
69.656
69.6984
69.469
69.4893
69.1924
69.1891
68.8235
68.7914
68.4002
68.3397
67.91
67.8078
67.3531
67.2263
66.7397
66.584
66.0516
65.8675
65.2972
65.0936
64.498
64.2958
63.7032
63.5101
62.9293
62.759
62.1732
62.001
61.3802
61.1854
60.4695
60.1964
59.3611
58.9353
57.7659
57.0509
55.2315
53.9334
51.807
49.4139
47.3307
43.622
40.5703
35.5373
30.4436
60.8079
60.2735
58.142
56.2009
54.9022
54.2568
54.1693
54.4135
54.7664
55.0908
55.3303
55.4724
55.5194
55.4873
55.402
55.2912
55.1778
55.0775
54.9988
54.9449
54.9144
54.9036
54.908
54.9222
54.9414
54.9609
54.9767
54.9857
54.9852
54.9737
54.9503
54.916
54.8723
54.8218
54.7684
54.7157
54.6668
54.625
54.592
54.5697
54.5579
54.5561
54.5633
54.5775
54.5964
54.6177
54.6386
54.6577
54.6741
54.6868
54.6965
54.703
54.7066
54.7082
54.7082
54.7067
54.7026
54.6953
54.6847
54.671
54.6555
54.6388
54.6233
54.6131
54.6119
54.6224
54.6464
54.6841
54.7361
54.8059
54.8899
54.9787
55.0551
55.1044
55.1185
55.1026
55.0702
55.0254
54.9525
54.8411
54.6955
54.5149
54.3016
54.0685
53.8532
53.6668
53.5249
53.3727
53.2581
53.1744
53.2201
53.4027
53.7291
54.1645
54.6838
55.2463
55.8719
56.5316
57.2213
57.9016
58.5794
59.2231
59.7907
60.2896
60.7398
61.1873
61.634
62.0859
62.5779
63.0881
63.6396
64.1328
64.5634
64.8757
65.1224
65.2981
65.4551
65.5568
65.6435
65.6908
65.7345
65.7261
65.7026
65.6302
65.5631
65.46
65.4186
65.3749
65.4223
65.4662
65.6169
65.7558
66.0057
66.2769
66.6359
66.9689
67.3985
67.7346
68.1639
68.4704
68.8451
69.1477
69.5308
69.8223
70.2098
70.4393
70.7342
70.761
70.9061
70.7904
70.8759
70.7583
70.8259
70.6679
70.7045
70.4757
70.4914
70.2165
70.2158
69.868
69.8374
69.4329
69.3752
68.96
68.8733
68.4324
68.2847
67.8212
67.638
67.1595
66.9279
66.4132
66.1287
65.5737
65.2513
64.6675
64.325
63.733
63.3846
62.8221
62.4627
61.9083
61.5392
60.9638
60.5763
59.9495
59.5067
58.8312
58.2839
57.3018
56.4589
54.7608
53.3862
51.6639
49.4452
47.7027
44.519
41.499
37.1851
32.5255
60.9914
60.4913
58.3855
56.4433
55.1348
54.4764
54.3874
54.6509
55.0373
55.3978
55.6701
55.8397
55.9082
55.8901
55.8127
55.7058
55.5951
55.4977
55.4226
55.3734
55.349
55.3459
55.3589
55.3821
55.41
55.4375
55.4609
55.4776
55.4851
55.4822
55.4683
55.4438
55.4101
55.3687
55.3221
55.2729
55.2233
55.1759
55.1321
55.0935
55.0611
55.0343
55.0134
54.9973
54.9839
54.9729
54.963
54.9522
54.9403
54.9273
54.9132
54.9
54.8887
54.88
54.8743
54.8703
54.8659
54.8584
54.8478
54.8358
54.822
54.8075
54.7954
54.7921
54.8004
54.8234
54.8656
54.9244
54.9976
55.0898
55.1925
55.2869
55.3593
55.4046
55.4172
55.3953
55.3593
55.3183
55.2526
55.1473
54.9988
54.799
54.5592
54.2926
54.0346
53.7968
53.6213
53.4376
53.3262
53.2446
53.3192
53.5307
53.9189
54.3991
54.958
55.5439
56.2164
56.9151
57.6426
58.3545
59.0839
59.7784
60.3921
60.912
61.3756
61.8372
62.2935
62.7609
63.268
63.7943
64.3708
64.8768
65.3244
65.6503
65.9105
66.1044
66.2802
66.4203
66.553
66.655
66.756
66.8068
66.8407
66.812
66.7569
66.6706
66.6373
66.5782
66.624
66.6581
66.8077
66.9339
67.2009
67.4734
67.8492
68.1766
68.625
68.934
69.3953
69.6849
70.0726
70.3604
70.7687
71.0337
71.4496
71.6457
71.9785
71.911
72.0685
71.88
71.9741
71.8217
71.8898
71.6613
71.7033
71.4008
71.4302
71.0615
71.0948
70.6388
70.6437
70.1515
70.1254
69.6465
69.5619
69.0869
68.9157
68.4205
68.1954
67.6998
67.4182
66.9041
66.5659
66.0158
65.6256
65.0376
64.631
64.014
63.6025
63.0128
62.5856
62.0207
61.5849
61.011
60.5454
59.9815
59.4684
58.9179
58.3133
57.4472
56.4135
54.8874
53.4115
51.9871
49.9383
48.2638
45.405
42.384
38.5745
34.4033
61.113
60.6343
58.5578
56.6443
55.3611
54.7251
54.6562
54.9388
55.3426
55.718
56.0023
56.1819
56.2585
56.2476
56.1769
56.0777
55.9751
55.8862
55.8197
55.7786
55.7623
55.7673
55.7883
55.8192
55.8545
55.8887
55.9184
55.9409
55.9544
55.9581
55.951
55.9335
55.9068
55.8712
55.8286
55.7807
55.7289
55.6756
55.622
55.5691
55.5189
55.4709
55.4259
55.3842
55.3444
55.3068
55.2709
55.2353
55.2015
55.1702
55.1404
55.1141
55.0924
55.0768
55.0684
55.0661
55.0656
55.064
55.0613
55.058
55.0528
55.048
55.0496
55.0614
55.0829
55.1212
55.1855
55.2696
55.3651
55.4745
55.5873
55.6811
55.748
55.7891
55.797
55.7747
55.7432
55.7088
55.6545
55.5642
55.4222
55.2139
54.9552
54.6563
54.3666
54.0882
53.8873
53.6889
53.5967
53.5315
53.6714
53.9165
54.3777
54.9025
55.5094
56.1129
56.8395
57.5641
58.3244
59.0504
59.8339
60.5666
61.223
61.7583
62.2346
62.6844
63.1495
63.6123
64.1278
64.6589
65.2304
65.725
66.1877
66.5132
66.799
66.9961
67.2125
67.3735
67.571
67.7267
67.9114
68.0264
68.135
68.1435
68.1389
68.0629
68.0505
67.9796
68.0257
68.0312
68.1837
68.2834
68.572
68.8207
69.221
69.5256
69.9887
70.2552
70.7446
70.9954
71.416
71.6816
72.1199
72.3117
72.805
72.8881
73.3049
73.0854
73.337
72.9858
73.1669
72.9339
73.0805
72.7429
72.8491
72.4345
72.5434
72.0393
72.1461
71.5157
71.5994
70.978
71.0351
70.4687
70.4497
69.8988
69.743
69.1934
68.9715
68.4263
68.1416
67.5851
67.251
66.675
66.2743
65.681
65.2504
64.6302
64.1968
63.5802
63.1403
62.5405
62.0995
61.5153
61.0142
60.5003
59.9394
59.4557
58.7338
57.8423
56.6529
55.2512
53.7875
52.4882
50.6054
48.8132
46.1464
43.2055
39.7768
36.0615
61.1736
60.7044
58.6604
56.8035
55.5802
55.0024
54.9779
55.2827
55.69
56.0597
56.3368
56.5105
56.5837
56.5739
56.5095
56.4207
56.3309
56.2548
56.2006
56.1707
56.1637
56.1766
56.2039
56.2402
56.28
56.3183
56.3519
56.3787
56.3967
56.4052
56.4033
56.3908
56.3686
56.3365
56.2956
56.2476
56.1931
56.1345
56.0733
56.01
55.946
55.8813
55.817
55.7542
55.6928
55.6336
55.5776
55.525
55.4768
55.433
55.3929
55.3583
55.3316
55.3143
55.3053
55.305
55.3108
55.3207
55.3325
55.3443
55.3549
55.3678
55.3912
55.4251
55.4686
55.5291
55.6179
55.7237
55.8327
55.9476
56.0612
56.1523
56.2113
56.2376
56.2297
56.2049
56.1824
56.1659
56.1376
56.0744
55.9519
55.7566
55.496
55.1815
54.8661
54.5611
54.3423
54.1512
54.09
54.0748
54.3044
54.5895
55.1292
55.6853
56.3342
56.9332
57.7099
58.4461
59.2391
59.9685
60.8159
61.5745
62.285
62.8329
63.3246
63.7361
64.2066
64.6363
65.1537
65.6591
66.2132
66.6747
67.1454
67.4538
67.7787
67.9686
68.2428
68.4144
68.7039
68.9033
69.1922
69.3622
69.5651
69.6065
69.6684
69.6076
69.629
69.5436
69.5928
69.5812
69.7188
69.7932
70.0958
70.3108
70.7162
71.0022
71.4371
71.6947
72.1786
72.3923
72.8373
73.0797
73.5415
73.6767
74.2048
74.1689
74.6182
74.2947
74.538
74.1224
74.4561
74.0466
74.3475
73.8276
74.0321
73.5094
73.6862
73.1035
73.2191
72.5317
72.6528
71.9565
72.0636
71.423
71.4601
70.8422
70.7046
70.1422
69.9019
69.3584
69.0441
68.4959
68.1358
67.5794
67.1374
66.5982
66.1147
65.5466
65.0668
64.4724
63.9817
63.3847
62.8859
62.2981
61.7347
61.2236
60.579
60.1117
59.2544
58.2851
56.9628
55.6559
54.322
52.9409
51.1767
49.2807
46.7631
43.979
40.8675
37.5365
61.1516
60.6835
58.6943
56.9336
55.8093
55.3261
55.3647
55.6868
56.0792
56.4213
56.6711
56.8218
56.8796
56.8655
56.8074
56.732
56.659
56.6003
56.5622
56.5459
56.5498
56.5708
56.6039
56.644
56.6869
56.7278
56.7642
56.794
56.8152
56.8273
56.8289
56.8196
56.8002
56.77
56.73
56.682
56.6263
56.5648
56.4985
56.4272
56.3524
56.2749
56.1953
56.1169
56.0406
55.9673
55.9
55.8384
55.7811
55.7293
55.6843
55.6464
55.6188
55.604
55.6007
55.6073
55.6219
55.6436
55.6729
55.7069
55.7397
55.774
55.8212
55.8804
55.9513
56.0426
56.1576
56.2803
56.4008
56.5207
56.6303
56.7081
56.7487
56.7527
56.7297
56.7044
56.6905
56.6902
56.6928
56.6651
56.5756
56.411
56.1708
55.861
55.5351
55.231
55.0131
54.8489
54.8211
54.8874
55.2057
55.5525
56.1592
56.7294
57.3899
57.9872
58.8108
59.5349
60.3527
61.0924
62.01
62.7776
63.553
64.1037
64.614
64.9863
65.4551
65.8344
66.3496
66.7914
67.3252
67.7449
68.215
68.5049
68.867
69.0507
69.3833
69.5726
69.9556
70.1991
70.5988
70.81
71.1053
71.1722
71.3169
71.2608
71.3292
71.2252
71.2889
71.2399
71.372
71.4153
71.7135
71.9009
72.3094
72.5687
72.9689
73.2309
73.6559
73.867
74.3056
74.5242
74.9605
75.0824
75.572
75.4761
75.834
75.5343
75.7325
75.2618
75.6508
75.1713
75.5219
74.9035
75.1963
74.6046
74.7917
74.2275
74.2473
73.6216
73.715
73.0502
73.1512
72.555
72.5438
71.9223
71.7591
71.2117
70.9261
70.4269
70.0516
69.5544
69.1263
68.6347
68.1239
67.6747
67.0986
66.6425
66.042
65.5189
64.9263
64.3524
63.7429
63.1662
62.5039
61.9724
61.2283
60.7333
59.6744
58.6466
57.3799
56.1138
54.8997
53.3665
51.6639
49.7165
47.323
44.7237
41.8885
38.8603
60.9926
60.5296
58.6608
57.0674
56.0936
55.7354
55.8348
56.1526
56.5037
56.7946
56.9973
57.1104
57.1456
57.1262
57.0769
57.019
56.967
56.9292
56.9096
56.9085
56.9234
56.9515
56.9885
57.0304
57.0738
57.1151
57.1521
57.1826
57.2048
57.2178
57.2203
57.2118
57.1927
57.1631
57.1243
57.0776
57.0228
56.961
56.8933
56.8187
56.7378
56.6521
56.5619
56.4731
56.3906
56.3144
56.2427
56.175
56.1129
56.0586
56.0119
55.9744
55.9506
55.9422
55.9474
55.9662
55.999
56.0458
56.1021
56.1566
56.2098
56.2711
56.3465
56.4334
56.5368
56.6587
56.7947
56.9301
57.0597
57.1836
57.2888
57.357
57.381
57.359
57.3129
57.2806
57.2753
57.2985
57.3343
57.3492
57.31
57.1943
56.9881
56.7046
56.3899
56.1171
55.9097
55.7911
55.8083
55.9779
56.3537
56.7516
57.3926
57.9703
58.6206
59.2611
60.1109
60.8217
61.6487
62.4254
63.3877
64.1595
64.9876
65.5501
66.0827
66.4232
66.8747
67.1907
67.674
68.0421
68.5467
68.9205
69.3824
69.6679
70.0538
70.2534
70.6365
70.8623
71.3223
71.6141
72.0893
72.3417
72.7043
72.8014
73.0095
72.9638
73.0614
72.9542
73.019
72.951
73.067
73.0927
73.3668
73.5241
73.9193
74.1633
74.5406
74.8162
75.1576
75.3733
75.7472
75.9731
76.3332
76.4984
76.8002
76.6974
76.9865
76.7218
76.8658
76.5738
76.8056
76.3799
76.5411
76.0682
76.2462
75.7612
75.8093
75.3626
75.1735
74.7087
74.7353
74.2273
74.2518
73.7496
73.6732
73.1036
72.8583
72.344
71.9945
71.5224
71.0794
70.6156
70.101
69.6626
69.095
68.702
68.082
67.6755
66.9819
66.5377
65.8032
65.2752
64.5174
63.9701
63.1297
62.638
61.736
61.2558
60.0326
59.035
57.8193
56.6093
55.4628
53.8473
52.1565
50.1662
47.8727
45.4578
42.8399
40.0212
60.5867
60.1597
58.5611
57.2489
56.4906
56.2625
56.3922
56.6674
56.9444
57.16
57.2991
57.3667
57.379
57.3569
57.3195
57.2812
57.2513
57.2344
57.2322
57.2436
57.2666
57.2984
57.3359
57.3765
57.4175
57.4566
57.4916
57.5206
57.542
57.5541
57.556
57.5472
57.5283
57.4997
57.4626
57.4181
57.3663
57.3077
57.2425
57.1684
57.086
56.9987
56.9091
56.8195
56.7342
56.6585
56.5931
56.5328
56.4741
56.4189
56.3723
56.3413
56.3296
56.3342
56.3533
56.3914
56.448
56.5206
56.6067
56.6972
56.7867
56.8771
56.9782
57.0936
57.2246
57.3667
57.5166
57.6643
57.8039
57.9306
58.0304
58.0862
58.0913
58.047
57.9778
57.9305
57.9319
57.9804
58.0541
58.1174
58.1379
58.0893
57.944
57.7134
57.4416
57.2231
57.0354
56.9915
57.0498
57.2927
57.6891
58.1428
58.7778
59.3301
59.9664
60.6932
61.5417
62.249
63.0589
63.9154
64.8716
65.6635
66.5041
67.0903
67.6263
67.986
68.3742
68.6515
69.0669
69.3814
69.8329
70.1723
70.606
70.9118
71.2873
71.5541
71.9469
72.2701
72.7461
73.1244
73.6041
73.9239
74.3011
74.4425
74.6701
74.6613
74.7548
74.651
74.719
74.6266
74.7418
74.7683
74.9849
75.1574
75.4955
75.7367
76.0918
76.3659
76.6404
76.8701
77.1384
77.336
77.6321
77.8302
77.9267
77.8278
78.0433
77.8034
77.9986
77.8821
77.8923
77.6711
77.5272
77.3177
77.2557
76.9353
76.7571
76.4028
76.0682
75.7405
75.6956
75.4329
75.3173
74.8737
74.8014
74.2492
73.9236
73.4008
73.0069
72.5529
72.0338
71.6054
71.0189
70.6289
70.0001
69.6258
68.9748
68.5671
67.8466
67.4016
66.5884
66.0847
65.1769
64.6452
63.6716
63.2019
62.174
61.7189
60.2104
59.4043
58.396
57.2395
56.0515
54.414
52.6969
50.694
48.5017
46.2183
43.7399
41.0774
59.9
59.5684
58.4368
57.5255
57.0214
56.8926
56.9948
57.1775
57.3493
57.4744
57.5469
57.5742
57.5702
57.5498
57.5256
57.5059
57.4949
57.4944
57.5043
57.5231
57.5492
57.5807
57.6158
57.6528
57.6899
57.7255
57.7578
57.785
57.8053
57.8166
57.8173
57.8077
57.7888
57.7611
57.7257
57.6854
57.6417
57.5918
57.5326
57.4641
57.3878
57.3045
57.2201
57.1402
57.0655
56.998
56.9419
56.8967
56.856
56.8136
56.7773
56.7634
56.7762
56.8074
56.8527
56.9165
57.0017
57.1052
57.2172
57.3289
57.4458
57.5722
57.708
57.8537
58.0078
58.1639
58.3198
58.471
58.6146
58.7424
58.8352
58.8805
58.8712
58.8118
58.7286
58.6716
58.6794
58.7473
58.8482
58.9512
59.0271
59.047
58.9736
58.813
58.6083
58.4691
58.3071
58.363
58.461
58.7494
59.129
59.6433
60.2158
60.7769
61.4231
62.1901
62.9754
63.72
64.5494
65.4866
66.3801
67.2044
68.007
68.6415
69.1625
69.5627
69.8645
70.1482
70.4491
70.7559
71.1077
71.4661
71.8366
72.198
72.5385
72.9084
73.2798
73.7213
74.1712
74.651
75.0766
75.4849
75.7999
76.0091
76.1896
76.2548
76.2929
76.27
76.2602
76.236
76.2729
76.361
76.4823
76.7136
76.9428
77.2415
77.5124
77.8005
78.0029
78.2549
78.4009
78.6182
78.7791
78.9634
78.9294
78.9911
78.9826
78.9223
79.0287
79.0073
78.8674
78.8104
78.5172
78.438
78.1965
77.9512
77.6444
77.4691
76.9195
76.875
76.6366
76.5791
76.2381
75.9955
75.7318
75.2869
74.9067
74.3479
73.9333
73.4636
72.8821
72.4761
71.878
71.5069
70.8318
70.4486
69.7876
69.3433
68.6088
68.1173
67.2982
66.7694
65.7764
65.2785
64.2195
63.6869
62.4704
61.9753
60.51
60.0385
58.9531
57.915
56.6496
55.04
53.2894
51.3088
49.192
46.9869
44.6027
42.0682
59.1294
58.9503
58.3861
57.9085
57.6263
57.5244
57.5372
57.5967
57.6584
57.7018
57.7211
57.7202
57.7076
57.6916
57.6786
57.6723
57.6737
57.6827
57.6983
57.7192
57.7445
57.7733
57.8048
57.8382
57.872
57.9046
57.9343
57.9591
57.9777
57.9879
57.9876
57.9767
57.958
57.9347
57.907
57.8722
57.8335
57.7929
57.7472
57.6899
57.6229
57.5551
57.4892
57.4235
57.3637
57.3206
57.2926
57.2723
57.2548
57.2394
57.237
57.2577
57.3007
57.3608
57.4394
57.5375
57.652
57.7796
57.9179
58.0603
58.2
58.3395
58.487
58.6449
58.8071
58.9667
59.1231
59.2735
59.4133
59.5297
59.6099
59.6523
59.652
59.6054
59.5297
59.4765
59.4883
59.5626
59.681
59.8099
59.9231
59.9953
59.9862
59.9006
59.7811
59.7578
59.6679
59.8066
59.9187
60.2526
60.6117
61.1651
61.6302
62.2337
62.838
63.6217
64.3385
65.2057
66.0214
66.9816
67.7809
68.6585
69.3877
70.096
70.5667
71.0273
71.2609
71.5789
71.7932
72.1172
72.372
72.7653
73.044
73.4707
73.7565
74.2279
74.5614
75.1078
75.4973
76.0546
76.4106
76.8827
77.1118
77.3834
77.5116
77.6691
77.6491
77.7431
77.6501
77.7207
77.6571
77.8114
77.8239
78.1045
78.2241
78.5671
78.7494
79.067
79.1902
79.4573
79.4914
79.7034
79.7318
79.9177
79.7265
79.9978
79.8198
80.048
79.8646
80.0165
79.721
79.7842
79.389
79.3931
78.9727
78.9184
78.4433
78.4372
77.8577
77.9688
77.4085
77.4561
76.9257
76.9818
76.569
76.2114
75.6585
75.2318
74.7409
74.2815
73.6344
73.231
72.607
72.2205
71.5616
71.1518
70.5018
69.9969
69.2718
68.7533
67.9377
67.3276
66.3497
65.8329
64.6531
64.1883
62.7931
62.4477
60.9189
60.6926
59.6046
58.6817
57.2637
55.6865
53.9028
51.9519
49.8893
47.7308
45.422
43.0011
58.4871
58.4724
58.4153
58.284
58.1335
58.0099
57.9277
57.8826
57.8601
57.8445
57.8279
57.8096
57.7926
57.78
57.7739
57.7748
57.782
57.7945
57.8112
57.8312
57.8543
57.8799
57.908
57.9381
57.9695
58.0006
58.0292
58.0528
58.0694
58.078
58.0784
58.0705
58.0547
58.0327
58.0094
57.9861
57.9622
57.9339
57.8991
57.8572
57.8076
57.7559
57.7058
57.6619
57.6359
57.628
57.6304
57.64
57.6549
57.6762
57.7135
57.7732
57.8495
57.9398
58.0483
58.1758
58.3176
58.4681
58.6214
58.7741
58.9247
59.0732
59.2196
59.3663
59.5158
59.6687
59.8208
59.964
60.092
60.1989
60.2801
60.3347
60.3519
60.3287
60.284
60.2582
60.2862
60.3694
60.4867
60.6319
60.7704
60.851
60.8761
60.8693
60.8416
60.9163
60.9333
61.1817
61.3369
61.7334
62.0053
62.583
62.9151
63.5874
64.0908
64.9052
65.5406
66.541
67.2809
68.2809
68.9521
69.8797
70.4693
71.3095
71.6903
72.2736
72.4422
72.8752
73.0014
73.4048
73.5347
73.9915
74.1401
74.6501
74.8416
75.4198
75.6722
76.3238
76.6106
77.2623
77.4996
78.0728
78.1643
78.5716
78.5807
78.8723
78.758
78.9735
78.7985
78.9726
78.8118
79.0363
78.9464
79.2618
79.2651
79.654
79.7073
80.0787
80.1021
80.414
80.3506
80.6065
80.4923
80.7678
80.4403
80.8661
80.5066
80.9511
80.5596
80.9408
80.3596
80.695
80.1036
80.3123
79.7195
79.8534
79.207
79.3566
78.6877
78.8007
78.155
78.3382
77.6562
77.7866
77.1786
76.8812
76.3012
76.0718
75.3776
75.0199
74.2482
73.8672
73.1574
72.8047
72.1359
71.7338
71.064
70.5531
69.8178
69.2847
68.4688
67.8471
66.8743
66.3042
65.0986
64.7487
63.0324
62.9878
61.6056
61.5676
60.3138
59.3864
57.8089
56.2521
54.422
52.5235
50.5011
48.3897
46.1659
43.8602
58.4656
58.4731
58.4767
58.4209
58.3174
58.203
58.1023
58.0223
57.9606
57.9128
57.8755
57.847
57.8271
57.8153
57.8112
57.8137
57.8216
57.8339
57.8499
57.8689
57.8908
57.9154
57.9425
57.9716
58.0019
58.0321
58.0608
58.0855
58.1037
58.1135
58.1144
58.1085
58.0979
58.0849
58.0711
58.0568
58.042
58.0265
58.0078
57.9836
57.9566
57.9289
57.904
57.8894
57.8889
57.9019
57.9289
57.9713
58.0252
58.0878
58.1614
58.2476
58.3458
58.4594
58.5905
58.7362
58.8926
59.0537
59.2143
59.3709
59.5239
59.6743
59.8229
59.9693
60.1141
60.2567
60.3939
60.5241
60.6435
60.7473
60.8321
60.8942
60.9259
60.9229
60.9058
60.9119
60.961
61.0542
61.1699
61.2873
61.3874
61.4674
61.5612
61.6268
61.6454
61.7906
61.922
62.3287
62.5349
63.012
63.2185
63.7986
63.9918
64.694
65.0953
65.9861
66.5577
67.6194
68.2918
69.3498
69.9155
70.8781
71.348
72.2338
72.5515
73.2245
73.3538
73.9213
74.0029
74.4854
74.5177
74.9989
75.0513
75.5933
75.7182
76.3445
76.5471
77.2599
77.4706
78.1882
78.3279
78.98
78.9501
79.4898
79.3809
79.7872
79.5868
79.907
79.6512
79.8965
79.6479
79.9259
79.7536
80.1095
80.027
80.4231
80.3706
80.7352
80.6891
81.0375
80.9159
81.285
81.0681
81.5105
81.1112
81.6774
81.1523
81.8242
81.1791
81.8008
80.9317
81.496
80.6883
81.0991
80.3148
80.6446
79.8375
80.06
79.3434
79.517
78.7274
79.0405
78.1926
78.3599
77.5802
77.547
76.8195
76.647
75.8373
75.5118
74.7089
74.383
73.5984
73.2766
72.5401
72.1768
71.4386
70.9795
70.2361
69.6898
68.887
68.2689
67.3303
66.7536
65.5183
65.1642
63.1894
63.7308
62.2484
62.3107
60.8041
60.0013
58.2647
56.6933
54.7882
52.936
50.9266
48.8801
46.7311
44.585
58.6179
58.5789
58.5164
58.4376
58.3456
58.2463
58.1492
58.0623
57.9899
57.9327
57.8894
57.8582
57.8373
57.8252
57.8206
57.8222
57.8289
57.8397
57.854
57.8712
57.8913
57.9145
57.9406
57.9694
57.9999
58.0309
58.0602
58.0858
58.1057
58.1185
58.124
58.1228
58.1169
58.1088
58.1007
58.0939
58.0882
58.0823
58.0745
58.0632
58.0497
58.0373
58.0302
58.0337
58.0492
58.0773
58.1201
58.1773
58.2464
58.3253
58.4137
58.5119
58.6212
58.7455
58.8867
59.0416
59.205
59.3713
59.5368
59.6994
59.8592
60.0149
60.1644
60.3064
60.4418
60.573
60.699
60.8185
60.9295
61.0288
61.1112
61.1721
61.207
61.2134
61.2103
61.2276
61.2827
61.3782
61.4922
61.5988
61.6882
61.7737
61.8639
61.9205
61.9981
62.2315
62.4784
63.0269
63.27
63.8275
63.9938
64.5548
64.6815
65.3575
65.7055
66.6625
67.2048
68.2911
68.9013
69.9885
70.4832
71.4808
71.8721
72.7479
73.0184
73.7047
73.8448
74.5155
74.5798
75.1088
75.0767
75.5563
75.5616
76.1073
76.2106
76.8544
77.0456
77.777
77.9625
78.7015
78.7998
79.4757
79.3901
79.98
79.808
80.2739
80.0353
80.3976
80.1068
80.3849
80.1011
80.3859
80.1757
80.5436
80.4288
80.8086
80.7237
81.0604
80.9948
81.3445
81.1962
81.6536
81.408
81.9888
81.5431
82.3491
81.7041
82.5361
81.6285
82.4308
81.3591
82.026
81.0582
81.5889
80.6576
81.095
80.1793
80.4839
79.6459
79.854
79.0319
79.4169
78.4649
78.7394
77.897
77.9548
77.0534
76.9423
76.0602
75.7598
74.9148
74.6104
73.8175
73.5183
72.7197
72.3911
71.5805
71.171
70.4001
69.8756
69.0781
68.4811
67.569
66.9923
65.859
65.4542
63.7545
64.5113
62.7208
63.3269
61.4659
60.5985
58.5609
56.963
54.9848
53.1326
51.1156
49.0923
46.9469
44.7916
56.916
56.9064
56.8955
56.6047
56.0216
55.2819
54.506
53.7696
53.1189
52.5746
52.1395
51.8182
51.6196
51.5078
51.4183
51.4001
51.426
51.4203
51.3991
51.4087
51.4664
51.5611
51.5544
51.4287
51.2234
50.9654
50.7747
50.7899
51.006
51.2812
51.4756
51.57
51.6201
51.7033
51.8504
52.0147
52.1174
52.1437
52.1606
52.1831
52.254
52.4024
52.5042
52.6364
52.8515
52.942
52.8969
52.8637
52.9842
53.3548
53.9494
54.6641
55.3864
56.029
56.5899
57.0709
57.4667
57.7759
58.0692
58.4182
58.8903
59.4512
60.0609
60.7515
61.5141
62.3342
63.1483
63.9754
64.8337
65.6659
66.4944
67.3274
68.154
68.925
69.5856
70.1341
70.6074
71.0517
71.496
71.9588
72.4458
72.957
73.485
74.0166
74.541
75.0506
75.533
75.9825
76.4029
76.7935
77.1523
77.4746
77.7634
78.0242
78.2519
78.4418
78.6182
78.7768
78.9287
79.0689
79.2023
79.3309
79.4547
79.5721
79.6817
79.7786
79.8523
79.9017
79.9267
79.9288
79.9113
79.8771
79.8285
79.7689
79.7007
79.6262
79.5474
79.4638
79.3706
79.2703
79.1696
79.0727
78.9742
78.873
78.7691
78.6581
78.538
78.4108
78.2799
78.1528
78.043
77.9581
77.8972
77.8563
77.8314
77.8166
77.7994
77.77
77.7297
77.6907
77.6634
77.6506
77.654
77.6818
77.7406
77.8302
77.9447
78.0751
78.2115
78.3447
78.467
78.5725
78.6584
78.7221
78.7654
78.7902
78.8044
78.8121
78.8182
78.8231
78.829
78.8362
78.846
78.8606
78.8852
78.9234
78.9793
79.0532
79.1463
79.2543
79.3742
79.4994
79.6315
79.7719
79.9251
80.0897
80.2633
80.4421
80.6275
80.818
81.0106
81.1975
81.3756
81.5394
81.6803
81.798
81.9062
82.0148
82.1173
82.2373
82.389
82.5583
82.7334
82.9376
83.2197
83.6258
84.128
84.6119
84.9301
85.0385
56.8245
56.7715
56.6991
56.3592
55.7356
54.9629
54.1579
53.4031
52.7417
52.1921
51.7656
51.465
51.2821
51.187
51.1159
51.0785
51.078
51.0663
51.0798
51.1497
51.2537
51.3406
51.2603
51.1141
50.889
50.6008
50.3732
50.3499
50.5481
50.7973
50.9826
51.1142
51.2015
51.2949
51.4472
51.5953
51.6923
51.812
51.9447
51.8667
51.8133
51.8974
51.9552
52.03
52.1815
52.228
52.1714
52.1753
52.3693
52.816
53.4521
54.1865
54.9305
55.5953
56.1501
56.5995
56.945
57.227
57.5401
57.9126
58.3695
58.883
59.5082
60.2648
61.0832
61.9155
62.731
63.5503
64.4093
65.2479
66.0666
66.9085
67.7457
68.5302
69.2045
69.7726
70.2646
70.7235
71.1807
71.6561
72.1559
72.6792
73.2193
73.7625
74.2987
74.8205
75.3141
75.7712
76.1941
76.5849
76.9474
77.2769
77.5654
77.8255
78.0634
78.2683
78.4591
78.634
78.7982
78.951
79.0955
79.2328
79.3621
79.4831
79.5971
79.6971
79.7736
79.825
79.853
79.8581
79.8435
79.8115
79.7638
79.7031
79.632
79.5539
79.4728
79.3888
79.2975
79.2037
79.1127
79.0209
78.9237
78.8224
78.7164
78.6
78.4718
78.3348
78.1956
78.0644
77.9557
77.8746
77.8166
77.7748
77.7455
77.7254
77.7057
77.6755
77.6338
77.5884
77.5494
77.5232
77.5162
77.5385
77.5977
77.6922
77.8143
77.9529
78.0972
78.2362
78.3622
78.469
78.5543
78.6166
78.6587
78.6829
78.696
78.7027
78.7073
78.7105
78.7146
78.7197
78.728
78.7403
78.7605
78.7939
78.8472
78.9205
79.0148
79.1243
79.246
79.3741
79.5085
79.6527
79.8118
79.984
80.166
80.3529
80.5442
80.7412
80.9467
81.1472
81.3302
81.4853
81.618
81.7393
81.8427
81.9308
82.0194
82.1226
82.2591
82.4034
82.5532
82.7381
83.0181
83.4303
83.9466
84.4459
84.7935
84.9666
56.7709
56.6141
56.3707
55.879
55.151
54.3027
53.4474
52.6642
51.9952
51.4525
51.0596
50.8194
50.6994
50.6461
50.61
50.5745
50.5516
50.5472
50.5892
50.678
50.7793
50.8379
50.7701
50.5707
50.2448
49.9004
49.6494
49.6112
49.7802
49.9807
50.1625
50.3469
50.5064
50.6514
50.8043
50.9607
51.0677
51.1176
51.154
51.1359
51.0982
51.0899
51.0832
51.0907
51.1682
51.1304
51.0316
51.0558
51.3259
51.8595
52.5884
53.4181
54.233
54.9656
55.5452
55.9318
56.1713
56.3389
56.5498
56.8819
57.3403
57.9078
58.6584
59.5266
60.4004
61.2684
62.1141
62.9031
63.7015
64.5198
65.3617
66.2343
67.0836
67.8594
68.5348
69.1201
69.639
70.1235
70.6027
71.097
71.6156
72.1586
72.7197
73.2849
73.8417
74.3803
74.8872
75.3546
75.7822
76.1748
76.536
76.8689
77.1679
77.4348
77.6831
77.9057
78.1123
78.3072
78.4871
78.6565
78.8176
78.9692
79.109
79.2399
79.3645
79.4742
79.5566
79.6117
79.6434
79.6544
79.6447
79.6148
79.5661
79.5028
79.4289
79.3494
79.2674
79.1854
79.1019
79.0191
78.9348
78.8498
78.7634
78.6742
78.5736
78.451
78.3055
78.1506
77.9954
77.8528
77.737
77.6501
77.5851
77.5373
77.5054
77.4888
77.4756
77.4491
77.4045
77.3504
77.297
77.2565
77.2415
77.2622
77.3224
77.4197
77.5455
77.6884
77.8397
77.9861
78.1164
78.2233
78.3056
78.3652
78.4041
78.4264
78.437
78.4418
78.4443
78.4455
78.4472
78.4485
78.4513
78.4575
78.4694
78.4954
78.5443
78.6186
78.7146
78.8278
78.9537
79.0935
79.2425
79.4044
79.5764
79.7575
79.949
80.1538
80.3665
80.5777
80.7846
80.9877
81.177
81.352
81.5102
81.6441
81.7316
81.7998
81.8731
81.959
82.0465
82.1332
82.2223
82.3635
82.621
83.0296
83.5505
84.0943
84.5247
84.7978
56.7033
56.3886
55.933
55.2518
54.3878
53.454
52.5452
51.7304
51.0523
50.5232
50.1712
49.9893
49.9219
49.9095
49.9028
49.8938
49.8947
49.9183
49.9909
50.1065
50.2235
50.2842
50.1837
49.9056
49.5144
49.1298
48.893
48.8421
48.9552
49.1176
49.2998
49.4993
49.6809
49.8626
50.0128
50.1212
50.1801
50.172
50.151
50.1291
50.0934
50.0638
50.0563
50.0577
50.0933
50.0095
49.8703
49.8793
50.1697
50.7798
51.6236
52.5618
53.4647
54.2371
54.8062
55.1225
55.2541
55.322
55.4475
55.717
56.1577
56.7983
57.6483
58.5957
59.5458
60.5387
61.5058
62.3162
63.0613
63.8079
64.6042
65.4464
66.2829
67.0573
67.7411
68.3425
68.887
69.4006
69.9066
70.4213
70.9551
71.5094
72.0813
72.6607
73.2324
73.7821
74.3
74.7761
75.2051
75.5961
75.9597
76.297
76.6051
76.8815
77.1407
77.381
77.6026
77.8125
78.0071
78.1925
78.3704
78.536
78.6866
78.8278
78.9636
79.0822
79.1691
79.228
79.2665
79.2882
79.2912
79.2708
79.2296
79.1688
79.0949
79.0138
78.9314
78.8483
78.7688
78.6923
78.6175
78.544
78.47
78.3902
78.2934
78.1633
78.0037
77.8365
77.6731
77.5207
77.3941
77.2951
77.2206
77.1649
77.131
77.1154
77.1074
77.0852
77.0419
76.9859
76.9311
76.8888
76.8751
76.8956
76.9564
77.053
77.1837
77.3332
77.4905
77.6384
77.7671
77.8694
77.9473
77.9997
78.0324
78.0466
78.0489
78.0432
78.0366
78.0297
78.025
78.0183
78.0127
78.0082
78.011
78.0303
78.0742
78.1456
78.2433
78.3609
78.4954
78.6453
78.8088
78.9848
79.1753
79.3786
79.598
79.8292
80.0641
80.2944
80.5218
80.7401
80.9435
81.1331
81.319
81.4843
81.6188
81.7201
81.7867
81.8302
81.8656
81.8716
81.8776
81.9571
82.1808
82.5599
83.0854
83.6537
84.1611
84.4915
56.5331
56.107
55.4438
54.5941
53.6025
52.5843
51.6139
50.7537
50.0505
49.5306
49.2223
49.083
49.0499
49.0664
49.084
49.0992
49.137
49.2167
49.3322
49.4778
49.6186
49.6901
49.5823
49.2734
48.8433
48.4439
48.2074
48.1328
48.1915
48.3252
48.4857
48.6466
48.7832
48.9153
49.0163
49.0807
49.0808
49.027
48.9761
48.943
48.9406
48.9617
48.9964
49.011
49.0147
48.918
48.7952
48.829
49.1346
49.7734
50.675
51.6765
52.6446
53.4487
53.9831
54.2317
54.2852
54.2871
54.3431
54.5517
54.9829
55.6731
56.5944
57.63
58.6905
59.8091
60.8782
61.7565
62.5056
63.1977
63.9061
64.6518
65.4062
66.1337
66.8072
67.4252
68.0007
68.549
69.0849
69.6211
70.1684
70.729
71.3064
71.893
72.4731
73.0332
73.5593
74.0406
74.4715
74.8613
75.224
75.5663
75.8856
76.1737
76.4433
76.6964
76.9321
77.1539
77.3623
77.5636
77.756
77.9337
78.0933
78.2445
78.3908
78.5199
78.615
78.6832
78.7316
78.7647
78.778
78.7664
78.7335
78.6799
78.6097
78.5303
78.446
78.3615
78.2823
78.2087
78.1387
78.073
78.0052
77.9306
77.835
77.7022
77.5385
77.3739
77.2154
77.0692
76.9405
76.8351
76.751
76.6893
76.65
76.6321
76.6224
76.6039
76.5632
76.509
76.4552
76.4176
76.4072
76.4321
76.4938
76.5938
76.729
76.8838
77.0407
77.189
77.315
77.4158
77.489
77.5372
77.5615
77.5667
77.5548
77.5356
77.5137
77.4943
77.4745
77.4541
77.4333
77.4168
77.4062
77.4183
77.4568
77.526
77.6223
77.7452
77.8878
78.0531
78.2361
78.4364
78.6512
78.8823
79.1281
79.3871
79.6526
79.9236
80.18
80.412
80.6329
80.8574
81.0674
81.2716
81.4569
81.6067
81.705
81.7506
81.7249
81.6562
81.5967
81.63
81.8053
82.156
82.6531
83.2415
83.7734
84.1457
56.2757
55.8006
55
54.03
52.9446
51.8625
50.8368
49.9266
49.1842
48.6599
48.3722
48.2429
48.2026
48.2056
48.2276
48.2717
48.3548
48.4826
48.6454
48.8244
48.9811
49.0529
48.9486
48.646
48.2268
47.8379
47.5952
47.4807
47.4787
47.5596
47.6617
47.7546
47.8173
47.8508
47.8629
47.8685
47.8384
47.7876
47.7481
47.7339
47.7679
47.8452
47.9369
48.012
48.0365
47.9699
47.8932
47.9797
48.34
48.9972
49.9031
50.9042
51.847
52.6107
53.1112
53.3408
53.3559
53.3178
53.3601
53.5719
54.0151
54.7204
55.6501
56.7153
57.848
59.0452
60.1855
61.1446
61.9284
62.5971
63.2264
63.8585
64.5021
65.1548
65.7983
66.4276
67.038
67.6236
68.1844
68.7376
69.2995
69.8724
70.4571
71.0492
71.6359
72.2007
72.7275
73.2087
73.6389
74.0271
74.3886
74.7336
75.058
75.3545
75.6311
75.8919
76.1399
76.3731
76.5952
76.8126
77.0166
77.2019
77.3683
77.5268
77.6783
77.8114
77.913
77.9897
78.0476
78.0887
78.1098
78.1041
78.0789
78.0323
77.9696
77.8953
77.8134
77.7277
77.6474
77.572
77.5014
77.4338
77.366
77.2897
77.1955
77.0681
76.9155
76.7661
76.6294
76.5039
76.3892
76.2868
76.1994
76.1295
76.0802
76.0488
76.0295
76.0051
75.9659
75.9161
75.8705
75.8417
75.8438
75.876
75.9421
76.0413
76.1789
76.3354
76.4936
76.6403
76.7667
76.8661
76.9416
76.9882
77.0097
77.0074
76.9882
76.9564
76.9205
76.883
76.8454
76.8063
76.7662
76.7307
76.7052
76.7021
76.7326
76.7951
76.8936
77.0209
77.1731
77.3455
77.543
77.7614
78.003
78.2636
78.5429
78.833
79.1319
79.4285
79.7139
79.9869
80.2556
80.5088
80.7582
81.0079
81.2332
81.4295
81.5895
81.6507
81.6033
81.4899
81.3818
81.3889
81.5663
81.8838
82.3776
82.9317
83.4892
83.8669
56.0229
55.5489
54.6882
53.6443
52.491
51.3575
50.281
49.3256
48.5442
47.9954
47.6879
47.5314
47.4481
47.4126
47.4217
47.4886
47.617
47.7907
47.9855
48.1531
48.2741
48.3195
48.2219
47.9625
47.5865
47.2236
46.9759
46.8194
46.7602
46.7709
46.7817
46.7805
46.7663
46.7258
46.6718
46.6323
46.5947
46.5742
46.5808
46.609
46.6933
46.8313
46.9844
47.1255
47.2224
47.2548
47.2927
47.4616
47.8612
48.5079
49.3591
50.2813
51.1417
51.8429
52.2993
52.5149
52.5551
52.5413
52.5957
52.8157
53.2639
53.9576
54.8645
55.9108
57.0492
58.249
59.3983
60.3915
61.1987
61.8666
62.4614
63.025
63.5886
64.1767
64.7921
65.4236
66.0473
66.6535
67.2356
67.8038
68.378
68.9622
69.5562
70.1528
70.7426
71.3067
71.8296
72.3038
72.7297
73.115
73.4727
73.816
74.1407
74.4428
74.7229
74.9861
75.2442
75.4886
75.7218
75.9519
76.1679
76.3598
76.5301
76.6899
76.8393
76.9717
77.0769
77.1621
77.2299
77.2802
77.3099
77.3102
77.2902
77.249
77.1894
77.1182
77.0345
76.9442
76.8579
76.7795
76.7068
76.6382
76.5693
76.4919
76.3997
76.2849
76.1561
76.0314
75.9208
75.8224
75.7286
75.6376
75.5552
75.4811
75.418
75.3655
75.3253
75.2904
75.2524
75.2105
75.1785
75.1677
75.1902
75.2352
75.3055
75.404
75.5386
75.6959
75.8528
75.9974
76.124
76.226
76.3042
76.3537
76.3768
76.3766
76.3573
76.3243
76.2812
76.2344
76.1811
76.1258
76.068
76.0128
75.9681
75.9457
75.9571
76.006
76.0934
76.2202
76.3733
76.5524
76.7595
76.9958
77.2572
77.5463
77.8532
78.1749
78.5021
78.8322
79.1548
79.4705
79.7787
80.0787
80.3747
80.6567
80.9158
81.1751
81.3708
81.4735
81.45
81.3468
81.235
81.244
81.4196
81.7547
82.2488
82.8118
83.2669
83.6597
55.9061
55.4449
54.5572
53.4655
52.2606
51.0804
49.9574
48.9555
48.1265
47.5362
47.1847
46.9709
46.8257
46.7418
46.7271
46.8013
46.9612
47.1624
47.3487
47.4554
47.4927
47.4981
47.4147
47.2152
46.9053
46.5959
46.3605
46.1794
46.0576
45.9751
45.8845
45.807
45.7394
45.6679
45.5998
45.551
45.5248
45.5407
45.5987
45.6837
45.8253
46.0252
46.2541
46.4793
46.6687
46.8079
46.9674
47.2364
47.6886
48.3287
49.0989
49.9092
50.6501
51.2653
51.6874
51.9025
51.9692
51.9937
52.0851
52.3235
52.7667
53.4303
54.2872
55.2751
56.3535
57.4774
58.565
59.5349
60.3436
61.0165
61.6071
62.1476
62.6786
63.2373
63.8306
64.4525
65.0732
65.6806
66.2733
66.8593
67.4485
68.0445
68.6452
69.2413
69.8221
70.3741
70.8832
71.3447
71.7589
72.1357
72.4863
72.8236
73.1453
73.4508
73.7342
74.003
74.2697
74.522
74.7628
75.0001
75.2217
75.4153
75.5892
75.7496
75.8945
76.0264
76.1346
76.2269
76.3028
76.3603
76.3965
76.4015
76.3842
76.3435
76.2829
76.2101
76.1213
76.0239
75.9272
75.8402
75.7635
75.6956
75.6294
75.559
75.4768
75.3791
75.2743
75.1785
75.0932
75.0206
74.9478
74.8726
74.7949
74.7214
74.6473
74.5806
74.5235
74.4828
74.4449
74.4138
74.3984
74.4111
74.4564
74.5164
74.5876
74.6838
74.812
74.9704
75.1265
75.2699
75.3938
75.4979
75.5812
75.6419
75.6764
75.6888
75.6791
75.6571
75.6171
75.5689
75.51
75.4455
75.3742
75.3032
75.2384
75.1949
75.1827
75.2055
75.2699
75.3782
75.523
75.698
75.9085
76.1551
76.4331
76.7433
77.0789
77.4294
77.7889
78.1472
78.5051
78.8574
79.2059
79.5443
79.8757
80.1888
80.4895
80.7757
81.0209
81.1756
81.2158
81.1774
81.1284
81.1715
81.3812
81.7148
82.2006
82.7501
83.2625
83.6669
55.9745
55.5193
54.6155
53.4859
52.2376
51.009
49.8359
48.7835
47.8998
47.254
46.8401
46.5609
46.3589
46.2283
46.1833
46.2495
46.412
46.6069
46.7432
46.7652
46.725
46.6982
46.6275
46.4842
46.2454
45.9823
45.761
45.5853
45.4225
45.2514
45.0694
44.9414
44.8587
44.8009
44.7569
44.7339
44.743
44.8004
44.9023
45.0334
45.2211
45.4732
45.7651
46.0637
46.3444
46.5992
46.8848
47.252
47.7463
48.3684
49.0558
49.7499
50.379
50.9051
51.2751
51.4872
51.5922
51.666
51.8028
52.0671
52.5018
53.115
53.8944
54.8002
55.7826
56.7932
57.783
58.6862
59.4674
60.1374
60.7366
61.2822
61.8125
62.3663
62.9464
63.5488
64.1571
64.7595
65.3537
65.9463
66.5407
67.1383
67.735
68.3203
68.8819
69.4088
69.8923
70.3308
70.7258
71.0883
71.4301
71.7615
72.08
72.3885
72.6761
72.9508
73.2226
73.4792
73.724
73.9631
74.1846
74.378
74.5533
74.7128
74.8553
74.9875
75.0993
75.1977
75.2804
75.3402
75.3773
75.3815
75.3644
75.3212
75.2579
75.1796
75.0863
74.9828
74.8796
74.7848
74.7058
74.6375
74.5772
74.5158
74.4491
74.3713
74.2919
74.2196
74.1574
74.1032
74.0514
73.9887
73.9182
73.8436
73.7705
73.6989
73.6419
73.6006
73.5737
73.5528
73.5598
73.5893
73.6553
73.7225
73.7964
73.8871
74.0176
74.1765
74.3359
74.4738
74.6028
74.7085
74.8055
74.8764
74.9273
74.9548
74.9636
74.9536
74.928
74.8801
74.8237
74.7528
74.6771
74.5901
74.5098
74.4449
74.4083
74.4028
74.4416
74.5235
74.6474
74.8048
75.0066
75.2551
75.5496
75.8827
76.2459
76.6227
77.008
77.3907
77.7741
78.1593
78.5366
78.9048
79.2609
79.6025
79.926
80.2329
80.5061
80.7171
80.8429
80.9059
80.9649
81.0966
81.3819
81.792
82.321
82.9085
83.2717
83.6303
56.2047
55.7473
54.8304
53.667
52.3745
51.091
49.8646
48.7591
47.8211
47.1119
46.6214
46.2764
46.0356
45.8783
45.8121
45.857
45.9917
46.1428
46.2122
46.1535
46.057
45.9979
45.9339
45.834
45.6627
45.4447
45.2459
45.0835
44.8964
44.6685
44.4243
44.2698
44.2012
44.1767
44.1694
44.183
44.2366
44.336
44.4768
44.644
44.8684
45.1625
45.5115
45.8732
46.2291
46.5873
46.9774
47.4285
47.9537
48.5453
49.1588
49.7532
50.2869
50.7288
51.0497
51.2589
51.4007
51.525
51.7068
51.9986
52.4227
52.9845
53.678
54.4774
55.3376
56.2216
57.1009
57.9161
58.6599
59.3166
59.9152
60.4739
61.0155
61.5698
62.1399
62.7207
63.3053
63.891
64.475
65.0617
65.6518
66.241
66.8217
67.3827
67.9145
68.406
68.855
69.2633
69.6375
69.9863
70.3202
70.6469
70.9619
71.2692
71.5588
71.8373
72.111
72.368
72.6133
72.8491
73.065
73.2551
73.4298
73.5896
73.7335
73.8695
73.9877
74.0907
74.1752
74.2334
74.2674
74.271
74.2513
74.2037
74.1345
74.0498
73.9477
73.8416
73.7361
73.6399
73.5603
73.4956
73.4394
73.3882
73.3371
73.2809
73.2234
73.1708
73.1241
73.0844
73.0444
72.9947
72.934
72.8702
72.8045
72.7417
72.689
72.6582
72.6445
72.6426
72.665
72.7109
72.7839
72.8656
72.9439
73.0411
73.1712
73.327
73.4823
73.6227
73.7532
73.8709
73.974
74.0653
74.1331
74.1849
74.2095
74.2197
74.2049
74.1676
74.1085
74.0388
73.9532
73.858
73.7593
73.6828
73.6273
73.6068
73.6235
73.6842
73.777
73.9104
74.0875
74.3329
74.6306
74.9832
75.366
75.7689
76.1753
76.5788
76.9809
77.3831
77.7786
78.1635
78.5377
78.9002
79.2406
79.5628
79.8572
80.1172
80.3209
80.4964
80.692
80.9367
81.3286
81.8022
82.3276
82.8651
83.3619
83.7204
56.5134
56.0361
55.1017
53.913
52.5895
51.265
49.9973
48.8547
47.8832
47.1237
46.5558
46.133
45.8443
45.6651
45.58
45.6019
45.7049
45.8055
45.8068
45.6834
45.5559
45.4728
45.4093
45.3438
45.2332
45.0619
44.8995
44.7515
44.5524
44.2896
44.013
43.859
43.8163
43.8201
43.8426
43.8836
43.9662
44.0979
44.2782
44.4827
44.7373
45.0599
45.4486
45.8667
46.2847
46.7212
47.1876
47.6978
48.2473
48.814
49.3713
49.8902
50.3477
50.72
50.9963
51.2037
51.3739
51.5367
51.7464
52.05
52.4599
52.9798
53.5983
54.2911
55.0282
55.782
56.5449
57.2765
57.9706
58.6089
59.1976
59.7552
60.2996
60.8473
61.3989
61.954
62.5099
63.0701
63.6336
64.2021
64.7727
65.3399
65.8928
66.4193
66.9117
67.3624
67.7755
68.1546
68.5091
68.8468
69.1729
69.4939
69.8036
70.1057
70.3936
70.672
70.9422
71.1962
71.439
71.6676
71.8765
72.0654
72.2409
72.4017
72.5504
72.6906
72.8144
72.9168
72.9986
73.0523
73.0841
73.0842
73.0582
72.9986
72.921
72.8298
72.7239
72.6159
72.5131
72.4191
72.3463
72.286
72.2388
72.1966
72.161
72.1254
72.0881
72.0468
72.0113
71.9793
71.9496
71.9106
71.8624
71.8122
71.7653
71.7225
71.6884
71.6731
71.6815
71.6967
71.7355
71.793
71.8774
71.972
72.0687
72.1721
72.3052
72.4522
72.6069
72.746
72.8816
73.0064
73.1215
73.2246
73.3155
73.3866
73.4334
73.4533
73.4557
73.424
73.3691
73.2927
73.2053
73.1001
72.9956
72.9097
72.8465
72.8087
72.8117
72.8419
72.9125
73.0164
73.1774
73.4069
73.7074
74.0638
74.4648
74.8778
75.3015
75.7187
76.1375
76.5469
76.9512
77.3386
77.7157
78.0826
78.4324
78.7685
79.083
79.3779
79.6653
79.9324
80.2583
80.6256
81.0968
81.6731
82.2683
82.8327
83.2014
83.6176
56.8038
56.2853
55.3124
54.1047
52.7779
51.4503
50.18
49.0356
48.0682
47.2929
46.6753
46.1865
45.8463
45.6345
45.5197
45.5176
45.5916
45.6452
45.5874
45.4276
45.2914
45.2015
45.1371
45.0946
45.0334
44.9133
44.7883
44.6626
44.4643
44.1823
43.8916
43.7445
43.7156
43.7321
43.7732
43.8263
43.9316
44.0883
44.2871
44.5121
44.7886
45.135
45.5485
46.0022
46.4626
46.9502
47.4699
48.0127
48.5691
49.117
49.6363
50.1065
50.5099
50.8358
51.0781
51.281
51.4721
51.6637
51.889
52.1875
52.5727
53.0465
53.5963
54.1991
54.8343
55.4786
56.1401
56.7937
57.4279
58.0296
58.5977
59.1407
59.6697
60.1958
60.7171
61.2398
61.7641
62.293
62.828
63.3681
63.9081
64.4402
64.9547
65.4375
65.8843
66.2923
66.6694
67.0215
67.3571
67.6836
68.0015
68.3151
68.6184
68.9135
69.1966
69.4722
69.7361
69.9861
70.224
70.4444
70.6497
70.8416
71.019
71.1826
71.3375
71.4811
71.6035
71.6999
71.7729
71.818
71.8372
71.8256
71.7859
71.7115
71.625
71.5331
71.4326
71.3333
71.2427
71.162
71.1012
71.0503
71.0116
70.9779
70.9527
70.9314
70.9072
70.8792
70.853
70.8253
70.8045
70.7778
70.747
70.7116
70.6844
70.666
70.6637
70.6719
70.7073
70.7453
70.805
70.8778
70.9771
71.0831
71.1963
71.3075
71.4418
71.5836
71.7339
71.8756
72.0145
72.1495
72.279
72.3957
72.4988
72.5827
72.6393
72.6715
72.6771
72.6544
72.6005
72.5244
72.4322
72.327
72.2163
72.1272
72.0561
72.0115
71.9977
72.0141
72.058
72.1427
72.2801
72.4956
72.7879
73.1452
73.5479
73.9708
74.3991
74.8279
75.2489
75.6634
76.0644
76.4466
76.8163
77.1774
77.5232
77.8592
78.1935
78.5127
78.8743
79.2191
79.6403
80.1157
80.6602
81.2777
81.9031
82.5267
83.0976
83.3936
56.9624
56.3892
55.3643
54.139
52.8363
51.552
50.3384
49.2508
48.3421
47.5962
46.9716
46.4477
46.0732
45.8411
45.7092
45.6918
45.7411
45.7506
45.65
45.4703
45.336
45.2433
45.167
45.1265
45.0932
45.0233
44.9481
44.8576
44.6725
44.3802
44.0722
43.9058
43.8591
43.8735
43.935
44.0045
44.1145
44.2707
44.4709
44.7067
44.9961
45.3538
45.7715
46.2357
46.7287
47.2482
47.7889
48.3412
48.8966
49.4317
49.925
50.3667
50.7352
51.028
51.2452
51.4438
51.6457
51.8553
52.0936
52.3842
52.7376
53.1617
53.6432
54.1658
54.7194
55.2834
55.8654
56.4466
57.02
57.5749
58.1063
58.6179
59.1168
59.6097
60.0957
60.5819
61.0715
61.5645
62.0623
62.5638
63.0637
63.5515
64.0178
64.4502
64.8481
65.2134
65.5554
65.8826
66.1999
66.5136
66.8223
67.1267
67.4222
67.7092
67.9857
68.2547
68.5106
68.7558
68.9886
69.205
69.4131
69.6093
69.7899
69.9578
70.1162
70.255
70.3688
70.4555
70.5153
70.5473
70.5456
70.5178
70.4658
70.3869
70.2987
70.2114
70.1243
70.0447
69.973
69.9105
69.8602
69.8196
69.7884
69.7621
69.7418
69.726
69.7096
69.6903
69.6716
69.6562
69.6433
69.6301
69.6159
69.6036
69.599
69.6107
69.6385
69.6821
69.7408
69.8111
69.8893
69.9825
70.0888
70.21
70.3312
70.4548
70.5868
70.7312
70.8786
71.0299
71.1747
71.3193
71.4528
71.578
71.6842
71.7751
71.8363
71.8724
71.8786
71.8599
71.8102
71.737
71.6441
71.5387
71.4276
71.3301
71.254
71.1983
71.1755
71.1779
71.2125
71.2853
71.4114
71.6092
71.8839
72.227
72.6252
73.0406
73.472
73.899
74.3254
74.736
75.1316
75.4977
75.8576
76.1979
76.5387
76.8542
77.2153
77.5496
77.9695
78.3798
78.8561
79.3982
79.9984
80.6917
81.3837
82.0149
82.4065
82.9627
56.9334
56.2807
55.1803
53.9344
52.6835
51.4991
50.4109
49.4538
48.6661
48.0051
47.4254
46.9121
46.5326
46.2946
46.1681
46.1402
46.1613
46.1367
46.0078
45.817
45.6927
45.601
45.5073
45.4561
45.4342
45.4125
45.3904
45.333
45.164
44.8615
44.5261
44.3165
44.2292
44.2206
44.2798
44.3603
44.4711
44.6322
44.8323
45.0497
45.3242
45.6802
46.0985
46.5586
47.0538
47.5804
48.1364
48.6981
49.2441
49.758
50.2286
50.6487
50.9941
51.2612
51.4583
51.6538
51.8592
52.0745
52.3181
52.5996
52.9238
53.2977
53.7172
54.1687
54.654
55.1538
55.6698
56.1885
56.7072
57.2157
57.7043
58.1784
58.6377
59.09
59.5386
59.9861
60.4358
60.8874
61.3407
61.7939
62.2427
62.6764
63.0857
63.4628
63.8099
64.1333
64.4422
64.7447
65.0448
65.3449
65.6436
65.9375
66.2246
66.5028
66.7717
67.0316
67.2784
67.5163
67.7445
67.9616
68.1769
68.3777
68.5637
68.7358
68.8926
69.0213
69.1238
69.1973
69.2402
69.255
69.2377
69.1965
69.1404
69.0658
68.989
68.9146
68.8476
68.7877
68.7359
68.6888
68.6502
68.6149
68.5893
68.5666
68.5503
68.5353
68.5235
68.5086
68.4987
68.4892
68.4868
68.4869
68.4961
68.5086
68.5362
68.5756
68.6381
68.7107
68.8006
68.8938
68.9971
69.1045
69.226
69.3526
69.4894
69.6183
69.7619
69.9044
70.0641
70.2143
70.3736
70.5153
70.6567
70.7747
70.885
70.9662
71.0308
71.0599
71.0708
71.0467
71.0059
70.9331
70.8494
70.7434
70.6404
70.5401
70.4617
70.3985
70.3658
70.3574
70.3806
70.4408
70.5585
70.7447
71.0027
71.3229
71.6994
72.0999
72.5219
72.9408
73.3656
73.767
74.1537
74.5036
74.8514
75.1617
75.5025
75.7896
76.1695
76.5094
76.9472
77.4069
77.896
78.4639
79.086
79.78
80.5131
81.2397
81.8598
82.1674
56.6901
55.9425
54.751
53.5012
52.3416
51.3177
50.4213
49.6655
49.0454
48.5079
48.0108
47.5543
47.1927
46.9581
46.834
46.7886
46.7814
46.7325
46.5843
46.3866
46.2673
46.1752
46.0748
46.0229
46.0138
46.0334
46.0608
46.0382
45.8901
45.5836
45.2118
44.9326
44.7698
44.7116
44.7608
44.851
44.9495
45.0946
45.2907
45.51
45.7779
46.1128
46.506
46.9447
47.4279
47.953
48.505
49.0524
49.5835
50.0867
50.5441
50.9439
51.2698
51.5166
51.6981
51.8858
52.0889
52.3037
52.5435
52.8104
53.1068
53.4357
53.8007
54.1905
54.6125
55.0542
55.5129
55.9751
56.4441
56.9107
57.3599
57.7951
58.2146
58.6269
59.0357
59.4423
59.8459
60.2503
60.6526
61.0503
61.439
61.8102
62.1551
62.4739
62.7708
63.0553
63.3345
63.6149
63.8985
64.1856
64.4733
64.7575
65.035
65.3053
65.5652
65.8172
66.0572
66.2918
66.5193
66.7427
66.965
67.1684
67.3568
67.5312
67.6806
67.799
67.8853
67.9434
67.9682
67.9702
67.9454
67.9036
67.8509
67.789
67.7295
67.6746
67.6281
67.5884
67.5528
67.5201
67.4891
67.4605
67.4354
67.414
67.3958
67.38
67.3669
67.3572
67.3548
67.3558
67.3648
67.3813
67.4111
67.4544
67.5146
67.5896
67.6807
67.7829
67.8942
68.0138
68.1362
68.2657
68.3977
68.5363
68.6793
68.822
68.9695
69.1204
69.2801
69.4387
69.5963
69.7461
69.8808
69.9996
70.0984
70.1806
70.2334
70.2656
70.2677
70.2505
70.2069
70.147
70.0647
69.9717
69.8662
69.7718
69.6834
69.6191
69.5721
69.5604
69.5721
69.6261
69.7252
69.8943
70.1294
70.4253
70.7756
71.1556
71.5596
71.9637
72.3753
72.7582
73.1426
73.4667
73.8131
74.0858
74.4311
74.6926
75.0675
75.4186
75.8377
76.3047
76.7858
77.3432
77.9425
78.6327
79.3382
80.0566
80.3558
80.9798
56.2671
55.4199
54.1877
53.0102
51.9995
51.1827
50.5236
49.9748
49.5066
49.0884
48.6943
48.3239
48.0013
47.7717
47.6404
47.5743
47.5325
47.4591
47.2947
47.0889
46.9627
46.8697
46.779
46.7463
46.7581
46.8126
46.8821
46.8964
46.7802
46.4819
46.0716
45.7097
45.46
45.3382
45.355
45.4361
45.5188
45.6399
45.8315
46.0567
46.3134
46.6249
46.9886
47.3989
47.853
48.3476
48.8706
49.4016
49.9215
50.4118
50.8575
51.2434
51.556
51.787
51.9554
52.1292
52.3227
52.5316
52.7597
53.0119
53.2871
53.5767
53.891
54.2244
54.589
54.9765
55.3819
55.7946
56.2156
56.6407
57.0508
57.4457
57.8284
58.2014
58.5689
58.9292
59.2847
59.6354
59.9813
60.3178
60.641
60.9438
61.2227
61.4846
61.7362
61.9868
62.2413
62.5032
62.7729
63.048
63.3239
63.5967
63.8637
64.1253
64.3794
64.6276
64.8687
65.1078
65.343
65.5753
65.8017
66.002
66.1915
66.3625
66.5008
66.6048
66.6772
66.7224
66.7394
66.7356
66.7134
66.6788
66.6403
66.5991
66.5643
66.5322
66.5068
66.4816
66.4563
66.4298
66.4007
66.3729
66.3462
66.3196
66.2956
66.2734
66.2588
66.2522
66.2577
66.2705
66.2948
66.3331
66.3881
66.4616
66.5523
66.6585
66.7746
66.9025
67.0357
67.1777
67.3203
67.4673
67.6154
67.7612
67.9148
68.0654
68.2239
68.3786
68.5418
68.7014
68.8604
69.0056
69.1394
69.2512
69.3465
69.4177
69.4699
69.4928
69.5
69.4809
69.4466
69.3876
69.3192
69.2303
69.1356
69.033
68.9446
68.863
68.8093
68.7776
68.7872
68.8237
68.9137
69.0531
69.2693
69.5328
69.861
70.2123
70.5972
70.9769
71.3741
71.736
72.109
72.4096
72.7456
72.9956
73.3286
73.5864
73.9345
74.2734
74.665
75.0863
75.5315
76.0079
76.5194
77.057
77.6417
78.1748
78.5759
78.7408
55.8597
54.9885
53.8069
52.7866
51.9606
51.338
50.8482
50.427
50.0569
49.7269
49.4311
49.1561
48.8908
48.6734
48.5311
48.4418
48.3659
48.264
48.0871
47.8735
47.7261
47.6305
47.5588
47.5508
47.5864
47.663
47.7558
47.804
47.7197
47.4535
47.0392
46.6125
46.2823
46.0828
46.0345
46.087
46.1595
46.2547
46.4256
46.6491
46.8945
47.1829
47.5184
47.8967
48.3123
48.7624
49.2417
49.7404
50.2415
50.7159
51.1478
51.5251
51.8314
52.0576
52.2233
52.3806
52.5598
52.7589
52.9742
53.2066
53.4596
53.7193
53.9969
54.2833
54.5952
54.9298
55.2805
55.6434
56.0134
56.391
56.7572
57.1115
57.4546
57.787
58.1104
58.4219
58.7275
59.0234
59.312
59.5864
59.8426
60.0772
60.2954
60.5069
60.7202
60.9426
61.1767
61.4218
61.678
61.9399
62.2031
62.4632
62.7208
62.9757
63.2292
63.481
63.7323
63.9831
64.2291
64.4697
64.6946
64.8937
65.0842
65.2479
65.3737
65.4661
65.5316
65.5709
65.5889
65.5892
65.5779
65.5608
65.5451
65.533
65.5252
65.5157
65.5058
65.4868
65.463
65.4344
65.402
65.3682
65.3363
65.303
65.2749
65.2468
65.2305
65.223
65.2322
65.2556
65.2961
65.3554
65.4374
65.5384
65.6607
65.7933
65.9381
66.0866
66.2461
66.404
66.569
66.7254
66.8915
67.0437
67.2096
67.3673
67.5359
67.6977
67.8644
68.0238
68.1808
68.3201
68.4504
68.557
68.6468
68.7099
68.758
68.7799
68.7872
68.7708
68.7399
68.6868
68.6221
68.5395
68.445
68.3454
68.2465
68.1583
68.0866
68.0446
68.0318
68.0587
68.1247
68.2465
68.4235
68.6641
68.9558
69.2834
69.6426
69.9965
70.3775
70.7115
71.0765
71.3514
71.6783
71.9131
72.2247
72.4776
72.786
73.0962
73.4337
73.7811
74.1325
74.4774
74.8232
75.1393
75.4409
75.6877
75.5604
75.9513
55.728
54.9176
53.8728
53.0149
52.3337
51.7989
51.3621
50.9777
50.6461
50.3771
50.1545
49.9558
49.7534
49.5658
49.4294
49.3359
49.248
49.1283
48.9466
48.7216
48.5447
48.435
48.3675
48.3634
48.415
48.5018
48.6035
48.6666
48.6091
48.3905
48.018
47.5778
47.1912
46.92
46.7932
46.7925
46.8429
46.9118
47.0516
47.2588
47.4856
47.7468
48.0543
48.4019
48.7835
49.1938
49.627
50.0806
50.5431
50.9947
51.4181
51.7869
52.0868
52.3156
52.4855
52.6338
52.7971
52.9796
53.1817
53.3968
53.6284
53.8665
54.1137
54.3656
54.6322
54.9136
55.207
55.5144
55.8297
56.152
56.47
56.7809
57.0799
57.3687
57.6446
57.9092
58.1648
58.4101
58.6426
58.8565
59.0495
59.2246
59.3907
59.5602
59.7397
59.9362
60.1492
60.3771
60.6178
60.864
61.1118
61.3585
61.6085
61.8624
62.1222
62.3864
62.6539
62.9203
63.1767
63.4246
63.6483
63.8529
64.0472
64.2049
64.3223
64.4102
64.4742
64.5147
64.5396
64.5544
64.5634
64.573
64.5858
64.6027
64.6181
64.626
64.6256
64.6102
64.5854
64.5534
64.5158
64.4767
64.4382
64.4009
64.3664
64.3356
64.3134
64.3056
64.3151
64.3475
64.4028
64.4803
64.5857
64.7125
64.8595
65.0185
65.1862
65.3595
65.5378
65.715
65.8926
66.0648
66.239
66.4099
66.5767
66.7531
66.9221
67.1011
67.2646
67.4308
67.5788
67.7221
67.8422
67.9487
68.0284
68.091
68.1306
68.1579
68.1614
68.1503
68.1204
68.0733
68.0096
67.9299
67.8334
67.7311
67.6229
67.5248
67.4369
67.3747
67.3434
67.3433
67.3918
67.4762
67.6286
67.8229
68.0926
68.3703
68.7135
69.0194
69.3913
69.6829
70.047
70.2969
70.6113
70.8415
71.1203
71.36
71.6205
71.8739
72.1441
72.3808
72.6022
72.7519
72.8774
72.8658
72.7713
72.4745
71.7369
70.5376
55.9644
55.3823
54.4807
53.6526
52.9698
52.4177
51.9908
51.6254
51.3033
51.0533
50.8454
50.6756
50.5228
50.3766
50.2629
50.1799
50.0929
49.9659
49.7835
49.5545
49.3507
49.2225
49.1507
49.1507
49.2222
49.31
49.3923
49.4389
49.3851
49.2044
48.89
48.4909
48.1034
47.7967
47.6074
47.545
47.559
47.6003
47.6995
47.8664
48.0685
48.3027
48.5768
48.8922
49.2408
49.6183
50.0193
50.4386
50.8657
51.283
51.6736
52.0235
52.3185
52.5532
52.7322
52.8813
53.0344
53.2024
53.3882
53.5892
53.8016
54.0201
54.2414
54.4626
54.6868
54.9158
55.1515
55.3994
55.6548
55.9176
56.1811
56.4409
56.693
56.9338
57.1635
57.3848
57.5963
57.7947
57.975
58.134
58.273
58.3975
58.5201
58.6517
58.7999
58.9701
59.1596
59.3672
59.5876
59.8132
60.0418
60.276
60.5241
60.7844
61.0571
61.3381
61.6245
61.9076
62.1786
62.4374
62.6726
62.8933
63.0968
63.2519
63.3698
63.46
63.5288
63.5779
63.619
63.656
63.6929
63.7332
63.7757
63.8176
63.8508
63.8708
63.8766
63.866
63.8432
63.8098
63.7689
63.7245
63.6786
63.6353
63.594
63.5583
63.5314
63.5208
63.5338
63.5715
63.6411
63.7325
63.8569
64.0008
64.1689
64.3495
64.5415
64.7352
64.9352
65.1279
65.3221
65.5101
65.6969
65.8834
66.063
66.2488
66.4309
66.6122
66.7872
66.951
67.1041
67.2376
67.3598
67.4515
67.5333
67.5817
67.6244
67.6414
67.654
67.6361
67.6176
67.5638
67.5103
67.4221
67.3331
67.2169
67.1105
66.9915
66.8975
66.8074
66.763
66.7278
66.7552
66.7936
66.9148
67.0525
67.2804
67.501
67.8155
68.0683
68.4214
68.6792
69.0255
69.2693
69.5649
69.7834
70.0341
70.2316
70.4502
70.6113
70.8007
70.895
70.9619
70.88
70.6837
70.2611
69.5193
68.3747
65.9469
62.6732
56.2081
55.992
55.1934
54.3968
53.7241
53.1523
52.6806
52.2718
51.918
51.6652
51.4758
51.3263
51.2015
51.0907
50.9965
50.9097
50.8059
50.6734
50.5044
50.3001
50.1035
49.9717
49.9033
49.8954
49.9357
49.9928
50.0543
50.0931
50.0488
49.8819
49.6039
49.2513
48.8894
48.5817
48.3637
48.2518
48.2272
48.2508
48.3225
48.4526
48.628
48.8406
49.0896
49.3758
49.6953
50.0444
50.4156
50.8013
51.1919
51.5765
51.9412
52.2703
52.5502
52.7778
52.96
53.1118
53.2583
53.4147
53.5856
53.7703
53.9631
54.1599
54.3547
54.5445
54.7291
54.9093
55.0892
55.2748
55.4687
55.6711
55.876
56.0818
56.2845
56.4807
56.6721
56.8563
57.03
57.1848
57.3183
57.4274
57.5183
57.5987
57.6838
57.7812
57.9003
58.043
58.2062
58.3888
58.5837
58.787
58.9965
59.2228
59.4721
59.7424
60.0299
60.3294
60.6347
60.9364
61.2295
61.5117
61.7738
62.0209
62.2379
62.4004
62.5275
62.629
62.7131
62.7832
62.8518
62.9185
62.9881
63.061
63.1316
63.1959
63.2423
63.2718
63.2826
63.2769
63.2572
63.2211
63.1771
63.1261
63.0719
63.0185
62.97
62.926
62.8978
62.8836
62.902
62.9439
63.0252
63.129
63.2682
63.4249
63.6105
63.8085
64.0243
64.239
64.4607
64.6768
64.8912
65.1007
65.3044
65.5032
65.6988
65.8931
66.0826
66.2694
66.4486
66.6147
66.7663
66.8939
67.0068
67.0909
67.1651
67.2114
67.252
67.2664
67.2786
67.2624
67.2407
67.188
67.1276
67.0419
66.9466
66.8314
66.7147
66.5888
66.4757
66.365
66.2922
66.2256
66.2156
66.2085
66.287
66.355
66.5442
66.6808
66.9636
67.1486
67.4788
67.6912
68.0259
68.2341
68.5333
68.7155
68.9548
69.0934
69.2634
69.3283
69.4033
69.342
69.209
68.8516
68.2815
67.3358
65.8196
63.4615
59.6418
48.0955
-45.5464
-3.48319
-6.57022
-0.894126
-2.12968
-0.000182559
0.262668
1.5463
1.95552
2.64336
2.88574
3.07371
3.06291
2.97533
2.70407
2.48871
2.17242
1.72139
1.10446
0.572234
-31.2353
-3.85959
-6.60238
-1.01101
-2.21874
-0.0792273
0.169148
1.46593
1.87722
2.57193
2.82224
3.01533
3.01122
2.93319
2.66508
2.45418
2.15011
1.70178
1.07888
0.548183
-19.746
-3.6047
-6.38674
-1.1792
-2.34939
-0.206213
0.0203956
1.32121
1.73625
2.43122
2.69458
2.89789
2.90337
2.84292
2.58612
2.38153
2.09396
1.64965
1.01531
0.498306
-9.4104
-2.3626
-5.42192
-1.24805
-2.35035
-0.34227
-0.104333
1.15012
1.58174
2.25748
2.53687
2.74757
2.76461
2.72169
2.48062
2.2832
2.01388
1.58195
0.936508
0.425309
-0.603654
-0.0466757
-3.76611
-1.1105
-2.12951
-0.432958
-0.147049
0.993315
1.44091
2.07234
2.36298
2.57804
2.60655
2.57939
2.35627
2.16303
1.90304
1.5002
0.850264
0.342054
6.59406
3.0937
-1.52727
-0.578065
-1.62665
-0.388009
-0.0827214
0.895375
1.33615
1.90208
2.18774
2.39706
2.43337
2.4151
2.20842
2.01377
1.75008
1.39455
0.75803
0.2545
12.4244
6.61191
1.10004
0.378001
-0.870293
-0.183611
0.0711807
0.862319
1.2668
1.75533
2.01957
2.21189
2.24842
2.23253
2.03722
1.8371
1.56331
1.25688
0.658601
0.16894
17.1725
10.0899
3.84205
1.65186
0.0405966
0.172404
0.299683
0.897708
1.23591
1.64438
1.87757
2.04227
2.06732
2.04668
1.85693
1.65014
1.3641
1.09061
0.555418
0.0935192
21.1591
13.348
6.54639
3.14243
1.06729
0.673819
0.616591
1.01988
1.26759
1.59307
1.78988
1.91558
1.91417
1.87896
1.69099
1.47157
1.17164
0.912619
0.454957
0.0359432
24.5594
16.3157
9.11554
4.75907
2.18116
1.30079
1.02537
1.23706
1.38435
1.61925
1.76953
1.8471
1.80957
1.74792
1.55696
1.31953
1.01029
0.753227
0.365097
-0.00253394
27.4264
18.9529
11.4718
6.39585
3.32519
2.0111
1.50977
1.53971
1.58494
1.72077
1.81453
1.84005
1.76041
1.6574
1.45451
1.20063
0.889032
0.627463
0.281136
-0.0330056
29.8368
21.2597
13.5667
7.95269
4.43713
2.75343
2.03453
1.89105
1.83759
1.87189
1.90054
1.86981
1.74538
1.59141
1.37173
1.10625
0.800585
0.536842
0.202855
-0.0626181
31.8756
23.2583
15.3788
9.36484
5.48448
3.49178
2.56878
2.2515
2.09742
2.03106
1.98794
1.8995
1.73189
1.53014
1.30279
1.03387
0.745259
0.484396
0.142326
-0.0845109
33.6035
24.9646
16.8977
10.5966
6.44286
4.19405
3.0773
2.58133
2.32519
2.1649
2.0498
1.91288
1.7104
1.48304
1.26358
0.996799
0.737115
0.479541
0.119795
-0.0854486
35.1129
26.3945
18.1314
11.6383
7.28738
4.81686
3.51789
2.85568
2.50438
2.26632
2.09261
1.92207
1.70293
1.47859
1.27548
1.01526
0.78764
0.528323
0.14796
-0.0571192
36.4595
27.5611
19.1074
12.4996
8.0052
5.33607
3.86963
3.06781
2.63786
2.34307
2.13369
1.94617
1.72915
1.5265
1.34086
1.08984
0.888593
0.620479
0.223795
-0.00305245
37.661
28.4618
19.8457
13.1881
8.58699
5.74463
4.13172
3.22164
2.73261
2.40588
2.18298
1.99127
1.78599
1.60778
1.43163
1.18704
0.999063
0.720685
0.321168
0.0610753
38.6965
29.0403
20.3179
13.6685
8.98967
6.01293
4.29055
3.31047
2.78888
2.45175
2.23011
2.03954
1.84501
1.68145
1.50783
1.26622
1.08356
0.79973
0.408619
0.115568
39.5668
29.3049
20.5234
13.9
9.16896
6.11371
4.33261
3.32678
2.80157
2.47217
2.25763
2.06883
1.87962
1.72252
1.54896
1.30948
1.12835
0.844182
0.46412
0.148519
39.7277
29.2577
20.5276
13.9303
9.19345
6.12944
4.33949
3.33255
2.80746
2.47809
2.26419
2.07448
1.88695
1.73121
1.55773
1.32076
1.13894
0.855923
0.486983
0.163237
)
;

boundaryField
{
    inlet
    {
        type            calculated;
        value           nonuniform List<scalar> 
20
(
99.841
96.7467
94.7919
93.264
92.0216
91.0422
90.2898
89.7426
89.3876
89.214
89.2135
89.3869
89.7413
90.2877
91.0401
92.0187
93.2605
94.7884
96.7433
99.838
)
;
    }
    outlet
    {
        type            calculated;
        value           uniform 0;
    }
    walls
    {
        type            calculated;
        value           nonuniform List<scalar> 
520
(
99.838
87.2959
79.7397
76.0674
74.0307
72.481
71.1222
69.8502
68.6629
67.5074
66.3976
65.292
64.2331
63.1853
62.2088
61.2646
60.4311
59.6676
59.0751
58.6585
58.6179
58.5789
58.5164
58.4376
58.3456
58.2463
58.1492
58.0623
57.9899
57.9327
57.8894
57.8582
57.8373
57.8252
57.8206
57.8222
57.8289
57.8397
57.854
57.8712
57.8913
57.9145
57.9406
57.9694
57.9999
58.0309
58.0602
58.0858
58.1057
58.1185
58.124
58.1228
58.1169
58.1088
58.1007
58.0939
58.0882
58.0823
58.0745
58.0632
58.0497
58.0373
58.0302
58.0337
58.0492
58.0773
58.1201
58.1773
58.2464
58.3253
58.4137
58.5119
58.6212
58.7455
58.8867
59.0416
59.205
59.3713
59.5368
59.6994
59.8592
60.0149
60.1644
60.3064
60.4418
60.573
60.699
60.8185
60.9295
61.0288
61.1112
61.1721
61.207
61.2134
61.2103
61.2276
61.2827
61.3782
61.4922
61.5988
61.6882
61.7737
61.8639
61.9205
61.9981
62.2315
62.4784
63.0269
63.27
63.8275
63.9938
64.5548
64.6815
65.3575
65.7055
66.6625
67.2048
68.2911
68.9013
69.9885
70.4832
71.4808
71.8721
72.7479
73.0184
73.7047
73.8448
74.5155
74.5798
75.1088
75.0767
75.5563
75.5616
76.1073
76.2106
76.8544
77.0456
77.777
77.9625
78.7015
78.7998
79.4757
79.3901
79.98
79.808
80.2739
80.0353
80.3976
80.1068
80.3849
80.1011
80.3859
80.1757
80.5436
80.4288
80.8086
80.7237
81.0604
80.9948
81.3445
81.1962
81.6536
81.408
81.9888
81.5431
82.3491
81.7041
82.5361
81.6285
82.4308
81.3591
82.026
81.0582
81.5889
80.6576
81.095
80.1793
80.4839
79.6459
79.854
79.0319
79.4169
78.4649
78.7394
77.897
77.9548
77.0534
76.9423
76.0602
75.7598
74.9148
74.6104
73.8175
73.5183
72.7197
72.3911
71.5805
71.171
70.4001
69.8756
69.0781
68.4811
67.569
66.9923
65.859
65.4542
63.7545
64.5113
62.7208
63.3269
61.4659
60.5985
58.5609
56.963
54.9848
53.1326
51.1156
49.0923
46.9469
44.7916
39.7277
29.2577
20.5276
13.9303
9.19345
6.12944
4.33949
3.33255
2.80746
2.47809
2.26419
2.07448
1.88695
1.73121
1.55773
1.32076
1.13894
0.855923
0.486983
0.163237
99.841
87.2935
79.738
76.0659
74.0303
72.4793
71.1194
69.8458
68.6555
67.4961
66.3791
65.2648
64.1866
63.1173
62.0923
61.0928
60.1373
59.2199
58.3119
57.2427
56.916
56.8245
56.7709
56.7033
56.5331
56.2757
56.0229
55.9061
55.9745
56.2047
56.5134
56.8038
56.9624
56.9334
56.6901
56.2671
55.8597
55.728
55.9644
56.2081
56.916
56.9064
56.8955
56.6047
56.0216
55.2819
54.506
53.7696
53.1189
52.5746
52.1395
51.8182
51.6196
51.5078
51.4183
51.4001
51.426
51.4203
51.3991
51.4087
51.4664
51.5611
51.5544
51.4287
51.2234
50.9654
50.7747
50.7899
51.006
51.2812
51.4756
51.57
51.6201
51.7033
51.8504
52.0147
52.1174
52.1437
52.1606
52.1831
52.254
52.4024
52.5042
52.6364
52.8515
52.942
52.8969
52.8637
52.9842
53.3548
53.9494
54.6641
55.3864
56.029
56.5899
57.0709
57.4667
57.7759
58.0692
58.4182
58.8903
59.4512
60.0609
60.7515
61.5141
62.3342
63.1483
63.9754
64.8337
65.6659
66.4944
67.3274
68.154
68.925
69.5856
70.1341
70.6074
71.0517
71.496
71.9588
72.4458
72.957
73.485
74.0166
74.541
75.0506
75.533
75.9825
76.4029
76.7935
77.1523
77.4746
77.7634
78.0242
78.2519
78.4418
78.6182
78.7768
78.9287
79.0689
79.2023
79.3309
79.4547
79.5721
79.6817
79.7786
79.8523
79.9017
79.9267
79.9288
79.9113
79.8771
79.8285
79.7689
79.7007
79.6262
79.5474
79.4638
79.3706
79.2703
79.1696
79.0727
78.9742
78.873
78.7691
78.6581
78.538
78.4108
78.2799
78.1528
78.043
77.9581
77.8972
77.8563
77.8314
77.8166
77.7994
77.77
77.7297
77.6907
77.6634
77.6506
77.654
77.6818
77.7406
77.8302
77.9447
78.0751
78.2115
78.3447
78.467
78.5725
78.6584
78.7221
78.7654
78.7902
78.8044
78.8121
78.8182
78.8231
78.829
78.8362
78.846
78.8606
78.8852
78.9234
78.9793
79.0532
79.1463
79.2543
79.3742
79.4994
79.6315
79.7719
79.9251
80.0897
80.2633
80.4421
80.6275
80.818
81.0106
81.1975
81.3756
81.5394
81.6803
81.798
81.9062
82.0148
82.1173
82.2373
82.389
82.5583
82.7334
82.9376
83.2197
83.6258
84.128
84.6119
84.9301
85.0385
85.0385
84.9666
84.7978
84.4915
84.1457
83.8669
83.6597
83.6669
83.6303
83.7204
83.6176
83.3936
82.9627
82.1674
80.9798
78.7408
75.9513
70.5376
62.6732
48.0955
-45.5464
-3.48319
-6.57022
-0.894126
-2.12968
-0.000182559
0.262668
1.5463
1.95552
2.64336
2.88574
3.07371
3.06291
2.97533
2.70407
2.48871
2.17242
1.72139
1.10446
0.572234
)
;
    }
    frontAndBack
    {
        type            empty;
    }
}


// ************************************************************************* //
