/*--------------------------------*- C++ -*----------------------------------*\
| =========                 |                                                 |
| \\      /  F ield         | OpenFOAM: The Open Source CFD Toolbox           |
|  \\    /   O peration     | Version:  2.4.0                                 |
|   \\  /    A nd           | Web:      www.OpenFOAM.org                      |
|    \\/     M anipulation  |                                                 |
\*---------------------------------------------------------------------------*/
FoamFile
{
    version     2.0;
    format      ascii;
    class       volScalarField;
    location    "1.82";
    object      pMean;
}
// * * * * * * * * * * * * * * * * * * * * * * * * * * * * * * * * * * * * * //

dimensions      [0 2 -2 0 0 0 0];

internalField   nonuniform List<scalar> 
8800
(
86.9036
74.4649
67.0614
63.5014
61.6099
60.1776
58.9693
57.8207
56.7911
55.7599
54.809
53.822
52.9162
51.9732
51.1311
50.2582
49.4943
48.7082
48.0062
47.225
83.7924
74.1105
67.2299
63.6153
61.6699
60.2028
58.9768
57.8211
56.789
55.7575
54.8061
53.8198
52.9137
51.9715
51.1293
50.2563
49.4962
48.7022
48.007
47.1825
81.8274
74.1863
67.8317
63.9909
61.8376
60.282
59.0234
57.8538
56.8134
55.7745
54.8165
53.8244
52.9152
51.9695
51.1285
50.2501
49.5012
48.6934
48.0567
47.2132
80.292
74.2477
68.4183
64.4144
62.0215
60.3696
59.0861
57.9102
56.8621
55.8132
54.8443
53.8416
52.9265
51.9731
51.1319
50.2446
49.5067
48.6979
48.1505
47.3737
79.0432
74.221
68.8938
64.8201
62.1902
60.4369
59.1355
57.9676
56.918
55.8648
54.8798
53.8684
52.9398
51.9826
51.1318
50.2452
49.5012
48.7193
48.1616
47.5884
78.0578
74.1241
69.259
65.166
62.3408
60.4793
59.1641
58.0119
56.9684
55.9143
54.9153
53.8949
52.9514
51.9909
51.128
50.2436
49.4878
48.7344
48.2138
47.9001
77.3014
74.0074
69.5267
65.4455
62.4763
60.5048
59.1731
58.043
57.0079
55.9559
54.9443
53.9177
52.9585
51.9971
51.1201
50.2405
49.4677
48.7373
48.2871
48.275
76.7477
73.9073
69.7072
65.6582
62.5942
60.5247
59.1655
58.0672
57.0347
55.9901
54.9633
53.9389
52.9591
52.0053
51.1071
50.2432
49.4424
48.7316
48.2237
48.616
76.3873
73.837
69.8206
65.8031
62.6793
60.5383
59.1562
58.0834
57.0548
56.0148
54.9782
53.9542
52.9628
52.0116
51.1031
50.2447
49.4302
48.7427
48.2916
48.9404
76.208
73.8049
69.8781
65.8802
62.7246
60.5481
59.1514
58.094
57.0678
56.031
54.9882
53.965
52.968
52.019
51.1057
50.2509
49.4369
48.7628
48.3549
49.0549
76.2011
73.8154
69.8786
65.8853
62.7241
60.5519
59.1487
58.098
57.0678
56.0356
54.9888
53.9705
52.97
52.0267
51.11
50.2615
49.4453
48.785
48.3912
49.1504
76.3703
73.8639
69.8225
65.8138
62.6795
60.5468
59.1511
58.0922
57.0562
56.0255
54.9812
53.9685
52.9709
52.032
51.1177
50.273
49.46
48.8009
48.4147
49.1835
76.7213
73.9461
69.7073
65.6712
62.5931
60.5377
59.1564
58.0809
57.0352
56.0065
54.9669
53.9625
52.9708
52.0391
51.1301
50.2908
49.4819
48.8212
48.4184
49.1524
77.2677
74.0519
69.525
65.4585
62.4697
60.5201
59.1598
58.0596
57.0046
55.9765
54.945
53.9496
52.9682
52.0449
51.1447
50.3128
49.5118
48.8485
48.4065
49.0416
78.0214
74.168
69.2596
65.1763
62.3308
60.4912
59.1526
58.0263
56.9644
55.9355
54.9163
53.929
52.9629
52.0463
51.1601
50.3362
49.551
48.8861
48.4057
48.8458
79.0034
74.2659
68.8964
64.829
62.1779
60.4462
59.1266
57.9811
56.9152
55.8863
54.8831
53.9036
52.9559
52.0439
51.1755
50.3578
49.5976
48.9354
48.4349
48.5852
80.2502
74.2931
68.4235
64.4252
62.0083
60.3787
59.0791
57.9248
56.8602
55.836
54.8499
53.8787
52.9482
52.0393
51.1888
50.3742
49.6436
48.983
48.4944
48.3105
81.7848
74.2299
67.8403
64.0034
61.8247
60.2907
59.0175
57.8686
56.813
55.7972
54.8252
53.8617
52.943
52.0372
51.1986
50.3866
49.6766
49.0196
48.5536
48.1683
83.7491
74.1511
67.2405
63.6292
61.6579
60.2112
58.9712
57.8363
56.7894
55.7805
54.816
53.8576
52.9435
52.0404
51.2051
50.3964
49.692
49.041
48.5504
48.0919
86.8598
74.5036
67.0717
63.5157
61.5986
60.1858
58.9638
57.8362
56.7914
55.7834
54.8188
53.8603
52.9461
52.0428
51.2083
50.3997
49.6956
49.0467
48.5517
48.2121
47.2987
47.2309
47.021
46.7784
46.5652
46.3924
46.2638
46.1733
46.1158
46.0869
46.0812
46.0857
46.0931
46.0952
46.0884
46.0684
46.0342
45.9805
45.9086
45.8144
45.7038
45.5829
45.4616
45.3452
45.2433
45.1605
45.0999
45.0567
45.0262
44.9994
44.97
44.9328
44.8879
44.8343
44.7725
44.6993
44.6148
44.5134
44.3979
44.2656
44.1235
43.9712
43.8242
43.6878
43.5745
43.4835
43.4213
43.3826
43.3672
43.3648
43.3685
43.3638
43.347
43.3084
43.2527
43.1695
43.0688
42.9466
42.8146
42.6652
42.5054
42.3289
42.1463
41.9575
41.7789
41.6185
41.4917
41.4076
41.3751
41.3867
41.444
41.5316
41.6481
41.7738
41.9113
42.0397
42.1646
42.2659
42.3517
42.4068
42.4415
42.4488
42.4446
42.4196
42.3951
42.3646
42.3446
42.335
42.3414
42.3664
42.4124
42.4802
42.5692
42.6725
42.7904
42.9151
43.052
43.1899
43.3338
43.4716
43.6078
43.7298
43.8466
43.9368
44.0226
44.0833
44.1416
44.1811
44.2241
44.2484
44.2727
44.2799
44.2856
44.2736
44.2618
44.2387
44.2204
44.1953
44.1795
44.1618
44.1601
44.1621
44.1874
44.2142
44.2668
44.3118
44.3883
44.4538
44.5536
44.6536
44.7853
44.9215
45.0791
45.2369
45.4099
45.58
45.7624
45.9376
46.1177
46.2886
46.4671
46.6419
46.8254
47.0062
47.1935
47.3742
47.5602
47.7426
47.9261
48.1037
48.2779
48.443
48.6051
48.7549
48.9026
49.0428
49.1902
49.3243
49.4708
49.6049
49.7595
49.8847
50.0382
50.1528
50.2953
50.3966
50.5292
50.6142
50.7335
50.7908
50.9099
50.9429
51.0789
51.1075
51.2756
51.3123
51.5224
51.5722
51.8296
51.912
52.2095
52.3423
52.6837
52.8915
53.2714
53.5536
53.9658
54.2874
54.7222
55.0442
55.4607
55.7027
55.9829
55.9504
55.8244
55.0518
53.81
50.5283
46.3277
25.8545
47.0641
47.0373
46.9731
46.8201
46.6281
46.4457
46.306
46.213
46.1631
46.1429
46.1445
46.1532
46.1629
46.1647
46.1575
46.1358
46.1006
46.0477
45.9791
45.8923
45.7924
45.6832
45.5742
45.4694
45.3776
45.3007
45.2425
45.1992
45.169
45.1433
45.1181
45.0858
45.0465
44.9969
44.9389
44.868
44.7863
44.6887
44.5792
44.4544
44.3216
44.1819
44.0464
43.9197
43.8119
43.7236
43.6602
43.6176
43.5951
43.5829
43.5778
43.5662
43.5467
43.5078
43.4545
43.377
43.2832
43.1679
43.0411
42.898
42.7455
42.5797
42.4081
42.2336
42.0675
41.9183
41.7985
41.7145
41.6757
41.6764
41.7188
41.7899
41.8888
41.9992
42.1193
42.234
42.3415
42.4289
42.4985
42.5415
42.5654
42.5652
42.5533
42.527
42.4985
42.4684
42.4439
42.431
42.4303
42.4467
42.4821
42.538
42.614
42.7046
42.8109
42.926
43.0518
43.1785
43.3093
43.4348
43.5586
43.6703
43.7738
43.8541
43.9275
43.9806
44.0281
44.0594
44.0894
44.1053
44.1176
44.1167
44.1102
44.0894
44.0626
44.03
43.9972
43.9635
43.9352
43.908
43.8983
43.8934
43.9135
43.9361
43.9844
44.0285
44.0994
44.1648
44.2561
44.3499
44.4701
44.5955
44.7423
44.8892
45.0524
45.2105
45.3815
45.5457
45.7136
45.8732
46.0408
46.2036
46.3742
46.5418
46.7184
46.8831
47.0607
47.2291
47.4067
47.5743
47.7428
47.8997
48.0631
48.2068
48.3604
48.4976
48.6555
48.7856
48.9406
49.0701
49.2259
49.3403
49.4902
49.5927
49.7292
49.8167
49.9406
50.0007
50.1121
50.1345
50.2431
50.236
50.3606
50.3456
50.505
50.4996
50.7006
50.7153
50.9556
51.0156
51.2807
51.3971
51.691
51.874
52.2051
52.4321
52.7983
53.0277
53.397
53.5764
53.8686
53.8808
53.9465
53.514
53.0131
51.3854
49.6301
43.883
37.9775
19.1016
47.0468
47.0483
47.0564
46.9554
46.7592
46.5346
46.3498
46.2304
46.1794
46.1725
46.191
46.213
46.2308
46.2348
46.2262
46.2006
46.1619
46.1068
46.0396
45.9582
45.8683
45.771
45.675
45.5822
45.5006
45.4304
45.3763
45.3342
45.3044
45.2788
45.2556
45.2262
45.1912
45.1454
45.0913
45.0238
44.946
44.8536
44.7513
44.6367
44.5161
44.3905
44.2685
44.1538
44.0542
43.9707
43.9076
43.8615
43.8327
43.8121
43.798
43.7789
43.7544
43.7141
43.661
43.5877
43.4988
43.3907
43.2696
43.1342
42.9895
42.8356
42.6778
42.5194
42.3692
42.2335
42.1235
42.0432
42.0004
41.9928
42.022
42.0788
42.161
42.2558
42.3587
42.4573
42.5471
42.6191
42.672
42.7026
42.7143
42.708
42.6888
42.6608
42.6277
42.5958
42.5674
42.5492
42.5404
42.5463
42.5692
42.6119
42.6736
42.7527
42.8481
42.9553
43.0702
43.1875
43.3064
43.4207
43.5315
43.6328
43.723
43.7945
43.8578
43.906
43.9464
43.9744
43.9977
44.0107
44.0162
44.0122
43.9967
43.9693
43.9319
43.8913
43.849
43.806
43.7702
43.7364
43.726
43.7183
43.7389
43.7605
43.8086
43.856
43.923
43.9899
44.0743
44.1653
44.2751
44.3915
44.5277
44.6646
44.8171
44.9635
45.1207
45.2731
45.4279
45.5759
45.7326
45.8846
46.0454
46.204
46.372
46.5281
46.7005
46.8589
47.0308
47.1841
47.3444
47.4894
47.6503
47.7878
47.9486
48.0845
48.2504
48.3803
48.5443
48.6753
48.8288
48.9377
49.082
49.1703
49.3017
49.3667
49.4837
49.5103
49.6157
49.6024
49.7026
49.657
49.7769
49.7222
49.876
49.8373
50.013
50.0104
50.2038
50.2522
50.4624
50.556
50.8012
50.9346
51.2259
51.3718
51.6914
51.807
52.0998
52.1069
52.2869
52.0081
51.9182
50.9434
50.3168
47.559
45.6237
38.521
31.4309
18.572
46.8635
46.8918
47.0799
47.0514
46.8449
46.5739
46.3484
46.2138
46.1723
46.189
46.2355
46.2813
46.3146
46.3247
46.3148
46.2837
46.2383
46.1783
46.11
46.0319
45.95
45.8639
45.7808
45.7009
45.6308
45.5692
45.5207
45.4811
45.4518
45.4258
45.4028
45.3748
45.3423
45.2996
45.2487
45.1853
45.1126
45.0273
44.9339
44.831
44.724
44.6135
44.5064
44.4041
44.314
44.2355
44.1736
44.1242
44.089
44.0603
44.0376
44.0118
43.9822
43.9407
43.8879
43.8187
43.735
43.6349
43.5221
43.397
43.2637
43.1233
42.9807
42.8391
42.7053
42.5841
42.4845
42.4092
42.3644
42.3492
42.3659
42.4076
42.4719
42.5488
42.6326
42.7124
42.7834
42.8391
42.8767
42.8962
42.8979
42.8852
42.8596
42.828
42.7914
42.7563
42.7239
42.6979
42.6788
42.6718
42.6812
42.7106
42.7601
42.829
42.9156
43.014
43.1196
43.2264
43.3348
43.4378
43.5362
43.6253
43.7025
43.7637
43.8192
43.8647
43.9033
43.9327
43.9553
43.9695
43.9741
43.9687
43.9479
43.9154
43.8736
43.8259
43.7801
43.7312
43.6948
43.6619
43.6546
43.6481
43.672
43.6962
43.7481
43.7976
43.8645
43.9299
44.0136
44.102
44.2079
44.3183
44.4443
44.5726
44.714
44.8499
44.9944
45.1337
45.2751
45.4107
45.5578
45.6998
45.8553
46.0094
46.173
46.329
46.4988
46.6498
46.8143
46.9511
47.1024
47.2326
47.3907
47.5188
47.6865
47.8236
47.9973
48.1307
48.305
48.4304
48.5831
48.6815
48.8281
48.8879
49.0255
49.0526
49.1734
49.1575
49.2646
49.2103
49.3078
49.2271
49.3453
49.2699
49.4001
49.3537
49.4792
49.4716
49.6048
49.6325
49.7896
49.8452
50.0436
50.1106
50.3543
50.4029
50.6724
50.6363
50.8964
50.6465
50.8106
50.1031
50.0306
48.3458
47.7035
44.0853
41.6183
34.9192
27.3934
18.7875
47.5881
47.5159
47.3224
47.0454
46.7309
46.4328
46.2286
46.1346
46.1342
46.1908
46.2749
46.352
46.4057
46.4252
46.4156
46.3792
46.3264
46.26
46.1884
46.1117
46.036
45.9602
45.8897
45.8231
45.7653
45.714
45.6727
45.6375
45.6099
45.5844
45.5613
45.5343
45.5037
45.4645
45.4181
45.3609
45.2955
45.2197
45.1371
45.047
44.954
44.8582
44.7647
44.6742
44.5923
44.5186
44.457
44.4049
44.3638
44.3287
44.2987
44.2676
44.2334
44.191
44.139
44.0743
43.9973
43.9069
43.8051
43.6926
43.573
43.4477
43.3211
43.1958
43.078
42.9706
42.8811
42.8112
42.7659
42.7444
42.7493
42.7758
42.8214
42.8784
42.9407
43.0002
43.0521
43.0919
43.1161
43.1253
43.1191
43.1001
43.0701
43.0339
42.9934
42.9521
42.912
42.8744
42.8417
42.8195
42.8153
42.8316
42.8715
42.9316
43.0118
43.1034
43.2017
43.3015
43.4011
43.4943
43.5816
43.6584
43.7239
43.7771
43.8277
43.8724
43.9112
43.9448
43.9688
43.9861
43.9918
43.9854
43.9629
43.9273
43.8845
43.8347
43.791
43.7435
43.7125
43.6877
43.6863
43.6886
43.7179
43.7509
43.8058
43.8592
43.9275
43.9941
44.0812
44.1665
44.2743
44.3786
44.4997
44.6176
44.7504
44.8747
45.0115
45.1358
45.2692
45.3922
45.5325
45.6648
45.8206
45.972
46.1391
46.2982
46.468
46.6109
46.7705
46.889
47.0346
47.1481
47.3032
47.4226
47.5945
47.7294
47.9133
48.0418
48.2301
48.3386
48.4981
48.5758
48.7291
48.7574
48.9069
48.888
49.016
48.9556
49.0642
48.9712
49.0589
48.9643
49.0673
48.9994
49.0953
49.0476
49.134
49.1033
49.1929
49.177
49.2983
49.292
49.4596
49.4294
49.6477
49.5479
49.8051
49.5464
49.8096
49.2361
49.3997
48.2606
48.1088
45.9646
44.9448
41.2968
38.0958
32.7587
25.6704
19.3135
48.1885
48.0743
47.5807
47.0445
46.5775
46.2375
46.0674
46.0386
46.1038
46.217
46.3438
46.4498
46.5186
46.5433
46.5311
46.4885
46.4274
46.3542
46.2781
46.2018
46.1302
46.063
46.0033
45.9492
45.9031
45.8626
45.8292
45.7997
45.775
45.7513
45.7286
45.7031
45.6744
45.6391
45.5978
45.5479
45.4909
45.4257
45.3547
45.2778
45.1981
45.1158
45.0346
44.955
44.8809
44.8124
44.752
44.6988
44.6533
44.613
44.5764
44.54
44.5014
44.4574
44.4061
44.3457
44.2753
44.1944
44.1039
44.0045
43.8989
43.789
43.6784
43.5695
43.4673
43.3736
43.2942
43.2304
43.1858
43.1603
43.1557
43.1697
43.1985
43.2365
43.2779
43.318
43.3518
43.3764
43.3887
43.3889
43.3756
43.3507
43.3154
43.2725
43.2243
43.1733
43.1221
43.0703
43.0222
42.9831
42.9664
42.9719
43.0035
43.0578
43.1347
43.2223
43.3154
43.4105
43.5031
43.5887
43.6667
43.7351
43.7928
43.8427
43.8918
43.9372
43.9786
44.0174
44.0455
44.0656
44.073
44.0653
44.0421
44.0032
43.9623
43.9158
43.8778
43.8405
43.82
43.8086
43.8181
43.8364
43.8755
43.9224
43.9826
44.044
44.1143
44.1887
44.2784
44.3694
44.4792
44.581
44.6997
44.8071
44.9323
45.0446
45.1748
45.2871
45.4168
45.5311
45.6665
45.7933
45.9525
46.103
46.2808
46.4432
46.6157
46.7535
46.9048
47.0084
47.1451
47.2455
47.3943
47.5
47.6791
47.8013
47.9985
48.1121
48.3123
48.3972
48.5761
48.6229
48.795
48.7836
48.9477
48.8867
49.0194
48.914
49.0212
48.8927
48.9727
48.8732
48.9672
48.9004
48.9893
48.9174
48.9928
48.9166
48.9853
48.898
49.0054
48.9075
49.0534
48.9057
49.0854
48.8411
49.046
48.6139
48.774
47.9969
47.9653
46.6229
46.1377
43.9673
42.4684
39.3106
35.8328
31.8046
25.6918
20.4316
48.8319
48.6223
47.7505
46.9013
46.27
45.9198
45.8358
45.9211
46.0858
46.2711
46.441
46.5695
46.6449
46.6669
46.6462
46.5936
46.5224
46.4421
46.3617
46.2857
46.2177
46.1581
46.1076
46.0646
46.0291
45.9987
45.9731
45.9502
45.9293
45.9084
45.887
45.8631
45.8362
45.8045
45.7678
45.7248
45.6761
45.6211
45.5611
45.4964
45.4287
45.3589
45.2888
45.2194
45.1527
45.0896
45.0314
44.9785
44.9306
44.8869
44.8458
44.8055
44.7638
44.7189
44.6689
44.6127
44.5488
44.477
44.3973
44.3106
44.2188
44.1239
44.0284
43.9349
43.8464
43.7653
43.6947
43.637
43.5944
43.5679
43.558
43.5631
43.5793
43.6015
43.6252
43.6475
43.6653
43.6771
43.6793
43.6709
43.6504
43.6191
43.5765
43.5239
43.4655
43.4037
43.3402
43.2737
43.2101
43.1555
43.126
43.1236
43.1513
43.2055
43.2829
43.3698
43.4608
43.5528
43.6389
43.7193
43.7902
43.8534
43.9086
43.9619
44.0116
44.0598
44.1065
44.1501
44.1824
44.2044
44.215
44.2068
44.1836
44.1428
44.1037
44.0635
44.0348
44.0145
44.0085
44.0167
44.0448
44.0858
44.1421
44.2076
44.2795
44.3517
44.4276
44.5094
44.6038
44.7038
44.8141
44.9208
45.0344
45.139
45.2562
45.3629
45.4857
45.5945
45.7193
45.8327
45.966
46.0957
46.2578
46.4113
46.5959
46.7656
46.9386
47.0758
47.214
47.3069
47.4308
47.5225
47.6621
47.7479
47.9344
48.0409
48.2409
48.3527
48.5572
48.6168
48.8163
48.8403
49.025
48.9885
49.1474
49.0652
49.1854
49.0644
49.1445
49.002
49.0672
48.9818
49.0627
49.0019
49.0755
48.9982
49.0499
48.9432
48.9696
48.8335
48.8868
48.7205
48.7778
48.5502
48.62
48.2852
48.3638
47.8236
47.805
46.9344
46.6832
45.2847
44.5474
42.5238
40.8257
38.2906
34.9554
31.8256
26.7551
22.0927
50.0742
49.6369
48.0005
46.6428
45.8056
45.4712
45.5188
45.7663
46.0668
46.3398
46.5533
46.6981
46.7732
46.7867
46.7525
46.687
46.6047
46.518
46.435
46.3607
46.2971
46.2449
46.2029
46.1697
46.1433
46.122
46.1035
46.0867
46.0699
46.0524
46.0328
46.011
45.9859
45.9573
45.9244
45.8872
45.8451
45.7986
45.7475
45.6928
45.6349
45.5752
45.5141
45.4533
45.3934
45.3359
45.281
45.2298
45.1815
45.1366
45.0935
45.0518
45.0093
44.9656
44.9183
44.8672
44.8102
44.7476
44.6785
44.6042
44.525
44.4436
44.3609
44.2805
44.2035
44.1333
44.071
44.0198
43.9801
43.9544
43.9408
43.9393
43.9451
43.9545
43.9631
43.9708
43.9749
43.9761
43.9696
43.9536
43.9259
43.887
43.8354
43.7734
43.7055
43.633
43.5591
43.4804
43.4035
43.3376
43.299
43.2937
43.322
43.3805
43.4593
43.547
43.6366
43.7256
43.8077
43.8842
43.9523
44.0167
44.0754
44.136
44.1896
44.2449
44.2976
44.3446
44.3793
44.4021
44.414
44.4079
44.3852
44.3471
44.3104
44.2796
44.2648
44.2652
44.2793
44.3136
44.3673
44.4374
44.5167
44.6046
44.6917
44.7775
44.8648
44.9569
45.0595
45.1658
45.2777
45.3867
45.4958
45.6041
45.7174
45.8236
45.9439
46.0541
46.1745
46.2938
46.4239
46.5615
46.7299
46.8863
47.0817
47.2598
47.4313
47.5627
47.7013
47.7749
47.8914
47.9738
48.1059
48.1802
48.3655
48.4593
48.6491
48.7565
48.9655
49.0076
49.216
49.2301
49.4208
49.3744
49.5235
49.4458
49.5417
49.4137
49.4605
49.3107
49.356
49.2894
49.3663
49.3162
49.3747
49.2946
49.3291
49.1843
49.1691
48.9875
48.9775
48.732
48.6912
48.3748
48.3429
47.916
47.9049
47.2583
47.1257
46.1822
45.8043
44.4326
43.5909
41.8176
40.0947
38.0936
35.0658
32.4138
28.215
23.998
50.5774
50.0879
48.1783
46.5657
45.5866
45.2302
45.3395
45.685
46.0759
46.4161
46.669
46.8306
46.9046
46.9067
46.8559
46.7754
46.682
46.5896
46.5051
46.4333
46.3746
46.3295
46.2954
46.271
46.2526
46.2388
46.2265
46.215
46.202
46.1875
46.17
46.1502
46.1268
46.1009
46.0711
46.0384
46.0014
45.9612
45.9169
45.8699
45.8195
45.7677
45.7139
45.6602
45.6062
45.5537
45.5022
45.4534
45.4061
45.3617
45.3187
45.2776
45.2362
45.195
45.1514
45.1059
45.0558
45.0019
44.9424
44.8793
44.8116
44.7423
44.6714
44.6027
44.5366
44.477
44.4234
44.3792
44.3432
44.3186
44.3026
44.2954
44.2912
44.2886
44.2834
44.2774
44.2696
44.262
44.2482
44.2267
44.194
44.1499
44.0916
44.0218
43.9445
43.8631
43.78
43.6906
43.6068
43.534
43.4926
43.4887
43.5225
43.5864
43.6683
43.7559
43.8454
43.9324
44.0134
44.088
44.1591
44.2321
44.3024
44.3731
44.4357
44.5001
44.5583
44.6057
44.6395
44.6618
44.6758
44.6719
44.6525
44.621
44.5931
44.578
44.5813
44.6034
44.643
44.7064
44.7908
44.8933
44.9995
45.1134
45.2192
45.3227
45.4247
45.5279
45.6403
45.7499
45.8647
45.9741
46.0814
46.1953
46.307
46.4157
46.5375
46.6462
46.768
46.8918
47.0207
47.1693
47.349
47.5112
47.7167
47.9083
48.09
48.1977
48.3629
48.3984
48.5253
48.592
48.7084
48.7855
48.9635
49.0368
49.2333
49.3213
49.5463
49.548
49.7897
49.7854
49.9894
49.9123
50.082
49.9943
50.1051
49.9289
49.9673
49.8097
49.8604
49.8039
49.8762
49.8362
49.8874
49.8052
49.8282
49.6186
49.5865
49.3524
49.2823
48.9472
48.846
48.4197
48.311
47.8467
47.7556
47.1017
46.9116
45.9015
45.4683
44.1556
43.2693
41.7655
40.0787
38.4246
35.7325
33.3041
29.7558
25.9547
50.8252
50.3763
48.3901
46.6618
45.5861
45.1684
45.2712
45.6556
46.0994
46.4855
46.769
46.9449
47.0191
47.0119
46.9476
46.8547
46.7522
46.6555
46.5705
46.5018
46.4483
46.4101
46.3834
46.3666
46.3551
46.3475
46.3402
46.3328
46.3228
46.311
46.2955
46.2777
46.2563
46.2328
46.2059
46.1767
46.1438
46.1087
46.0698
46.0289
45.9849
45.9395
45.8918
45.8439
45.7949
45.747
45.6992
45.6535
45.6085
45.5662
45.5248
45.4858
45.447
45.4094
45.3705
45.331
45.2879
45.242
45.1913
45.1381
45.0808
45.0223
44.9622
44.9044
44.8487
44.7988
44.754
44.717
44.6858
44.6633
44.6459
44.6324
44.6178
44.6035
44.5866
44.5688
44.551
44.5367
44.5188
44.4949
44.4603
44.4138
44.3529
44.2796
44.1962
44.1058
44.0144
43.9161
43.8284
43.7521
43.7124
43.7116
43.7548
43.8262
43.9142
44.0032
44.0959
44.182
44.2632
44.338
44.4173
44.5032
44.5903
44.6742
44.7494
44.8211
44.883
44.9305
44.9648
44.9882
45.004
45.002
44.9899
44.9699
44.9573
44.9633
44.9907
45.0393
45.1077
45.2018
45.3189
45.4539
45.5916
45.7318
45.8603
45.9844
46.1025
46.2158
46.3343
46.4454
46.5625
46.6704
46.7819
46.8994
47.0139
47.1253
47.2519
47.3593
47.4883
47.6148
47.7498
47.9059
48.1033
48.273
48.4905
48.6913
48.8986
48.9725
49.182
49.1607
49.3133
49.3503
49.4726
49.536
49.7141
49.752
49.977
50.0283
50.2952
50.2277
50.5398
50.4805
50.748
50.5868
50.8357
50.7168
50.8876
50.6117
50.6778
50.4779
50.5769
50.5142
50.6157
50.5551
50.6163
50.5057
50.5365
50.2353
50.2204
49.9391
49.808
49.3567
49.2108
48.6947
48.598
48.1267
48.0232
47.2828
47.0925
46.0026
45.5519
44.3172
43.4042
42.1278
40.5269
39.0449
36.6603
34.3515
31.2576
27.8474
50.979
50.5525
48.5418
46.7584
45.6336
45.1775
45.2717
45.6732
46.1447
46.5558
46.8558
47.039
47.1112
47.0958
47.0217
46.9208
46.8139
46.7163
46.6334
46.5688
46.521
46.4893
46.4694
46.4587
46.4527
46.4496
46.4458
46.4412
46.4335
46.4235
46.41
46.3941
46.3748
46.3536
46.3293
46.3034
46.2743
46.2433
46.2091
46.1732
46.1343
46.0942
46.0519
46.0092
45.9651
45.9217
45.878
45.8358
45.7944
45.7552
45.717
45.6811
45.6457
45.6121
45.5783
45.5447
45.5087
45.4708
45.4292
45.3857
45.3386
45.2905
45.2414
45.1943
45.1484
45.1072
45.0711
45.0415
45.015
44.9938
44.9739
44.9532
44.9289
44.9042
44.8766
44.8495
44.8251
44.8062
44.787
44.7653
44.7341
44.6899
44.6307
44.5572
44.472
44.3755
44.2777
44.1731
44.0845
44.0072
43.9754
43.9777
44.0313
44.1094
44.2045
44.2948
44.3945
44.4827
44.5679
44.6442
44.7371
44.8378
44.9437
45.04
45.1265
45.2021
45.2663
45.3143
45.3529
45.3801
45.4004
45.4044
45.4066
45.4012
45.4132
45.4435
45.5038
45.5796
45.6829
45.8082
45.961
46.1245
46.2959
46.4568
46.6145
46.756
46.8928
47.0141
47.1378
47.2451
47.3647
47.4676
47.5885
47.7041
47.829
47.9427
48.0755
48.1863
48.3241
48.4539
48.6045
48.7668
48.9861
49.1611
49.3939
49.5915
49.8307
49.8797
50.1225
50.0429
50.2415
50.2272
50.3901
50.4067
50.613
50.6135
50.8763
50.8783
51.1705
51.0487
51.4365
51.3194
51.6371
51.4271
51.7837
51.6091
51.8547
51.4716
51.6072
51.3317
51.5256
51.4012
51.5639
51.4611
51.5499
51.4144
51.4541
51.036
51.0284
50.699
50.4697
49.9963
49.8189
49.3071
49.2569
48.6786
48.5476
47.7162
47.5805
46.4194
45.9389
44.7899
43.8671
42.7388
41.2748
39.833
37.6823
35.4759
32.6994
29.6308
51.0367
50.6092
48.5957
46.8136
45.6951
45.2479
45.3537
45.7647
46.2413
46.6514
46.9462
47.1211
47.1832
47.1582
47.0778
46.974
46.868
46.7736
46.6958
46.6371
46.5958
46.5701
46.5557
46.5494
46.5469
46.5464
46.5448
46.5418
46.5357
46.5273
46.5155
46.5015
46.4846
46.4659
46.4445
46.4215
46.3959
46.3687
46.3389
46.3074
46.2734
46.2379
46.2004
46.1621
46.1227
46.0836
46.0445
46.0066
45.9697
45.9347
45.9006
45.8686
45.8377
45.8087
45.78
45.752
45.7229
45.6931
45.6608
45.6268
45.59
45.5524
45.5147
45.4785
45.4432
45.4116
45.3847
45.3615
45.3385
45.3166
45.293
45.2651
45.2314
45.1948
45.1561
45.1209
45.0923
45.0734
45.0592
45.0451
45.0224
44.9874
44.9363
44.8676
44.783
44.6833
44.5812
44.4754
44.3891
44.3182
44.2991
44.3047
44.3685
44.4479
44.5466
44.6338
44.7419
44.8338
44.9281
45.0116
45.1263
45.2443
45.372
45.4782
45.572
45.6412
45.7087
45.753
45.801
45.8345
45.8655
45.8794
45.9024
45.9187
45.9652
46.0239
46.1237
46.2281
46.372
46.5266
46.7164
46.9057
47.1128
47.2938
47.4774
47.6318
47.7893
47.9162
48.0476
48.154
48.2715
48.3721
48.4999
48.6132
48.748
48.8693
49.0068
49.1268
49.2739
49.4095
49.5734
49.7424
49.9745
50.1663
50.4035
50.5955
50.8597
50.9241
51.1172
51.0146
51.2938
51.19
51.4209
51.3697
51.6263
51.6059
51.887
51.884
52.1468
52.0051
52.4533
52.3068
52.6386
52.4441
52.8655
52.6638
52.9333
52.489
52.664
52.3371
52.6568
52.4884
52.6972
52.5455
52.6595
52.5201
52.4697
52.0282
51.9956
51.5453
51.3347
50.8865
50.6716
50.148
50.0258
49.4089
49.2803
48.4652
48.1701
47.0843
46.5691
45.5077
44.6242
43.5173
42.1819
40.7148
38.7499
36.6487
34.1023
31.3126
50.9871
50.5509
48.5691
46.8478
45.7908
45.4008
45.5388
45.9478
46.4009
46.7795
47.0442
47.1922
47.2343
47.1979
47.1148
47.0141
46.9148
46.8284
46.7592
46.7085
46.6743
46.6541
46.6438
46.6401
46.6393
46.6396
46.6388
46.6365
46.6316
46.6245
46.6146
46.6026
46.5882
46.5721
46.5538
46.5341
46.5123
46.4889
46.4634
46.4362
46.4066
46.3755
46.3425
46.3088
46.2742
46.24
46.2062
46.1736
46.1418
46.1115
46.0825
46.0553
46.0295
46.0059
45.9833
45.9615
45.9393
45.9169
45.8938
45.8697
45.8435
45.8162
45.7898
45.7648
45.7409
45.7202
45.7025
45.6852
45.6654
45.6432
45.6153
45.5788
45.5348
45.4876
45.4406
45.4011
45.3717
45.355
45.3484
45.345
45.3355
45.3156
45.2786
45.2191
45.1381
45.0408
44.9393
44.8369
44.7546
44.6951
44.6889
44.7029
44.7739
44.849
44.9438
45.0294
45.1491
45.2459
45.3526
45.4507
45.5953
45.732
45.8828
45.9945
46.0921
46.1513
46.2174
46.259
46.3213
46.3582
46.4036
46.4312
46.4825
46.5279
46.6149
46.7063
46.8483
46.9866
47.1737
47.3573
47.5834
47.7942
48.0295
48.2262
48.4349
48.6007
48.7788
48.9125
49.054
49.1585
49.2799
49.382
49.5151
49.6339
49.78
49.9088
50.0522
50.1833
50.334
50.4755
50.6544
50.8304
51.066
51.2779
51.5133
51.7199
51.9681
52.0859
52.1819
52.098
52.3968
52.2229
52.5257
52.4577
52.7725
52.7371
52.997
53.0177
53.2297
53.1126
53.5434
53.41
53.8046
53.6769
54.0586
53.9287
54.0959
53.6493
53.8804
53.485
53.9169
53.7059
53.9521
53.7922
53.8932
53.715
53.6353
53.1884
53.091
52.5569
52.3781
51.8986
51.6354
51.2222
50.9828
50.5227
50.0968
49.3907
48.9107
47.9577
47.4135
46.414
45.5903
44.4313
43.2023
41.6673
39.8635
37.8514
35.4824
32.9179
50.7838
50.3432
48.4648
46.8866
45.9541
45.6612
45.8336
46.2162
46.6128
46.9297
47.1402
47.245
47.2601
47.2129
47.1317
47.0402
46.9534
46.8798
46.8224
46.7813
46.7543
46.7387
46.7307
46.7276
46.7267
46.7264
46.7252
46.7229
46.7185
46.7124
46.7042
46.6943
46.6825
46.6692
46.6543
46.6382
46.6205
46.6012
46.5802
46.5574
46.5324
46.5057
46.4772
46.4481
46.4192
46.3912
46.3634
46.3362
46.31
46.2853
46.2617
46.2399
46.22
46.2025
46.1864
46.1716
46.1578
46.1451
46.1322
46.1176
46.1011
46.0848
46.07
46.0565
46.0446
46.0346
46.0253
46.0139
45.9976
45.9751
45.9435
45.9019
45.8514
45.7955
45.7413
45.6986
45.672
45.6632
45.668
45.6789
45.6871
45.6859
45.6655
45.6183
45.5439
45.4545
45.3562
45.2616
45.1882
45.1468
45.1495
45.1679
45.2394
45.3113
45.4013
45.498
45.6313
45.7398
45.8644
45.9884
46.1587
46.3098
46.4767
46.5937
46.6936
46.7442
46.81
46.8527
46.9255
46.9701
47.034
47.0788
47.1602
47.2374
47.3634
47.4899
47.6726
47.8465
48.073
48.2876
48.5442
48.777
49.032
49.2425
49.4683
49.6444
49.8381
49.9847
50.1361
50.245
50.3736
50.4831
50.6266
50.7537
50.9149
51.0544
51.2064
51.347
51.4905
51.6407
51.8207
52.0116
52.2452
52.4852
52.7044
52.9352
53.1573
53.3011
53.3168
53.3439
53.5473
53.3583
53.7173
53.6637
54.0004
53.9729
54.2107
54.2837
54.3902
54.3937
54.6923
54.63
55.0666
55.0693
55.3661
55.2731
55.3713
54.9873
55.1928
54.9217
55.2555
55.0227
55.2707
55.1463
55.2128
55.0144
54.8242
54.3758
54.2587
53.7008
53.4771
53.0737
52.7477
52.4945
52.0277
51.7558
51.0399
50.5702
49.7865
49.0245
48.3962
47.5051
46.7143
45.4788
44.3183
42.6906
41.014
39.0522
36.8335
34.4475
50.3199
49.904
48.2908
46.9841
46.2507
46.0636
46.2393
46.5546
46.8584
47.0862
47.2234
47.2766
47.2641
47.2098
47.1355
47.0581
46.9877
46.9295
46.8849
46.8532
46.8321
46.819
46.8114
46.8072
46.8047
46.8028
46.8007
46.7979
46.794
46.7889
46.7824
46.7745
46.7653
46.755
46.7435
46.731
46.7174
46.7025
46.6861
46.6678
46.6474
46.6255
46.6026
46.579
46.5556
46.5335
46.5129
46.4929
46.4731
46.4538
46.4357
46.4201
46.4073
46.3968
46.3879
46.3813
46.3765
46.3733
46.3709
46.3679
46.3635
46.3583
46.3541
46.3517
46.3508
46.3501
46.3482
46.3422
46.3298
46.309
46.2763
46.231
46.1763
46.1158
46.0576
46.0154
45.9963
45.9996
46.0194
46.0475
46.0746
46.0918
46.0865
46.0516
45.9886
45.912
45.8207
45.7434
45.6824
45.6588
45.6695
45.6995
45.7682
45.8318
45.9201
46.0403
46.1897
46.3186
46.4627
46.6235
46.8085
46.9733
47.1463
47.2686
47.3671
47.4228
47.4853
47.5362
47.617
47.6787
47.7632
47.8365
47.946
48.0556
48.2119
48.3756
48.5853
48.7964
49.0469
49.2955
49.5681
49.8236
50.0894
50.3184
50.5542
50.7442
50.9459
51.1055
51.2692
51.3864
51.5316
51.6552
51.8081
51.953
52.1209
52.2688
52.4265
52.569
52.7078
52.8687
53.0501
53.258
53.4978
53.7658
53.9684
54.2303
54.3963
54.5224
54.5521
54.6601
54.7178
54.7199
54.9955
54.9976
55.3219
55.2941
55.4943
55.6032
55.6681
55.7813
55.9014
56.0681
56.4466
56.49
56.6822
56.6153
56.6628
56.44
56.6064
56.4913
56.6295
56.4961
56.6087
56.5338
56.4897
56.2813
56.0531
55.7074
55.4714
55.0001
54.7139
54.3963
53.9696
53.8223
53.2217
53.0226
52.0391
51.8156
50.7966
50.2529
49.4823
48.7706
47.8931
46.6394
45.5076
43.8007
42.1962
40.252
38.1727
35.9204
49.5601
49.2378
48.1021
47.1944
46.7015
46.5909
46.7137
46.9134
47.0939
47.2181
47.28
47.2868
47.2538
47.1981
47.1344
47.0728
47.0189
46.9751
46.9413
46.9164
46.8986
46.8861
46.8773
46.8712
46.8667
46.8632
46.8601
46.857
46.8537
46.8496
46.8446
46.8386
46.8316
46.8239
46.8153
46.8063
46.797
46.7867
46.7748
46.761
46.7456
46.7286
46.711
46.6938
46.6771
46.6612
46.6471
46.6346
46.6226
46.6102
46.5986
46.5903
46.5861
46.5843
46.584
46.586
46.5906
46.5971
46.6037
46.6091
46.6145
46.6214
46.6292
46.6374
46.6453
46.6518
46.6558
46.6543
46.6455
46.6272
46.5961
46.5528
46.4987
46.4383
46.3837
46.3495
46.3428
46.3602
46.3933
46.4346
46.4757
46.5063
46.5138
46.4924
46.446
46.3899
46.311
46.2619
46.2216
46.2189
46.2346
46.2774
46.338
46.4076
46.5065
46.6457
46.8036
46.9612
47.1325
47.3282
47.5165
47.6943
47.8609
47.9924
48.0896
48.162
48.2229
48.2924
48.3751
48.4644
48.5657
48.6785
48.8107
48.9602
49.1348
49.3351
49.5594
49.8013
50.0603
50.3341
50.6065
50.8848
51.1485
51.3947
51.6302
51.8432
52.0482
52.237
52.4034
52.551
52.7015
52.8501
53.0059
53.1734
53.3355
53.5046
53.6579
53.8135
53.955
54.1328
54.3146
54.5463
54.7846
55.0604
55.2581
55.5643
55.6517
55.8051
55.782
55.951
55.99
56.1821
56.3069
56.4301
56.6079
56.6445
56.8265
56.9551
56.9536
57.1996
57.2416
57.6253
57.7466
57.8637
57.941
57.9672
57.9916
57.9801
58.0105
57.9757
57.9561
57.9745
57.9122
57.8952
57.7351
57.5795
57.2243
57.0836
56.6342
56.3941
55.9697
55.752
55.2611
55.1912
54.3586
54.1545
53.1149
53.0099
51.8328
51.5855
50.5985
50.0318
48.9786
47.8462
46.661
44.9353
43.3474
41.4331
39.4697
37.3038
48.7259
48.5585
48.0056
47.5348
47.2543
47.1514
47.1624
47.2189
47.2744
47.3064
47.3081
47.2826
47.2388
47.1866
47.1338
47.0858
47.0446
47.0109
46.9839
46.9626
46.9458
46.9326
46.9223
46.9144
46.9083
46.9037
46.9
46.8969
46.8939
46.8907
46.8867
46.882
46.8767
46.8715
46.8662
46.8601
46.8538
46.8474
46.8402
46.831
46.82
46.8088
46.7975
46.7861
46.7754
46.7673
46.7615
46.7568
46.7523
46.7479
46.7455
46.7465
46.7507
46.7572
46.7658
46.7768
46.7897
46.8041
46.8194
46.8342
46.8476
46.8607
46.875
46.8905
46.9049
46.9158
46.9225
46.9243
46.9194
46.9048
46.8791
46.8438
46.7998
46.7517
46.71
46.6891
46.6958
46.7251
46.7681
46.8156
46.8614
46.8997
46.919
46.9152
46.89
46.8651
46.8152
46.7993
46.7788
46.7973
46.8223
46.8852
46.9395
47.0263
47.1279
47.2823
47.4439
47.6403
47.8294
48.0446
48.2268
48.4209
48.5765
48.7241
48.8152
48.9133
48.9784
49.0748
49.1662
49.2849
49.4003
49.5516
49.697
49.887
50.0758
50.3114
50.5384
50.8071
51.0645
51.3545
51.6207
51.9104
52.162
52.4206
52.6564
52.8935
53.0985
53.3203
53.4858
53.6694
53.82
53.9978
54.1501
54.3414
54.4973
54.6863
54.8374
55.0127
55.1611
55.3608
55.5414
55.784
56.0166
56.2972
56.4795
56.822
56.8289
57.0363
56.9939
57.2829
57.263
57.5827
57.5867
57.8184
57.8143
58.0416
58.097
58.2974
58.2655
58.6268
58.5766
58.9845
58.8857
59.2403
59.1257
59.3941
59.345
59.3644
59.2463
59.3743
59.2008
59.3354
59.1341
59.2222
58.8693
58.8114
58.3403
58.3955
57.7946
57.729
57.1728
57.0951
56.3924
56.4013
55.3291
55.3491
54.1535
54.1275
52.8625
52.8781
51.6988
51.2323
50.0048
48.9827
47.6827
46.0334
44.418
42.5631
40.6612
38.563
48.0144
48.0212
48.0024
47.887
47.733
47.5965
47.4975
47.4349
47.3957
47.3622
47.3238
47.2786
47.2298
47.1816
47.1371
47.0978
47.064
47.0353
47.0111
46.9906
46.9734
46.9591
46.9475
46.9384
46.9314
46.9262
46.9224
46.9192
46.9164
46.9135
46.9105
46.9071
46.9033
46.8994
46.8958
46.8929
46.8904
46.8874
46.8835
46.8786
46.8723
46.8656
46.859
46.8533
46.8505
46.8504
46.852
46.8545
46.8577
46.8616
46.8679
46.8776
46.8896
46.9033
46.9193
46.9377
46.9575
46.978
46.9982
47.0177
47.0366
47.055
47.0725
47.089
47.104
47.117
47.1268
47.132
47.1309
47.1232
47.1089
47.0884
47.0618
47.0329
47.0107
47.0062
47.0237
47.0591
47.1052
47.1584
47.21
47.2491
47.2751
47.2887
47.2876
47.2931
47.2799
47.3023
47.3075
47.3538
47.3819
47.4677
47.5181
47.6369
47.7417
47.9147
48.0677
48.2882
48.4678
48.6988
48.8707
49.0799
49.2185
49.3976
49.4886
49.6223
49.6895
49.8231
49.9145
50.0715
50.1944
50.3845
50.5318
50.7579
50.9475
51.2159
51.4361
51.7304
51.9712
52.2794
52.5214
52.8203
53.0421
53.326
53.5485
53.816
54.0125
54.2615
54.4225
54.6424
54.7906
55.0014
55.1526
55.3668
55.5191
55.7314
55.8716
56.068
56.2114
56.4314
56.601
56.8671
57.0868
57.3829
57.5357
57.9025
57.8303
58.138
58.0907
58.5311
58.4167
58.8559
58.7039
59.0893
58.9596
59.3543
59.2047
59.5706
59.4453
59.884
59.7459
60.2104
59.952
60.4713
60.1904
60.6954
60.4555
60.663
60.4095
60.6347
60.2682
60.534
60.1862
60.3896
59.8575
59.998
59.3542
59.6256
58.8493
58.961
58.2391
58.2864
57.3785
57.4571
56.2111
56.4818
55.0857
55.2977
53.8601
54.0814
52.7081
52.348
50.9486
49.971
48.5439
47.0117
45.3269
43.5492
41.6753
39.6604
48.0293
48.0433
48.0504
47.9914
47.8783
47.7511
47.636
47.5402
47.4606
47.3919
47.3303
47.274
47.2226
47.1767
47.1362
47.1007
47.0698
47.0428
47.0192
46.9988
46.9814
46.9668
46.9548
46.9454
46.9383
46.933
46.9293
46.9266
46.9243
46.9219
46.9194
46.9167
46.9143
46.9124
46.911
46.9102
46.9098
46.9096
46.9092
46.908
46.9064
46.9046
46.9032
46.9034
46.9058
46.9103
46.917
46.9261
46.9369
46.9489
46.9624
46.9776
46.9943
47.013
47.034
47.0568
47.081
47.1053
47.1288
47.1511
47.1724
47.193
47.213
47.2316
47.2481
47.2622
47.2734
47.2814
47.2854
47.2855
47.2826
47.2773
47.2695
47.2601
47.2558
47.2656
47.2921
47.3327
47.3813
47.4321
47.4782
47.5164
47.5517
47.5764
47.5871
47.6149
47.6375
47.7057
47.7405
47.8233
47.8633
47.971
48.0172
48.1576
48.2578
48.4505
48.593
48.8208
48.9885
49.2339
49.3985
49.6237
49.7573
49.9549
50.0495
50.2104
50.2862
50.4533
50.55
50.7365
50.8614
51.0776
51.2273
51.473
51.6623
51.9454
52.1556
52.4582
52.6811
53.0028
53.2171
53.5229
53.7217
54.0349
54.2436
54.5416
54.7283
54.9961
55.1494
55.3931
55.5354
55.7725
55.9191
56.1518
56.2997
56.5277
56.6612
56.8723
57.018
57.2535
57.4126
57.7049
57.8948
58.2213
58.323
58.7257
58.6068
59.0555
58.9871
59.5571
59.3264
59.868
59.6131
60.1694
59.9111
60.4512
60.1651
60.6598
60.45
60.9986
60.6804
61.257
60.8829
61.498
61.1136
61.7412
61.3062
61.7597
61.3068
61.6411
61.1552
61.5591
61.0273
61.3713
60.7247
61.0354
60.2317
60.6655
59.7256
60.0354
59.1725
59.3431
58.273
58.4442
57.0882
57.5355
55.9253
56.4568
54.8493
55.2003
53.5832
53.3894
51.7482
50.8242
49.2206
47.7518
45.9867
44.2838
42.4153
40.5439
48.1766
48.1386
48.0757
47.9941
47.8963
47.7874
47.6767
47.573
47.4808
47.4009
47.3323
47.273
47.2213
47.176
47.1362
47.101
47.0701
47.0429
47.0191
46.9985
46.9808
46.9661
46.9541
46.9447
46.9377
46.9327
46.9292
46.9267
46.9248
46.9231
46.9214
46.9197
46.9182
46.9171
46.9169
46.9175
46.9187
46.9203
46.9219
46.923
46.9238
46.9248
46.9266
46.9301
46.9354
46.9427
46.9522
46.9641
46.9778
46.9928
47.0092
47.0268
47.0458
47.0668
47.0902
47.1153
47.1413
47.1672
47.1925
47.217
47.2409
47.2637
47.2851
47.3043
47.3208
47.3352
47.3473
47.3568
47.3637
47.3682
47.3711
47.3729
47.3737
47.3735
47.3774
47.3933
47.4245
47.4697
47.5214
47.5718
47.6158
47.6538
47.6871
47.71
47.733
47.7809
47.8309
47.9326
47.9852
48.0947
48.141
48.2561
48.2991
48.4426
48.5413
48.7514
48.8927
49.1273
49.2867
49.5392
49.697
49.9362
50.0659
50.2703
50.3661
50.5361
50.6205
50.8086
50.9059
51.1038
51.2239
51.4485
51.6005
51.8551
52.0468
52.3382
52.5488
52.8543
53.0635
53.3806
53.583
53.8992
54.0932
54.4237
54.6252
54.9402
55.1212
55.3968
55.5431
55.7896
55.9244
56.1684
56.3113
56.5554
56.6997
56.9317
57.0628
57.2777
57.4237
57.6634
57.8216
58.1355
58.3125
58.6678
58.7647
59.2035
59.0896
59.7252
59.5667
60.1855
59.8759
60.4977
60.1777
60.8357
60.5288
61.1547
60.7718
61.42
61.0701
61.6958
61.2878
61.9722
61.5172
62.2431
61.7643
62.4574
61.8935
62.4422
61.8429
62.3235
61.7212
62.159
61.5422
62.0584
61.2905
61.7884
60.8661
61.3685
60.3144
60.8054
59.7665
60.0329
58.8907
59.1779
57.8183
58.3872
56.7319
57.5125
55.6678
56.2317
54.3484
54.2068
52.2726
51.489
49.6373
48.1597
46.3097
44.6333
42.7343
40.8542
47.2621
47.2615
47.2651
47.1954
47.0517
46.8764
46.7017
46.5422
46.3993
46.2723
46.1614
46.0721
46.0101
45.9702
45.9394
45.9214
45.9084
45.8859
45.864
45.8464
45.8363
45.8356
45.8261
45.8035
45.7672
45.7122
45.6518
45.6001
45.5565
45.501
45.4186
45.3201
45.2294
45.1661
45.1248
45.0845
45.0248
44.9405
44.8374
44.7274
44.6326
44.5847
44.5809
44.6168
44.6784
44.701
44.6634
44.5819
44.4742
44.3706
44.3008
44.2606
44.236
44.2153
44.2023
44.1823
44.1316
44.0711
44.0188
43.9797
43.963
43.9606
43.954
43.9712
44.0075
44.0501
44.0893
44.1354
44.2014
44.2523
44.3131
44.4089
44.5492
44.7118
44.8522
44.967
45.0503
45.107
45.1679
45.2689
45.4186
45.6238
45.8698
46.1388
46.3978
46.6314
46.8696
47.1186
47.369
47.6113
47.8573
48.1089
48.356
48.6064
48.8481
49.1005
49.3873
49.6808
49.9722
50.2644
50.5671
50.8938
51.251
51.6368
52.0332
52.4299
52.8317
53.2392
53.6508
54.0716
54.4931
54.8944
55.2585
55.5847
55.8926
56.1797
56.445
56.6935
56.9343
57.1779
57.4253
57.6802
57.9384
58.1901
58.4377
58.6808
58.9198
59.1715
59.4277
59.6798
59.9281
60.1863
60.4742
60.772
61.0679
61.3683
61.6594
61.9205
62.145
62.3377
62.5263
62.7244
62.9405
63.1756
63.4125
63.6316
63.8309
64.0106
64.1861
64.3742
64.5812
64.7988
65.0143
65.2215
65.4212
65.6142
65.806
65.9966
66.1842
66.367
66.5476
66.7258
66.9012
67.0682
67.2212
67.3576
67.4784
67.5871
67.6874
67.7796
67.864
67.9428
68.0229
68.1095
68.21
68.3307
68.4717
68.6212
68.791
68.9903
69.215
69.4716
69.7348
70.0077
70.3152
70.6484
70.9825
71.3135
71.6604
72.0375
72.4661
72.9628
73.5292
74.1537
74.8178
75.4655
76.0322
76.3947
76.5894
76.7307
47.2354
47.2237
47.2114
47.1298
46.9784
46.7973
46.617
46.4547
46.3131
46.1897
46.0835
45.997
45.9343
45.893
45.8592
45.8344
45.8176
45.8
45.7871
45.7777
45.7739
45.77
45.7455
45.7181
45.6785
45.6175
45.5465
45.4813
45.428
45.3619
45.2741
45.1757
45.0817
45.0123
44.9677
44.9206
44.8564
44.7885
44.7087
44.5913
44.4856
44.4252
44.3987
44.408
44.4455
44.4565
44.4131
44.3335
44.2336
44.1355
44.0614
44.0133
43.9823
43.9549
43.9308
43.8991
43.8366
43.7683
43.7176
43.6744
43.6516
43.6418
43.6531
43.6896
43.713
43.7323
43.7573
43.7928
43.8486
43.8946
43.9537
44.0422
44.1815
44.3524
44.5044
44.6347
44.7203
44.7684
44.8211
44.9195
45.0656
45.2717
45.5267
45.7877
46.036
46.2764
46.5334
46.8018
47.0699
47.3141
47.5498
47.7877
48.0158
48.2486
48.4709
48.7048
48.981
49.2744
49.576
49.8894
50.2161
50.5592
50.924
51.3107
51.7057
52.0979
52.4993
52.9055
53.3197
53.7525
54.1936
54.6052
54.9708
55.3067
55.6258
55.9168
56.1817
56.4327
56.6759
56.9175
57.1619
57.4155
57.6731
57.929
58.1853
58.4256
58.6617
58.9151
59.1747
59.434
59.6926
59.9544
60.2414
60.5399
60.8319
61.129
61.4151
61.6709
61.8928
62.0868
62.2752
62.4737
62.6906
62.9292
63.1702
63.3925
63.5948
63.777
63.9521
64.1357
64.3395
64.5591
64.7827
65.0005
65.2095
65.4114
65.6125
65.8115
66.0065
66.1948
66.3792
66.5603
66.7377
66.9061
67.0603
67.1979
67.3209
67.4326
67.5356
67.6289
67.7125
67.7878
67.8611
67.9381
68.0273
68.1419
68.2806
68.4317
68.6057
68.8011
69.0246
69.2827
69.5485
69.814
70.1112
70.437
70.7657
71.0946
71.4442
71.8295
72.2648
72.76
73.32
73.9355
74.5925
75.2391
75.8088
76.1715
76.3903
76.5783
47.2217
47.1764
47.1195
46.9987
46.8223
46.626
46.4383
46.2763
46.1426
46.0305
45.9369
45.8637
45.8091
45.7678
45.7332
45.7047
45.6833
45.6671
45.6569
45.6492
45.6399
45.6271
45.6049
45.5685
45.5092
45.4335
45.3497
45.2712
45.2008
45.1139
45.0132
44.9143
44.826
44.7581
44.7069
44.6548
44.5908
44.5096
44.4181
44.3218
44.2277
44.1539
44.1084
44.0884
44.0953
44.0804
44.0269
43.9395
43.8324
43.7245
43.6365
43.5763
43.5431
43.5249
43.5
43.4569
43.378
43.2928
43.2309
43.1786
43.1518
43.1478
43.1771
43.2227
43.2453
43.2528
43.257
43.2656
43.2802
43.2975
43.347
43.4428
43.6018
43.791
43.9613
44.1046
44.1974
44.2487
44.2997
44.3861
44.5252
44.7122
44.9456
45.2038
45.468
45.7338
45.9988
46.2586
46.516
46.7614
46.996
47.2216
47.4358
47.6522
47.8556
48.0707
48.3302
48.622
48.949
49.2947
49.6535
50.0166
50.3893
50.7666
51.1404
51.5141
51.9032
52.3109
52.7459
53.2015
53.6544
54.0803
54.4693
54.8135
55.1245
55.4039
55.6582
55.9012
56.1424
56.388
56.6358
56.8952
57.1609
57.4311
57.7013
57.948
58.1851
58.4328
58.6859
58.9436
59.2128
59.4893
59.7813
60.0822
60.3674
60.6473
60.9107
61.1443
61.355
61.5506
61.7404
61.9466
62.1762
62.4269
62.6793
62.9108
63.1193
63.3059
63.4843
63.6716
63.8782
64.1006
64.3311
64.5611
64.7857
65.0064
65.2246
65.4351
65.6365
65.8296
66.0164
66.1994
66.3753
66.541
66.6924
66.8288
66.953
67.0684
67.1754
67.2739
67.3612
67.4383
67.5082
67.5804
67.6642
67.7774
67.9173
68.0755
68.2588
68.4646
68.6964
68.947
69.1998
69.4645
69.7545
70.0646
70.3786
70.7073
71.0676
71.4663
71.8969
72.3786
72.9119
73.5043
74.145
74.791
75.381
75.7972
76.0889
76.3416
47.2086
47.1165
46.9986
46.8274
46.6182
46.404
46.2088
46.0475
45.9223
45.8244
45.7495
45.6932
45.6479
45.6093
45.5737
45.5439
45.5222
45.5069
45.4987
45.4911
45.4798
45.4648
45.4342
45.3808
45.3054
45.2149
45.123
45.0315
44.9392
44.8337
44.7241
44.6191
44.5264
44.4584
44.3995
44.3335
44.2563
44.1604
44.0603
43.9666
43.8809
43.8094
43.7653
43.7384
43.7273
43.6917
43.6178
43.5121
43.3855
43.2645
43.1675
43.1002
43.0677
43.0497
43.0176
42.9572
42.8644
42.7683
42.6936
42.6289
42.5941
42.5944
42.6325
42.6839
42.711
42.7218
42.7193
42.6953
42.6555
42.6218
42.6432
42.739
42.9179
43.1362
43.3361
43.5047
43.6215
43.6912
43.7485
43.8189
43.9324
44.1006
44.3101
44.5521
44.8133
45.079
45.3448
45.6028
45.8498
46.0865
46.3163
46.5324
46.7403
46.9424
47.136
47.3463
47.6021
47.898
48.2431
48.6196
49.01
49.391
49.7568
50.1122
50.4516
50.7929
51.1576
51.5582
51.9961
52.4685
52.9548
53.4073
53.8115
54.1667
54.4852
54.7562
54.986
55.2014
55.4172
55.6464
55.8951
56.1742
56.4675
56.7631
57.0492
57.3109
57.5531
57.8003
58.0497
58.3001
58.5731
58.8648
59.1706
59.4742
59.7578
60.0213
60.2595
60.4702
60.6645
60.8562
61.0527
61.2696
61.5137
61.7766
62.044
62.2903
62.5117
62.7057
62.888
63.0771
63.2856
63.5112
63.7486
63.989
64.2279
64.4645
64.6982
64.9218
65.1296
65.323
65.5059
65.6822
65.8522
66.0133
66.1607
66.2924
66.4133
66.5272
66.6355
66.7359
66.8272
66.9088
66.9857
67.061
67.148
67.2656
67.4166
67.5908
67.7929
68.0187
68.2577
68.5007
68.7505
69.0155
69.3092
69.6257
69.959
70.305
70.6755
71.063
71.477
71.9233
72.4133
72.9615
73.5786
74.2226
74.8623
75.3582
75.7353
76.072
47.1717
47.0445
46.8635
46.6451
46.4034
46.1703
45.965
45.8013
45.681
45.5958
45.5404
45.5006
45.4649
45.4297
45.3938
45.3629
45.3415
45.3302
45.325
45.3191
45.3088
45.2919
45.2554
45.1895
45.0982
44.9945
44.8917
44.7865
44.6766
44.5591
44.4406
44.3245
44.2182
44.1363
44.0638
43.9852
43.8892
43.776
43.6637
43.5659
43.4895
43.4359
43.4044
43.3791
43.3532
43.2999
43.213
43.095
42.9546
42.8257
42.7211
42.6475
42.6124
42.5875
42.5362
42.4518
42.3448
42.2388
42.1471
42.0701
42.0249
42.0169
42.0559
42.1144
42.1552
42.1741
42.1606
42.098
42.0064
41.9254
41.9129
41.9952
42.1781
42.4099
42.635
42.8343
42.9806
43.0763
43.1433
43.2085
43.3063
43.4523
43.6362
43.8556
44.1016
44.3615
44.6188
44.8647
45.1014
45.3336
45.5612
45.778
45.9818
46.1794
46.379
46.5918
46.8485
47.1521
47.5058
47.8917
48.2863
48.6679
49.0214
49.3535
49.6662
49.9836
50.3248
50.7101
51.1476
51.6243
52.1153
52.5828
53.0085
53.387
53.7177
53.9836
54.1926
54.3803
54.5676
54.7774
55.024
55.3164
55.6347
55.9584
56.2623
56.5395
56.7983
57.0557
57.3054
57.5555
57.8302
58.1306
58.4453
58.7511
59.032
59.282
59.4988
59.6932
59.8801
60.0667
60.2634
60.4842
60.7361
61.011
61.2903
61.5526
61.7892
61.9967
62.1897
62.3861
62.5954
62.8208
63.0603
63.3078
63.5577
63.8079
64.0536
64.2874
64.5013
64.6962
64.8751
65.0437
65.2051
65.3596
65.5011
65.6299
65.7477
65.86
65.9666
66.0673
66.1602
66.2472
66.3293
66.4112
66.5084
66.6411
66.8072
67.0035
67.2253
67.4709
67.7216
67.9731
68.2327
68.518
68.8276
69.1647
69.5167
69.8811
70.2548
70.6338
71.0172
71.4251
71.8672
72.378
72.9682
73.6143
74.2861
74.8764
75.3605
75.8161
47.1049
46.9602
46.7365
46.4824
46.2146
45.9654
45.7497
45.581
45.4613
45.3847
45.3433
45.3142
45.2821
45.2449
45.2076
45.1778
45.1587
45.1502
45.1487
45.1453
45.1347
45.1134
45.0697
44.9939
44.8909
44.7769
44.6636
44.5461
44.4246
44.2991
44.1724
44.0457
43.9258
43.8232
43.7297
43.6342
43.521
43.3945
43.2733
43.1742
43.1008
43.0578
43.036
43.0197
42.9912
42.9302
42.8366
42.7128
42.5762
42.4502
42.3471
42.2663
42.2119
42.1629
42.0869
41.9834
41.8585
41.7349
41.6266
41.5408
41.4869
41.4696
41.5013
41.5595
41.6083
41.6224
41.5881
41.494
41.3592
41.2406
41.1999
41.2653
41.4361
41.6687
41.9093
42.1298
42.3004
42.42
42.5024
42.5727
42.6688
42.8011
42.9665
43.1653
43.3915
43.6353
43.8749
44.1046
44.3298
44.5594
44.7894
45.0092
45.2155
45.4138
45.6235
45.8517
46.1152
46.4206
46.7683
47.1456
47.5313
47.9049
48.2513
48.5672
48.8666
49.1699
49.4975
49.8674
50.288
50.7511
51.2316
51.7003
52.1379
52.5321
52.8686
53.134
53.3362
53.5067
53.6732
53.8672
54.1086
54.4036
54.7324
55.0714
55.394
55.6889
55.9639
56.2282
56.4814
56.7373
57.0116
57.3103
57.6201
57.9219
58.1942
58.432
58.6401
58.83
59.0157
59.2018
59.3991
59.6222
59.8787
60.1588
60.4458
60.7179
60.9712
61.1997
61.4088
61.6135
61.8275
62.0553
62.2983
62.5504
62.8057
63.0608
63.3139
63.5569
63.7785
63.9764
64.1543
64.3172
64.4704
64.6176
64.7562
64.8828
64.9995
65.1079
65.2123
65.31
65.4036
65.4934
65.5817
65.6728
65.7846
65.9326
66.1181
66.3337
66.5721
66.8273
67.0926
67.361
67.6462
67.9552
68.2907
68.6503
69.0288
69.4117
69.7955
70.1648
70.534
70.9124
71.3329
71.8062
72.3857
73.0264
73.7314
74.3915
75.0076
75.5416
47.0318
46.8846
46.6396
46.3621
46.0735
45.8094
45.5825
45.4076
45.286
45.2124
45.1756
45.1496
45.1155
45.0729
45.0323
45.0026
44.9856
44.9793
44.9789
44.9708
44.9504
44.918
44.8632
44.7804
44.6708
44.5504
44.4297
44.3053
44.18
44.0514
43.9185
43.7838
43.6557
43.5383
43.4265
43.3134
43.185
43.0496
42.9255
42.8236
42.7498
42.707
42.6887
42.6746
42.6479
42.5918
42.5059
42.3924
42.2676
42.151
42.05
41.9594
41.8811
41.8029
41.6975
41.5672
41.4237
41.2819
41.1562
41.059
40.9958
40.9715
40.9956
41.0475
41.0898
41.0831
41.0171
40.8875
40.7242
40.5854
40.5329
40.5902
40.75
40.9776
41.2301
41.4653
41.6531
41.7931
41.8988
41.9874
42.0882
42.2158
42.3696
42.5493
42.7522
42.9685
43.184
43.3965
43.6121
43.8345
44.0605
44.2762
44.4836
44.6915
44.9119
45.1547
45.4302
45.7377
46.0757
46.4388
46.8082
47.168
47.5031
47.8082
48.104
48.4018
48.7199
49.0766
49.4778
49.9179
50.3764
50.8322
51.2659
51.6593
51.9937
52.2593
52.4618
52.6268
52.7809
52.9625
53.1944
53.4833
53.808
54.1467
54.476
54.7807
55.0616
55.33
55.591
55.8519
56.1244
56.4156
56.7133
57.0039
57.2677
57.4993
57.7033
57.8935
58.0842
58.2772
58.4814
58.7101
58.9702
59.2494
59.5371
59.8145
60.0783
60.3245
60.5524
60.7707
60.9965
61.2304
61.476
61.7306
61.987
62.2423
62.4968
62.7433
62.9678
63.1695
63.3501
63.5134
63.6644
63.8097
63.9466
64.0711
64.1846
64.2889
64.3885
64.4856
64.581
64.6778
64.7762
64.8818
65.0085
65.1719
65.3702
65.5988
65.8467
66.1108
66.3875
66.6779
66.9861
67.3208
67.681
68.0644
68.4614
68.8671
69.2605
69.642
70.0093
70.3824
70.791
71.2624
71.8428
72.4991
73.2251
73.9631
74.6472
75.2551
46.9867
46.8429
46.5878
46.2941
45.9882
45.7091
45.4703
45.2875
45.161
45.0849
45.0461
45.0166
44.9771
44.9289
44.8836
44.8512
44.8342
44.8277
44.821
44.7984
44.7587
44.7093
44.6414
44.5518
44.4385
44.3167
44.1945
44.0716
43.9501
43.8239
43.6907
43.5574
43.4287
43.3056
43.1861
43.0632
42.927
42.7856
42.6578
42.5505
42.4701
42.4199
42.3983
42.38
42.3526
42.3026
42.2276
42.1344
42.0368
41.9434
41.8483
41.7495
41.6483
41.5395
41.4084
41.2524
41.0834
40.9163
40.7708
40.6588
40.5852
40.5534
40.5663
40.6028
40.6218
40.5832
40.4835
40.3251
40.1524
40.016
39.9713
40.0321
40.1916
40.4192
40.6757
40.9197
41.1212
41.2763
41.4043
41.5174
41.6322
41.7635
41.9074
42.0673
42.2471
42.4366
42.6269
42.8163
43.011
43.2132
43.4259
43.6395
43.8531
44.0735
44.3061
44.5602
44.8412
45.1478
45.4773
45.8233
46.1707
46.5107
46.8343
47.14
47.4354
47.7339
48.0476
48.3869
48.7598
49.1681
49.5961
50.0242
50.4348
50.8115
51.135
51.3998
51.6066
51.7712
51.921
52.0928
52.3112
52.5843
52.8935
53.2196
53.5389
53.8394
54.1211
54.3923
54.6588
54.9233
55.1937
55.475
55.7575
56.0323
56.2878
56.5147
56.7182
56.9126
57.1099
57.3126
57.531
57.7705
58.0347
58.3129
58.5954
58.8722
59.1422
59.3998
59.6446
59.8754
60.1114
60.3526
60.6008
60.8557
61.1111
61.3652
61.6185
61.8636
62.0878
62.2897
62.4725
62.6372
62.7902
62.9363
63.0754
63.201
63.3158
63.4211
63.521
63.6196
63.7212
63.8237
63.9321
64.0501
64.1918
64.3688
64.5793
64.8138
65.0689
65.3385
65.6278
65.9365
66.2686
66.6257
67.0097
67.4094
67.8247
68.245
68.6603
69.0548
69.4427
69.8283
70.2687
70.7647
71.3668
72.0356
72.7895
73.5591
74.314
74.9139
46.9882
46.847
46.5861
46.2788
45.957
45.6624
45.4099
45.2169
45.0827
45.0006
44.9551
44.9195
44.8749
44.8223
44.773
44.737
44.7157
44.7028
44.6816
44.6384
44.5787
44.5119
44.4281
44.3286
44.2112
44.0866
43.9655
43.8528
43.7435
43.6275
43.5037
43.382
43.265
43.1499
43.0343
42.912
42.7774
42.6332
42.4975
42.3787
42.2846
42.2214
42.1842
42.1526
42.1192
42.0729
42.0118
41.9433
41.8763
41.811
41.7292
41.6288
41.5137
41.3813
41.2257
41.0465
40.8543
40.6629
40.4949
40.3645
40.276
40.2312
40.2268
40.2388
40.2244
40.1536
40.0263
39.8611
39.7021
39.5942
39.5772
39.6549
39.8212
40.052
40.3072
40.5501
40.7588
40.9292
41.0762
41.2079
41.3377
41.4729
41.6104
41.7507
41.9013
42.0565
42.2147
42.3742
42.5415
42.7206
42.9166
43.1238
43.3427
43.5763
43.8223
44.0879
44.3738
44.677
44.9962
45.3245
45.6526
45.9733
46.2849
46.5869
46.8843
47.1818
47.4893
47.8141
48.1588
48.5278
48.9139
49.3008
49.6731
50.0208
50.3262
50.5796
50.7842
50.9515
51.1017
51.2685
51.474
51.7252
52.0102
52.3116
52.6118
52.8994
53.1728
53.4405
53.7076
53.9706
54.2365
54.5051
54.7709
55.0289
55.2751
55.5008
55.7097
55.9102
56.1189
56.3322
56.5672
56.8186
57.0868
57.3656
57.6419
57.9112
58.1823
58.4464
58.7041
58.9448
59.1891
59.4363
59.6885
59.9426
60.1962
60.4444
60.69
60.9278
61.1491
61.3498
61.5336
61.699
61.8538
62.001
62.1431
62.2737
62.3926
62.5049
62.6109
62.7153
62.8254
62.9371
63.0535
63.1832
63.3385
63.5286
63.7497
63.9926
64.2475
64.525
64.8228
65.1435
65.4895
65.8579
66.2513
66.6696
67.1002
67.5369
67.971
68.3953
68.8203
69.2489
69.7392
70.2875
70.9236
71.6392
72.4094
73.2231
73.948
74.5703
47.0358
46.8961
46.6299
46.3096
45.9712
45.6588
45.3912
45.1861
45.0426
44.9524
44.8976
44.8559
44.81
44.7582
44.7086
44.6686
44.6393
44.6135
44.5739
44.5108
44.4332
44.3454
44.2416
44.1284
44.0061
43.8799
43.7643
43.6663
43.5736
43.4757
43.3701
43.2689
43.1726
43.0759
42.9735
42.8618
42.7367
42.5951
42.451
42.3158
42.2021
42.1183
42.0589
42.0081
41.9634
41.9168
41.8667
41.822
41.7853
41.7476
41.6864
41.5936
41.4737
41.3266
41.1523
40.9537
40.7427
40.533
40.3426
40.19
40.0785
40.0111
39.9811
39.9582
39.9077
39.8107
39.6738
39.5229
39.4029
39.344
39.3655
39.4693
39.6459
39.8765
40.1291
40.3712
40.5849
40.7655
40.9261
41.0735
41.2152
41.3505
41.4768
41.5933
41.7093
41.8245
41.9446
42.0709
42.2089
42.3634
42.5413
42.7387
42.9552
43.1936
43.4509
43.727
44.0187
44.3203
44.6316
44.9436
45.2524
45.5527
45.8521
46.1445
46.4374
46.7309
47.0291
47.3391
47.6579
47.9897
48.3319
48.6729
49.001
49.3095
49.5869
49.825
50.0196
50.1843
50.3345
50.4965
50.6897
50.9162
51.1719
51.4416
51.713
51.9783
52.2365
52.4906
52.7482
53.0036
53.2614
53.5174
53.7698
54.0149
54.2511
54.4751
54.6899
54.9015
55.1238
55.3512
55.5984
55.8602
56.1289
56.407
56.6772
56.9411
57.2104
57.4775
57.7401
57.9897
58.2389
58.4923
58.7475
59.0002
59.2504
59.4922
59.7259
59.9512
60.1647
60.3599
60.5407
60.7065
60.8612
61.0117
61.1571
61.2947
61.4223
61.5465
61.6646
61.7796
61.9004
62.0197
62.1428
62.2796
62.4431
62.6448
62.8762
63.1263
63.3878
63.6663
63.9694
64.2927
64.6408
65.0139
65.4165
65.8454
66.2936
66.744
67.2065
67.6576
68.134
68.6148
69.174
69.7806
70.4857
71.2442
72.0502
72.8637
73.6329
74.1902
47.1162
46.9723
46.6985
46.3651
46.0125
45.6842
45.4031
45.1873
45.0367
44.9402
44.8771
44.8283
44.7816
44.7337
44.6871
44.6455
44.6098
44.5715
44.5142
44.4314
44.3361
44.2257
44.0996
43.9721
43.847
43.7238
43.6196
43.5374
43.4628
43.3861
43.3042
43.23
43.1595
43.0841
42.9989
42.903
42.7877
42.6527
42.5043
42.3534
42.2171
42.1067
42.0207
41.9492
41.8889
41.8361
41.7925
41.7675
41.7571
41.745
41.7077
41.6308
41.5159
41.3642
41.1795
40.9708
40.7493
40.528
40.3193
40.1385
39.9945
39.8958
39.8312
39.7682
39.6863
39.572
39.4404
39.3178
39.2435
39.2386
39.3044
39.4388
39.6306
39.8648
40.1174
40.3608
40.58
40.7678
40.932
41.0825
41.2275
41.3584
41.4724
41.5652
41.646
41.7218
41.8049
41.8962
42.0035
42.1325
42.289
42.4751
42.6832
42.9176
43.1777
43.4581
43.7527
44.0509
44.3561
44.6524
44.9459
45.2271
45.5117
45.792
46.0744
46.3576
46.6426
46.9356
47.2318
47.5308
47.8326
48.1303
48.4156
48.6826
48.9241
49.1366
49.3153
49.471
49.616
49.7679
49.9444
50.1441
50.3682
50.6028
50.844
51.0814
51.3208
51.5561
51.7996
52.0414
52.2891
52.533
52.7715
53.0055
53.2328
53.4554
53.6736
53.8945
54.1272
54.3658
54.6188
54.8858
55.1548
55.432
55.702
55.9645
56.2321
56.4991
56.7627
57.0174
57.2704
57.5237
57.7797
58.0284
58.2746
58.5067
58.7295
58.9385
59.1425
59.329
59.5043
59.6687
59.8232
59.9772
60.1271
60.2723
60.4086
60.5456
60.6781
60.8043
60.9363
61.0655
61.198
61.341
61.5132
61.7217
61.9594
62.2138
62.4792
62.7612
63.0622
63.3813
63.7273
64.1
64.5087
64.9471
65.4114
65.8775
66.3699
66.8532
67.383
67.9193
68.541
69.2201
69.9833
70.8229
71.6722
72.5465
73.2674
73.8895
47.2034
47.052
46.767
46.4224
46.0606
45.7232
45.4341
45.2121
45.0593
44.9619
44.8968
44.8449
44.7988
44.7546
44.7107
44.6698
44.6315
44.5841
44.5114
44.4127
44.3007
44.1703
44.0241
43.8824
43.7567
43.6426
43.5537
43.4886
43.4307
43.374
43.3169
43.2692
43.2235
43.1693
43.1019
43.0199
42.9158
42.789
42.638
42.4743
42.3164
42.178
42.063
41.9667
41.8879
41.8251
41.7828
41.7689
41.7764
41.7865
41.7752
41.7225
41.6245
41.4813
41.2966
41.0849
40.8591
40.6323
40.4105
40.2048
40.031
39.8971
39.7923
39.6891
39.5801
39.4557
39.3344
39.2404
39.2053
39.2463
39.3541
39.5194
39.7294
39.969
40.2244
40.4692
40.6918
40.8832
41.0449
41.1891
41.3261
41.4469
41.5472
41.6196
41.6719
41.7166
41.7685
41.829
41.9072
42.0099
42.1435
42.3138
42.5089
42.734
42.9914
43.268
43.5592
43.8486
44.1472
44.4283
44.7069
44.9702
45.2377
45.5036
45.7695
46.0368
46.3036
46.5754
46.8464
47.1138
47.3787
47.6351
47.8787
48.1051
48.309
48.4923
48.6514
48.7942
48.9295
49.0676
49.2263
49.3998
49.595
49.7931
50.0046
50.2124
50.4308
50.6468
50.8732
51.1015
51.3361
51.5684
51.7947
52.0189
52.2378
52.4557
52.6747
52.8997
53.1359
53.3798
53.6349
53.9015
54.1723
54.4473
54.719
54.9812
55.2474
55.513
55.7766
56.0308
56.2852
56.5319
56.7845
57.0234
57.2619
57.4845
57.6972
57.8963
58.0878
58.2657
58.4335
58.598
58.7518
58.9073
59.061
59.2137
59.3599
59.5049
59.6498
59.7905
59.9343
60.0752
60.2207
60.371
60.5483
60.7602
60.9966
61.2508
61.5153
61.7948
62.0925
62.4092
62.755
63.128
63.5431
63.9793
64.4613
64.9367
65.4615
65.9756
66.5618
67.1522
67.8368
68.5828
69.4156
70.317
71.2469
72.1731
72.9847
73.5047
47.2787
47.1123
46.811
46.4548
46.0902
45.7531
45.4673
45.2488
45.1034
45.0135
44.9544
44.906
44.8646
44.8277
44.7902
44.7533
44.7149
44.6604
44.5758
44.4637
44.3369
44.1898
44.0267
43.8737
43.7482
43.6447
43.5718
43.5238
43.4825
43.4409
43.4013
43.3727
43.346
43.3117
43.2623
43.1923
43.0973
42.975
42.8251
42.6542
42.4783
42.3153
42.1725
42.0517
41.9561
41.8821
41.8357
41.8259
41.844
41.8723
41.8846
41.8565
41.7791
41.65
41.4743
41.2681
41.0481
40.8233
40.5992
40.3799
40.1824
40.0142
39.867
39.7248
39.5917
39.4594
39.3479
39.277
39.2726
39.346
39.4815
39.6682
39.8934
40.1371
40.3954
40.6409
40.866
41.0568
41.2127
41.3498
41.4778
41.5854
41.6675
41.7221
41.7519
41.7708
41.7971
41.834
41.8892
41.9708
42.0838
42.2337
42.4138
42.6236
42.8705
43.1339
43.4161
43.6935
43.9816
44.2477
44.511
44.7603
45.0083
45.2569
45.5061
45.7514
45.9934
46.2392
46.4809
46.7152
46.942
47.1579
47.362
47.551
47.72
47.8741
48.0126
48.1405
48.2663
48.3914
48.535
48.6822
48.8511
49.0137
49.1934
49.3736
49.5683
49.7666
49.9753
50.1908
50.4092
50.628
50.8403
51.0555
51.2656
51.4811
51.7002
51.9279
52.1647
52.4093
52.6637
52.9252
53.1929
53.4637
53.7336
53.9951
54.2591
54.5215
54.7832
55.0325
55.283
55.5198
55.761
55.9908
56.2185
56.4293
56.632
56.8208
57.001
57.1717
57.3354
57.4991
57.6545
57.8126
57.9709
58.127
58.2822
58.4311
58.5861
58.7358
58.8905
59.0444
59.2016
59.3615
59.5424
59.7535
59.9853
60.2326
60.4951
60.7682
61.0655
61.3787
61.7295
62.098
62.5193
62.9494
63.4433
63.9242
64.4766
65.0214
65.654
66.3016
67.0406
67.8581
68.7502
69.7397
70.7287
71.7418
72.515
73.2048
47.3152
47.1322
46.8121
46.4473
46.0869
45.7625
45.4934
45.2937
45.1687
45.0966
45.0519
45.0139
44.9815
44.9536
44.926
44.8941
44.8557
44.7971
44.7051
44.583
44.4465
44.2882
44.1141
43.9539
43.8275
43.733
43.6733
43.6367
43.6048
43.5693
43.5379
43.5198
43.5055
43.4846
43.4484
43.3855
43.2982
43.1833
43.0387
42.8617
42.6721
42.4916
42.3288
42.1879
42.0744
41.9879
41.9389
41.9322
41.9557
41.9954
42.0266
42.0206
41.9647
41.8519
41.6915
41.4989
41.2924
41.0773
40.8602
40.6341
40.417
40.2224
40.0417
39.8641
39.7071
39.5634
39.4581
39.4053
39.4243
39.5179
39.6681
39.8626
40.0941
40.3372
40.5943
40.8415
41.0646
41.2538
41.4044
41.5354
41.6516
41.7422
41.8069
41.8447
41.8542
41.8519
41.8587
41.8775
41.9168
41.9834
42.0843
42.2144
42.379
42.5694
42.7984
43.0406
43.3068
43.5693
43.8438
44.0978
44.3449
44.581
44.8119
45.0408
45.2689
45.4896
45.7022
45.9161
46.1233
46.3209
46.5111
46.6894
46.8569
47.0107
47.1503
47.2772
47.3969
47.5077
47.6237
47.7317
47.8588
47.9809
48.1243
48.2608
48.413
48.5688
48.7413
48.9215
49.1121
49.3098
49.51
49.7129
49.9113
50.1166
50.3218
50.5345
50.7546
50.9836
51.2228
51.4644
51.7152
51.969
52.2317
52.494
52.7615
53.0194
53.2811
53.5355
53.7927
54.0336
54.2761
54.5024
54.7294
54.9439
55.1586
55.3549
55.5473
55.7255
55.8999
56.0654
56.2286
56.3898
56.5489
56.7079
56.8686
57.0263
57.1872
57.3392
57.4997
57.6548
57.8153
57.979
58.1488
58.3192
58.5049
58.7109
58.937
59.1747
59.434
59.6967
59.9923
60.2967
60.6508
61.013
61.4396
61.8578
62.359
62.8446
63.4236
63.993
64.6634
65.3602
66.1462
67.0134
67.967
69.0114
70.0825
71.1525
72.0783
72.6229
47.3085
47.1014
46.7621
46.3952
46.0513
45.7554
45.5204
45.3562
45.2624
45.2148
45.189
45.1668
45.1461
45.1264
45.1053
45.0766
45.0392
44.9803
44.8853
44.7581
44.6161
44.452
44.2737
44.1107
43.9828
43.8933
43.8403
43.8079
43.7794
43.7459
43.7125
43.6924
43.6787
43.6633
43.6362
43.5795
43.4957
43.385
43.2456
43.0725
42.878
42.684
42.5072
42.3516
42.2258
42.132
42.0823
42.076
42.1034
42.1488
42.1891
42.1983
42.1625
42.0674
41.9238
41.7473
41.5585
41.3591
41.1528
40.9288
40.7042
40.491
40.2831
40.0771
39.9008
39.7469
39.6432
39.5992
39.6355
39.7385
39.8912
40.0796
40.3077
40.5482
40.7982
41.0441
41.2601
41.4453
41.5898
41.711
41.8166
41.8913
41.9362
41.9523
41.9452
41.9327
41.9281
41.9337
41.9655
42.0251
42.1189
42.2358
42.3864
42.5558
42.7622
42.9823
43.2253
43.4724
43.7302
43.9715
44.2014
44.4226
44.6376
44.8474
45.0507
45.2433
45.4235
45.6034
45.7751
45.9366
46.0924
46.2356
46.3695
46.4902
46.6036
46.7036
46.805
46.8969
46.9975
47.0886
47.1967
47.2983
47.4178
47.535
47.6629
47.7984
47.949
48.1125
48.2835
48.4634
48.6465
48.8333
49.0206
49.2168
49.4183
49.6282
49.849
50.0772
50.3149
50.5523
50.7987
51.0443
51.2994
51.5528
51.8135
52.0673
52.3225
52.5674
52.8137
53.0465
53.2767
53.4925
53.7037
53.9027
54.1011
54.2854
54.4637
54.6348
54.8017
54.9669
55.1296
55.292
55.4516
55.6125
55.7721
55.9305
56.09
56.2431
56.4055
56.5634
56.7254
56.8962
57.0691
57.2473
57.4352
57.6371
57.8569
58.0856
58.3386
58.5904
58.8839
59.1773
59.534
59.8806
60.3115
60.717
61.2283
61.7143
62.3077
62.9032
63.5945
64.3279
65.1453
66.0483
67.0278
68.1123
69.2039
70.3409
71.1672
72.005
47.2493
47.024
46.6779
46.3316
46.0223
45.772
45.5852
45.4601
45.3921
45.3645
45.358
45.3528
45.342
45.3269
45.3097
45.2856
45.2497
45.1895
45.0931
44.9652
44.8224
44.6593
44.4845
44.3242
44.1953
44.1042
44.0509
44.0192
43.9938
43.9577
43.9173
43.8872
43.864
43.8412
43.8119
43.7582
43.6749
43.5693
43.4381
43.2712
43.0804
42.8835
42.7022
42.5417
42.4112
42.314
42.2621
42.2535
42.2794
42.3215
42.3664
42.3849
42.3642
42.2873
42.1594
41.9979
41.8259
41.6442
41.4516
41.239
41.0189
40.7983
40.5752
40.3525
40.1609
39.9967
39.8918
39.8506
39.8847
39.9821
40.1332
40.3148
40.5305
40.7605
40.9948
41.2301
41.4401
41.6171
41.7557
41.8645
41.9554
42.0135
42.046
42.0441
42.0238
42.0002
41.9862
41.9882
42.02
42.075
42.1654
42.2748
42.4149
42.5685
42.7519
42.9485
43.1675
43.3944
43.6314
43.8576
44.0716
44.2761
44.4753
44.6654
44.8429
45.0073
45.1589
45.3057
45.4469
45.5744
45.6992
45.8078
45.9123
46.0012
46.0898
46.1649
46.246
46.3155
46.3983
46.4714
46.5582
46.6433
46.7392
46.8393
46.9471
47.0634
47.1933
47.3388
47.4914
47.6537
47.8251
47.9996
48.1818
48.3695
48.5683
48.7732
48.9922
49.2142
49.4483
49.6791
49.9199
50.1562
50.4036
50.6479
50.9004
51.1463
51.3944
51.6285
51.8636
52.0855
52.3035
52.506
52.7028
52.885
53.068
53.2379
53.4063
53.5674
53.7315
53.8953
54.0609
54.2238
54.3859
54.5441
54.7024
54.8549
55.0095
55.1576
55.3181
55.4736
55.6355
55.8053
55.9793
56.1555
56.3461
56.5392
56.7558
56.9684
57.219
57.454
57.7481
58.0233
58.3804
58.7099
59.1441
59.5417
60.0519
60.5406
61.1415
61.7438
62.4431
63.1856
64.014
64.9119
65.8864
66.9307
68.0134
69.0897
70.054
70.5958
47.1869
46.9505
46.622
46.3144
46.0537
45.8513
45.705
45.6061
45.5535
45.5374
45.5429
45.5504
45.5478
45.5351
45.519
45.4954
45.4568
45.3976
45.3083
45.1856
45.044
44.8858
44.72
44.5654
44.4366
44.3399
44.28
44.2465
44.2218
44.1857
44.1413
44.0969
44.0599
44.0258
43.9885
43.929
43.8456
43.74
43.618
43.4637
43.2807
43.0854
42.9108
42.7559
42.6265
42.5275
42.4722
42.4554
42.4765
42.5121
42.5519
42.5704
42.56
42.4997
42.392
42.2474
42.0895
41.9243
41.7504
41.5539
41.3433
41.1253
40.9048
40.6775
40.4736
40.3009
40.1896
40.1409
40.1647
40.2517
40.3905
40.5572
40.7548
40.9683
41.1867
41.4036
41.5992
41.7611
41.8922
41.9875
42.0654
42.1105
42.1302
42.1181
42.0903
42.0588
42.0427
42.0407
42.0702
42.1224
42.2123
42.3155
42.4472
42.589
42.7528
42.9306
43.1265
43.3299
43.5448
43.7538
43.9491
44.1355
44.3192
44.4871
44.6421
44.7801
44.9078
45.0268
45.1419
45.2394
45.3366
45.415
45.4929
45.555
45.6217
45.6701
45.7284
45.7764
45.8355
45.8917
45.9564
46.0228
46.1001
46.1812
46.2748
46.3722
46.4857
46.6109
46.7492
46.894
47.0574
47.2207
47.4027
47.5821
47.7808
47.9784
48.1938
48.4068
48.6341
48.8554
49.0883
49.3153
49.5536
49.7893
50.0337
50.2691
50.5074
50.7301
50.953
51.1636
51.369
51.5589
51.7424
51.9121
52.0782
52.2356
52.3932
52.5482
52.7079
52.8701
53.0364
53.1991
53.3613
53.5164
53.669
53.815
53.9627
54.1046
54.2582
54.4076
54.5625
54.7252
54.8934
55.0602
55.2481
55.4278
55.6425
55.8337
56.0847
56.2961
56.595
56.8467
57.2058
57.5202
57.9497
58.3395
58.8461
59.3253
59.92
60.5193
61.2057
61.9285
62.7237
63.5778
64.4842
65.443
66.3903
67.3245
67.9215
68.7662
47.1493
46.9331
46.6336
46.371
46.1545
45.9841
45.8596
45.7733
45.7259
45.712
45.7193
45.7309
45.7336
45.7255
45.7111
45.6884
45.6543
45.5984
45.5121
45.3911
45.254
45.1051
44.9501
44.8009
44.6751
44.5772
44.5127
44.4725
44.445
44.4122
44.3697
44.3202
44.2733
44.2224
44.1708
44.1072
44.0264
43.9198
43.8004
43.6528
43.4833
43.2994
43.1292
42.9788
42.8573
42.7617
42.7049
42.6793
42.6921
42.7183
42.7526
42.7662
42.7548
42.7031
42.6145
42.4904
42.3507
42.1997
42.0403
41.8598
41.6642
41.4546
41.2405
41.0174
40.8143
40.6391
40.5201
40.4607
40.4684
40.5335
40.6536
40.802
40.9788
41.1692
41.3663
41.558
41.7378
41.8848
42.0088
42.0919
42.1577
42.1901
42.2028
42.1852
42.1578
42.1225
42.1051
42.0992
42.1276
42.1749
42.2589
42.356
42.4786
42.6104
42.7597
42.92
43.0965
43.2776
43.4717
43.6582
43.8374
44.0057
44.1718
44.3195
44.454
44.5665
44.6749
44.7661
44.8609
44.9325
45.008
45.0612
45.1179
45.1569
45.2007
45.2277
45.2629
45.2877
45.3261
45.3594
45.4069
45.4516
45.5141
45.5776
45.6569
45.738
45.8382
45.943
46.0713
46.1985
46.3567
46.5113
46.6928
46.868
47.0642
47.2577
47.4652
47.6703
47.8858
48.0968
48.3157
48.5338
48.759
48.9846
49.2167
49.4414
49.6657
49.8794
50.0894
50.2904
50.484
50.6653
50.8378
50.9993
51.1548
51.3027
51.4499
51.601
51.7544
51.9131
52.0762
52.2367
52.3959
52.546
52.6922
52.8305
52.9705
53.1039
53.2489
53.3866
53.5339
53.6769
53.8409
53.9856
54.1708
54.3217
54.5421
54.6994
54.9595
55.1379
55.4366
55.6692
56.0232
56.3202
56.7483
57.1173
57.615
58.0786
58.6526
59.2263
59.8832
60.5508
61.2805
62.0229
62.8013
63.5534
64.265
64.8095
65.0295
64.6627
47.2018
47.0199
46.7571
46.5097
46.3043
46.1406
46.0263
45.9456
45.8939
45.8729
45.8718
45.8785
45.8836
45.8785
45.8658
45.8457
45.8122
45.7564
45.6772
45.5669
45.4386
45.2972
45.1525
45.0132
44.8968
44.8039
44.7367
44.6911
44.661
44.6312
44.5928
44.5455
44.4957
44.4388
44.3793
44.3089
44.2245
44.1178
43.9998
43.8593
43.7009
43.5261
43.3633
43.2188
43.0987
43.0034
42.9444
42.9166
42.9208
42.9357
42.9565
42.963
42.9508
42.9094
42.8371
42.7293
42.6037
42.4646
42.3192
42.1546
41.9721
41.7747
41.5704
41.3547
41.1581
40.9828
40.8571
40.7863
40.7764
40.8187
40.9163
41.0456
41.2014
41.3674
41.5422
41.7091
41.8724
42.003
42.1177
42.1911
42.2454
42.2693
42.2771
42.2545
42.2294
42.1937
42.1781
42.1703
42.193
42.2335
42.3034
42.3918
42.5042
42.6287
42.7669
42.9125
43.0744
43.239
43.4143
43.5801
43.7435
43.8952
44.0437
44.1687
44.2856
44.3751
44.4653
44.5346
44.6102
44.6616
44.7169
44.752
44.7896
44.809
44.8317
44.8386
44.8542
44.857
44.8776
44.889
44.9191
44.9456
44.9938
45.0418
45.1102
45.1757
45.2662
45.3517
45.4715
45.5853
45.7376
45.8866
46.0646
46.2366
46.4273
46.6156
46.815
47.0106
47.2139
47.4116
47.6154
47.8189
48.0311
48.2422
48.4594
48.6717
48.8827
49.087
49.2881
49.479
49.6667
49.8396
50.0075
50.1619
50.3135
50.4522
50.5964
50.7391
50.8897
51.0387
51.1991
51.3505
51.5066
51.6471
51.79
51.9168
52.0553
52.1751
52.3151
52.4308
52.5728
52.685
52.8415
52.9528
53.1361
53.25
53.4724
53.6017
53.8544
54.0112
54.3044
54.5086
54.8659
55.1329
55.5585
55.9044
56.3867
56.819
57.3597
57.8784
58.4796
59.0569
59.6753
60.2461
60.7915
61.2186
61.451
61.3321
60.1618
58.1349
47.2045
47.1642
46.9153
46.6716
46.4673
46.3001
46.1749
46.0826
46.0196
45.9908
45.9866
45.9917
45.9986
45.9997
45.9924
45.9737
45.9404
45.8868
45.8117
45.7094
45.5886
45.4574
45.3248
45.197
45.0846
44.9934
44.9289
44.8872
44.8594
44.8313
44.7975
44.7546
44.7056
44.6486
44.5853
44.5114
44.4269
44.3226
44.2034
44.0657
43.9152
43.7521
43.5968
43.4546
43.3377
43.2451
43.1853
43.1511
43.1432
43.1488
43.1604
43.1619
43.1474
43.1081
43.0463
42.9536
42.8435
42.7142
42.5752
42.4187
42.2499
42.0637
41.8705
41.6682
41.4804
41.3109
41.1819
41.1023
41.0793
41.1049
41.1807
41.2885
41.4232
41.5675
41.723
41.869
42.0136
42.1278
42.2284
42.2933
42.338
42.3537
42.3555
42.3315
42.3083
42.2747
42.258
42.2494
42.2635
42.2966
42.354
42.4326
42.5331
42.6471
42.7757
42.912
43.061
43.2111
43.3685
43.5188
43.6679
43.8041
43.9361
44.0416
44.1419
44.214
44.2867
44.3385
44.3971
44.4335
44.4726
44.4924
44.5127
44.5147
44.5196
44.5088
44.5074
44.4936
44.4953
44.4899
44.503
44.515
44.55
44.5845
44.6441
44.6972
44.78
44.8526
44.9627
45.0681
45.2115
45.3544
45.5242
45.6903
45.8737
46.0542
46.2461
46.4313
46.6237
46.8069
46.9978
47.1851
47.3835
47.578
47.7801
47.9779
48.1761
48.3699
48.5622
48.7448
48.9266
49.0945
49.2582
49.4103
49.558
49.6962
49.8391
49.9765
50.1239
50.2641
50.4208
50.5596
50.7134
50.8417
50.9848
51.0986
51.2363
51.3405
51.4707
51.5602
51.6904
51.7671
51.912
51.9852
52.1608
52.2392
52.452
52.5499
52.8039
52.9238
53.2247
53.3884
53.7513
53.9835
54.3997
54.714
55.1696
55.5554
56.0482
56.4846
57.0053
57.4407
57.9106
58.221
58.4618
58.3672
57.9256
56.7162
54.4124
45.0609
-42.9926
-4.67187
-8.15031
-3.05255
-4.13009
-2.13846
-1.74417
-0.523176
0.0251562
0.714666
1.08011
1.42799
1.50649
1.66701
1.59394
1.60775
1.53582
1.21981
0.810886
0.654293
-29.7584
-4.97954
-8.13693
-3.18059
-4.2599
-2.26948
-1.88906
-0.656014
-0.106953
0.592794
0.962205
1.32564
1.40896
1.58303
1.51361
1.53635
1.48412
1.16127
0.742883
0.605025
-19.4561
-4.81625
-7.9664
-3.35283
-4.46878
-2.47351
-2.13805
-0.892577
-0.356046
0.355084
0.726157
1.11429
1.20553
1.4055
1.35072
1.38489
1.36325
1.0307
0.594407
0.504586
-10.4412
-3.92713
-7.19008
-3.47841
-4.58347
-2.69724
-2.38612
-1.17267
-0.645181
0.0624615
0.437448
0.846644
0.94637
1.17609
1.14573
1.18313
1.20056
0.875372
0.410331
0.362024
-2.85319
-2.17359
-5.89087
-3.47591
-4.53509
-2.89456
-2.58143
-1.45782
-0.935808
-0.250732
0.125911
0.555117
0.664648
0.917969
0.922241
0.956236
1.00365
0.720689
0.227378
0.206562
3.34051
0.294181
-4.14069
-3.19172
-4.27398
-3.00497
-2.69443
-1.70899
-1.20081
-0.551864
-0.181291
0.264485
0.387313
0.647964
0.689112
0.714688
0.770493
0.56358
0.0651352
0.0541797
8.39719
3.18508
-2.04834
-2.56734
-3.8054
-2.99068
-2.71995
-1.89607
-1.41843
-0.813532
-0.456741
-0.00459076
0.133628
0.382688
0.451385
0.469443
0.508812
0.391267
-0.0736947
-0.0842439
12.6261
6.22693
0.259216
-1.61751
-3.14951
-2.82401
-2.64457
-1.98624
-1.55771
-1.00144
-0.665977
-0.228535
-0.0778294
0.141716
0.218545
0.232595
0.236933
0.196234
-0.191742
-0.199317
16.2721
9.2439
2.68075
-0.377287
-2.30579
-2.47102
-2.42911
-1.9349
-1.57331
-1.07715
-0.774521
-0.380478
-0.228256
-0.052786
0.00873742
0.016344
-0.0223803
-0.0115609
-0.293671
-0.285961
19.4651
12.1192
5.12091
1.10048
-1.28089
-1.91483
-2.04621
-1.71582
-1.43562
-1.01833
-0.763187
-0.437854
-0.302811
-0.183022
-0.157315
-0.165429
-0.242711
-0.205513
-0.386218
-0.347326
22.2714
14.7816
7.4961
2.73464
-0.113589
-1.17109
-1.49986
-1.33497
-1.14659
-0.827008
-0.63197
-0.393478
-0.297496
-0.245367
-0.267275
-0.300168
-0.403845
-0.359754
-0.471216
-0.389459
24.7497
17.2059
9.74393
4.43018
1.14508
-0.283344
-0.818326
-0.823324
-0.73658
-0.530574
-0.4084
-0.270961
-0.233842
-0.255264
-0.319852
-0.377579
-0.490837
-0.452016
-0.534307
-0.412053
26.9624
19.4004
11.8274
6.11308
2.45251
0.696728
-0.0473429
-0.228425
-0.258645
-0.178581
-0.139647
-0.106227
-0.135479
-0.222283
-0.312101
-0.387377
-0.489457
-0.464648
-0.550724
-0.405536
28.9551
21.3696
13.7014
7.70742
3.75128
1.70385
0.746353
0.379123
0.220723
0.174237
0.132265
0.0759248
-0.0110471
-0.141003
-0.236386
-0.322535
-0.396182
-0.392059
-0.502546
-0.362123
30.7786
23.1136
15.333
9.14727
4.9691
2.66033
1.49084
0.939386
0.655957
0.495058
0.386415
0.268251
0.143997
-0.00457016
-0.0912721
-0.183552
-0.221013
-0.241415
-0.387687
-0.281438
32.4452
24.605
16.6902
10.3816
6.03429
3.49312
2.12522
1.40884
1.0185
0.768676
0.612264
0.462934
0.323834
0.17594
0.104549
0.00985647
0.00626995
-0.0405401
-0.221754
-0.173742
33.9385
25.8069
17.7617
11.3862
6.9005
4.1572
2.61377
1.76435
1.29485
0.985916
0.802429
0.642971
0.503528
0.366324
0.306291
0.210204
0.23031
0.161206
-0.0422184
-0.0621282
35.1981
26.6539
18.5152
12.1168
7.52015
4.6147
2.93625
1.99735
1.48109
1.14239
0.9479
0.786551
0.649972
0.521424
0.464423
0.36634
0.397833
0.314676
0.106957
0.026831
36.1686
27.1177
18.9195
12.5125
7.83962
4.8331
3.07784
2.09763
1.56602
1.22219
1.0263
0.864567
0.729298
0.604705
0.547163
0.448358
0.482629
0.397299
0.198384
0.078829
36.4057
27.1616
18.9972
12.5979
7.90508
4.87698
3.10561
2.11877
1.58395
1.23779
1.04032
0.877736
0.743385
0.62141
0.564854
0.468558
0.503214
0.420004
0.23559
0.101375
)
;

boundaryField
{
    inlet
    {
        type            calculated;
        value           nonuniform List<scalar> 
20
(
86.9036
83.7924
81.8274
80.292
79.0432
78.0578
77.3014
76.7477
76.3873
76.208
76.2011
76.3703
76.7213
77.2677
78.0214
79.0034
80.2502
81.7848
83.7491
86.8598
)
;
    }
    outlet
    {
        type            calculated;
        value           uniform 0;
    }
    walls
    {
        type            calculated;
        value           nonuniform List<scalar> 
520
(
86.8598
74.5036
67.0717
63.5157
61.5986
60.1858
58.9638
57.8362
56.7914
55.7834
54.8188
53.8603
52.9461
52.0428
51.2083
50.3997
49.6956
49.0467
48.5517
48.2121
48.1766
48.1386
48.0757
47.9941
47.8963
47.7874
47.6767
47.573
47.4808
47.4009
47.3323
47.273
47.2213
47.176
47.1362
47.101
47.0701
47.0429
47.0191
46.9985
46.9808
46.9661
46.9541
46.9447
46.9377
46.9327
46.9292
46.9267
46.9248
46.9231
46.9214
46.9197
46.9182
46.9171
46.9169
46.9175
46.9187
46.9203
46.9219
46.923
46.9238
46.9248
46.9266
46.9301
46.9354
46.9427
46.9522
46.9641
46.9778
46.9928
47.0092
47.0268
47.0458
47.0668
47.0902
47.1153
47.1413
47.1672
47.1925
47.217
47.2409
47.2637
47.2851
47.3043
47.3208
47.3352
47.3473
47.3568
47.3637
47.3682
47.3711
47.3729
47.3737
47.3735
47.3774
47.3933
47.4245
47.4697
47.5214
47.5718
47.6158
47.6538
47.6871
47.71
47.733
47.7809
47.8309
47.9326
47.9852
48.0947
48.141
48.2561
48.2991
48.4426
48.5413
48.7514
48.8927
49.1273
49.2867
49.5392
49.697
49.9362
50.0659
50.2703
50.3661
50.5361
50.6205
50.8086
50.9059
51.1038
51.2239
51.4485
51.6005
51.8551
52.0468
52.3382
52.5488
52.8543
53.0635
53.3806
53.583
53.8992
54.0932
54.4237
54.6252
54.9402
55.1212
55.3968
55.5431
55.7896
55.9244
56.1684
56.3113
56.5554
56.6997
56.9317
57.0628
57.2777
57.4237
57.6634
57.8216
58.1355
58.3125
58.6678
58.7647
59.2035
59.0896
59.7252
59.5667
60.1855
59.8759
60.4977
60.1777
60.8357
60.5288
61.1547
60.7718
61.42
61.0701
61.6958
61.2878
61.9722
61.5172
62.2431
61.7643
62.4574
61.8935
62.4422
61.8429
62.3235
61.7212
62.159
61.5422
62.0584
61.2905
61.7884
60.8661
61.3685
60.3144
60.8054
59.7665
60.0329
58.8907
59.1779
57.8183
58.3872
56.7319
57.5125
55.6678
56.2317
54.3484
54.2068
52.2726
51.489
49.6373
48.1597
46.3097
44.6333
42.7343
40.8542
36.4057
27.1616
18.9972
12.5979
7.90508
4.87698
3.10561
2.11877
1.58395
1.23779
1.04032
0.877736
0.743385
0.62141
0.564854
0.468558
0.503214
0.420004
0.23559
0.101375
86.9036
74.4649
67.0614
63.5014
61.6099
60.1776
58.9693
57.8207
56.7911
55.7599
54.809
53.822
52.9162
51.9732
51.1311
50.2582
49.4943
48.7082
48.0062
47.225
47.2621
47.2354
47.2217
47.2086
47.1717
47.1049
47.0318
46.9867
46.9882
47.0358
47.1162
47.2034
47.2787
47.3152
47.3085
47.2493
47.1869
47.1493
47.2018
47.2045
47.2621
47.2615
47.2651
47.1954
47.0517
46.8764
46.7017
46.5422
46.3993
46.2723
46.1614
46.0721
46.0101
45.9702
45.9394
45.9214
45.9084
45.8859
45.864
45.8464
45.8363
45.8356
45.8261
45.8035
45.7672
45.7122
45.6518
45.6001
45.5565
45.501
45.4186
45.3201
45.2294
45.1661
45.1248
45.0845
45.0248
44.9405
44.8374
44.7274
44.6326
44.5847
44.5809
44.6168
44.6784
44.701
44.6634
44.5819
44.4742
44.3706
44.3008
44.2606
44.236
44.2153
44.2023
44.1823
44.1316
44.0711
44.0188
43.9797
43.963
43.9606
43.954
43.9712
44.0075
44.0501
44.0893
44.1354
44.2014
44.2523
44.3131
44.4089
44.5492
44.7118
44.8522
44.967
45.0503
45.107
45.1679
45.2689
45.4186
45.6238
45.8698
46.1388
46.3978
46.6314
46.8696
47.1186
47.369
47.6113
47.8573
48.1089
48.356
48.6064
48.8481
49.1005
49.3873
49.6808
49.9722
50.2644
50.5671
50.8938
51.251
51.6368
52.0332
52.4299
52.8317
53.2392
53.6508
54.0716
54.4931
54.8944
55.2585
55.5847
55.8926
56.1797
56.445
56.6935
56.9343
57.1779
57.4253
57.6802
57.9384
58.1901
58.4377
58.6808
58.9198
59.1715
59.4277
59.6798
59.9281
60.1863
60.4742
60.772
61.0679
61.3683
61.6594
61.9205
62.145
62.3377
62.5263
62.7244
62.9405
63.1756
63.4125
63.6316
63.8309
64.0106
64.1861
64.3742
64.5812
64.7988
65.0143
65.2215
65.4212
65.6142
65.806
65.9966
66.1842
66.367
66.5476
66.7258
66.9012
67.0682
67.2212
67.3576
67.4784
67.5871
67.6874
67.7796
67.864
67.9428
68.0229
68.1095
68.21
68.3307
68.4717
68.6212
68.791
68.9903
69.215
69.4716
69.7348
70.0077
70.3152
70.6484
70.9825
71.3135
71.6604
72.0375
72.4661
72.9628
73.5292
74.1537
74.8178
75.4655
76.0322
76.3947
76.5894
76.7307
76.7307
76.5783
76.3416
76.072
75.8161
75.5416
75.2551
74.9139
74.5703
74.1902
73.8895
73.5047
73.2048
72.6229
72.005
70.5958
68.7662
64.6627
58.1349
45.0609
-42.9926
-4.67187
-8.15031
-3.05255
-4.13009
-2.13846
-1.74417
-0.523176
0.0251562
0.714666
1.08011
1.42799
1.50649
1.66701
1.59394
1.60775
1.53582
1.21981
0.810886
0.654293
)
;
    }
    frontAndBack
    {
        type            empty;
    }
}


// ************************************************************************* //
