/*--------------------------------*- C++ -*----------------------------------*\
| =========                 |                                                 |
| \\      /  F ield         | OpenFOAM: The Open Source CFD Toolbox           |
|  \\    /   O peration     | Version:  2.4.0                                 |
|   \\  /    A nd           | Web:      www.OpenFOAM.org                      |
|    \\/     M anipulation  |                                                 |
\*---------------------------------------------------------------------------*/
FoamFile
{
    version     2.0;
    format      ascii;
    class       volScalarField;
    location    "0.12";
    object      pMean;
}
// * * * * * * * * * * * * * * * * * * * * * * * * * * * * * * * * * * * * * //

dimensions      [0 2 -2 0 0 0 0];

internalField   nonuniform List<scalar> 
8800
(
121.801
108.969
101.148
97.2542
94.9819
93.1974
91.5776
90.0412
88.5669
87.1274
85.7126
84.3097
82.9249
81.5565
80.2039
78.8762
77.5358
76.1899
74.7697
72.6438
118.738
108.617
101.311
97.3647
95.0404
93.2221
91.5845
90.0411
88.5648
87.1247
85.7104
84.3074
82.9236
81.5543
80.2057
78.8718
77.5466
76.1942
74.7904
73.1672
116.802
108.685
101.895
97.7284
95.2042
93.2998
91.6298
90.072
88.5867
87.1396
85.7192
84.3119
82.926
81.554
80.2072
78.8681
77.5562
76.2049
74.9499
73.5384
115.289
108.739
102.463
98.1361
95.3831
93.3868
91.6928
90.1275
88.6333
87.1751
85.7441
84.3281
82.9373
81.5607
80.2135
78.8729
77.5623
76.2418
75.0443
73.9798
114.059
108.706
102.925
98.5255
95.5474
93.4537
91.7445
90.1851
88.69
87.222
85.779
84.3521
82.9545
81.5724
80.2227
78.8839
77.573
76.2849
75.1278
74.515
113.09
108.606
103.283
98.8593
95.6945
93.4978
91.7771
90.2319
88.7419
87.2694
85.8141
84.3785
82.9703
81.5866
80.2317
78.8997
77.5932
76.3462
75.2768
75.0421
112.347
108.488
103.545
99.1295
95.8272
93.526
91.7926
90.2665
88.7849
87.31
85.8453
84.4014
82.9849
81.5991
80.2422
78.918
77.6257
76.4245
75.4598
75.4686
111.808
108.384
103.726
99.3334
95.9444
93.544
91.7971
90.2898
88.8177
87.3416
85.8701
84.4193
82.9976
81.61
80.2566
78.9414
77.672
76.5101
75.6421
75.808
111.458
108.306
103.84
99.4709
96.0269
93.5555
91.7965
90.3041
88.8403
87.3644
85.888
84.4327
83.0081
81.6214
80.2728
78.9699
77.7229
76.5982
75.8081
76.0772
111.287
108.263
103.894
99.5403
96.069
93.5613
91.7954
90.3116
88.8527
87.3772
85.8987
84.4418
83.0179
81.6345
80.294
79.0029
77.7772
76.6847
75.9525
76.2897
111.288
108.263
103.894
99.5405
96.0691
93.5618
91.7954
90.3127
88.8538
87.3797
85.9019
84.4473
83.0261
81.6493
80.3174
79.0402
77.8324
76.7686
76.0703
76.4546
111.46
108.305
103.839
99.4715
96.0274
93.5565
91.7971
90.3071
88.8444
87.3715
85.898
84.4487
83.0337
81.6652
80.344
79.0801
77.8896
76.8474
76.1646
76.5697
111.811
108.382
103.727
99.3344
95.9452
93.5455
91.7985
90.2941
88.8244
87.3536
85.887
84.4461
83.0397
81.682
80.3726
79.1236
77.9489
76.9245
76.2349
76.6269
112.351
108.485
103.546
99.1306
95.8288
93.5273
91.7956
90.2717
88.7945
87.3263
85.8689
84.4387
83.0435
81.6986
80.4017
79.1701
78.0116
77.0045
76.2888
76.6122
113.095
108.601
103.284
98.8603
95.6971
93.4988
91.7821
90.2378
88.755
87.2891
85.8452
84.4258
83.0459
81.7115
80.4313
79.2155
78.0801
77.0881
76.3517
76.5204
114.065
108.701
102.927
98.5266
95.5508
93.4551
91.751
90.1922
88.7061
87.2448
85.8171
84.4091
83.0462
81.7203
80.4591
79.2567
78.1518
77.1744
76.4334
76.3664
115.295
108.734
102.465
98.1371
95.3874
93.389
91.7004
90.1359
88.6524
87.2003
85.789
84.3926
83.0448
81.7262
80.4823
79.2902
78.2167
77.2514
76.5252
76.1905
116.808
108.68
101.896
97.7291
95.2091
93.3029
91.6383
90.0814
88.6078
87.1671
85.7687
84.3819
83.044
81.732
80.4987
79.3153
78.2623
77.3089
76.5958
76.0779
118.744
108.613
101.313
97.3652
95.0457
93.2257
91.5934
90.0512
88.5867
87.1534
85.762
84.3807
83.0468
81.7384
80.5088
79.3311
78.285
77.3415
76.6199
76.023
121.808
108.964
101.15
97.2547
94.9875
93.201
91.5865
90.0514
88.589
87.1564
85.765
84.3836
83.0497
81.7417
80.5126
79.3363
78.2906
77.3516
76.6273
76.1242
71.872
71.8619
71.5842
71.0636
70.3619
69.5334
68.6269
67.7172
66.8836
66.1822
65.6308
65.233
64.9847
64.87
64.8607
64.9112
64.97
65.0067
65.0164
64.9914
64.9472
64.8995
64.8648
64.8497
64.8513
64.8647
64.8855
64.9118
64.945
64.9884
65.05
65.1435
65.2767
65.4595
65.6975
65.9937
66.3465
66.7502
67.2016
67.6952
68.2274
68.7906
69.3796
69.9844
70.6016
71.2183
71.8297
72.4274
72.9994
73.5364
74.0402
74.5018
74.911
75.2768
75.6065
75.8938
76.1481
76.3854
76.6077
76.8126
77.013
77.2127
77.4073
77.6003
77.7921
77.9786
78.1568
78.3258
78.4851
78.6281
78.7563
78.8719
78.9725
79.0639
79.1429
79.2153
79.2818
79.3434
79.4092
79.4755
79.5492
79.632
79.7334
79.8472
79.9866
80.1465
80.3277
80.5352
80.7632
81.0082
81.2595
81.5251
81.8045
82.0855
82.3594
82.6263
82.8828
83.1231
83.3586
83.5844
83.799
84.0102
84.2147
84.4139
84.6096
84.8105
85.0112
85.2183
85.4296
85.643
85.8589
86.0733
86.2785
86.4764
86.6563
86.816
86.952
87.0658
87.1562
87.2282
87.2809
87.3177
87.3394
87.3466
87.3413
87.3259
87.2983
87.2576
87.2058
87.1415
87.0703
86.9842
86.8945
86.7939
86.7001
86.6046
86.5188
86.4396
86.3676
86.311
86.27
86.2557
86.2632
86.3067
86.3696
86.4724
86.5846
86.7271
86.8647
87.018
87.1542
87.2918
87.4035
87.5077
87.5812
87.6367
87.6614
87.668
87.6563
87.636
87.6062
87.5701
87.5321
87.4878
87.4514
87.4045
87.3767
87.3292
87.3155
87.2676
87.2695
87.2199
87.2325
87.1819
87.194
87.1415
87.1382
87.0688
87.0278
86.9115
86.813
86.6348
86.4657
86.2307
85.9801
85.7002
85.3558
85.0014
84.5543
84.0685
83.448
82.7315
81.8098
80.623
79.0743
76.9802
73.9485
68.7252
62.7815
35.3563
72.3815
72.1674
71.9505
71.4821
70.8082
70.0218
69.196
68.3902
67.6514
67.0142
66.4978
66.1102
65.8507
65.7113
65.6704
65.6874
65.724
65.7537
65.7645
65.7526
65.7229
65.6855
65.6512
65.6277
65.6164
65.615
65.6204
65.6314
65.6525
65.6882
65.7449
65.8334
65.9609
66.1332
66.3537
66.6275
66.9519
67.3238
67.7363
68.1882
68.6714
69.1843
69.7181
70.2681
70.8293
71.3906
71.9439
72.4863
73.0052
73.4843
73.9272
74.3318
74.6868
74.9966
75.2744
75.5193
75.73
75.9209
76.0978
76.2587
76.4125
76.5645
76.7151
76.8629
77.0127
77.1616
77.3048
77.4435
77.5747
77.6953
77.8051
77.9021
77.9897
78.0663
78.1302
78.1922
78.2443
78.2995
78.3572
78.4187
78.49
78.5775
78.6866
78.8162
78.9818
79.169
79.3884
79.6385
79.9118
80.1989
80.4978
80.815
81.1528
81.4873
81.82
82.1428
82.4566
82.7559
83.0521
83.335
83.6071
83.8721
84.1231
84.3603
84.5894
84.8115
85.0305
85.2447
85.4622
85.6706
85.8859
86.0917
86.2964
86.4884
86.6693
86.8262
86.9665
87.0817
87.1805
87.2581
87.3222
87.3675
87.4009
87.4177
87.4268
87.4225
87.4103
87.378
87.3386
87.2782
87.2152
87.1292
87.0424
86.9294
86.8297
86.7107
86.6168
86.5145
86.4369
86.3621
86.3232
86.2951
86.3122
86.3391
86.416
86.4995
86.6289
86.7515
86.9078
87.0426
87.1965
87.3092
87.4349
87.5097
87.5954
87.6191
87.6542
87.6292
87.6279
87.5726
87.5531
87.4804
87.4529
87.3729
87.3457
87.2645
87.2433
87.1623
87.1512
87.0733
87.0695
86.9988
86.9908
86.9312
86.9071
86.853
86.8005
86.7309
86.6297
86.5108
86.3444
86.1552
85.9148
85.6499
85.3265
84.9804
84.5717
84.0984
83.5893
82.9261
82.1938
81.2296
80.0706
78.5275
76.5771
73.5205
70.7157
61.5346
54.9284
29.4389
72.8646
72.6043
72.2928
71.7944
71.1361
70.4055
69.672
68.9759
68.3367
67.7736
67.304
66.9396
66.6857
66.5326
66.4631
66.4476
66.4607
66.481
66.4913
66.4871
66.4689
66.4417
66.4139
66.3903
66.3757
66.3724
66.3784
66.3951
66.4247
66.4691
66.5333
66.625
66.7519
66.9179
67.1253
67.377
67.6732
68.0101
68.3838
68.7911
69.2261
69.6894
70.1692
70.6612
71.163
71.6651
72.1487
72.6155
73.0579
73.4604
73.8211
74.1476
74.4336
74.6779
74.8912
75.0786
75.2374
75.3763
75.5046
75.6233
75.735
75.8504
75.9695
76.0899
76.2164
76.3435
76.4704
76.5917
76.7082
76.814
76.9091
76.9939
77.0696
77.1306
77.185
77.2354
77.28
77.3325
77.386
77.4485
77.5224
77.6191
77.7341
77.8846
78.0716
78.2836
78.5382
78.8262
79.1348
79.4561
79.8
80.172
80.5617
80.9482
81.3382
81.7237
82.0995
82.4648
82.8246
83.1656
83.4975
83.8125
84.1137
84.39
84.6622
84.9076
85.1499
85.3723
85.598
85.8053
86.0225
86.219
86.4206
86.6016
86.778
86.9278
87.0717
87.1867
87.2975
87.3787
87.4569
87.5068
87.5557
87.5786
87.6083
87.6117
87.619
87.5932
87.5724
87.5154
87.4691
87.3816
87.3028
87.176
87.0727
86.925
86.8203
86.6849
86.5977
86.5005
86.4595
86.4228
86.4406
86.462
86.5401
86.6172
86.7488
86.8666
87.023
87.1501
87.3002
87.406
87.5234
87.5895
87.6603
87.6744
87.6929
87.658
87.6404
87.5761
87.5385
87.4587
87.4099
87.3226
87.2728
87.1818
87.1382
87.0461
87.0094
86.9243
86.8872
86.8152
86.7681
86.7029
86.6409
86.5649
86.4786
86.3648
86.2393
86.0549
85.8761
85.6047
85.3609
84.9998
84.67
84.2124
83.7751
83.1781
82.5757
81.7585
80.8522
79.6308
78.4054
75.9915
74.9181
69.2102
67.9986
56.1638
47.4515
30.3599
73.7484
73.3976
72.6789
71.895
71.1707
70.5322
69.9652
69.4496
68.9723
68.5369
68.1549
67.8406
67.6039
67.4414
67.346
67.301
67.2886
67.2933
67.2977
67.2946
67.2834
67.2651
67.2482
67.2352
67.2315
67.2404
67.2604
67.2926
67.3367
67.393
67.4667
67.5612
67.6834
67.8376
68.0259
68.2503
68.5144
68.8117
69.1442
69.5041
69.8868
70.2909
70.7106
71.1301
71.551
71.9677
72.3633
72.7321
73.0762
73.3859
73.6562
73.8964
74.1075
74.2861
74.4382
74.5707
74.6836
74.7801
74.8718
74.9611
75.0494
75.146
75.2501
75.3596
75.4731
75.592
75.7073
75.8184
75.9237
76.0183
76.1034
76.1773
76.243
76.2968
76.3486
76.3931
76.4403
76.493
76.5505
76.616
76.6955
76.7992
76.9236
77.0933
77.2959
77.5335
77.8187
78.1359
78.471
78.8248
79.2103
79.6286
80.0693
80.5054
80.9587
81.4016
81.8519
82.2804
82.7128
83.1099
83.5078
83.8653
84.2168
84.5224
84.8316
85.0943
85.3608
85.5898
85.8275
86.0316
86.255
86.4399
86.6422
86.805
86.9808
87.1165
87.2668
87.3732
87.4991
87.5789
87.676
87.725
87.7946
87.8193
87.8733
87.8786
87.9095
87.8858
87.8908
87.8351
87.811
87.7192
87.6526
87.5136
87.4118
87.2364
87.124
86.9486
86.8532
86.7216
86.6804
86.6218
86.6465
86.6541
86.7414
86.8048
86.9445
87.0478
87.2136
87.3212
87.4775
87.56
87.6839
87.7206
87.7957
87.7734
87.7964
87.725
87.7132
87.6141
87.5828
87.4631
87.4229
87.2879
87.251
87.1074
87.0746
86.9343
86.8999
86.7736
86.7321
86.617
86.5671
86.4478
86.3839
86.2417
86.1491
85.9601
85.8203
85.5631
85.3565
85.0245
84.7352
84.3111
83.926
83.3726
82.902
82.1073
81.6141
80.2937
79.9165
77.4225
77.5628
72.844
73.2249
65.4659
62.9477
52.7544
41.9815
31.2188
75.0515
74.5036
73.1041
71.8884
71.0306
70.4831
70.1231
69.838
69.5659
69.2931
69.0252
68.7782
68.5679
68.4025
68.2866
68.2154
68.1785
68.1656
68.1618
68.1611
68.1598
68.1563
68.1568
68.1622
68.1764
68.2026
68.237
68.2815
68.3354
68.3983
68.4756
68.568
68.6807
68.8213
68.9868
69.1816
69.4087
69.6617
69.9411
70.2449
70.5618
70.8898
71.2287
71.5621
71.8847
72.1972
72.4913
72.7577
73.002
73.2227
73.4141
73.5797
73.725
73.8473
73.9482
74.0369
74.1166
74.1889
74.2627
74.3392
74.4191
74.5057
74.6016
74.7018
74.8082
74.9208
75.0324
75.1421
75.2451
75.3398
75.423
75.4973
75.563
75.6202
75.6753
75.7248
75.7776
75.8343
75.8946
75.961
76.0449
76.1481
76.2846
76.4657
76.6841
76.941
77.2515
77.588
77.9451
78.3263
78.7526
79.2043
79.6945
80.179
80.6982
81.2016
81.7246
82.2232
82.7238
83.182
83.6449
84.0529
84.4457
84.7882
85.1221
85.4029
85.6835
85.9209
86.1614
86.3624
86.5835
86.7577
86.9564
87.1044
87.2788
87.4036
87.5585
87.658
87.7938
87.8682
87.9797
88.0266
88.116
88.1451
88.2196
88.2269
88.2783
88.2596
88.2889
88.235
88.2317
88.1306
88.0775
87.9252
87.8356
87.6344
87.5277
87.3045
87.2155
87.0298
87.0038
86.8963
86.948
86.913
87.0385
87.0604
87.2378
87.2904
87.4943
87.5457
87.7415
87.7594
87.9231
87.8884
88.0018
87.9031
87.9596
87.8125
87.8371
87.6591
87.6691
87.4643
87.4705
87.2488
87.2534
87.031
87.0292
86.8193
86.8105
86.6111
86.5993
86.3992
86.3851
86.1681
86.1442
85.8898
85.8434
85.5211
85.4404
85.0172
84.903
84.3302
84.202
83.3874
83.3167
82.1115
82.2284
80.3919
80.8503
78.1025
78.8136
74.8958
75.34
70.1562
68.6904
62.5798
56.9761
50.2922
39.9474
32.4557
76.0543
75.4388
73.6255
72.076
71.0464
70.4978
70.2653
70.1672
70.0885
69.9827
69.8419
69.6776
69.5092
69.3548
69.229
69.1365
69.0773
69.047
69.0359
69.0377
69.0463
69.0589
69.0779
69.1019
69.1334
69.1734
69.2167
69.2677
69.3258
69.389
69.4642
69.5504
69.6496
69.771
69.9103
70.0692
70.2531
70.4564
70.6754
70.9135
71.1579
71.4033
71.6512
71.8929
72.1176
72.3297
72.5272
72.7032
72.8603
73.0024
73.1259
73.2296
73.3198
73.3974
73.4627
73.5251
73.5875
73.6501
73.7158
73.7857
73.8582
73.9374
74.0259
74.1242
74.2339
74.3511
74.4729
74.5909
74.7031
74.8062
74.8993
74.9859
75.0629
75.1336
75.2001
75.2615
75.323
75.3852
75.4449
75.5114
75.5875
75.687
75.8279
76.0117
76.2369
76.5069
76.8352
77.1863
77.5699
77.9698
78.4385
78.9268
79.4612
79.994
80.5755
81.1467
81.7327
82.2964
82.8636
83.3777
83.8918
84.3439
84.7767
85.1569
85.5172
85.8144
86.1084
86.3498
86.5921
86.7873
87.0041
87.1616
87.3541
87.4859
87.6585
87.7718
87.9297
88.0225
88.1617
88.2282
88.3478
88.3939
88.4995
88.5313
88.6227
88.6279
88.6981
88.6818
88.7332
88.677
88.6913
88.5712
88.5359
88.3712
88.3037
88.0879
87.9952
87.7363
87.6528
87.415
87.3966
87.2368
87.307
87.2202
87.373
87.3426
87.5572
87.549
87.7892
87.7651
88.003
87.937
88.1497
88.0196
88.1849
87.9778
88.0982
87.8269
87.9334
87.6118
87.7208
87.3607
87.4771
87.0945
87.2156
86.8223
86.9517
86.5447
86.6926
86.2628
86.4372
85.9707
86.1743
85.6502
85.8795
85.2695
85.5212
84.788
85.0601
84.1602
84.4624
83.3303
83.6732
82.2202
82.6277
80.7531
81.2088
78.8149
79.1501
76.2952
76.0096
72.8813
71.2237
67.8566
64.2084
60.3082
53.9802
49.614
41.0395
34.4208
76.7531
76.1434
74.132
72.3691
71.1968
70.6055
70.439
70.4777
70.5576
70.6
70.5817
70.5059
70.3895
70.2547
70.1238
70.013
69.9326
69.8852
69.8654
69.8676
69.8852
69.9126
69.9484
69.9887
70.034
70.0842
70.1344
70.1887
70.2473
70.3069
70.3741
70.4487
70.5303
70.6272
70.7382
70.8599
70.9992
71.1515
71.3097
71.477
71.6484
71.8129
71.9723
72.1248
72.261
72.3834
72.4957
72.5947
72.6802
72.7562
72.8224
72.8766
72.9249
72.9714
73.0162
73.0641
73.1177
73.1728
73.2312
73.2944
73.3612
73.4372
73.527
73.6336
73.755
73.8865
74.0225
74.1571
74.288
74.4119
74.5302
74.6386
74.7382
74.8281
74.9123
74.9902
75.0654
75.1353
75.2016
75.2662
75.3375
75.4381
75.5781
75.7561
75.9858
76.2637
76.6014
76.9567
77.3608
77.7802
78.2803
78.8132
79.3921
79.9776
80.6264
81.2643
81.9154
82.5325
83.1567
83.722
84.2796
84.7547
85.2196
85.6269
86.0045
86.3094
86.6161
86.8584
87.1063
87.297
87.5118
87.6554
87.8407
87.958
88.1192
88.2204
88.3669
88.4527
88.587
88.6495
88.7705
88.8205
88.935
88.9719
89.0724
89.079
89.1616
89.1494
89.2093
89.1492
89.1632
89.0303
89.0009
88.8342
88.7778
88.568
88.4832
88.2211
88.1271
87.8601
87.8215
87.6239
87.6752
87.5533
87.694
87.6265
87.8304
87.7849
88.0201
87.9561
88.1881
88.0762
88.2814
88.0977
88.2555
87.9857
88.1099
87.7656
87.8807
87.4839
87.6017
87.1723
87.2913
86.8428
86.9666
86.4968
86.6356
86.1372
86.3031
85.7685
85.9651
85.3818
85.6087
84.961
85.2088
84.4675
84.7243
83.8557
84.1049
83.0811
83.3063
82.0879
82.2485
80.8024
80.8294
79.1519
78.891
77.0175
76.2185
74.2348
72.6818
70.5584
68.1429
65.7493
62.0389
59.4603
54.1662
50.5385
43.5388
37.0972
77.2147
76.6454
74.5828
72.7286
71.4854
70.8536
70.7091
70.8274
71.0138
71.1634
71.2391
71.2364
71.168
71.0564
70.9297
70.8123
70.7203
70.662
70.6364
70.6393
70.6643
70.7032
70.7518
70.8045
70.8597
70.917
70.9719
71.0262
71.0822
71.1356
71.1921
71.2536
71.3169
71.3886
71.4702
71.5554
71.6489
71.7504
71.8505
71.9504
72.0502
72.1392
72.2178
72.2887
72.3478
72.395
72.4361
72.4709
72.4964
72.5179
72.5381
72.5559
72.5755
72.6011
72.6312
72.6667
72.7095
72.7561
72.8076
72.8664
72.9323
73.011
73.1088
73.2273
73.3648
73.5191
73.6811
73.8457
74.0079
74.1652
74.3139
74.4522
74.5773
74.6937
74.8019
74.9012
74.9923
75.0761
75.1503
75.2123
75.2847
75.3867
75.5231
75.6936
75.9258
76.2045
76.564
76.9215
77.3432
77.7855
78.3051
78.8744
79.4919
80.1419
80.8504
81.5582
82.2704
82.945
83.6101
84.2126
84.8042
85.3063
85.7891
86.2136
86.5977
86.8986
87.2048
87.4436
87.6836
87.8702
88.0755
88.2136
88.3895
88.5006
88.6439
88.7365
88.8681
88.9493
89.0737
89.1361
89.2538
89.3119
89.4269
89.4704
89.5682
89.5807
89.6646
89.6584
89.7164
89.649
89.6504
89.5091
89.4758
89.3145
89.2653
89.0616
88.9898
88.7289
88.6324
88.3492
88.2813
88.0574
88.0673
87.9183
88.0192
87.9372
88.1022
88.0399
88.237
88.1572
88.3508
88.2166
88.377
88.1657
88.2755
87.977
88.05
87.6857
87.7399
87.3383
87.3758
86.9561
86.9807
86.5447
86.5706
86.111
86.1514
85.6623
85.7255
85.1985
85.2849
84.7095
84.814
84.1773
84.2822
83.5588
83.6327
82.8004
82.8115
81.8541
81.7618
80.6642
80.407
79.1648
78.6684
77.3019
76.4801
75.0175
73.7705
72.2128
70.5422
68.8964
66.7034
64.8979
61.7322
59.6129
55.1737
51.4665
45.5811
39.5087
77.5492
77.0203
74.9706
73.0907
71.816
71.1562
71.0154
71.1787
71.4368
71.6651
71.814
71.8751
71.8555
71.7751
71.6638
71.5509
71.4566
71.3938
71.3646
71.3668
71.3951
71.4401
71.4959
71.5566
71.6178
71.6795
71.7371
71.7909
71.8435
71.8912
71.9365
71.984
72.0293
72.0761
72.1277
72.1779
72.2272
72.2783
72.3232
72.3607
72.3924
72.4134
72.4214
72.4217
72.4146
72.3981
72.3774
72.355
72.3306
72.3082
72.2924
72.2808
72.276
72.2822
72.297
72.3207
72.3551
72.3979
72.4486
72.5075
72.5781
72.6662
72.7773
72.914
73.0777
73.2626
73.4604
73.6627
73.8631
74.0589
74.2459
74.4193
74.5793
74.7283
74.8642
74.9876
75.0963
75.1931
75.2748
75.3393
75.4145
75.5143
75.6506
75.8182
76.0389
76.3204
76.7038
77.0622
77.5251
77.9728
78.5259
79.116
79.7877
80.4984
81.2657
82.0192
82.7829
83.5045
84.2102
84.8355
85.4424
85.9721
86.4747
86.8982
87.2916
87.59
87.8864
88.118
88.3451
88.5172
88.7139
88.8321
88.9972
89.0904
89.2194
89.299
89.4245
89.5032
89.626
89.6883
89.806
89.8656
89.9802
90.022
90.116
90.128
90.2125
90.2043
90.2572
90.1718
90.1629
90.0047
89.9751
89.8101
89.773
89.5684
89.5203
89.2438
89.1675
88.8584
88.7766
88.5309
88.5039
88.3294
88.3809
88.2722
88.3983
88.3132
88.4723
88.3572
88.5198
88.3387
88.4649
88.2028
88.2619
87.9324
87.937
87.5692
87.5323
87.1492
87.0737
86.6815
86.5854
86.1793
86.0793
85.6578
85.5617
85.1206
85.0281
84.5633
84.4691
83.9755
83.8679
83.3379
83.1961
82.6131
82.4041
81.7531
81.4444
80.7135
80.2716
79.453
78.8408
77.9324
77.1255
76.1241
75.0951
74.0336
72.7702
71.641
70.0856
68.8449
66.7729
65.2683
62.3286
60.0603
56.0765
52.1759
47.0625
41.5313
77.803
77.307
75.2912
73.4231
72.153
71.4968
71.3737
71.5753
71.8856
72.1683
72.3679
72.4734
72.4895
72.4339
72.3375
72.2312
72.1391
72.0759
72.0459
72.0479
72.0781
72.1269
72.1876
72.2544
72.3208
72.386
72.4463
72.4992
72.5482
72.59
72.6247
72.6575
72.6846
72.7068
72.7279
72.7425
72.7497
72.7513
72.7433
72.7231
72.6925
72.652
72.5995
72.5381
72.4712
72.3999
72.3282
72.2601
72.1953
72.1361
72.0869
72.0492
72.0238
72.0143
72.0202
72.0409
72.0759
72.1205
72.1719
72.2343
72.3104
72.4073
72.5345
72.6975
72.8924
73.1117
73.348
73.5907
73.8365
74.0817
74.3181
74.5372
74.7394
74.9245
75.0936
75.2419
75.3706
75.484
75.5771
75.6485
75.7268
75.8243
75.9593
76.1127
76.3299
76.609
77.0168
77.3713
77.8787
78.3227
78.9169
79.5186
80.2724
81.0419
81.867
82.6289
83.4453
84.1952
84.9235
85.5483
86.1677
86.7124
87.2251
87.6461
88.0291
88.3195
88.6072
88.8269
89.0526
89.2166
89.4005
89.509
89.6573
89.7366
89.8509
89.9253
90.0364
90.115
90.2331
90.2963
90.4125
90.4714
90.5794
90.622
90.707
90.7236
90.8042
90.788
90.8344
90.7201
90.7142
90.5231
90.5181
90.3269
90.3242
90.0851
90.0743
89.7591
89.7303
89.3771
89.3184
89.0178
88.989
88.7722
88.8066
88.6537
88.7538
88.6215
88.7617
88.5932
88.7375
88.4934
88.5857
88.2784
88.2733
87.9491
87.8506
87.5234
87.3586
87.0275
86.8203
86.4794
86.2528
85.9023
85.6668
85.3064
85.0663
84.6939
84.4465
84.0585
83.7994
83.3938
83.1132
82.6861
82.3691
81.9078
81.5281
81.0205
80.5583
79.998
79.4325
78.8163
78.1212
77.4467
76.6099
75.8915
74.8855
74.1527
72.9254
72.1374
70.5318
69.5007
67.2987
65.748
62.8365
60.2894
56.6133
52.6933
48.1238
43.198
77.9964
77.523
75.5438
73.7158
72.4836
71.863
71.7735
72.0081
72.3502
72.6625
72.8885
73.0178
73.0552
73.018
72.9372
72.8445
72.7634
72.7086
72.685
72.6924
72.7274
72.7813
72.847
72.9185
72.9885
73.0551
73.1155
73.166
73.2094
73.2437
73.2673
73.2842
73.2924
73.2901
73.2797
73.2584
73.2246
73.1792
73.1221
73.0504
72.966
72.8711
72.7657
72.6523
72.5355
72.4174
72.3005
72.1888
72.0873
71.9978
71.9219
71.8622
71.8197
71.7986
71.8009
71.8251
71.865
71.914
71.9724
72.0446
72.1318
72.2446
72.3973
72.594
72.8259
73.0852
73.3628
73.6508
73.9449
74.2398
74.5259
74.7953
75.0448
75.2731
75.4779
75.6539
75.8064
75.9423
76.0554
76.1421
76.2274
76.3246
76.457
76.5931
76.8103
77.0747
77.505
77.8659
78.4082
78.8256
79.4925
80.0883
80.9518
81.7635
82.6395
83.3663
84.2525
85.0094
85.7566
86.3362
86.9859
87.5308
88.0509
88.4478
88.833
89.0875
89.3818
89.5676
89.7985
89.9346
90.124
90.2066
90.3651
90.4151
90.5485
90.5924
90.7262
90.7693
90.9072
90.9418
91.0799
91.108
91.2417
91.2562
91.3732
91.3604
91.4712
91.4036
91.4712
91.2926
91.3213
91.0532
91.124
90.8686
90.9409
90.6359
90.6714
90.2811
90.3132
89.9022
89.9258
89.5624
89.5883
89.2677
89.345
89.1032
89.2356
89.019
89.1661
88.9224
89.0518
88.7455
88.8046
88.4742
88.3998
88.1013
87.8993
87.6142
87.3492
87.0559
86.7595
86.4568
86.143
85.8321
85.5075
85.1881
84.8572
84.5306
84.1933
83.8591
83.5114
83.1708
82.8067
82.4582
82.0654
81.6992
81.2547
80.8652
80.3562
79.9469
79.3542
78.9281
78.2209
77.7821
76.933
76.4783
75.4304
74.9137
73.5831
72.8613
71.0939
69.965
67.6828
65.891
63.0725
60.3067
56.8748
53.1357
48.998
44.6122
78.1275
77.6691
75.7333
73.9712
72.8073
72.2523
72.2154
72.4827
72.8414
73.163
73.3973
73.5359
73.5841
73.5611
73.4969
73.4217
73.357
73.3159
73.3031
73.3184
73.3587
73.4162
73.4836
73.5556
73.625
73.6891
73.746
73.792
73.8286
73.8544
73.8666
73.8672
73.8548
73.8271
73.7849
73.7284
73.6556
73.5682
73.4685
73.3552
73.2273
73.0864
72.9349
72.7749
72.6102
72.4468
72.2877
72.1398
72.0098
71.8973
71.8024
71.7286
71.6778
71.6533
71.6526
71.6767
71.721
71.7826
71.8581
71.9458
72.0538
72.1977
72.3896
72.6302
72.9101
73.2167
73.5393
73.8711
74.208
74.5436
74.8717
75.1855
75.4762
75.7413
75.975
76.1762
76.3497
76.5132
76.6549
76.771
76.874
76.9829
77.1146
77.2448
77.4577
77.7237
78.1565
78.5328
79.0707
79.4832
80.2429
80.8126
81.7833
82.6027
83.519
84.1796
85.1476
85.8798
86.6421
87.1404
87.8509
88.3582
88.911
89.2607
89.6743
89.8658
90.1977
90.321
90.5789
90.6686
90.8793
90.9141
91.1049
91.0972
91.2805
91.2627
91.4555
91.4238
91.6253
91.589
91.7937
91.7574
91.9576
91.9142
92.1005
92.0295
92.1907
92.0595
92.1363
91.9096
91.9526
91.6356
91.7719
91.4509
91.5749
91.2284
91.2653
90.8689
90.9241
90.472
90.5597
90.1574
90.2658
89.8993
90.0137
89.6894
89.8407
89.5541
89.6953
89.3925
89.4911
89.1574
89.1658
88.8504
88.6908
88.4268
88.1527
87.8922
87.5773
87.3056
86.9669
86.6854
86.3297
86.0395
85.6749
85.3801
85.0093
84.7161
84.3397
84.0539
83.6661
83.3929
82.9872
82.727
82.2895
82.0395
81.5492
81.3049
80.7432
80.5019
79.8453
79.599
78.8141
78.5408
77.5884
77.241
76.0675
75.551
74.0751
73.2327
71.3815
70.0243
67.7775
65.731
63.0574
60.2397
57.0241
53.544
49.7721
45.809
78.178
77.7285
75.8583
74.1992
73.1389
72.6815
72.7115
73.0044
73.3615
73.6706
73.8927
74.0228
74.0695
74.0543
74.006
73.9508
73.9065
73.8835
73.8857
73.9118
73.9587
74.0196
74.0877
74.1583
74.2255
74.2862
74.3387
74.3799
74.409
74.4249
74.4244
74.4067
74.3719
74.3183
74.2461
74.1575
74.0519
73.9299
73.7938
73.6415
73.4723
73.2879
73.0917
72.8881
72.6822
72.4819
72.2948
72.126
71.9774
71.8516
71.7532
71.6809
71.6342
71.617
71.6272
71.6609
71.7143
71.7881
71.8826
71.9966
72.1342
72.3115
72.5453
72.8369
73.1731
73.5346
73.9072
74.2817
74.6579
75.032
75.3981
75.7435
76.0633
76.3519
76.6057
76.8243
77.0152
77.1951
77.3622
77.5054
77.627
77.7502
77.8846
78.0179
78.2244
78.5163
78.9471
79.337
79.8447
80.3123
81.1184
81.6847
82.7183
83.506
84.4116
85.0295
86.0699
86.7315
87.4915
87.9234
88.7182
89.1433
89.7515
90.0301
90.4917
90.6177
91.006
91.0621
91.383
91.4105
91.6619
91.6371
91.8626
91.7941
92.0248
91.9364
92.1865
92.0798
92.3557
92.2434
92.5344
92.4206
92.7134
92.5919
92.8688
92.7111
92.9475
92.72
92.8373
92.5406
92.5945
92.2417
92.4213
92.0755
92.242
91.8714
91.8975
91.5269
91.5453
91.1271
91.2468
90.8206
90.9848
90.6129
90.752
90.4166
90.5426
90.2356
90.325
90.0237
90.043
89.7581
89.6472
89.4011
89.1408
88.929
88.6007
88.3826
88.0225
87.7945
87.4087
87.1733
86.7692
86.5309
86.1153
85.8838
85.4576
85.243
84.8059
84.6147
84.1604
83.9965
83.5175
83.3793
82.8605
82.7412
82.1626
82.0481
81.3909
81.2614
80.5025
80.3306
79.4449
79.1903
78.1474
77.7353
76.4865
75.8157
74.3017
73.2343
71.4178
69.8286
67.6922
65.5106
62.9665
60.2187
57.1949
53.9521
50.4805
46.8391
78.0967
77.6619
75.9175
74.4252
73.5146
73.1818
73.2767
73.5753
73.9047
74.1779
74.3682
74.4756
74.5136
74.5054
74.4755
74.4446
74.4254
74.4245
74.444
74.4819
74.5345
74.5965
74.6621
74.7277
74.7889
74.8428
74.8873
74.9194
74.9368
74.9379
74.9193
74.8798
74.8195
74.7386
74.6391
74.5226
74.3886
74.2381
74.072
73.8871
73.6832
73.4624
73.2276
72.9893
72.7611
72.5482
72.3484
72.1673
72.0158
71.897
71.8075
71.7456
71.7159
71.7207
71.7518
71.8052
71.8837
71.9878
72.1153
72.2611
72.4306
72.6445
72.9238
73.2675
73.6568
74.0701
74.4919
74.9138
75.3322
75.7453
76.1443
76.5186
76.8588
77.1607
77.4238
77.6519
77.851
78.0379
78.2181
78.3799
78.5152
78.6478
78.7761
78.9136
79.0998
79.4146
79.7976
80.2018
80.6837
81.2669
82.0744
82.6607
83.6963
84.4319
85.2592
85.9264
86.976
87.5623
88.2724
88.7045
89.5317
89.8872
90.5326
90.7652
91.2407
91.3176
91.7429
91.7513
92.1178
92.0957
92.3821
92.319
92.569
92.4644
92.7179
92.5914
92.865
92.7147
93.0334
92.8808
93.2193
93.0678
93.406
93.2428
93.5697
93.356
93.6184
93.3473
93.4748
93.1797
93.2164
92.8852
93.0588
92.7219
92.8954
92.5678
92.5568
92.2788
92.195
91.8328
91.9037
91.5435
91.7226
91.4
91.5314
91.2391
91.3031
91.0369
91.0261
90.7946
90.6702
90.4897
90.225
90.0716
89.7259
89.5814
89.1939
89.0393
88.6179
88.4522
88.005
87.8326
87.3685
87.1985
86.7211
86.5651
86.0753
85.9424
85.44
85.3342
84.8116
84.7294
84.1807
84.1153
83.5266
83.461
82.8133
82.7229
82.0006
81.8602
81.0426
80.8136
79.8771
79.5074
78.4288
77.8521
76.6013
75.7223
74.2605
72.9883
71.2784
69.5558
67.5224
65.335
62.9013
60.2652
57.4113
54.3673
51.1307
47.7279
77.7857
77.3937
75.907
74.6824
73.9801
73.7783
73.9123
74.1819
74.4526
74.6656
74.8076
74.8841
74.9122
74.9122
74.9023
74.8959
74.9007
74.9192
74.9517
74.9955
75.0474
75.1038
75.161
75.2161
75.2662
75.3085
75.3408
75.36
75.3629
75.3468
75.3089
75.2481
75.1646
75.0593
74.9354
74.7956
74.6398
74.4684
74.2817
74.0755
73.849
73.6098
73.3652
73.1179
72.8797
72.6661
72.4828
72.3267
72.1962
72.0957
72.0269
71.9923
71.9961
72.0339
72.0945
72.1759
72.2886
72.436
72.6057
72.7892
72.9976
73.256
73.5856
73.9828
74.422
74.8779
75.3389
75.8007
76.2583
76.7048
77.1296
77.5186
77.8657
78.1661
78.4218
78.6453
78.8417
79.0222
79.2043
79.371
79.5168
79.6617
79.7939
79.9331
80.0981
80.42
80.703
81.1393
81.589
82.2561
83.0111
83.665
84.6418
85.2761
86.0176
86.8425
87.8194
88.3178
88.9285
89.5131
90.2645
90.6005
91.1935
91.4087
91.8203
91.9873
92.349
92.4018
92.7408
92.7143
92.9868
92.9232
93.1439
93.074
93.2711
93.2106
93.3958
93.3503
93.5721
93.5115
93.7666
93.6841
93.9558
93.8402
94.1087
93.9226
94.1497
93.8715
94.0343
93.7208
93.7979
93.5454
93.6392
93.4323
93.5179
93.2706
93.2597
93.0655
92.8936
92.6668
92.583
92.2498
92.4233
92.1307
92.2677
92.0226
92.0408
91.8388
91.7183
91.5793
91.3032
91.2053
90.8423
90.7545
90.3508
90.2562
89.817
89.7017
89.2346
89.1026
88.6171
88.4764
87.9774
87.8407
87.3293
87.2064
86.683
86.5778
86.0427
85.9546
85.4029
85.3242
84.7503
84.6693
84.0609
83.9559
83.2956
83.1318
82.4033
82.1516
81.3419
80.9665
80.0544
79.5064
78.4753
77.7031
76.527
75.4725
74.1057
72.7154
71.0875
69.3313
67.3705
65.2321
62.8972
60.3765
57.6679
54.7837
51.7293
48.5196
77.2127
76.9088
75.8568
75.0118
74.5562
74.4575
74.5752
74.7675
74.9492
75.0868
75.1756
75.2238
75.2453
75.2546
75.2625
75.2757
75.2972
75.3269
75.3635
75.4053
75.4497
75.4951
75.5394
75.5807
75.6173
75.6468
75.6667
75.6741
75.6652
75.6355
75.5805
75.5005
75.3979
75.2742
75.1314
74.9764
74.8149
74.6418
74.4497
74.2399
74.0169
73.7818
73.546
73.3222
73.1127
72.9213
72.7643
72.6522
72.5743
72.5188
72.4908
72.5077
72.5684
72.6555
72.7622
72.889
73.0403
73.2195
73.4179
73.6324
73.882
74.1936
74.5769
75.0182
75.4909
75.9748
76.4624
76.9475
77.4223
77.88
78.3074
78.6931
79.0306
79.3128
79.5467
79.7489
79.9233
80.078
80.2333
80.3861
80.5366
80.694
80.8449
81.0047
81.1665
81.506
81.6595
82.1574
82.5412
83.2129
83.8798
84.6942
85.4892
86.1023
86.8277
87.7272
88.4993
88.9997
89.5846
90.323
90.8807
91.2755
91.7263
92.0014
92.3217
92.6244
92.8438
93.0444
93.2154
93.2939
93.4221
93.4715
93.5645
93.6374
93.6997
93.7957
93.8399
93.9662
94.0094
94.1296
94.1775
94.2791
94.339
94.3971
94.4556
94.4376
94.4776
94.3869
94.3881
94.2997
94.255
94.2271
94.1511
94.1592
94.0322
94.0048
93.8612
93.8102
93.568
93.5002
93.2094
93.1225
93.0294
92.8765
92.9096
92.7249
92.6792
92.5419
92.3246
92.2434
91.8853
91.8345
91.4197
91.3726
90.9176
90.8395
90.367
90.2523
89.7686
89.6303
89.1372
88.9884
88.4859
88.3386
87.8273
87.6867
87.1671
87.0326
86.5047
86.3726
85.8337
85.6927
85.1382
84.9728
84.3908
84.1764
83.5507
83.2566
82.5679
82.1676
81.4085
80.8729
80.0289
79.3237
78.3699
77.4656
76.3655
75.2246
73.916
72.4951
70.9117
69.1759
67.269
65.193
62.9443
60.525
57.9374
55.1856
52.2776
49.2214
76.5574
76.3908
75.8549
75.4122
75.1688
75.1052
75.151
75.2388
75.3263
75.3943
75.4397
75.4674
75.4858
75.5028
75.5227
75.5472
75.5764
75.6085
75.6422
75.6762
75.7094
75.7416
75.7726
75.8016
75.8271
75.8464
75.8561
75.8531
75.8338
75.7936
75.7266
75.6325
75.5178
75.3909
75.2518
75.095
74.9299
74.7641
74.592
74.3996
74.1952
73.997
73.8058
73.6185
73.446
73.3142
73.2324
73.1891
73.1701
73.1782
73.227
73.32
73.4489
73.5984
73.763
73.9463
74.1473
74.3581
74.5787
74.8153
75.0883
75.4213
75.8189
76.2667
76.7393
77.2192
77.7012
78.1777
78.6415
79.0829
79.4916
79.8573
80.1723
80.4276
80.6303
80.7992
80.9365
81.0528
81.1707
81.3014
81.4558
81.6285
81.8002
81.9941
82.1751
82.5609
82.6624
83.2035
83.507
84.1882
84.7363
85.6603
86.2397
87.0327
87.6527
88.526
89.0408
89.7762
90.2635
91.0283
91.3538
91.9166
92.2063
92.6405
92.7884
93.2286
93.2816
93.6212
93.6344
93.8565
93.829
94.0442
93.9606
94.2187
94.0935
94.3706
94.228
94.5162
94.3648
94.6583
94.5042
94.7815
94.6393
94.869
94.7368
94.9488
94.7904
94.9934
94.7821
94.9772
94.7387
94.944
94.658
94.8417
94.5239
94.6797
94.4065
94.5019
94.163
94.1999
93.7945
93.8445
93.5391
93.5733
93.3854
93.3506
93.1654
93.1025
92.8151
92.7698
92.383
92.3518
91.8962
91.8376
91.3579
91.2457
90.7816
90.6211
90.1602
89.9754
89.5099
89.3136
88.8426
88.6412
88.1664
87.9611
87.4844
87.2724
86.7939
86.5709
86.089
85.8438
85.3522
85.0699
84.5556
84.2141
83.6596
83.2341
82.6213
82.0899
81.4015
80.7459
79.9642
79.1673
78.2634
77.2988
76.2303
75.0632
73.7769
72.3608
70.805
69.0976
67.2343
65.2109
63.0308
60.694
58.2071
55.5695
52.7903
49.8701
76.0517
76.0224
75.918
75.7825
75.6641
75.5872
75.5534
75.5523
75.5668
75.584
75.5995
75.6142
75.6309
75.6517
75.6767
75.705
75.7348
75.7642
75.7918
75.8171
75.8401
75.8613
75.8816
75.901
75.919
75.9332
75.9389
75.9307
75.9041
75.8571
75.7881
75.6969
75.5839
75.4533
75.318
75.1828
75.0474
74.9058
74.7539
74.5949
74.4335
74.2751
74.1261
73.9964
73.8963
73.833
73.809
73.8272
73.8837
73.9747
74.1012
74.264
74.4565
74.6687
74.8929
75.1236
75.3605
75.6024
75.8439
76.0896
76.3564
76.6685
77.0337
77.4409
77.874
78.3221
78.7774
79.2301
79.6682
80.0818
80.4627
80.8022
81.0906
81.3194
81.4972
81.643
81.7616
81.8546
81.9396
82.0633
82.2273
82.4078
82.593
82.8011
83.002
83.423
83.5671
84.1575
84.3789
85.1146
85.4358
86.4836
86.8098
87.8781
88.2896
89.2167
89.473
90.4906
90.7346
91.6228
91.6915
92.4865
92.482
93.2507
93.1327
93.8095
93.6124
94.1938
93.9735
94.4595
94.1946
94.6811
94.3376
94.8488
94.4569
94.9752
94.5815
95.1001
94.7014
95.2499
94.8273
95.3925
94.9536
95.5029
95.0683
95.5996
95.162
95.6673
95.2147
95.6795
95.2145
95.6315
95.1156
95.4573
94.9438
95.2957
94.8403
95.1187
94.6143
94.7562
94.2525
94.3864
93.9577
94.0991
93.7673
93.8572
93.5492
93.5877
93.205
93.2252
92.7495
92.7238
92.2137
92.1161
91.6473
91.4698
91.0417
90.8179
90.3945
90.1509
89.7241
89.4679
89.0379
88.7719
88.3414
88.0663
87.637
87.3506
86.9215
86.6198
86.1886
85.8645
85.4246
85.0665
84.6033
84.1893
83.6774
83.1812
82.6014
82.0148
81.3547
80.6594
79.8922
79.0711
78.1756
77.2029
76.1407
74.9759
73.6984
72.2948
70.7569
69.0748
67.2435
65.2609
63.13
60.857
58.4514
55.9206
53.2734
50.5115
75.9587
75.9729
75.987
75.9532
75.8839
75.8093
75.7485
75.7068
75.6819
75.67
75.6684
75.6754
75.6897
75.7101
75.7345
75.7609
75.7874
75.8127
75.8358
75.8564
75.875
75.8926
75.9097
75.9262
75.941
75.9522
75.9573
75.9514
75.9288
75.8844
75.8166
75.7294
75.628
75.5174
75.4018
75.2834
75.1662
75.0502
74.933
74.8149
74.6992
74.592
74.5004
74.4318
74.3891
74.3776
74.4057
74.4815
74.6023
74.7567
74.9359
75.1367
75.357
75.5941
75.8441
76.101
76.3617
76.618
76.8667
77.1166
77.3818
77.6765
78.0102
78.3787
78.7728
79.1846
79.6038
80.0219
80.4286
80.8118
81.1635
81.4753
81.7388
81.9467
82.1061
82.2379
82.3552
82.4608
82.5553
82.6689
82.8261
83.0131
83.2149
83.4287
83.638
84.0533
84.2013
84.9133
85.0561
85.8885
86.0321
87.1529
87.2396
88.4919
88.7044
89.8429
89.9039
91.0519
91.1105
92.1836
92.0598
93.0533
92.8407
93.8095
93.5081
94.3621
93.9793
94.7475
94.3206
95.0129
94.552
95.2041
94.6893
95.3346
94.7943
95.4499
94.9096
95.5975
95.029
95.7894
95.1741
95.9881
95.3299
96.1507
95.4767
96.257
95.576
96.2869
95.6015
96.2125
95.53
96.0864
95.421
95.9194
95.2649
95.704
95.1089
95.4324
94.8721
95.0643
94.5437
94.7485
94.2703
94.501
94.0632
94.2756
93.8223
93.9872
93.4531
93.525
92.9518
92.9094
92.3919
92.2383
91.8139
91.5666
91.1814
90.9044
90.5172
90.2255
89.8339
89.5302
89.1348
88.8212
88.4246
88.1025
87.7057
87.3749
86.9758
86.6318
86.2268
85.8656
85.4482
85.061
84.6181
84.1828
83.6827
83.1663
82.5839
81.9819
81.3201
80.6223
79.8536
79.0342
78.1331
77.1647
76.0981
74.9412
73.6641
72.2736
70.7422
69.0807
67.2656
65.3159
63.2129
60.9899
58.6347
56.2008
53.6784
51.1407
76.117
76.0937
76.0483
75.9906
75.9253
75.8582
75.7972
75.7482
75.7143
75.6952
75.6891
75.6937
75.7066
75.7255
75.748
75.7718
75.795
75.8164
75.835
75.851
75.8654
75.8795
75.8947
75.9111
75.9276
75.9416
75.9494
75.9463
75.9282
75.8915
75.8348
75.7595
75.6699
75.5714
75.4703
75.3704
75.2733
75.1785
75.0846
74.991
74.9011
74.8225
74.7617
74.7239
74.7093
74.7244
74.7789
74.8788
75.0196
75.19
75.3811
75.5899
75.8154
76.058
76.3183
76.5874
76.8591
77.1287
77.3941
77.6602
77.9356
78.23
78.5509
78.8979
79.2649
79.6491
80.0438
80.4395
80.8267
81.1924
81.5269
81.8225
82.0681
82.2629
82.4139
82.5379
82.6512
82.7595
82.865
82.9822
83.1317
83.3166
83.5256
83.7458
83.9888
84.4024
84.5807
85.4304
85.5361
86.5203
86.5598
87.6882
87.6862
88.9002
88.975
90.2866
90.2682
91.4915
91.4181
92.6194
92.3819
93.5415
93.2015
94.1856
93.7979
94.7136
94.2389
95.117
94.5678
95.373
94.7969
95.5224
94.9418
95.641
95.064
95.7706
95.1886
95.9416
95.3165
96.1584
95.4617
96.3772
95.6253
96.548
95.7689
96.6318
95.8479
96.6096
95.8331
96.4525
95.709
96.2672
95.5696
96.1197
95.4563
95.8939
95.2801
95.5422
94.9874
95.1739
94.6632
94.9031
94.4056
94.7324
94.2156
94.5369
93.9518
94.1778
93.5385
93.6214
93.0151
92.9626
92.4471
92.2712
91.8608
91.5925
91.2156
90.9274
90.546
90.2449
89.8586
89.5456
89.1552
88.832
88.4402
88.108
87.7154
87.3742
86.9784
86.6248
86.222
85.8517
85.435
85.0415
84.5978
84.1604
83.6625
83.151
82.5709
81.9733
81.3048
80.6094
79.8333
79.0179
78.1093
77.1464
76.0717
74.9219
73.638
72.2568
70.7216
69.0724
67.2574
65.3255
63.2302
61.0357
58.7009
56.307
53.8068
51.285
73.7148
73.6472
73.4281
72.9766
72.2655
71.3232
70.2286
69.0571
67.8761
66.7201
65.6723
64.8415
64.3082
64.0267
63.9393
64.0015
64.1012
64.1729
64.1994
64.1934
64.253
64.5199
64.7857
65.0989
65.47
65.8817
66.4809
67.4259
68.5532
69.5347
70.2231
70.6602
70.9671
71.2208
71.4824
71.7928
72.1629
72.5896
73.0759
73.6104
74.1585
74.6653
75.1279
75.6214
76.1635
76.7308
77.3062
77.8908
78.4797
79.0635
79.6439
80.2255
80.7933
81.3441
81.8941
82.4596
83.0558
83.682
84.3426
85.0398
85.75
86.468
87.2135
88.0131
88.8511
89.6807
90.471
91.2232
91.9316
92.5814
93.1556
93.645
94.0472
94.3645
94.603
94.7699
94.8749
94.9282
94.9381
94.9131
94.8609
94.7895
94.7059
94.6148
94.5174
94.4122
94.2967
94.1713
94.0402
93.9079
93.7757
93.6442
93.5134
93.3871
93.2694
93.1656
93.076
92.9995
92.9337
92.8814
92.8488
92.84
92.8508
92.8733
92.9022
92.939
92.9864
93.0419
93.1014
93.1616
93.2235
93.2869
93.3477
93.4035
93.4508
93.4894
93.5195
93.5394
93.5473
93.5462
93.5345
93.5148
93.4865
93.4495
93.4053
93.3543
93.2986
93.2403
93.1813
93.125
93.0746
93.033
93.0027
92.984
92.9755
92.9734
92.9718
92.9659
92.952
92.9282
92.8927
92.8452
92.786
92.7167
92.6403
92.5595
92.4767
92.3935
92.3115
92.2316
92.1546
92.0811
92.0112
91.9454
91.8835
91.8254
91.7708
91.7203
91.6748
91.6353
91.6023
91.5761
91.5565
91.5437
91.538
91.5403
91.5508
91.5702
91.5982
91.6351
91.6798
91.7313
91.7887
91.8531
91.9241
92.0009
92.0822
92.168
92.2574
92.3468
92.4357
92.5297
92.6266
92.7196
92.7888
92.812
92.7749
92.6908
92.645
92.7043
92.8349
92.9812
93.1076
93.2402
93.4698
93.9262
94.591
95.285
95.7355
95.8791
73.6178
73.501
73.2392
72.732
71.9546
70.9579
69.8066
68.5818
67.346
66.1584
65.1099
64.2955
63.7674
63.4853
63.3823
63.4081
63.4872
63.5605
63.6493
63.7728
63.9833
64.2685
64.3903
64.6717
65.0524
65.4516
65.9819
66.8582
67.9636
68.9259
69.6396
70.091
70.4085
70.6922
71.0049
71.371
71.7746
72.2146
72.7248
73.279
73.8407
74.3513
74.826
75.3356
75.8874
76.4563
77.0282
77.6129
78.2071
78.7965
79.38
79.9635
80.5394
81.0943
81.626
82.1524
82.716
83.3383
84.0207
84.7478
85.4685
86.1602
86.8923
87.7093
88.5809
89.4467
90.2722
91.0514
91.7791
92.4445
93.0331
93.5325
93.9406
94.2606
94.4992
94.6658
94.7696
94.8217
94.8303
94.804
94.7509
94.6781
94.5937
94.5017
94.4043
94.301
94.1885
94.066
93.9383
93.8096
93.6816
93.5545
93.4285
93.3073
93.1952
93.0968
93.0132
92.9429
92.8849
92.8408
92.8164
92.8141
92.8296
92.8554
92.8876
92.9269
92.9769
93.0337
93.095
93.1563
93.2191
93.2837
93.3461
93.4025
93.4497
93.4872
93.5164
93.5348
93.5409
93.5382
93.5259
93.505
93.4761
93.4375
93.3922
93.3402
93.2832
93.2226
93.1609
93.1018
93.0493
93.0059
92.9746
92.9554
92.9472
92.9449
92.9436
92.9383
92.926
92.9039
92.8707
92.8251
92.7675
92.6993
92.624
92.5439
92.4618
92.3791
92.2976
92.2185
92.143
92.0703
92.001
91.9348
91.8723
91.813
91.7576
91.706
91.6604
91.6209
91.5887
91.5628
91.5432
91.5294
91.5229
91.5243
91.5354
91.5557
91.5858
91.6238
91.669
91.7188
91.7749
91.8379
91.9095
91.9878
92.0719
92.1583
92.2475
92.3363
92.4259
92.517
92.6121
92.7047
92.7737
92.7928
92.7381
92.6241
92.5503
92.5766
92.6816
92.7922
92.8629
92.9477
93.1751
93.6412
94.3169
95.0339
95.5478
95.808
73.4519
73.2847
72.9127
72.2804
71.3758
70.2632
69.0081
67.6731
66.3321
65.0735
64.0117
63.2368
62.7521
62.5012
62.4287
62.4645
62.5682
62.7108
62.9044
63.1174
63.323
63.5215
63.7339
63.9776
64.2598
64.6602
65.1438
65.9439
66.9788
67.8561
68.5142
68.9788
69.3443
69.6769
70.0401
70.4757
70.9813
71.5254
72.0933
72.6723
73.2498
73.7969
74.3129
74.8232
75.344
75.8855
76.452
77.0526
77.6788
78.2974
78.9105
79.5184
80.0917
80.6348
81.1806
81.7312
82.2745
82.8409
83.4691
84.1743
84.9257
85.6874
86.477
87.3104
88.1734
89.0452
89.9012
90.7158
91.4721
92.1612
92.7725
93.2884
93.7053
94.0291
94.2681
94.4347
94.537
94.5865
94.5935
94.5655
94.5103
94.4338
94.3451
94.2498
94.1511
94.0491
93.9398
93.8208
93.6959
93.5725
93.452
93.3351
93.2194
93.1074
93.0033
92.9128
92.8368
92.7751
92.728
92.6982
92.6893
92.7017
92.7292
92.7662
92.811
92.8647
92.926
92.991
93.0573
93.1246
93.192
93.2593
93.3211
93.3762
93.4221
93.4589
93.4852
93.5006
93.503
93.4965
93.4786
93.453
93.4195
93.3797
93.3331
93.2802
93.219
93.1534
93.0857
93.0226
92.966
92.9198
92.885
92.865
92.8556
92.8545
92.8546
92.8522
92.8428
92.8263
92.7987
92.7599
92.7073
92.6441
92.5716
92.4947
92.4146
92.3343
92.2533
92.1749
92.0988
92.0273
91.9588
91.8948
91.8332
91.7762
91.7215
91.6711
91.6239
91.5838
91.5498
91.5238
91.5028
91.4891
91.4813
91.4832
91.4939
91.5157
91.5452
91.5827
91.6253
91.6752
91.732
91.7991
91.8723
91.9493
92.0295
92.1192
92.2163
92.3083
92.3896
92.4714
92.5595
92.6497
92.7299
92.7746
92.7384
92.6242
92.514
92.4753
92.4784
92.4705
92.4252
92.4256
92.6167
93.0849
93.7737
94.559
95.186
95.587
73.2279
72.9924
72.4972
71.7152
70.6684
69.438
68.0728
66.6002
65.1138
63.7554
62.6805
61.9508
61.5022
61.2755
61.2259
61.302
61.4837
61.726
62.0169
62.3055
62.5496
62.7758
62.964
63.1234
63.3576
63.72
64.242
64.9933
65.911
66.6894
67.268
67.6864
68.0231
68.3685
68.7843
69.294
69.8617
70.4652
71.0878
71.7035
72.309
72.899
73.4663
74.0188
74.5742
75.1437
75.7268
76.3405
76.9966
77.6695
78.3394
79.003
79.6216
80.1638
80.6805
81.223
81.7936
82.3831
83.0045
83.6666
84.3728
85.1278
85.9349
86.7857
87.6634
88.5525
89.4344
90.2781
91.0572
91.7619
92.3909
92.9256
93.3528
93.6828
93.9229
94.0873
94.187
94.232
94.2367
94.2063
94.1491
94.0678
93.9722
93.8687
93.7617
93.6548
93.545
93.428
93.305
93.1856
93.0724
92.9655
92.8607
92.7581
92.6611
92.5767
92.509
92.4579
92.4258
92.4132
92.4232
92.453
92.4965
92.5478
92.6079
92.6771
92.7528
92.8295
92.9071
92.9861
93.0667
93.1427
93.2122
93.2713
93.3224
93.3608
93.3889
93.4023
93.4047
93.3944
93.3737
93.3428
93.3056
93.2589
93.2047
93.14
93.0694
92.9929
92.9184
92.8479
92.7882
92.7378
92.7026
92.6812
92.6754
92.6768
92.6819
92.6824
92.68
92.6695
92.6526
92.6218
92.5792
92.5212
92.4556
92.3819
92.3078
92.2306
92.1555
92.0798
92.0091
91.9398
91.8763
91.8146
91.7579
91.7018
91.6493
91.597
91.5509
91.5094
91.4771
91.4498
91.4307
91.4156
91.4098
91.4104
91.4222
91.4413
91.4701
91.5041
91.5465
91.5955
91.6545
91.72
91.7929
91.8692
91.9594
92.0613
92.164
92.2514
92.3324
92.4065
92.4679
92.5334
92.6319
92.7262
92.7591
92.7115
92.6107
92.4855
92.3631
92.1912
91.985
91.8807
92.035
92.4811
93.1753
93.9858
94.703
95.2104
72.9617
72.6755
72.0671
71.1633
70.0026
68.6795
67.1978
65.5661
63.8992
62.4177
61.3227
60.604
60.1651
59.9408
59.8953
59.9968
60.2497
60.6122
61.0022
61.387
61.7166
61.9841
62.1691
62.3183
62.5305
62.8825
63.418
64.1259
64.9232
65.6067
66.1047
66.4446
66.7025
66.9802
67.3737
67.8989
68.5038
69.1442
69.7995
70.4525
71.1083
71.7654
72.4141
73.0408
73.6563
74.2858
74.9523
75.6612
76.3756
77.0924
77.8022
78.4841
79.1299
79.7307
80.2822
80.81
81.3396
81.8929
82.4823
83.1175
83.8041
84.5491
85.3549
86.2101
87.0916
87.9859
88.88
89.7445
90.5415
91.2552
91.8942
92.4439
92.8798
93.2152
93.4564
93.6179
93.7153
93.7571
93.7587
93.7282
93.671
93.5856
93.4813
93.3661
93.2474
93.133
93.0207
92.9053
92.7824
92.6611
92.5481
92.4469
92.3535
92.2606
92.169
92.0899
92.0306
91.9923
91.9776
91.9851
92.014
92.0626
92.1244
92.1949
92.2727
92.3608
92.454
92.5502
92.6454
92.7431
92.839
92.9287
93.009
93.0795
93.1377
93.1824
93.2105
93.222
93.2194
93.2056
93.179
93.1452
93.1015
93.0503
92.9881
92.9175
92.8378
92.7558
92.6718
92.5979
92.5329
92.4838
92.4473
92.4315
92.4284
92.4366
92.4424
92.4474
92.4465
92.4447
92.4339
92.4155
92.3799
92.3324
92.2711
92.2068
92.1371
92.0699
91.9998
91.9336
91.8666
91.8056
91.7453
91.6906
91.6347
91.5837
91.5319
91.4856
91.4403
91.4034
91.3697
91.3452
91.3236
91.3111
91.3023
91.3045
91.3119
91.331
91.3549
91.3895
91.4295
91.4809
91.5387
91.6065
91.6799
91.7618
91.8503
91.9478
92.0491
92.1612
92.2616
92.32
92.3671
92.434
92.5119
92.6285
92.7665
92.8255
92.7709
92.6078
92.3508
91.9937
91.6266
91.4478
91.5566
91.9822
92.6646
93.5001
94.2366
94.7588
72.7434
72.4173
71.7192
70.729
69.4977
68.1156
66.5344
64.7555
62.9052
61.2887
60.1345
59.3714
58.8863
58.6007
58.5133
58.6194
58.9122
59.3367
59.8246
60.3173
60.736
61.061
61.2965
61.5004
61.7676
62.1472
62.6717
63.3054
63.9769
64.5652
64.9934
65.2746
65.4715
65.666
65.9828
66.4773
67.0926
67.7633
68.4498
69.1443
69.8524
70.5762
71.3117
72.0545
72.7984
73.5399
74.293
75.0949
75.9187
76.7199
77.4793
78.1795
78.8109
79.3793
79.9026
80.4041
80.9046
81.4241
81.9787
82.5844
83.2479
83.9724
84.7622
85.6106
86.4886
87.3759
88.2667
89.1387
89.9427
90.6645
91.3072
91.8623
92.3061
92.646
92.8895
93.0492
93.1442
93.1834
93.1765
93.1409
93.0844
93.0014
92.8966
92.7782
92.6543
92.532
92.4108
92.2946
92.1769
92.0574
91.9437
91.843
91.7498
91.6618
91.5795
91.509
91.4579
91.4318
91.4341
91.4603
91.5042
91.5662
91.644
91.7329
91.8303
91.9379
92.0523
92.1699
92.2873
92.4036
92.5162
92.6176
92.7111
92.7925
92.8612
92.9139
92.949
92.9635
92.965
92.9504
92.9218
92.8796
92.8279
92.7655
92.6952
92.6137
92.5284
92.4373
92.3457
92.2639
92.199
92.1495
92.1166
92.1013
92.1044
92.1153
92.1271
92.1334
92.1392
92.1419
92.1421
92.1314
92.1084
92.0684
92.0184
91.9608
91.9036
91.8441
91.7872
91.7291
91.6744
91.6192
91.568
91.5164
91.4686
91.4207
91.3769
91.3333
91.2949
91.2583
91.2289
91.2028
91.1847
91.1698
91.164
91.1626
91.1716
91.1854
91.2096
91.2387
91.2792
91.3254
91.3839
91.448
91.5243
91.6058
91.699
91.7973
91.9048
92.0112
92.1062
92.1863
92.2636
92.3235
92.4014
92.5673
92.7451
92.8772
92.9106
92.7445
92.3871
91.9097
91.432
91.1857
91.2571
91.6493
92.3412
93.1765
93.9591
94.5123
72.5824
72.2548
71.5164
70.4755
69.1981
67.7768
66.1161
64.2179
62.2086
60.453
59.1926
58.3274
57.7317
57.3331
57.1683
57.2556
57.5649
58.0288
58.5818
59.1192
59.5654
59.9247
60.2101
60.4791
60.8099
61.2238
61.7424
62.32
62.8995
63.4106
63.8076
64.0921
64.3035
64.4966
64.7754
65.2171
65.8105
66.5
67.2272
67.9766
68.7486
69.5428
70.3572
71.1955
72.0658
72.9664
73.8806
74.7882
75.6706
76.5071
77.2746
77.9585
78.5592
79.0921
79.579
80.0457
80.5123
80.9972
81.5172
82.0901
82.7254
83.4201
84.1828
85.012
85.873
86.7429
87.6197
88.4811
89.2799
90.0059
90.6488
91.199
91.6452
91.9863
92.2317
92.3936
92.4822
92.5198
92.5139
92.4738
92.4177
92.3363
92.2334
92.1124
91.9888
91.8667
91.7462
91.6304
91.5201
91.4061
91.2928
91.1913
91.1001
91.0157
90.9417
90.8784
90.8378
90.8253
90.839
90.8758
90.9308
91.0039
91.0943
91.1983
91.3129
91.4399
91.5756
91.7161
91.8551
91.9912
92.1202
92.2357
92.3391
92.4288
92.5022
92.5615
92.6011
92.6222
92.6285
92.6192
92.5902
92.5455
92.4881
92.4203
92.3441
92.257
92.1682
92.0716
91.972
91.8827
91.8158
91.7665
91.733
91.7153
91.7178
91.7285
91.7406
91.7479
91.7569
91.7659
91.7745
91.7736
91.761
91.7328
91.6943
91.6492
91.6041
91.5585
91.514
91.4697
91.4257
91.3825
91.3407
91.3004
91.2598
91.2197
91.1807
91.1441
91.1098
91.0793
91.0522
91.0299
91.0117
90.9989
90.9911
90.9904
90.9953
91.0085
91.0279
91.0566
91.0922
91.1386
91.1922
91.2571
91.3286
91.4115
91.4998
91.599
91.7008
91.809
91.9116
92.0113
92.0983
92.1886
92.3034
92.4662
92.6515
92.8496
92.911
92.7853
92.4211
91.9015
91.3747
91.113
91.1942
91.6189
92.3347
93.1816
93.7449
94.3146
72.5438
72.2109
71.4515
70.3819
69.0748
67.622
65.8992
63.8954
61.7499
59.8598
58.4634
57.4567
56.721
56.1944
55.9352
55.9691
56.2638
56.7393
57.2992
57.815
58.2277
58.5769
58.8864
59.2086
59.597
60.0634
60.5882
61.1422
61.679
62.1615
62.5857
62.9393
63.2301
63.4923
63.8008
64.2276
64.7958
65.4818
66.2372
67.0401
67.8798
68.7499
69.6498
70.5831
71.5516
72.5448
73.5486
74.5365
75.4751
76.3421
77.1156
77.7845
78.3547
78.8525
79.3069
79.7401
80.1706
80.6196
81.1045
81.64
82.2442
82.9062
83.6335
84.4284
85.2599
86.104
86.9549
87.7933
88.5787
89.2961
89.9313
90.472
90.9141
91.2538
91.497
91.6604
91.7481
91.784
91.7802
91.7434
91.6864
91.608
91.5092
91.392
91.2701
91.1531
91.0388
90.9286
90.8226
90.7155
90.6088
90.5111
90.4263
90.3492
90.2849
90.2348
90.2051
90.2018
90.2244
90.2687
90.3317
90.4128
90.5145
90.6323
90.7628
90.9073
91.0609
91.2194
91.3759
91.5287
91.6724
91.8021
91.9158
92.0149
92.0943
92.1582
92.1981
92.2181
92.2203
92.2084
92.1776
92.1353
92.0792
92.0149
91.936
91.8469
91.7546
91.6585
91.5533
91.4619
91.3905
91.3426
91.3012
91.2824
91.2797
91.2941
91.3016
91.3118
91.3179
91.3356
91.3477
91.3591
91.3521
91.3393
91.3101
91.282
91.2473
91.22
91.187
91.1605
91.1288
91.1034
91.0713
91.0441
91.0106
90.9822
90.9495
90.9228
90.8929
90.8696
90.8442
90.8261
90.8074
90.7965
90.787
90.7862
90.7886
90.8002
90.8169
90.843
90.8765
90.9193
90.9712
91.0317
91.102
91.1801
91.2676
91.3614
91.4629
91.567
91.6747
91.7785
91.8849
91.995
92.1271
92.2886
92.4879
92.6652
92.7577
92.6631
92.3615
91.901
91.4366
91.2081
91.3075
91.7169
92.3996
93.2361
93.9726
94.6364
72.5916
72.2575
71.4951
70.4075
69.073
67.5728
65.7796
63.6829
61.4306
59.4342
57.9043
56.7642
55.904
55.2694
54.9121
54.8725
55.1184
55.5604
56.0617
56.4975
56.8579
57.1897
57.514
57.8891
58.3388
58.8366
59.3593
59.8965
60.419
60.9142
61.3944
61.8442
62.2501
62.6287
63.0238
63.4896
64.0672
64.7533
65.5243
66.3598
67.2432
68.1625
69.1173
70.1102
71.143
72.1992
73.2583
74.2946
75.2683
76.1533
76.9334
77.5991
78.1554
78.6303
79.0597
79.4644
79.8639
80.2814
80.7344
81.2367
81.8047
82.4305
83.1189
83.8708
84.6631
85.475
86.2934
87.0972
87.8569
88.554
89.1721
89.6975
90.1276
90.4605
90.6994
90.8603
90.951
90.9878
90.9845
90.9512
90.896
90.8202
90.7268
90.6183
90.5041
90.3942
90.2885
90.1892
90.0908
89.9928
89.8967
89.8098
89.7356
89.6711
89.6184
89.5813
89.5619
89.5683
89.5993
89.6504
89.7202
89.8096
89.9183
90.0445
90.1879
90.3447
90.5106
90.6814
90.8522
91.0158
91.1709
91.311
91.4364
91.5426
91.6313
91.6985
91.7445
91.765
91.7699
91.7538
91.7246
91.6788
91.6259
91.5595
91.4835
91.3943
91.3062
91.2082
91.107
91.011
90.9412
90.8875
90.8457
90.8165
90.8144
90.8211
90.8327
90.8354
90.8483
90.8618
90.8859
90.8966
90.9051
90.8956
90.8882
90.8675
90.8548
90.834
90.8253
90.8072
90.7999
90.7821
90.7728
90.7511
90.7372
90.7113
90.6944
90.6678
90.651
90.6258
90.6109
90.5887
90.5777
90.561
90.557
90.5493
90.5557
90.5601
90.5797
90.5991
90.6344
90.6713
90.7237
90.7789
90.8482
90.9215
91.0063
91.0957
91.1932
91.2949
91.4002
91.5082
91.6186
91.7374
91.8702
92.0269
92.1991
92.3598
92.4528
92.408
92.2029
91.8686
91.5308
91.3952
91.5659
92.07
92.8675
93.7456
94.2169
94.7531
72.6565
72.3341
71.5816
70.4783
69.0973
67.5201
65.6445
63.47
61.1531
59.078
57.4352
56.1927
55.267
54.5838
54.1676
54.0498
54.2296
54.6058
55.0351
55.3934
55.7005
56.009
56.3548
56.7694
57.2434
57.7526
58.2697
58.7774
59.2831
59.7996
60.3311
60.8699
61.3908
61.8896
62.3886
62.9249
63.5408
64.2456
65.0261
65.8711
66.7687
67.7106
68.6981
69.7271
70.7969
71.891
72.9816
74.0453
75.0406
75.9377
76.7253
77.3939
77.9475
78.4102
78.8262
79.2112
79.5897
79.9819
80.4072
80.8773
81.4058
81.9928
82.641
83.3471
84.0949
84.8677
85.6461
86.4068
87.1289
87.7922
88.3799
88.8814
89.2918
89.6111
89.8441
90.0014
90.0939
90.1335
90.1328
90.1022
90.0508
89.9815
89.8981
89.8023
89.7031
89.6056
89.5122
89.4224
89.3357
89.2515
89.1721
89.1015
89.0411
88.9894
88.9493
88.9252
88.9187
88.9322
88.969
89.0267
89.1043
89.2008
89.3144
89.446
89.5946
89.7578
89.9285
90.1059
90.2844
90.4579
90.6205
90.771
90.9049
91.0235
91.121
91.198
91.2479
91.2761
91.2824
91.2721
91.2442
91.2042
91.1514
91.0902
91.015
90.9328
90.8445
90.7523
90.6517
90.559
90.483
90.4267
90.3774
90.3461
90.3324
90.3364
90.3391
90.3439
90.3502
90.3684
90.3883
90.4099
90.4191
90.4261
90.4236
90.4254
90.4189
90.4228
90.4211
90.4313
90.4319
90.4424
90.44
90.4444
90.4335
90.4283
90.4087
90.398
90.3766
90.3656
90.3448
90.3348
90.3154
90.3084
90.2943
90.2948
90.2902
90.3019
90.3104
90.3367
90.3612
90.4044
90.4464
90.5069
90.5664
90.6432
90.7185
90.809
90.8978
90.9982
91.0972
91.2037
91.3109
91.4267
91.5508
91.6891
91.8342
91.9691
92.0576
92.0551
91.9405
91.7589
91.5881
91.5926
91.8812
92.43
93.1487
93.934
94.679
95.3498
72.619
72.2946
71.5606
70.4564
69.0297
67.3698
65.4152
63.2008
60.8959
58.8083
57.0831
55.7349
54.7545
54.0678
53.6395
53.4914
53.6364
53.9761
54.3518
54.6473
54.9222
55.2236
55.5758
55.9894
56.4574
56.9606
57.4591
57.9343
58.4254
58.9569
59.5262
60.1255
60.7279
61.3128
61.8916
62.4969
63.1569
63.8828
64.6666
65.5109
66.412
67.3643
68.3714
69.4232
70.5116
71.6235
72.7279
73.8005
74.8045
75.7084
76.5002
77.1723
77.7298
78.1925
78.599
78.9708
79.3331
79.7032
80.102
80.5426
81.0354
81.5855
82.1949
82.8571
83.5592
84.2854
85.0136
85.7229
86.3957
87.0133
87.561
88.0309
88.416
88.7178
88.9398
89.0905
89.1814
89.2236
89.228
89.2057
89.1625
89.1046
89.0357
88.9597
88.8805
88.8028
88.7281
88.6559
88.5874
88.5229
88.4638
88.4105
88.3641
88.3263
88.3008
88.2881
88.2907
88.3118
88.3562
88.4202
88.5041
88.6061
88.7258
88.8596
89.0095
89.1696
89.3388
89.5146
89.6952
89.8707
90.0402
90.1968
90.3408
90.4684
90.5801
90.6659
90.7258
90.7586
90.7698
90.7616
90.7402
90.7039
90.6552
90.5941
90.5239
90.4447
90.3608
90.2718
90.1776
90.0856
90.0066
89.944
89.8922
89.855
89.8365
89.8319
89.831
89.831
89.8377
89.852
89.8747
89.8966
89.9151
89.926
89.9385
89.9482
89.9627
89.9769
89.9995
90.0215
90.0501
90.0716
90.0957
90.1075
90.1196
90.1167
90.1159
90.1028
90.096
90.0793
90.0706
90.0526
90.0429
90.0265
90.0205
90.0107
90.0135
90.0142
90.0301
90.045
90.0772
90.1086
90.1583
90.2068
90.2735
90.3379
90.4192
90.4964
90.5887
90.6751
90.7744
90.8677
90.9717
91.0724
91.1833
91.2965
91.4154
91.5266
91.6112
91.6445
91.6154
91.5584
91.536
91.6736
92.0466
92.6859
93.5359
94.3494
94.8586
95.5238
72.4337
72.0748
71.3166
70.2132
68.765
67.0565
65.0712
62.8858
60.6878
58.6831
56.9539
55.5386
54.5177
53.8427
53.4317
53.3048
53.4553
53.7795
54.1086
54.3572
54.6101
54.9139
55.2647
55.6631
56.108
56.5836
57.0524
57.4982
57.966
58.4931
59.0738
59.6952
60.3325
60.9579
61.581
62.229
62.9134
63.6474
64.4309
65.2715
66.1717
67.1248
68.1331
69.1931
70.2872
71.3959
72.5008
73.57
74.5686
75.4684
76.2605
76.9331
77.4937
77.9599
78.3619
78.7254
79.0759
79.4302
79.808
80.2251
80.6894
81.2065
81.7777
82.396
83.0485
83.7181
84.3871
85.0381
85.6527
86.2159
86.7178
87.1497
87.5053
87.7869
87.9957
88.1401
88.2317
88.28
88.2947
88.2859
88.2589
88.22
88.1731
88.1221
88.0678
88.0133
87.9599
87.9096
87.8618
87.8187
87.7796
87.7457
87.7174
87.6953
87.6811
87.6795
87.695
87.729
87.7791
87.8477
87.9358
88.0435
88.1654
88.2981
88.4405
88.5935
88.756
88.9262
89.1011
89.2761
89.4473
89.6077
89.7549
89.8869
90.0057
90.1032
90.1759
90.2231
90.2463
90.2474
90.2319
90.2011
90.1561
90.0978
90.0315
89.9569
89.8775
89.7907
89.7022
89.6109
89.5327
89.4635
89.4101
89.3639
89.3388
89.3213
89.3172
89.3107
89.317
89.3259
89.35
89.3709
89.3965
89.4121
89.4349
89.454
89.4841
89.5135
89.5551
89.5963
89.6441
89.6865
89.7266
89.7578
89.7821
89.7973
89.8029
89.8028
89.7952
89.788
89.7742
89.7643
89.7481
89.739
89.7252
89.7215
89.7155
89.7217
89.7283
89.7486
89.7711
89.8081
89.8475
89.9015
89.9573
90.027
90.0961
90.1771
90.2545
90.342
90.4231
90.5141
90.5965
90.6893
90.7741
90.8693
90.9584
91.0505
91.1273
91.1865
91.2231
91.2638
91.3602
91.6006
92.0461
92.6909
93.4822
94.3993
95.3109
95.8503
72.0477
71.638
70.8309
69.7103
68.2615
66.5502
64.6032
62.5279
60.5191
58.6823
57.0459
55.6506
54.661
54.0619
53.7273
53.6703
53.8584
54.1646
54.4458
54.6471
54.8677
55.1492
55.4664
55.8236
56.2288
56.6564
57.0863
57.5054
57.9411
58.4436
59.0077
59.6065
60.2267
60.8487
61.4756
62.1309
62.8206
63.5514
64.3282
65.1586
66.0489
66.9954
67.9959
69.0473
70.1313
71.2256
72.3137
73.365
74.3465
75.234
76.0155
76.6832
77.2429
77.7108
78.111
78.4698
78.812
79.1568
79.5208
79.9185
80.3591
80.8457
81.3745
81.9438
82.54
83.1468
83.7509
84.3377
84.891
85.399
85.8542
86.2456
86.5728
86.834
87.033
87.177
87.2747
87.3347
87.3654
87.3757
87.3712
87.3571
87.336
87.3103
87.2801
87.249
87.2176
87.1882
87.1605
87.1367
87.1156
87.0996
87.0873
87.081
87.0822
87.0966
87.1259
87.1702
87.2289
87.3038
87.3943
87.4993
87.6153
87.7422
87.8779
88.0246
88.1805
88.345
88.514
88.6857
88.8538
89.0161
89.165
89.3016
89.4242
89.5319
89.6174
89.6817
89.7197
89.7352
89.7267
89.7036
89.6631
89.6119
89.5495
89.483
89.406
89.3243
89.2358
89.1518
89.0701
89.0022
88.9378
88.8883
88.8454
88.8239
88.8048
88.8027
88.7979
88.8122
88.8228
88.8509
88.868
88.8999
88.9201
88.9615
88.9944
89.051
89.1
89.1707
89.2275
89.2964
89.3449
89.3998
89.4331
89.4675
89.4793
89.4907
89.4861
89.4847
89.4725
89.4643
89.4491
89.4382
89.4256
89.4176
89.4139
89.414
89.424
89.4371
89.4634
89.4922
89.5355
89.5807
89.6397
89.6997
89.7706
89.8402
89.9161
89.9882
90.0632
90.1334
90.2051
90.2713
90.3417
90.4056
90.4768
90.5409
90.6099
90.6773
90.753
90.8587
91.0366
91.3492
91.8562
92.5965
93.4846
94.2963
94.816
95.7058
71.5417
71.0251
70.1159
68.9557
67.5426
65.8996
64.0803
62.2029
60.4481
58.8451
57.3884
56.1147
55.2344
54.7587
54.569
54.614
54.8402
55.1284
55.3617
55.5177
55.696
55.9359
56.2006
56.4981
56.8403
57.2054
57.5778
57.9504
58.3412
58.7928
59.3007
59.8409
60.4037
60.9831
61.5869
62.227
62.903
63.6185
64.379
65.1898
66.0573
66.9846
67.9671
68.9949
70.0532
71.1202
72.1773
73.1946
74.1451
75.0062
75.765
76.4181
76.9701
77.4355
77.834
78.1907
78.5289
78.8673
79.22
79.5996
80.0152
80.4689
80.9545
81.4718
82.0081
82.5515
83.0901
83.614
84.1087
84.5651
84.9736
85.3318
85.6339
85.8795
86.0738
86.2213
86.3293
86.4048
86.4559
86.4876
86.5066
86.5157
86.5181
86.5139
86.5054
86.4928
86.4805
86.4691
86.4608
86.4554
86.4542
86.4553
86.4615
86.4716
86.4916
86.5207
86.5612
86.6122
86.6776
86.7546
86.846
86.9467
87.0599
87.1815
87.3146
87.4569
87.6115
87.772
87.9403
88.1092
88.278
88.4378
88.592
88.7334
88.8668
88.9831
89.0834
89.1571
89.2081
89.2295
89.2297
89.209
89.1776
89.1313
89.0794
89.0161
88.9471
88.8661
88.7845
88.6993
88.623
88.5486
88.4847
88.4235
88.3783
88.3401
88.3209
88.3039
88.3021
88.2986
88.3139
88.3262
88.3575
88.3817
88.4256
88.4629
88.5262
88.5836
88.6679
88.7402
88.8327
88.9013
88.9811
89.0328
89.0948
89.1248
89.162
89.1675
89.1835
89.1727
89.1756
89.156
89.1521
89.13
89.126
89.1085
89.1102
89.1035
89.1158
89.1245
89.1496
89.1761
89.215
89.2597
89.3117
89.3716
89.4329
89.5005
89.5635
89.6294
89.6859
89.7431
89.7907
89.8378
89.8784
89.9202
89.9582
90.0028
90.0464
90.1086
90.1909
90.3193
90.5299
90.8672
91.3787
92.0554
92.9005
93.914
94.8533
95.4794
71.0182
70.3624
69.3284
68.155
66.8297
65.3304
63.7155
62.116
60.6411
59.2852
58.0334
56.9465
56.2091
55.87
55.8245
55.9654
56.228
56.5012
56.6958
56.8113
56.9435
57.1304
57.339
57.5755
57.8508
58.1452
58.4469
58.7545
59.0854
59.4656
59.8927
60.3513
60.8371
61.3553
61.9139
62.5195
63.1647
63.8464
64.5756
65.356
66.1945
67.09
68.0391
69.0313
70.0495
71.076
72.0871
73.0564
73.9605
74.7813
75.5074
76.1365
76.6744
77.1342
77.5323
77.8886
78.2251
78.5581
78.9001
79.2614
79.6509
80.0667
80.5077
80.9705
81.4482
81.93
82.4071
82.8713
83.3144
83.7239
84.0952
84.424
84.7042
84.9387
85.128
85.2799
85.3967
85.4863
85.5528
85.6021
85.6385
85.6655
85.6842
85.6984
85.7086
85.7161
85.7232
85.7323
85.7452
85.7625
85.7828
85.8066
85.8328
85.8642
85.9015
85.9467
85.9975
86.0573
86.1265
86.2071
86.2976
86.3994
86.5093
86.6314
86.7629
86.9055
87.0586
87.2209
87.3889
87.563
87.7341
87.8998
88.057
88.2085
88.3492
88.4774
88.5841
88.6669
88.7217
88.7513
88.7563
88.7456
88.7204
88.6854
88.6372
88.5791
88.5112
88.437
88.3582
88.2797
88.2028
88.13
88.0611
87.9991
87.9439
87.899
87.8648
87.8416
87.8239
87.8171
87.8185
87.8341
87.8591
87.8975
87.9427
88.0017
88.0694
88.1549
88.2444
88.3466
88.4411
88.54
88.6179
88.6978
88.7524
88.8092
88.8366
88.8672
88.8701
88.8811
88.8681
88.8682
88.8472
88.8433
88.8206
88.8194
88.8022
88.8098
88.8038
88.8237
88.8326
88.8664
88.8925
88.9401
88.9827
89.0396
89.0937
89.1517
89.207
89.2566
89.3013
89.3362
89.3653
89.3834
89.3994
89.4071
89.4158
89.4242
89.4392
89.4692
89.5294
89.6385
89.826
90.1437
90.6138
91.3117
92.1246
93.0689
93.3864
94.2881
70.5761
69.7997
68.6818
67.5996
66.4358
65.1475
63.8029
62.467
61.2031
60.0428
58.9896
58.1065
57.5202
57.295
57.3488
57.5598
57.8353
58.0931
58.257
58.3339
58.4127
58.5406
58.6928
58.876
59.0917
59.32
59.5601
59.8094
60.078
60.3797
60.7121
61.0729
61.4692
61.9145
62.414
62.9667
63.5665
64.2063
64.8951
65.6373
66.4387
67.2938
68.1973
69.1407
70.1051
71.0752
72.0258
72.9347
73.7808
74.5515
75.2385
75.8397
76.3607
76.8141
77.2118
77.5686
77.9044
78.2343
78.564
78.9045
79.2636
79.6401
80.0342
80.4444
80.8677
81.2946
81.7185
82.1336
82.5287
82.8955
83.2322
83.5292
83.7893
84.0064
84.1883
84.3365
84.4561
84.5505
84.6242
84.6826
84.7286
84.7673
84.8
84.8318
84.8624
84.8936
84.9263
84.9635
85.0052
85.0513
85.098
85.1474
85.1978
85.2527
85.311
85.3744
85.4401
85.5127
85.5909
85.6765
85.7706
85.8721
85.9839
86.1075
86.2417
86.3856
86.5423
86.707
86.8796
87.0564
87.2331
87.4057
87.5733
87.7341
87.8855
88.0203
88.1347
88.2219
88.284
88.318
88.3326
88.3291
88.3121
88.2817
88.238
88.1813
88.1177
88.0493
87.9762
87.9007
87.8239
87.7505
87.6797
87.6158
87.5535
87.5012
87.4549
87.4197
87.3884
87.3714
87.3643
87.3774
87.4027
87.446
87.5007
87.573
87.6575
87.755
87.8619
87.9731
88.0853
88.1904
88.2875
88.3709
88.4457
88.4998
88.5445
88.5659
88.5846
88.5841
88.5881
88.5746
88.5702
88.5504
88.5442
88.5245
88.5236
88.5105
88.5202
88.5183
88.5421
88.5546
88.5938
88.6201
88.6717
88.7078
88.7636
88.8016
88.8485
88.8786
88.9042
88.9177
88.9181
88.9114
88.8918
88.8688
88.8351
88.8063
88.7727
88.7527
88.7559
88.802
88.9159
89.1243
89.4603
89.9453
90.5645
91.1408
91.6655
92.0552
70.3251
69.5208
68.4796
67.5806
66.6143
65.5482
64.4024
63.2441
62.1367
61.127
60.245
59.5491
59.0933
58.9327
59.0209
59.2467
59.5053
59.7413
59.8844
59.9353
59.9624
60.03
60.1275
60.2553
60.414
60.5812
60.7644
60.9608
61.1687
61.3937
61.6381
61.9092
62.2218
62.5932
63.0278
63.5192
64.0637
64.6587
65.3039
66.0028
66.7559
67.5602
68.4079
69.2895
70.1879
71.0862
71.9656
72.8064
73.5911
74.3086
74.9571
75.5315
76.0368
76.4832
76.8812
77.2387
77.5717
77.8934
78.2082
78.525
78.8529
79.1921
79.5417
79.9076
80.2844
80.6635
81.04
81.4074
81.7551
82.0815
82.3769
82.6425
82.8735
83.0692
83.2349
83.3705
83.4826
83.5717
83.6461
83.707
83.7604
83.8094
83.8591
83.9106
83.9656
84.0242
84.0878
84.1564
84.231
84.3084
84.3874
84.467
84.5488
84.633
84.7205
84.8079
84.8958
84.9859
85.0758
85.1701
85.2705
85.3768
85.4926
85.6191
85.7575
85.9064
86.0691
86.238
86.4149
86.5968
86.7816
86.9659
87.1476
87.3219
87.4845
87.6272
87.7479
87.8394
87.9069
87.9458
87.9688
87.9711
87.9617
87.9347
87.8975
87.8438
87.7885
87.7228
87.6576
87.5811
87.5072
87.4277
87.3593
87.2868
87.2237
87.1581
87.107
87.052
87.0156
86.9799
86.9739
86.9736
87.0065
87.0452
87.116
87.1912
87.2965
87.4004
87.5253
87.6418
87.7717
87.8828
87.9964
88.0848
88.1713
88.2279
88.2766
88.298
88.3158
88.3164
88.3165
88.3061
88.2955
88.281
88.2664
88.2546
88.2421
88.2393
88.2337
88.2447
88.2496
88.2756
88.2925
88.3304
88.3567
88.4007
88.4278
88.4681
88.4828
88.5053
88.4971
88.4895
88.4565
88.4157
88.3621
88.2938
88.2222
88.1376
88.0549
87.9661
87.8891
87.8348
87.8135
87.8545
87.9632
88.15
88.3868
88.6384
88.5263
88.9737
70.3738
69.749
68.9215
68.1671
67.3716
66.4425
65.3984
64.3311
63.3251
62.4312
61.6845
61.1309
60.7784
60.6529
60.741
60.9442
61.1647
61.3562
61.4694
61.4914
61.4748
61.4869
61.5298
61.604
61.7078
61.8195
61.952
62.0949
62.2441
62.4029
62.5782
62.7817
63.0285
63.3331
63.7024
64.1342
64.6237
65.1705
65.7681
66.4186
67.1158
67.8593
68.6406
69.4506
70.2748
71.0964
71.9001
72.6715
73.3956
74.0632
74.6754
75.2265
75.7182
76.1578
76.5527
76.9063
77.2323
77.5408
77.8362
78.1264
78.4258
78.7322
79.0459
79.3728
79.706
80.0388
80.3683
80.6871
80.9897
81.2689
81.5229
81.7503
81.9447
82.1129
82.252
82.3691
82.4657
82.5482
82.6203
82.6846
82.7469
82.8105
82.8786
82.9519
83.0308
83.1173
83.2108
83.3099
83.4152
83.5253
83.6404
83.7576
83.8768
83.9996
84.1221
84.2421
84.3598
84.4758
84.5844
84.6959
84.8083
84.9247
85.0475
85.18
85.3225
85.4792
85.6479
85.8248
86.0105
86.204
86.4008
86.5991
86.792
86.9797
87.1532
87.306
87.4321
87.5307
87.6018
87.6473
87.675
87.6859
87.6817
87.6629
87.6296
87.5865
87.5345
87.4748
87.4096
87.3374
87.2587
87.1803
87.1034
87.0314
86.9575
86.8904
86.8227
86.7659
86.7112
86.6771
86.6532
86.6582
86.6779
86.7293
86.7941
86.8897
86.9911
87.1195
87.2404
87.3805
87.5049
87.6405
87.7481
87.8588
87.9338
88.0065
88.0398
88.0735
88.0746
88.0845
88.0683
88.0657
88.0415
88.0328
88.0078
87.9995
87.9802
87.9773
87.969
87.9738
87.9804
87.9918
88.0136
88.0291
88.0614
88.0764
88.109
88.1145
88.1298
88.1114
88.0944
88.0395
87.9844
87.8933
87.8003
87.6823
87.5538
87.4176
87.2565
87.0944
86.9072
86.724
86.5212
86.319
86.1179
85.8771
85.5969
85.1707
84.3009
82.8926
70.719
70.5055
69.8822
69.2072
68.4837
67.6211
66.6303
65.597
64.6459
63.8272
63.1559
62.6749
62.3893
62.2896
62.3622
62.5239
62.6957
62.8208
62.8894
62.8858
62.8411
62.8115
62.809
62.8342
62.8935
62.9639
63.0519
63.1517
63.2529
63.361
63.4864
63.6387
63.8331
64.0804
64.3918
64.7674
65.2038
65.6962
66.2414
66.8371
67.4774
68.158
68.8705
69.608
70.3567
71.1036
71.8343
72.5413
73.2099
73.835
74.4134
74.9422
75.418
75.8479
76.2329
76.574
76.8848
77.1765
77.4494
77.7145
77.9871
78.2646
78.5449
78.831
79.1217
79.4081
79.6865
79.9562
80.2077
80.4373
80.6457
80.8267
80.9845
81.1194
81.2329
81.3301
81.4146
81.4915
81.5619
81.632
81.7045
81.781
81.8638
81.9551
82.0551
82.166
82.2849
82.4143
82.5548
82.7026
82.859
83.0196
83.1869
83.3554
83.521
83.6817
83.839
83.9875
84.1255
84.2627
84.3972
84.5324
84.6729
84.8187
84.9741
85.1409
85.3194
85.5057
85.7043
85.9091
86.1181
86.326
86.5268
86.7209
86.9
87.0584
87.1907
87.2961
87.3741
87.426
87.4606
87.4762
87.4813
87.4693
87.4465
87.4107
87.3666
87.3086
87.248
87.175
87.0985
87.0145
86.9347
86.8529
86.7754
86.6992
86.6274
86.5616
86.5047
86.4609
86.4339
86.4281
86.4486
86.4926
86.5671
86.6586
86.7788
86.9014
87.0444
87.178
87.3243
87.4483
87.5756
87.6712
87.7646
87.8175
87.8663
87.8766
87.8917
87.8757
87.8747
87.8457
87.8378
87.8025
87.7936
87.7589
87.7544
87.7256
87.7296
87.7101
87.7245
87.7152
87.7368
87.7366
87.7587
87.764
87.775
87.7754
87.7562
87.7313
87.6677
87.5993
87.4881
87.3726
87.217
87.0586
86.8616
86.6527
86.4134
86.1338
85.8384
85.4784
85.0846
84.5833
83.9819
83.2133
82.0993
80.6461
77.7753
73.7557
70.634
71.2495
70.8757
70.2985
69.6053
68.766
67.8101
66.819
65.8897
65.1014
64.4863
64.0582
63.8194
63.7399
63.7923
63.895
63.9902
64.0545
64.0795
64.0518
63.9968
63.9455
63.9181
63.9167
63.9412
63.9827
64.0353
64.0966
64.1617
64.232
64.3169
64.4299
64.5832
64.7884
65.0542
65.3823
65.7727
66.217
66.7137
67.2555
67.8399
68.4583
69.1057
69.7728
70.452
71.1314
71.7995
72.4491
73.0688
73.6535
74.1997
74.7
75.1497
75.5566
75.9219
76.2397
76.5253
76.794
77.0455
77.2858
77.5276
77.7715
78.0122
78.2535
78.497
78.7324
78.959
79.1747
79.3744
79.5572
79.718
79.8614
79.9856
80.0926
80.1865
80.2689
80.3466
80.417
80.487
80.56
80.6359
80.7178
80.8094
80.9129
81.0306
81.165
81.3115
81.4771
81.6578
81.8536
82.0565
82.2685
82.4898
82.7132
82.9304
83.1424
83.3466
83.5356
83.7165
83.8919
84.0599
84.2255
84.3936
84.5613
84.7348
84.9166
85.1062
85.304
85.5118
85.7248
85.94
86.1542
86.3577
86.5533
86.7335
86.8932
87.0282
87.1382
87.2244
87.2847
87.33
87.3527
87.3677
87.3609
87.3504
87.3195
87.287
87.2309
87.179
87.1043
87.0354
86.9431
86.8636
86.7662
86.6879
86.5982
86.5278
86.4506
86.3949
86.3384
86.3109
86.2937
86.3132
86.3509
86.4256
86.5181
86.6415
86.7701
86.9158
87.0558
87.2032
87.3331
87.4563
87.5555
87.6399
87.6969
87.7325
87.7446
87.7428
87.7309
87.7104
87.6877
87.6563
87.6299
87.5949
87.5711
87.5382
87.5214
87.4961
87.4873
87.4712
87.4695
87.4609
87.463
87.4563
87.4568
87.4415
87.426
87.3832
87.3231
87.2404
87.1168
86.9889
86.8009
86.6237
86.3823
86.1421
85.8357
85.5152
85.1155
84.6676
84.1445
83.4752
82.6833
81.598
80.2392
78.1774
75.2298
70.6325
57.0287
-49.1467
-1.56735
-3.72625
2.66743
1.66499
4.19683
4.48157
5.82436
6.13675
6.65161
6.67131
6.5385
6.14338
5.59938
4.92068
4.14181
3.29015
2.39952
1.46338
0.504438
-32.8734
-2.06769
-3.80562
2.5619
1.60966
4.17424
4.44337
5.80028
6.11544
6.62933
6.65758
6.52441
6.13322
5.591
4.91555
4.13801
3.28755
2.39804
1.46297
0.503377
-19.3816
-1.60183
-3.45754
2.38444
1.56725
4.1125
4.40604
5.73943
6.07617
6.57068
6.61512
6.47997
6.0954
5.5587
4.88981
4.11804
3.27211
2.38752
1.45654
0.500317
-7.11222
0.355145
-2.18278
2.38187
1.69057
4.04691
4.41147
5.65251
6.02869
6.47758
6.54034
6.40024
6.02428
5.49678
4.83779
4.07614
3.2392
2.36355
1.44119
0.493172
3.37943
3.70628
0.0314798
2.75992
2.12672
4.05483
4.51827
5.57928
5.98559
6.36425
6.43408
6.28618
5.9186
5.40331
4.75755
4.01022
3.18764
2.32515
1.41655
0.481989
11.9495
7.96786
3.04019
3.72195
2.97063
4.25567
4.74591
5.57356
5.96497
6.2545
6.30665
6.14463
5.78191
5.2794
4.64996
3.92084
3.11805
2.273
1.38359
0.467708
18.7766
12.3892
6.43751
5.20581
4.14297
4.6686
5.06865
5.64962
5.97608
6.16678
6.17575
5.99168
5.62868
5.1361
4.52395
3.81536
3.03538
2.21095
1.34491
0.452237
24.1043
16.3819
9.72883
6.94005
5.38635
5.24938
5.44244
5.79457
6.01598
6.10675
6.05617
5.84384
5.47597
4.98955
4.39364
3.70564
2.94864
2.14582
1.30479
0.437038
28.3801
19.8143
12.6928
8.70879
6.57139
5.89343
5.82342
5.96705
6.066
6.06231
5.94811
5.70553
5.33134
4.84905
4.26752
3.59953
2.86414
2.08266
1.26591
0.422278
31.8716
22.702
15.2466
10.3966
7.67224
6.52725
6.18552
6.13818
6.11411
6.02374
5.85073
5.57954
5.19901
4.71989
4.1509
3.50164
2.78631
2.02488
1.23092
0.410757
34.6925
25.0934
17.3671
11.9169
8.65751
7.10635
6.51074
6.28988
6.15046
5.98286
5.75899
5.46254
5.07601
4.59967
4.04216
3.41043
2.71392
1.97134
1.19857
0.399754
36.9293
27.0472
19.0754
13.1942
9.49456
7.60957
6.78877
6.41177
6.16902
5.93443
5.6681
5.35084
4.95959
4.48656
3.94002
3.32505
2.6466
1.92175
1.16869
0.389818
38.7118
28.655
20.4347
14.2311
10.1985
8.04475
7.02211
6.50276
6.16838
5.87709
5.57583
5.24172
4.84721
4.37803
3.84204
3.24325
2.58236
1.87455
1.13974
0.379834
40.1631
29.998
21.5163
15.0627
10.7939
8.42362
7.21595
6.56566
6.15001
5.81089
5.48102
5.13378
4.73732
4.27203
3.7463
3.16343
2.51964
1.82838
1.11036
0.367652
41.3954
31.1201
22.3761
15.7342
11.3049
8.75345
7.37575
6.60501
6.11778
5.73835
5.38537
5.02902
4.63302
4.17173
3.65648
3.08936
2.46231
1.7867
1.08381
0.357282
42.4631
32.0223
23.0334
16.2637
11.7386
9.03513
7.50396
6.62481
6.07635
5.6641
5.29371
4.9325
4.54051
4.08468
3.58065
3.02846
2.41755
1.75516
1.06564
0.350882
43.4145
32.6904
23.4931
16.6686
12.0944
9.26505
7.60104
6.62988
6.03296
5.5974
5.21742
4.85596
4.47058
4.02178
3.52881
2.98857
2.39088
1.73794
1.05869
0.350454
44.2822
33.0767
23.7357
16.9425
12.344
9.41218
7.64714
6.6132
5.98824
5.54331
5.16308
4.80531
4.42738
3.98624
3.50241
2.96996
2.38124
1.73358
1.06054
0.354139
45.1749
33.2261
23.8009
17.0674
12.444
9.44805
7.63198
6.57624
5.9506
5.51269
5.1401
4.78809
4.41539
3.97934
3.49934
2.96895
2.38249
1.73619
1.0647
0.357255
45.3348
33.1318
23.7681
17.0761
12.4535
9.45212
7.62869
6.57211
5.9475
5.51057
5.13951
4.78795
4.41451
3.97912
3.49969
2.96891
2.38258
1.73695
1.0658
0.357789
)
;

boundaryField
{
    inlet
    {
        type            calculated;
        value           nonuniform List<scalar> 
20
(
121.801
118.738
116.802
115.289
114.059
113.09
112.347
111.808
111.458
111.287
111.288
111.46
111.811
112.351
113.095
114.065
115.295
116.808
118.744
121.808
)
;
    }
    outlet
    {
        type            calculated;
        value           uniform 0;
    }
    walls
    {
        type            calculated;
        value           nonuniform List<scalar> 
520
(
121.808
108.964
101.15
97.2547
94.9875
93.201
91.5865
90.0514
88.589
87.1564
85.765
84.3836
83.0497
81.7417
80.5126
79.3363
78.2906
77.3516
76.6273
76.1242
76.117
76.0937
76.0483
75.9906
75.9253
75.8582
75.7972
75.7482
75.7143
75.6952
75.6891
75.6937
75.7066
75.7255
75.748
75.7718
75.795
75.8164
75.835
75.851
75.8654
75.8795
75.8947
75.9111
75.9276
75.9416
75.9494
75.9463
75.9282
75.8915
75.8348
75.7595
75.6699
75.5714
75.4703
75.3704
75.2733
75.1785
75.0846
74.991
74.9011
74.8225
74.7617
74.7239
74.7093
74.7244
74.7789
74.8788
75.0196
75.19
75.3811
75.5899
75.8154
76.058
76.3183
76.5874
76.8591
77.1287
77.3941
77.6602
77.9356
78.23
78.5509
78.8979
79.2649
79.6491
80.0438
80.4395
80.8267
81.1924
81.5269
81.8225
82.0681
82.2629
82.4139
82.5379
82.6512
82.7595
82.865
82.9822
83.1317
83.3166
83.5256
83.7458
83.9888
84.4024
84.5807
85.4304
85.5361
86.5203
86.5598
87.6882
87.6862
88.9002
88.975
90.2866
90.2682
91.4915
91.4181
92.6194
92.3819
93.5415
93.2015
94.1856
93.7979
94.7136
94.2389
95.117
94.5678
95.373
94.7969
95.5224
94.9418
95.641
95.064
95.7706
95.1886
95.9416
95.3165
96.1584
95.4617
96.3772
95.6253
96.548
95.7689
96.6318
95.8479
96.6096
95.8331
96.4525
95.709
96.2672
95.5696
96.1197
95.4563
95.8939
95.2801
95.5422
94.9874
95.1739
94.6632
94.9031
94.4056
94.7324
94.2156
94.5369
93.9518
94.1778
93.5385
93.6214
93.0151
92.9626
92.4471
92.2712
91.8608
91.5925
91.2156
90.9274
90.546
90.2449
89.8586
89.5456
89.1552
88.832
88.4402
88.108
87.7154
87.3742
86.9784
86.6248
86.222
85.8517
85.435
85.0415
84.5978
84.1604
83.6625
83.151
82.5709
81.9733
81.3048
80.6094
79.8333
79.0179
78.1093
77.1464
76.0717
74.9219
73.638
72.2568
70.7216
69.0724
67.2574
65.3255
63.2302
61.0357
58.7009
56.307
53.8068
51.285
45.3348
33.1318
23.7681
17.0761
12.4535
9.45212
7.62869
6.57211
5.9475
5.51057
5.13951
4.78795
4.41451
3.97912
3.49969
2.96891
2.38258
1.73695
1.0658
0.357789
121.801
108.969
101.148
97.2542
94.9819
93.1974
91.5776
90.0412
88.5669
87.1274
85.7126
84.3097
82.9249
81.5565
80.2039
78.8762
77.5358
76.1899
74.7697
72.6438
73.7148
73.6178
73.4519
73.2279
72.9617
72.7434
72.5824
72.5438
72.5916
72.6565
72.619
72.4337
72.0477
71.5417
71.0182
70.5761
70.3251
70.3738
70.719
70.634
73.7148
73.6472
73.4281
72.9766
72.2655
71.3232
70.2286
69.0571
67.8761
66.7201
65.6723
64.8415
64.3082
64.0267
63.9393
64.0015
64.1012
64.1729
64.1994
64.1934
64.253
64.5199
64.7857
65.0989
65.47
65.8817
66.4809
67.4259
68.5532
69.5347
70.2231
70.6602
70.9671
71.2208
71.4824
71.7928
72.1629
72.5896
73.0759
73.6104
74.1585
74.6653
75.1279
75.6214
76.1635
76.7308
77.3062
77.8908
78.4797
79.0635
79.6439
80.2255
80.7933
81.3441
81.8941
82.4596
83.0558
83.682
84.3426
85.0398
85.75
86.468
87.2135
88.0131
88.8511
89.6807
90.471
91.2232
91.9316
92.5814
93.1556
93.645
94.0472
94.3645
94.603
94.7699
94.8749
94.9282
94.9381
94.9131
94.8609
94.7895
94.7059
94.6148
94.5174
94.4122
94.2967
94.1713
94.0402
93.9079
93.7757
93.6442
93.5134
93.3871
93.2694
93.1656
93.076
92.9995
92.9337
92.8814
92.8488
92.84
92.8508
92.8733
92.9022
92.939
92.9864
93.0419
93.1014
93.1616
93.2235
93.2869
93.3477
93.4035
93.4508
93.4894
93.5195
93.5394
93.5473
93.5462
93.5345
93.5148
93.4865
93.4495
93.4053
93.3543
93.2986
93.2403
93.1813
93.125
93.0746
93.033
93.0027
92.984
92.9755
92.9734
92.9718
92.9659
92.952
92.9282
92.8927
92.8452
92.786
92.7167
92.6403
92.5595
92.4767
92.3935
92.3115
92.2316
92.1546
92.0811
92.0112
91.9454
91.8835
91.8254
91.7708
91.7203
91.6748
91.6353
91.6023
91.5761
91.5565
91.5437
91.538
91.5403
91.5508
91.5702
91.5982
91.6351
91.6798
91.7313
91.7887
91.8531
91.9241
92.0009
92.0822
92.168
92.2574
92.3468
92.4357
92.5297
92.6266
92.7196
92.7888
92.812
92.7749
92.6908
92.645
92.7043
92.8349
92.9812
93.1076
93.2402
93.4698
93.9262
94.591
95.285
95.7355
95.8791
95.8791
95.808
95.587
95.2104
94.7588
94.5123
94.3146
94.6364
94.7531
95.3498
95.5238
95.8503
95.7058
95.4794
94.2881
92.0552
88.9737
82.8926
73.7557
57.0287
-49.1467
-1.56735
-3.72625
2.66743
1.66499
4.19683
4.48157
5.82436
6.13675
6.65161
6.67131
6.5385
6.14338
5.59938
4.92068
4.14181
3.29015
2.39952
1.46338
0.504438
)
;
    }
    frontAndBack
    {
        type            empty;
    }
}


// ************************************************************************* //
