/*--------------------------------*- C++ -*----------------------------------*\
| =========                 |                                                 |
| \\      /  F ield         | OpenFOAM: The Open Source CFD Toolbox           |
|  \\    /   O peration     | Version:  2.4.0                                 |
|   \\  /    A nd           | Web:      www.OpenFOAM.org                      |
|    \\/     M anipulation  |                                                 |
\*---------------------------------------------------------------------------*/
FoamFile
{
    version     2.0;
    format      ascii;
    class       volScalarField;
    location    "1.92";
    object      p;
}
// * * * * * * * * * * * * * * * * * * * * * * * * * * * * * * * * * * * * * //

dimensions      [0 2 -2 0 0 0 0];

internalField   nonuniform List<scalar> 
8800
(
71.1458
58.7851
51.3776
47.8591
45.9688
44.565
43.3546
42.2892
41.2405
40.2544
39.3509
38.4155
37.4767
36.6539
35.7829
34.9812
34.2065
33.5071
32.7432
31.9349
68.0351
58.4302
51.5472
47.973
46.0294
44.5899
43.361
42.2908
41.2392
40.2495
39.3498
38.4142
37.4721
36.6532
35.7829
34.9783
34.2104
33.5011
32.7438
31.848
66.0713
58.5028
52.1519
48.3488
46.1985
44.6666
43.4072
42.324
41.2638
40.2653
39.3622
38.4184
37.4722
36.653
35.7834
34.9745
34.2228
33.4997
32.7569
31.8113
64.5353
58.5592
52.7449
48.7716
46.3834
44.7508
43.4724
42.3766
41.3131
40.3038
39.3929
38.4322
37.4865
36.6547
35.7898
34.9697
34.2529
33.5262
32.892
31.8292
63.283
58.5293
53.2292
49.1794
46.5528
44.8132
43.5257
42.4274
41.3721
40.3567
39.4297
38.4522
37.5088
36.6573
35.7975
34.967
34.2774
33.5872
33.0087
31.8768
62.2938
58.4322
53.6053
49.5255
46.7059
44.8538
43.5606
42.4618
41.429
40.4082
39.4701
38.4732
37.5325
36.6568
35.7988
34.9658
34.2861
33.6077
33.1169
31.9425
61.5382
58.3167
53.8797
49.8076
46.845
44.8775
43.5746
42.4877
41.4741
40.4528
39.4997
38.4951
37.5501
36.6574
35.7963
34.9557
34.2673
33.5912
33.1512
32.5067
60.9825
58.2205
54.0597
50.0244
46.9636
44.9036
43.565
42.5112
41.5016
40.4916
39.5179
38.5189
37.552
36.667
35.774
34.9576
34.207
33.5364
32.9397
32.9864
60.6216
58.1493
54.1709
50.1724
47.0525
44.9204
43.5551
42.5261
41.5224
40.5171
39.5294
38.5331
37.5617
36.6659
35.7682
34.9404
34.1756
33.4993
32.9816
33.5294
60.4442
58.1119
54.2242
50.248
47.097
44.9313
43.5486
42.5279
41.5357
40.5301
39.538
38.5385
37.5674
36.6601
35.7618
34.9313
34.1591
33.4867
33.0431
33.6475
60.4394
58.117
54.2203
50.2509
47.0967
44.936
43.5446
42.5321
41.5367
40.5339
39.5332
38.5395
37.5686
36.6587
35.7591
34.9277
34.1537
33.4837
33.0593
33.7407
60.6136
58.1593
54.1641
50.1776
47.0529
44.9319
43.5521
42.5192
41.5272
40.5242
39.5221
38.5358
37.5706
36.6583
35.7583
34.934
34.1568
33.4882
33.0654
33.8219
60.9676
58.2367
54.0482
50.0329
46.9651
44.923
43.5578
42.5035
41.5073
40.5052
39.5022
38.5241
37.5723
36.6576
35.766
34.9373
34.1688
33.5002
33.0595
33.7911
61.518
58.3364
53.8671
49.8187
46.8376
44.9053
43.5657
42.4773
41.4751
40.477
39.4744
38.5098
37.5654
36.6609
35.7696
34.9562
34.1894
33.5183
33.0389
33.6774
62.2745
58.4491
53.6009
49.5342
46.6962
44.8778
43.5589
42.4401
41.4387
40.4378
39.4388
38.4838
37.5614
36.6567
35.7806
34.9747
34.2169
33.5575
33.0224
33.4612
63.2589
58.5451
53.2355
49.1833
46.5398
44.8356
43.5365
42.3914
41.3888
40.3912
39.3986
38.457
37.5525
36.652
35.7881
34.9912
34.2624
33.598
33.0461
33.1783
64.5079
58.5712
52.7592
48.7752
46.3678
44.7713
43.4913
42.3314
41.3349
40.3438
39.3592
38.4271
37.5447
36.6442
35.7964
35.0059
34.3016
33.6433
33.1027
32.8905
66.0453
58.5075
52.1719
48.3504
46.1828
44.6852
43.432
42.2747
41.2861
40.3051
39.3316
38.4083
37.5384
36.6406
35.804
35.0159
34.3323
33.6769
33.1623
32.753
68.0126
58.4285
51.5685
47.975
46.0162
44.6059
43.3861
42.2432
41.2612
40.2875
39.3222
38.4032
37.5376
36.643
35.8101
35.0253
34.346
33.6957
33.1587
32.6774
71.1273
58.7819
51.3985
47.8605
45.9576
44.5802
43.3776
42.2444
41.2629
40.2885
39.3259
38.4062
37.5392
36.6449
35.8138
35.029
34.3488
33.6997
33.1605
32.8018
32.0992
32.0544
31.895
31.7958
31.797
31.8532
31.9158
31.9635
31.9868
31.9697
31.9081
31.8201
31.7255
31.6556
31.63
31.6441
31.6894
31.7441
31.8078
31.8834
31.9542
31.9992
31.9825
31.8865
31.7241
31.5149
31.2719
31.0005
30.7168
30.4369
30.1692
29.9462
29.7626
29.6603
29.6484
29.7108
29.8795
30.1507
30.5053
30.9352
31.3987
31.7801
31.997
32.0964
32.1385
32.0041
31.6899
31.134
30.5536
30.1006
29.8138
29.7679
29.8605
30.0961
30.4965
31.0703
31.8393
32.8199
34.0628
35.5006
36.9268
38.1726
38.9222
38.9799
38.3289
36.8522
34.6
31.7718
28.6262
25.4066
22.3182
19.4642
16.9057
14.6735
12.7325
11.121
9.91682
9.36049
9.3008
9.72296
10.573
11.5621
12.5751
13.5091
14.4405
15.3279
16.1203
17.1489
18.0836
19.0713
20.2712
21.2233
22.3538
23.4317
24.1984
25.2533
25.9502
26.8121
27.7919
28.3213
29.2346
29.9851
30.8517
31.8454
32.6314
33.4863
34.0909
34.7145
35.0412
35.1883
35.1108
34.506
33.8105
32.6688
31.2705
29.7455
27.8706
26.1825
24.3415
22.5638
21.084
19.4213
18.2549
17.259
16.2281
15.8178
15.4152
15.1497
15.4701
15.6816
16.125
17.1547
18.0582
19.1744
20.8016
22.5482
24.6016
27.0708
29.8658
32.8605
35.9573
39.0163
41.9384
44.6924
47.2687
49.6585
51.8125
53.6466
55.4671
57.2577
58.7508
60.0008
60.9696
62.0203
62.5793
62.257
61.2243
59.9281
58.9149
57.7383
56.1879
53.942
50.9358
46.8235
41.7916
35.9533
29.9232
24.2357
19.4715
16.0249
13.9251
12.7663
12.4874
13.134
13.9155
15.2
17.3156
20.2459
23.2019
26.2323
29.0465
31.6035
34.2251
36.1905
37.9075
39.3811
40.2912
40.5729
40.7
40.4677
39.7119
38.9511
37.652
36.2051
34.617
32.7548
30.4867
27.2026
23.3148
8.67151
31.743
31.7471
31.7927
31.8528
31.8945
31.9234
31.9376
31.9357
31.9255
31.8889
31.83
31.7651
31.6946
31.6528
31.6493
31.6682
31.7214
31.7775
31.8344
31.8952
31.9251
31.9339
31.8978
31.8077
31.6628
31.4755
31.2479
31.0095
30.7456
30.4821
30.2433
30.0289
29.8787
29.7877
29.785
29.8632
30.0228
30.256
30.5804
30.9302
31.3045
31.6401
31.8685
31.9961
32.0059
31.8721
31.6049
31.1474
30.5657
30.1284
29.9217
29.9133
30.0228
30.2415
30.6373
31.2483
32.0699
33.0311
34.1711
35.462
36.6736
37.6764
38.2556
38.2483
37.6211
36.3014
34.2791
31.717
28.8413
25.8574
22.9514
20.2461
17.8236
15.7215
13.8842
12.4595
11.4047
10.6994
10.5662
10.8336
11.507
12.3327
13.2392
14.1061
14.9612
15.8443
16.5925
17.5584
18.5162
19.4127
20.538
21.5434
22.5112
23.5953
24.3875
25.2505
26.1268
26.7806
27.576
28.1468
28.8545
29.5988
30.1664
30.8832
31.4248
32.0023
32.4324
32.6813
32.8272
32.7067
32.4072
31.7981
30.9763
29.9483
28.7447
27.414
25.8236
24.2713
22.741
21.2586
20.0613
18.8059
17.8942
17.3226
16.6827
16.452
16.4354
16.5015
17.0101
17.5959
18.2748
19.3353
20.5653
21.919
23.6512
25.5833
27.7207
30.0962
32.7071
35.3351
37.9762
40.5734
42.9819
45.328
47.5481
49.6266
51.5772
53.2268
54.9302
56.694
58.2094
59.3929
60.3069
61.3393
61.7029
61.2537
60.1955
58.8097
57.7916
56.6212
55.0344
52.8286
49.6205
45.4873
40.4162
34.5079
28.1599
22.1049
17.4718
14.0197
12.1698
11.0329
10.6394
11.3375
12.1849
13.2833
15.3953
18.3315
21.5944
24.9141
27.748
30.6219
33.4225
35.66
37.5143
39.1088
39.7898
40.3052
40.486
40.0969
39.3959
38.1617
36.6894
35.0669
32.8823
30.3048
27.4098
21.9069
16.3996
3.38453
31.8581
31.8624
31.8648
31.9499
32.0202
32.034
31.9757
31.889
31.8333
31.7835
31.7342
31.7047
31.6704
31.6578
31.6725
31.6949
31.7528
31.8047
31.8464
31.8898
31.8848
31.8652
31.8118
31.7135
31.5833
31.4221
31.2193
31.0065
30.778
30.5357
30.3352
30.1392
30.0132
29.9397
29.9446
30.0153
30.1714
30.3664
30.6298
30.9215
31.2028
31.4964
31.6858
31.7951
31.7758
31.6541
31.4237
31.1233
30.6839
30.3082
30.1218
30.1363
30.2907
30.4889
30.8406
31.3874
32.1634
33.0847
34.094
35.2166
36.2217
37.0072
37.4721
37.396
36.7682
35.593
33.7883
31.4722
28.8829
26.1497
23.4887
20.95
18.6407
16.7148
14.9881
13.6579
12.6362
11.9795
11.8501
12.0056
12.4964
13.2199
14.0247
14.8189
15.6553
16.4941
17.2536
18.1703
19.1037
19.9963
20.9814
22.0154
22.9247
23.8612
24.7317
25.4454
26.2462
26.8215
27.4381
28.0227
28.5108
29.0696
29.4777
29.9361
30.2839
30.6114
30.8019
30.7843
30.7244
30.3516
29.901
29.2464
28.3408
27.4212
26.2594
25.0985
23.7881
22.3392
21.0952
19.8785
18.9038
18.1086
17.4667
17.1963
17.0197
17.0261
17.3816
17.8276
18.5707
19.5484
20.5291
21.8223
23.1297
24.6877
26.5385
28.5031
30.6333
32.8138
35.0999
37.344
39.5313
41.7608
43.8131
45.7169
47.6852
49.5372
51.215
52.7581
54.3541
55.9639
57.5019
58.6575
59.5605
60.5066
60.7802
60.3316
59.1397
57.7669
56.7254
55.7221
54.2119
52.0949
48.6738
44.2649
39.1888
32.9968
26.3674
20.8553
16.204
12.9529
11.215
10.1572
9.98554
10.3173
11.119
12.1824
14.1477
17.2175
20.4937
23.8738
27.1182
30.1626
32.8157
35.3132
37.4959
38.981
39.7772
40.225
40.5159
40.2288
39.1374
37.8878
36.2329
34.0039
31.5518
28.1346
24.818
18.5148
11.7978
2.43929
31.1909
31.3528
31.8874
32.2813
32.3758
32.2784
32.056
31.8237
31.7133
31.6688
31.6268
31.6227
31.6355
31.6823
31.7295
31.7465
31.8027
31.8357
31.8477
31.8641
31.8292
31.7885
31.7213
31.6122
31.5022
31.3656
31.1959
31.0106
30.8225
30.6072
30.4359
30.2696
30.1557
30.1032
30.1135
30.1735
30.3173
30.4825
30.6792
30.9204
31.1146
31.3433
31.4884
31.5803
31.5742
31.4888
31.3323
31.1085
30.8495
30.5343
30.3622
30.3669
30.539
30.7496
31.0505
31.5129
32.1705
33.0045
33.8871
34.8371
35.6757
36.2879
36.5733
36.4327
35.81
34.7431
33.1849
31.1534
28.9169
26.4916
24.0873
21.8052
19.6177
17.8381
16.2373
14.8857
14.0832
13.5264
13.3065
13.4399
13.8045
14.3852
15.1334
15.8513
16.6383
17.4385
18.2071
19.0622
19.9473
20.8371
21.672
22.6632
23.5151
24.2978
25.1691
25.7033
26.3607
26.8865
27.344
27.886
28.1612
28.5084
28.7852
29.0378
29.1968
29.268
29.2258
28.985
28.7582
28.1919
27.6176
26.8919
25.9089
25.0393
23.8332
22.7562
21.7275
20.3968
19.4044
18.5124
17.7087
17.2983
16.9967
16.9446
17.1469
17.5105
18.1725
18.9399
19.9768
21.2489
22.5179
24.0092
25.531
27.2615
29.1887
31.0786
33.0269
35.017
37.043
38.9493
40.8073
42.7003
44.4572
46.037
47.671
49.3108
50.781
52.1777
53.6798
55.1616
56.6174
57.7158
58.6486
59.5659
59.766
59.2825
57.9464
56.5351
55.7037
54.7532
53.3371
51.1331
47.6448
43.6316
38.3813
31.6851
25.2663
19.9148
15.373
12.5055
10.7616
9.91118
9.40727
9.82093
10.6516
11.7057
13.5923
16.4476
20.0445
23.5426
26.6496
29.9799
33.1673
35.6135
37.7508
39.0025
40.1327
40.4921
40.7065
40.6065
39.3843
38.3191
36.3192
33.2639
30.8001
26.8097
22.7132
16.7644
10.1287
3.32962
30.9734
31.3411
32.2594
32.7413
32.7517
32.4806
32.0818
31.7079
31.5277
31.5153
31.5342
31.5692
31.624
31.7142
31.7802
31.7765
31.8146
31.8294
31.8213
31.7999
31.7489
31.7101
31.6356
31.5296
31.4378
31.3138
31.1709
30.9984
30.8352
30.6796
30.5285
30.3968
30.3028
30.2701
30.2812
30.3376
30.4356
30.5796
30.7228
30.9007
31.0467
31.2039
31.3232
31.3962
31.3994
31.3409
31.2442
31.088
30.9335
30.7391
30.6121
30.6127
30.7738
31.0041
31.2588
31.6373
32.1601
32.8372
33.5872
34.3447
34.9897
35.4103
35.5684
35.4273
34.8317
33.8336
32.5696
30.8422
28.9598
26.9054
24.7479
22.7656
20.8222
19.1649
17.784
16.5942
15.8357
15.3059
15.0472
15.1483
15.4122
15.9134
16.5507
17.2191
17.9403
18.6802
19.4174
20.1873
21.0119
21.7959
22.5467
23.3959
24.1608
24.8169
25.5457
26.0074
26.5153
26.9655
27.2178
27.6643
27.8099
27.9805
28.1498
28.1343
28.1645
27.9691
27.7399
27.33
26.8034
26.1687
25.3422
24.4965
23.5068
22.5245
21.4555
20.3662
19.4286
18.4033
17.6066
17.0109
16.5312
16.3482
16.3637
16.6407
17.114
17.812
18.8101
19.8613
21.1483
22.675
24.1913
25.8851
27.6351
29.4786
31.4101
33.229
35.0206
36.8617
38.6787
40.3603
41.9336
43.5179
44.9824
46.2889
47.6268
48.9921
50.2611
51.5079
52.809
54.1914
55.5604
56.6212
57.5173
58.3985
58.6049
58.1182
56.8887
55.6407
54.8358
53.7146
52.3148
50.1032
47.0218
43.1003
37.6863
31.4773
25.524
19.8656
15.4154
12.5361
10.8402
10.0301
9.45328
9.69315
10.3563
11.3266
13.3011
16.0613
19.6681
23.4825
26.7424
30.0057
33.5341
36.1648
38.4002
39.5591
40.2315
40.9942
41.4214
41.4019
40.222
38.7488
36.8976
33.4164
30.63
26.5319
21.7934
16.5561
10.5234
4.99322
31.0432
31.4962
32.495
32.9676
32.9103
32.5368
32.0399
31.6184
31.3796
31.3699
31.4519
31.5407
31.6449
31.7529
31.8259
31.8256
31.8239
31.8321
31.801
31.7334
31.6748
31.6368
31.5391
31.4378
31.3694
31.2736
31.1659
31.0079
30.8807
30.7796
30.6412
30.528
30.4483
30.4145
30.4289
30.4682
30.5254
30.6482
30.7729
30.8828
31.0047
31.0979
31.1855
31.2509
31.2489
31.2241
31.1938
31.0884
31.0127
30.917
30.8439
30.857
30.9763
31.1913
31.4242
31.7183
32.1221
32.6122
33.2034
33.7915
34.2618
34.6185
34.6823
34.4938
33.966
33.0698
31.9985
30.5945
28.9943
27.3048
25.4797
23.8049
22.1962
20.6858
19.5142
18.4973
17.7166
17.2197
16.9635
17.0142
17.2604
17.6822
18.1909
18.7848
19.4294
20.0453
20.7394
21.3979
22.1241
22.802
23.4378
24.1723
24.7699
25.3675
25.8888
26.301
26.6897
26.9956
27.1921
27.3787
27.4986
27.5131
27.5256
27.3604
27.1266
26.7684
26.2569
25.6821
24.8446
23.9978
23.0218
21.899
20.976
19.8876
18.8206
17.9572
16.9297
16.1431
15.7077
15.2478
15.1569
15.3271
15.544
16.1655
17
17.9263
19.2139
20.6112
22.1264
23.846
25.6268
27.4948
29.3592
31.3418
33.2895
35.0752
36.8907
38.5835
40.1411
41.6769
43.0534
44.3037
45.4856
46.5288
47.5309
48.5886
49.5942
50.6981
51.8366
53.0264
54.2759
55.3513
56.3066
57.1508
57.3664
56.9107
55.8704
54.839
54.0474
52.8462
51.5464
49.7082
46.9223
42.9463
37.807
31.8334
26.0836
20.7729
16.2645
13.1242
11.6243
10.4893
9.78301
9.58266
9.94195
11.0644
12.7437
15.7414
19.5381
23.3301
27.0145
30.6855
34.3321
37.0875
38.7804
40.0902
40.6937
41.9237
42.4378
42.0949
41.609
39.8074
37.7858
33.9872
30.9255
27.1844
22.258
17.6552
12.3901
7.32155
31.7222
31.9286
32.4262
32.528
32.3399
32.0099
31.6857
31.4741
31.3643
31.3944
31.5056
31.5796
31.7213
31.8145
31.8595
31.8668
31.823
31.8149
31.77
31.654
31.614
31.5661
31.4526
31.368
31.3118
31.2436
31.1724
31.0213
30.9218
30.8708
30.7354
30.6368
30.574
30.5336
30.5656
30.5772
30.5956
30.7071
30.7992
30.8652
30.9593
31.0136
31.0861
31.1578
31.1392
31.1597
31.1613
31.0992
31.0818
31.0424
31.007
31.0439
31.1177
31.3024
31.5186
31.7437
32.0413
32.379
32.8081
33.2559
33.6152
33.9087
33.9309
33.6948
33.2381
32.4877
31.5503
30.4158
29.1024
27.7039
26.2495
24.8545
23.5084
22.2151
21.1909
20.2973
19.5552
19.1209
18.8559
18.8952
19.1341
19.435
19.8771
20.3523
20.907
21.4207
22.0237
22.6114
23.1903
23.8193
24.2942
24.8983
25.3932
25.8774
26.2951
26.58
26.8794
27.0152
27.221
27.2418
27.2273
27.1859
26.9061
26.6833
26.1822
25.5365
24.8724
23.9204
22.8959
21.7828
20.557
19.3518
18.2477
17.1423
16.0325
15.2807
14.452
13.7129
13.5186
13.4123
13.4652
14.0502
14.6667
15.4215
16.6653
17.9655
19.3781
21.1181
23.0161
24.8167
26.8149
28.9713
30.9126
32.9889
34.9941
36.7511
38.6397
40.3293
41.6688
42.9401
44.1615
45.1679
45.9682
46.6609
47.382
48.0908
48.8257
49.7798
50.6979
51.7177
52.9001
53.962
54.8623
55.5679
55.8606
55.6582
54.9586
54.1028
53.3019
52.2256
51.0102
49.4711
46.8803
43.4765
38.8224
32.7554
27.3159
22.1774
17.4193
14.4328
12.8887
11.2712
10.4346
9.70614
9.79049
10.5989
12.5387
15.2545
19.4471
23.3967
26.9177
31.6966
35.7286
38.3198
39.4047
40.6144
41.5578
42.9031
43.9576
43.4105
43.1508
41.2169
38.8184
35.2419
32.1103
28.6113
23.9216
19.8797
15.2293
10.3246
34.1317
33.7851
32.6773
31.7875
31.2782
31.0587
31.0467
31.1785
31.2955
31.4947
31.623
31.6702
31.8044
31.8675
31.8507
31.8608
31.7952
31.7838
31.7121
31.5845
31.5618
31.516
31.3861
31.3281
31.2786
31.2205
31.162
31.0272
30.9504
30.9396
30.8156
30.7353
30.6849
30.6407
30.6812
30.6622
30.6511
30.7473
30.8156
30.8602
30.9291
30.9612
31.0353
31.0872
31.0728
31.1114
31.1303
31.1124
31.1281
31.1153
31.1145
31.155
31.2169
31.3531
31.5508
31.7043
31.9242
32.173
32.4606
32.8047
33.0724
33.3024
33.2965
33.0617
32.6666
32.0699
31.2625
30.3318
29.2748
28.1134
26.9675
25.8399
24.6914
23.6298
22.6912
21.9305
21.2892
20.8678
20.6606
20.6588
20.8847
21.0925
21.4666
21.8711
22.2841
22.7807
23.2288
23.7679
24.2362
24.7345
25.1691
25.5793
26.0473
26.3705
26.7313
26.9694
27.0885
27.172
27.2532
27.2538
27.1107
26.8922
26.4406
25.9951
25.3694
24.4102
23.515
22.2824
20.9168
19.651
18.068
16.7472
15.5384
14.1903
13.335
12.478
11.7255
11.3781
11.1097
11.3337
11.7783
12.4147
13.5382
14.6608
15.9997
17.8238
19.5441
21.3925
23.699
25.7729
27.8491
30.1861
32.4132
34.5589
36.5677
38.4856
40.3231
41.8968
43.2657
44.3554
45.25
45.9491
46.4943
46.8095
47.1073
47.5429
48.0027
48.6498
49.4177
50.3198
51.2237
52.307
53.4732
54.236
54.5911
54.4756
54.0164
53.3034
52.6257
51.4865
50.2292
48.8171
46.749
43.9778
39.7955
34.2674
29.2871
24.209
19.1458
16.3225
14.2531
12.3708
11.1784
10.0966
9.84143
10.4935
12.4461
15.2171
19.5676
23.939
27.1558
32.659
38.597
38.4765
40.425
40.8685
42.7476
43.9208
45.4469
45.1182
44.8
42.8088
39.968
36.8382
33.7444
30.6384
26.66
22.931
18.6346
14.236
34.9986
34.4685
32.7135
31.3593
30.631
30.447
30.6318
30.997
31.3356
31.6069
31.729
31.7937
31.9264
31.9395
31.8726
31.8398
31.7835
31.7542
31.6537
31.5303
31.526
31.4764
31.3398
31.2849
31.2516
31.2037
31.1632
31.0454
30.9904
30.9892
30.8944
30.809
30.7655
30.7258
30.7656
30.7285
30.706
30.7839
30.8342
30.8709
30.9012
30.9353
31.004
31.0387
31.0363
31.0821
31.1065
31.1213
31.1473
31.1389
31.1657
31.2082
31.2507
31.3699
31.5141
31.629
31.8087
31.9834
32.2035
32.4616
32.6899
32.806
32.7927
32.5912
32.2647
31.7706
31.108
30.3425
29.4846
28.546
27.6242
26.7221
25.739
24.8552
24.0604
23.4032
22.8798
22.5041
22.3344
22.3252
22.465
22.6745
22.9293
23.2928
23.6495
24.0294
24.4515
24.8384
25.2752
25.6329
26.0206
26.3707
26.6747
26.9892
27.1618
27.392
27.4409
27.4211
27.4453
27.2475
27.1001
26.6769
26.1129
25.5159
24.5883
23.5908
22.2865
20.7902
19.2147
17.5008
15.8026
14.2104
12.801
11.4451
10.5185
9.85964
9.03354
8.85349
8.86503
9.06514
9.90255
10.8863
12.0217
13.7222
15.438
17.271
19.5757
21.8203
24.0269
26.5203
28.9838
31.2418
33.6309
36.0387
38.1274
40.1249
41.9668
43.4337
44.7237
45.8147
46.4613
46.7532
47.0062
47.0015
46.8218
46.8508
47.0313
47.4667
48.1256
48.7973
49.53
50.5075
51.593
52.5281
53.188
53.2762
53.0927
52.5518
51.7546
50.5465
49.3327
48.1375
46.7056
44.6178
41.2725
36.2048
31.787
26.5601
21.3951
18.3808
15.8839
13.8872
12.2186
10.8386
10.0815
10.8296
12.8954
15.2294
19.4812
24.4931
27.6649
34.3994
43.0077
36.5273
42.1292
41.1349
44.1098
45.4743
46.9932
47.0321
46.4161
44.1341
40.9969
38.3443
35.5645
32.9593
29.6781
26.1546
22.6225
18.9297
35.3773
34.9215
32.9714
31.375
30.525
30.2406
30.4282
30.8453
31.2784
31.6312
31.7735
31.8664
32.0087
31.9939
31.8867
31.8135
31.751
31.7139
31.5929
31.4775
31.477
31.4314
31.3114
31.2594
31.2502
31.2038
31.1606
31.064
30.999
31.0249
30.9458
30.8695
30.8259
30.8059
30.8295
30.7885
30.7507
30.8113
30.8586
30.8775
30.8947
30.9212
30.9959
31.0029
31.0096
31.0599
31.0746
31.1166
31.1401
31.1319
31.1887
31.2258
31.2526
31.3642
31.4503
31.5427
31.6896
31.8024
31.9721
32.1685
32.3041
32.3984
32.3919
32.2332
31.9615
31.5651
31.0388
30.4269
29.7177
28.9598
28.2028
27.4652
26.7078
25.9206
25.3281
24.765
24.3059
24.0458
23.8321
23.8452
23.9634
24.13
24.3595
24.6435
24.9832
25.2333
25.6105
25.9394
26.2495
26.6102
26.8529
27.174
27.3951
27.6198
27.7426
27.7642
27.8515
27.7521
27.6861
27.4192
27.0741
26.6896
25.9837
25.2486
24.1769
22.9318
21.4644
19.6101
17.8036
15.807
13.7928
12.12
10.376
8.95062
7.98206
6.92329
6.57871
6.50174
6.51757
7.05637
7.98034
9.18909
10.6852
12.4958
14.6866
16.854
19.1983
22.0207
24.5253
26.8763
29.7843
32.4763
34.7085
37.1936
39.6525
41.6892
43.4773
45.0281
46.2274
47.0665
47.5745
47.7902
47.6855
47.1389
46.5265
46.2161
46.085
46.2353
46.8074
47.3767
47.8806
48.59
49.4194
50.4293
51.4698
52.0727
52.0992
51.5995
50.6461
49.4158
48.29
47.5261
46.861
45.6089
43.1807
38.9093
34.5259
29.139
23.7225
20.6976
18.1063
15.82
13.8562
12.0211
10.9797
11.6676
13.9877
15.9187
19.7138
25.0294
28.3755
36.3238
44.7557
33.9139
43.8428
39.3139
45.3089
47.1272
48.9602
49.5335
48.2773
45.473
42.0598
39.5816
37.1856
35.2953
32.7967
29.8215
27.2887
24.0085
35.6011
35.1963
33.2038
31.4906
30.5302
30.1506
30.2848
30.7105
31.204
31.6296
31.806
31.9165
32.0523
32.0255
31.8988
31.8064
31.7218
31.6774
31.5584
31.4429
31.4332
31.3919
31.296
31.2412
31.2314
31.1995
31.1627
31.0764
31.0237
31.0547
31.0045
30.921
30.8778
30.8738
30.8912
30.8415
30.7993
30.8418
30.8777
30.8922
30.8825
30.9208
30.9882
30.9789
30.9958
31.0377
31.0464
31.1044
31.119
31.1081
31.1935
31.2078
31.2314
31.3184
31.3704
31.449
31.5717
31.6363
31.7767
31.9121
31.9795
32.0771
32.0703
31.9599
31.7466
31.4347
31.0274
30.5417
29.9717
29.3456
28.7481
28.1683
27.5618
26.9652
26.4671
26.0349
25.6579
25.4354
25.2833
25.2646
25.4042
25.4959
25.6981
25.9445
26.1985
26.4658
26.7213
27.0485
27.2727
27.5488
27.7774
27.9378
28.1358
28.2473
28.3406
28.2756
28.2031
28.1362
27.9452
27.7245
27.2822
26.756
26.1296
25.2001
24.0943
22.7091
20.9588
19.0278
16.9049
14.6605
12.5447
10.5481
8.67211
7.16771
5.98764
4.95437
4.5428
4.52802
4.58884
5.26447
6.35687
7.57281
9.36263
11.5189
13.6882
16.2605
19.0291
21.7483
24.7063
27.5183
30.2125
33.2403
35.9653
38.2572
40.7169
43.1471
44.9814
46.4489
47.6905
48.4383
48.6767
48.7198
48.4123
47.4278
46.2634
45.4937
45.1467
45.297
45.8198
46.189
46.4628
46.9754
47.5703
48.5688
49.9401
50.9398
51.0825
50.3537
49.0546
47.9514
47.2972
47.1684
47.2333
46.9
45.3289
41.4007
37.247
32.1536
26.581
23.6033
20.8136
18.1519
16.1619
13.8439
12.3729
12.8309
14.8506
16.7257
20.9538
27.4424
29.4446
40.0621
42.3673
33.3549
41.7306
35.1269
46.4398
45.8311
50.6792
52.0087
49.9131
46.2882
42.7754
40.5622
38.67
37.4901
35.4795
33.4907
32.0974
29.1945
35.7071
35.2843
33.2752
31.5456
30.5123
30.1058
30.2292
30.6683
31.2021
31.6295
31.8404
31.9604
32.0553
32.0304
31.9092
31.8018
31.6963
31.6245
31.5445
31.428
31.4024
31.3646
31.2857
31.2382
31.2129
31.2027
31.177
31.0957
31.0443
31.0755
31.0434
30.9582
30.9124
30.9159
30.9386
30.8855
30.8502
30.8737
30.9089
30.9087
30.8854
30.9294
30.9735
30.9679
30.983
31.0072
31.0224
31.0832
31.0754
31.0868
31.16
31.1671
31.1879
31.2527
31.2815
31.3575
31.4404
31.4804
31.5997
31.6847
31.7325
31.8245
31.8231
31.7403
31.6122
31.3525
31.0526
30.6889
30.2367
29.7406
29.273
28.8336
28.3683
27.941
27.5502
27.2225
26.9342
26.7195
26.6325
26.6045
26.7023
26.8343
26.9762
27.2265
27.4459
27.6693
27.8838
28.0922
28.3073
28.4781
28.677
28.791
28.8427
28.8866
28.8613
28.8125
28.6547
28.4591
28.2815
27.9944
27.6289
27.0513
26.31
25.4505
24.2719
22.8198
20.9794
18.8468
16.5818
14.1636
11.8617
9.69591
7.65799
6.05867
4.7337
3.65167
3.20731
3.07473
3.19708
3.97998
5.05802
6.33154
8.32344
10.6209
12.8693
15.5963
18.7115
21.6186
24.5409
27.7943
30.893
33.6772
36.5634
39.4273
41.794
44.0386
46.1849
47.7518
48.8656
49.6754
49.91
49.692
48.9491
47.5977
46.1092
44.9959
44.4337
44.5611
45.1678
45.5385
45.7316
45.9486
46.2394
47.3511
49.0706
50.3196
50.2318
48.6864
46.8594
45.933
46.2513
47.2515
48.1457
48.4115
47.259
44.5743
40.8241
35.9252
30.4367
27.0883
23.8999
21.2758
19.0542
16.2124
14.6795
15.2481
16.7388
18.3297
22.0554
27.7032
30.2246
37.6775
33.3058
36.4326
42.4996
35.2565
47.5663
44.4878
52.6166
53.457
51.1475
46.906
43.0334
40.7551
39.6884
39.2595
37.9569
37.385
36.5994
34.0478
35.7055
35.225
33.2367
31.5733
30.5762
30.2075
30.3542
30.7738
31.2693
31.6587
31.8652
31.9804
32.0147
31.9896
31.8931
31.7797
31.6717
31.5781
31.5422
31.4341
31.3821
31.3594
31.2866
31.2588
31.1999
31.193
31.1787
31.0934
31.0516
31.0813
31.071
31.0057
30.9556
30.9619
30.9808
30.9326
30.8905
30.9072
30.9291
30.9241
30.9041
30.9287
30.9689
30.9598
30.9709
30.9846
31.0072
31.0517
31.0425
31.0559
31.1067
31.1057
31.1289
31.1619
31.1827
31.255
31.3022
31.3375
31.4308
31.4935
31.5296
31.6099
31.6116
31.5668
31.5033
31.314
31.0904
30.8589
30.5076
30.1473
29.8151
29.4806
29.1712
28.8449
28.5756
28.3259
28.0841
27.937
27.8693
27.8832
27.9816
28.1267
28.2722
28.4606
28.6756
28.8292
29.0038
29.1747
29.303
29.4221
29.5175
29.6071
29.5954
29.5013
29.3585
29.1806
29.0709
28.863
28.5633
28.2673
27.9048
27.407
26.7
25.8277
24.6801
23.1713
21.2813
19.051
16.6217
14.0841
11.6063
9.27368
7.14814
5.40423
3.97426
2.89052
2.35191
2.17091
2.31778
3.08735
4.19037
5.5496
7.58796
9.91184
12.2535
15.1396
18.3376
21.3727
24.5085
27.8113
31.169
34.2564
36.892
39.7694
42.7389
45.0818
46.9309
48.6271
49.906
50.4692
50.7015
50.5496
49.5659
47.7929
45.8386
44.3642
43.8112
44.0916
44.6856
45.0727
45.2808
45.4094
45.657
47.0047
49.0358
50.1609
49.405
47.0691
44.7521
44.0474
45.4368
47.6815
49.5279
50.3338
49.7958
48.1271
45.0641
40.6878
35.4224
31.3999
27.9313
25.189
22.2721
19.0947
17.4229
17.7754
19.2056
21.0656
24.5317
29.4748
32.1742
34.1989
31.5434
39.1583
40.7857
36.3066
48.4552
46.7583
52.6836
53.6128
51.2521
46.4128
42.3823
40.6233
40.6942
40.7791
40.6375
41.2069
40.5737
38.6772
35.5257
35.0456
33.1341
31.6088
30.7153
30.4451
30.613
30.9697
31.3783
31.6979
31.8847
31.962
31.9497
31.927
31.8546
31.7606
31.6545
31.5641
31.54
31.4387
31.3693
31.3317
31.2845
31.2581
31.1995
31.1934
31.1797
31.1079
31.0661
31.078
31.0807
31.0284
30.9907
30.998
31.0138
30.9788
30.9368
30.9395
30.9491
30.9423
30.922
30.9416
30.9629
30.9619
30.9652
30.9652
30.9865
31.0079
30.9999
31.0162
31.0353
31.0435
31.0616
31.0641
31.0879
31.1341
31.1593
31.1857
31.2637
31.3049
31.3488
31.4204
31.434
31.4395
31.4144
31.2989
31.1671
31.0225
30.8039
30.5624
30.347
30.1212
29.9052
29.7076
29.5173
29.3454
29.1845
29.0944
29.0702
29.104
29.2123
29.3338
29.4827
29.6532
29.8228
29.9667
30.0674
30.1706
30.235
30.2801
30.3082
30.2599
30.1992
30.0645
29.8027
29.5133
29.2898
29.0918
28.8175
28.5231
28.1712
27.7024
27.0772
26.2198
25.0847
23.5489
21.6056
19.3489
16.8115
14.156
11.5765
9.1054
6.87359
5.03172
3.52274
2.40113
1.81469
1.6199
1.80531
2.55906
3.67825
5.13129
7.15041
9.47742
11.9202
14.8475
18.1101
21.1899
24.4064
27.9336
31.3104
34.3598
37.2961
40.0987
42.6955
45.3266
47.635
49.2762
50.4111
51.1522
51.4814
51.15
49.8621
47.7908
45.4713
43.6593
43.1709
43.6617
44.4155
44.9573
45.2074
45.311
45.7557
47.5136
49.7378
50.4767
49.4725
47.1337
44.7951
44.0761
45.8162
48.635
51.0756
52.3392
52.3918
51.4198
49.3324
45.8408
41.183
36.6247
32.8165
29.7024
26.1746
22.8625
20.3631
19.6572
20.7999
22.8509
26.6918
31.7826
36.5654
34.8636
30.9873
38.6511
39.68
40.7259
49.7665
47.6599
49.4707
51.9695
49.3629
44.6966
41.4948
40.313
40.6908
41.6885
43.4679
44.6305
44.1259
42.8463
35.0661
34.632
33.0029
31.7145
30.993
30.8162
30.9874
31.2612
31.545
31.7625
31.8886
31.908
31.8721
31.8397
31.7858
31.7128
31.6228
31.5696
31.539
31.4672
31.3905
31.3342
31.2924
31.2481
31.1915
31.1816
31.1608
31.1113
31.0887
31.082
31.0905
31.0549
31.0237
31.037
31.0341
31.0165
30.9851
30.9709
30.9744
30.9549
30.9398
30.9491
30.9533
30.9633
30.9615
30.9591
30.9775
30.9724
30.9656
30.9683
30.9625
30.969
30.9775
30.9669
30.9915
31.0149
31.017
31.0587
31.1042
31.1454
31.2016
31.2575
31.2946
31.3337
31.3456
31.3057
31.2618
31.1938
31.0915
30.9699
30.846
30.7309
30.6035
30.494
30.3785
30.2752
30.2052
30.1491
30.1609
30.2182
30.3074
30.4415
30.5746
30.7195
30.8471
30.937
30.9797
30.972
30.9625
30.9335
30.9032
30.8131
30.6057
30.3559
30.0546
29.7654
29.5131
29.2273
28.926
28.6392
28.3334
27.8898
27.2681
26.4288
25.3158
23.8369
21.9265
19.6657
17.1202
14.4293
11.7705
9.24708
6.95874
5.00675
3.42626
2.28375
1.64012
1.4167
1.63996
2.37814
3.50282
5.00583
7.00816
9.33069
11.849
14.81
18.0058
21.1429
24.4461
27.9752
31.4098
34.4285
37.2873
40.2277
43.0043
45.4301
47.5049
49.3286
50.6523
51.3827
51.7146
51.4362
50.012
47.6611
45.035
43.111
42.7233
43.4135
44.3787
45.1363
45.4949
45.8567
46.8696
49.0335
51.0812
51.7015
51.0922
49.3388
47.2708
46.6295
47.473
49.7483
52.3361
53.9161
54.2527
53.9009
52.8169
50.5066
46.8323
42.1795
38.3032
34.6857
31.1248
27.9268
25.5364
24.8705
24.9319
25.5678
28.2611
33.2003
37.8335
36.2878
36.493
37.2661
37.0558
45.7693
49.475
48.0323
48.769
50.2462
47.0279
43.3964
41.0229
39.7566
40.5145
43.22
45.8731
47.134
47.8141
47.2486
34.2612
33.9837
32.8455
31.937
31.4502
31.3587
31.4364
31.5789
31.7166
31.811
31.8548
31.828
31.7971
31.7733
31.7363
31.6876
31.6234
31.5855
31.5371
31.467
31.401
31.334
31.294
31.2442
31.1921
31.1762
31.1394
31.1089
31.0977
31.0843
31.0963
31.0821
31.0654
31.0727
31.0553
31.0376
31.0163
30.9927
30.9858
30.9702
30.9581
30.9616
30.9596
30.9625
30.9586
30.9493
30.9518
30.9387
30.9333
30.9276
30.912
30.9124
30.9003
30.8822
30.8894
30.8965
30.9039
30.9442
30.9801
31.0222
31.0902
31.1435
31.199
31.2645
31.3031
31.3293
31.3514
31.3545
31.3459
31.3247
31.2923
31.2515
31.2032
31.1507
31.1036
31.0667
31.0346
31.0268
31.0488
31.1042
31.192
31.2949
31.4122
31.5167
31.5951
31.6272
31.6057
31.5455
31.4583
31.3587
31.2417
31.0954
30.856
30.5331
30.1998
29.8766
29.5732
29.2841
28.9957
28.675
28.3001
27.8539
27.2624
26.4698
25.3812
23.9268
22.0668
19.9013
17.4509
14.8471
12.2322
9.72146
7.413
5.39606
3.75674
2.57348
1.87924
1.63469
1.85037
2.54868
3.67891
5.20592
7.18442
9.48364
12.073
15.0066
18.1124
21.3079
24.6636
28.1412
31.4785
34.5367
37.425
40.1911
42.8504
45.3186
47.557
49.3387
50.4877
51.2394
51.6149
51.2081
49.7338
47.4481
44.8796
43.0827
42.8718
43.6183
44.6982
45.6775
46.3525
47.1305
48.7612
51.3478
53.5904
54.4495
53.8173
51.909
49.7782
48.5744
48.8264
50.6622
53.0378
54.4958
55.0152
55.2209
55.2435
54.5911
52.0082
47.7193
43.8408
39.4706
35.7605
32.6346
30.5369
29.7802
29.9688
30.1202
30.2882
30.9397
30.6431
36.8629
38.5847
34.8375
37.6451
48.6793
47.1168
47.5149
48.2091
48.6091
45.6643
43.2217
41.3438
40.1145
41.8664
45.0435
47.7766
50.2446
51.7814
51.1278
33.4127
33.2884
32.7525
32.2879
32.0205
31.9081
31.8571
31.8572
31.8594
31.837
31.805
31.7589
31.7366
31.7219
31.6968
31.675
31.6387
31.6031
31.5359
31.459
31.3898
31.3141
31.271
31.2316
31.1986
31.1829
31.1498
31.127
31.1158
31.0939
31.0951
31.0934
31.0867
31.0888
31.0704
31.0565
31.036
31.0087
30.9923
30.975
30.9697
30.9692
30.9628
30.9665
30.9609
30.9437
30.9353
30.9137
30.8979
30.8856
30.8645
30.8569
30.8452
30.8265
30.8258
30.8296
30.8368
30.8694
30.8994
30.9401
31.0075
31.0702
31.1437
31.2282
31.3
31.372
31.4422
31.4992
31.5534
31.5972
31.6201
31.6329
31.6337
31.6345
31.632
31.6258
31.6283
31.6337
31.6595
31.7102
31.7769
31.8651
31.9522
32.0189
32.0423
32.0162
31.9404
31.818
31.6875
31.5572
31.4073
31.2038
30.9148
30.5852
30.2783
29.9529
29.5758
29.2168
28.9358
28.6574
28.3046
27.7366
27.0051
26.1078
25.0146
23.6591
21.9845
20.0258
17.7962
15.3787
12.8974
10.4585
8.16387
6.12212
4.44127
3.20965
2.45712
2.1749
2.37363
3.05988
4.16205
5.69102
7.63925
9.92323
12.5261
15.3976
18.432
21.623
24.9785
28.3948
31.594
34.616
37.5443
40.3295
42.9423
45.2909
47.4136
49.1029
50.1684
50.8033
51.0998
50.7254
49.4771
47.4358
45.086
43.5599
43.4136
44.139
45.3216
46.4924
47.5166
48.9116
51.2559
54.3988
56.8796
57.556
56.4778
54.2689
52.0278
50.4338
49.6049
50.665
52.5842
54.5925
55.4001
56.0622
57.0614
58.0253
56.6765
53.2751
49.4846
44.8988
40.6689
37.3249
35.3392
34.2752
34.624
34.4199
31.2772
28.5141
28.1698
38.1986
37.965
40.0547
39.9926
47.2151
45.6251
46.4591
47.6251
47.338
45.3979
44.1636
42.4042
41.5673
43.6476
46.6868
49.9159
52.8152
54.3112
54.0702
32.6702
32.7238
32.7463
32.651
32.4867
32.3132
32.1644
32.0473
31.9463
31.854
31.7928
31.7482
31.7215
31.6977
31.6708
31.6536
31.6278
31.5932
31.5337
31.4627
31.3937
31.319
31.2706
31.2334
31.2011
31.1819
31.1535
31.1348
31.1234
31.1032
31.1004
31.0991
31.0939
31.091
31.0753
31.063
31.046
31.0211
31.0029
30.9862
30.978
30.9722
30.9615
30.9587
30.9492
30.9294
30.9168
30.8968
30.8795
30.8662
30.8443
30.8311
30.8165
30.7969
30.7912
30.7908
30.7983
30.8282
30.8629
30.9071
30.977
31.0499
31.1314
31.226
31.3182
31.4119
31.5081
31.5995
31.6872
31.7633
31.8211
31.8668
31.9058
31.9343
31.9497
31.9555
31.9598
31.9653
31.9812
32.0165
32.0703
32.1447
32.2146
32.2405
32.2125
32.1351
32.0238
31.8886
31.7523
31.6302
31.472
31.2117
30.8717
30.5361
30.249
29.9572
29.6182
29.2405
28.8502
28.4267
27.9163
27.3238
26.6088
25.6703
24.5461
23.2358
21.7197
20.0029
18.0709
15.9335
13.6597
11.3546
9.13276
7.11229
5.40725
4.12093
3.30171
2.95716
3.10025
3.73639
4.80625
6.32243
8.23762
10.5064
13.0986
15.9087
18.8678
22.0326
25.3895
28.703
31.8164
34.8801
37.8599
40.6206
43.172
45.4943
47.5064
48.9654
49.8473
50.3109
50.4348
50.3057
49.444
47.7655
45.6681
44.353
44.1645
44.871
46.0287
47.3465
48.7562
50.8265
53.8393
57.1522
59.4479
60.1458
59.1403
56.7633
54.7472
52.859
50.8379
49.9549
50.9964
53.0751
54.7903
56.2423
58.666
60.3669
60.3543
58.459
55.0442
50.1239
45.2093
41.9686
40.0771
38.839
38.7352
38.5764
34.936
29.823
28.7622
44.4955
38.2963
47.7737
42.9458
46.2403
45.7915
47.0077
47.0884
46.801
46.1329
45.5471
43.9298
44.0186
45.8227
48.6262
51.8346
54.5911
56.286
56.2219
32.6855
32.7438
32.7927
32.749
32.6251
32.4723
32.3063
32.1441
31.9974
31.8752
31.7926
31.738
31.7075
31.6865
31.6651
31.6464
31.6188
31.5801
31.5216
31.4542
31.3865
31.3199
31.2734
31.2367
31.2069
31.1844
31.1578
31.1382
31.1234
31.1068
31.1017
31.1002
31.0971
31.0927
31.0788
31.0643
31.0466
31.0232
31.0037
30.9877
30.9773
30.9695
30.96
30.9528
30.9415
30.9244
30.9082
30.8893
30.8717
30.8549
30.8366
30.8227
30.8073
30.7934
30.7882
30.7891
30.7986
30.8256
30.8607
30.9098
30.9784
31.053
31.1391
31.2378
31.3375
31.4416
31.5487
31.6516
31.7476
31.832
31.9029
31.9662
32.0139
32.0447
32.0588
32.0596
32.0557
32.0491
32.049
32.07
32.1213
32.2023
32.2838
32.3263
32.2898
32.1666
31.9946
31.8166
31.6682
31.5512
31.409
31.1927
30.8956
30.5678
30.2501
29.9265
29.5788
29.2129
28.8193
28.3583
27.776
27.0557
26.1496
25.1469
24.0265
22.8045
21.4462
19.943
18.2766
16.4063
14.3388
12.1843
10.0793
8.135
6.44768
5.11833
4.22905
3.81954
3.90915
4.49904
5.5785
7.03972
8.91191
11.1338
13.6639
16.428
19.3743
22.5208
25.8376
29.1226
32.2848
35.4062
38.4062
41.1801
43.6982
45.8981
47.6802
48.9376
49.738
50.1505
50.3632
50.3054
49.66
48.3494
46.4148
45.3084
45.1355
45.6605
46.7055
48.1868
49.8955
52.4371
55.8555
59.0421
61.3158
62.3508
61.5252
58.8982
56.2643
53.7568
51.3893
50.2192
50.5865
52.7067
54.9902
56.7379
58.5889
60.8441
62.716
62.1028
59.6141
54.6314
49.1004
45.1624
42.7103
41.2936
40.9987
43.1768
39.6295
31.2856
31.309
48.5527
38.9381
51.624
43.9483
46.8684
47.3958
48.6088
46.9109
46.8836
46.7987
46.4031
45.4002
46.1761
47.5207
50.2778
53.2479
56.0145
57.696
57.4642
32.8395
32.8431
32.8135
32.7391
32.6272
32.4899
32.3334
32.1736
32.0215
31.8941
31.8016
31.7411
31.7064
31.6823
31.6589
31.637
31.61
31.5718
31.5165
31.4519
31.386
31.3234
31.2749
31.2374
31.2076
31.1833
31.1589
31.1397
31.1246
31.1101
31.1027
31.0992
31.0953
31.0891
31.0768
31.0627
31.0454
31.0242
31.0048
30.9891
30.9779
30.9685
30.9586
30.95
30.9383
30.9222
30.906
30.8882
30.8707
30.8534
30.836
30.8215
30.8067
30.7934
30.788
30.7914
30.8036
30.8301
30.8667
30.9162
30.9826
31.0586
31.1453
31.2426
31.3445
31.449
31.555
31.6583
31.7553
31.842
31.9188
31.9837
32.0338
32.0672
32.084
32.0869
32.0805
32.0686
32.0588
32.0634
32.0901
32.1386
32.194
32.2278
32.2106
32.1276
31.9912
31.836
31.6887
31.5456
31.376
31.1469
30.8659
30.567
30.2617
29.9404
29.5921
29.2168
28.8058
28.3219
27.7187
26.9682
26.0535
25.0058
23.8688
22.6351
21.324
19.9176
18.3815
16.6549
14.717
12.6747
10.6587
8.76742
7.08693
5.72679
4.79016
4.32838
4.36976
4.92462
5.96447
7.43388
9.27864
11.4827
13.9674
16.6888
19.6455
22.8121
26.0839
29.3349
32.5637
35.7233
38.6835
41.4439
43.9474
46.0835
47.7743
48.9594
49.7461
50.1664
50.3073
50.1805
49.6138
48.5151
46.881
45.8567
45.6048
46.0614
47.0617
48.5407
50.3802
53.3704
56.9853
60.0269
62.1357
62.9123
62.2115
60.4042
57.8053
54.4727
51.6165
50.644
51.4533
53.2656
55.0989
56.8008
58.964
61.3043
62.367
62.7524
61.9981
57.8837
52.0187
47.1432
44.0045
42.184
41.6015
42.1001
41.1291
39.4361
38.8468
51.6878
46.0641
51.3032
45.8966
47.3057
47.3242
48.184
47.2086
47.2434
47.1966
46.6979
46.0255
46.7153
48.0744
51.0519
53.8785
56.7085
58.201
57.8192
31.9776
31.9686
31.9848
32.035
32.0423
32.0018
31.9242
31.8962
31.9393
32.0431
32.1199
32.1074
32.1223
32.138
32.1045
32.1134
32.0952
32.0756
32.0539
32.037
32.0255
32.0079
32.0085
32.0798
32.1724
32.2745
32.3562
32.4437
32.5444
32.5819
32.4994
32.2152
31.7388
31.0884
30.3783
29.7345
29.2456
28.9877
28.996
29.2661
29.7118
30.105
30.2084
30.0123
29.8669
29.9929
30.2977
30.7222
31.2855
31.5383
31.4223
31.367
31.3227
31.2182
30.873
30.2377
29.3037
28.1084
26.7529
25.3809
24.1347
23.1148
22.3558
21.8977
21.6674
21.4556
21.2644
21.233
21.2944
21.3745
21.5046
21.7454
22.1827
22.8326
23.6209
24.4225
25.1235
25.3319
24.9939
24.2131
23.273
22.5078
22.0764
21.9062
21.8493
21.8219
21.8014
21.9144
22.4293
23.3394
24.2234
24.9445
25.7641
26.8062
28.0376
29.5382
31.1631
32.8343
34.5557
36.1525
37.5744
38.493
38.6338
37.5301
35.3211
32.8365
30.7938
29.8922
30.0794
30.6677
30.885
30.4785
30.5018
30.948
31.1216
30.7599
29.8735
29.2383
28.956
27.6589
26.1137
26.5679
27.707
27.3909
25.5965
23.3333
21.0655
19.0703
17.4957
16.3843
15.7371
15.5613
15.8392
16.5408
17.6661
19.2114
21.2089
23.7459
26.7731
30.3132
34.3736
38.8845
43.8235
49.0819
54.4676
59.778
64.703
68.9873
72.5054
75.222
77.0333
78.3706
79.1472
79.4797
79.5354
79.4132
79.1765
78.8944
78.5807
78.2267
77.8308
77.3645
76.8665
76.2962
75.7001
75.012
74.179
73.2606
72.3044
71.4834
70.9628
70.6359
70.3504
70.0317
69.6383
69.2172
68.7712
68.3637
67.9343
67.2975
66.3918
65.3851
64.3153
63.1143
61.7036
60.0897
58.3333
56.5816
54.9416
53.507
52.2908
51.2756
50.4478
49.7492
49.1524
48.665
48.2344
47.9837
47.8207
47.7459
31.9697
31.9554
31.9638
31.9979
31.9908
31.9366
31.8529
31.8151
31.8413
31.9399
32.0364
32.0828
32.1452
32.1499
32.1128
32.0884
32.0711
32.0574
32.0431
32.0272
32.0022
31.9695
31.9847
32.0803
32.146
32.2079
32.31
32.4114
32.4889
32.5017
32.4054
32.0983
31.5762
30.8861
30.1597
29.5084
29.0087
28.723
28.6762
28.8777
29.269
29.6546
29.8331
29.8075
29.7955
29.9285
30.1855
30.5739
31.0821
31.3488
31.2443
31.3058
31.3937
31.2909
30.8725
30.2041
29.2304
27.9544
26.552
25.1615
23.8896
22.851
22.1167
21.6723
21.4758
21.3606
21.2623
21.2534
21.2899
21.3211
21.3909
21.5709
21.9624
22.5828
23.3709
24.2076
24.9034
25.0678
24.6048
23.7523
22.8358
22.1371
21.7768
21.6531
21.6436
21.6691
21.6667
21.7288
22.2509
23.3004
24.1717
24.6963
25.3303
26.4412
27.7903
29.2233
30.8215
32.4298
34.0708
35.7105
37.1368
38.0413
38.0815
36.6288
34.2862
31.904
29.8125
28.7276
28.9757
29.8198
30.3708
30.5817
30.7051
30.9085
30.9771
30.7099
29.4415
28.3002
29.056
29.0974
26.4926
25.7197
25.9753
25.5339
23.9643
21.932
19.8876
18.0935
16.6873
15.7162
15.1786
15.071
15.398
16.1335
17.2694
18.8125
20.7402
23.179
26.1764
29.6877
33.7525
38.2677
43.1872
48.4408
53.8371
59.2041
64.2113
68.57
72.1262
74.8364
76.7455
78.0764
78.8903
79.2586
79.3398
79.2413
79.0262
78.7701
78.481
78.1433
77.7588
77.3228
76.7677
76.1531
75.5235
74.8038
73.9485
73.0282
72.0919
71.3603
71.094
71.0342
70.7185
70.1195
69.5422
69.1453
68.7713
68.3035
67.8657
67.3004
66.4509
65.4291
64.3581
63.1039
61.6053
59.9287
58.105
56.3317
54.7055
53.3012
52.1193
51.1273
50.3313
49.6411
49.0395
48.5461
48.1433
47.9102
47.7592
47.6905
31.9677
31.9542
31.9392
31.9271
31.8701
31.7631
31.6518
31.5891
31.6117
31.7229
31.8872
32.0332
32.1391
32.1764
32.1543
32.0746
32.0279
32.0192
32.0206
32.0149
31.9979
31.9611
31.952
32.0042
32.0749
32.1454
32.2279
32.3205
32.3793
32.3736
32.2543
31.8738
31.25
30.4895
29.7388
29.0773
28.5519
28.2205
28.1209
28.2558
28.606
29.0378
29.4121
29.649
29.8066
29.9812
30.2486
30.6372
31.0895
31.3426
31.3014
31.3089
31.3803
31.2631
30.7816
29.964
28.8513
27.4828
26.0162
24.5726
23.3009
22.2927
21.6161
21.2961
21.1831
21.1887
21.2654
21.2924
21.2368
21.1588
21.1072
21.1697
21.4689
22.0026
22.7098
23.4369
23.979
24.1409
23.7885
23.0292
22.1278
21.4082
21.0198
20.9476
21.0374
21.2058
21.2305
21.2874
21.9081
23.0295
23.9875
24.6686
25.4821
26.5235
27.6821
29.049
30.5007
32.0078
33.6019
35.2066
36.5398
37.2292
37.0951
35.417
32.7949
29.968
27.9127
27.0563
27.3398
28.9596
30.5771
31.5087
32.0671
31.8854
30.8292
30.1421
29.701
28.5782
28.0469
27.8421
26.5062
25.1583
24.1936
23.0405
21.4914
19.7514
18.0816
16.6238
15.4823
14.7268
14.3574
14.3487
14.7236
15.485
16.5978
18.0851
19.9539
22.2844
25.1917
28.6198
32.6589
37.2055
42.1023
47.3217
52.6876
58.0972
63.2372
67.7213
71.3126
74.0369
75.9768
77.3281
78.1849
78.5945
78.7172
78.678
78.5384
78.3552
78.1113
77.7917
77.4259
76.998
76.4604
75.7966
75.0929
74.3352
73.4713
72.658
71.848
71.1776
70.9576
70.7113
70.273
69.96
69.7038
69.3701
68.8447
68.3852
68.0272
67.5238
66.7509
65.6522
64.4446
63.0356
61.4312
59.6492
57.6106
55.8562
54.2851
52.9346
51.8056
50.9051
50.1132
49.4356
48.8282
48.3299
47.969
47.7767
47.6451
47.5853
31.977
31.9706
31.9103
31.8208
31.6772
31.4905
31.3296
31.233
31.2572
31.3981
31.6286
31.8689
32.0603
32.1384
32.1075
32.0184
31.9432
31.9508
31.9898
32.0142
32.0232
32.0062
31.9808
31.9574
31.9728
32.0319
32.1225
32.1966
32.2364
32.2184
32.0267
31.5386
30.7688
29.9355
29.2039
28.5793
28.0602
27.6982
27.5427
27.6251
27.9454
28.4154
28.9487
29.4376
29.8382
30.1818
30.5261
30.8909
31.2612
31.4686
31.4161
31.4173
31.4157
31.1271
30.5178
29.4802
28.1773
26.7492
25.2644
23.8208
22.5772
21.6786
21.1109
20.8166
20.7991
20.963
21.1177
21.1319
21.0429
20.9177
20.7692
20.6289
20.7287
21.0585
21.5802
22.1754
22.606
22.6713
22.1928
21.2113
20.2004
19.6069
19.4351
19.5278
19.8794
20.2764
20.5607
20.96
21.8149
22.9595
24.0723
25.0543
26.0451
26.8276
27.6747
28.923
30.2937
31.6412
32.9445
34.2215
35.3982
35.9845
35.7353
33.9943
31.3464
28.6747
26.4527
25.6777
26.5505
28.4849
30.7976
32.6972
33.5917
33.2672
31.9858
30.3958
29.5966
28.8461
27.9108
26.8602
25.4214
23.8521
22.3063
20.7623
19.1934
17.6829
16.3204
15.1634
14.2775
13.7075
13.4783
13.5793
13.999
14.7587
15.8246
17.2658
19.0716
21.25
23.9877
27.2626
31.1906
35.7882
40.7192
45.9072
51.2048
56.5973
61.8342
66.4415
70.1294
72.8628
74.7885
76.1498
77.0689
77.5506
77.7309
77.7792
77.7623
77.6935
77.5394
77.2351
76.8932
76.5246
75.9613
75.2272
74.4652
73.6609
72.7431
71.8949
71.0273
70.4406
70.0933
69.6944
69.5432
69.4788
69.3733
69.1444
68.8708
68.5954
68.2631
67.9205
67.2485
66.1567
64.6974
62.9864
61.0554
58.9756
56.9215
55.1139
53.5224
52.1812
51.1441
50.2945
49.6206
49.0238
48.4743
48.0348
47.7507
47.5892
47.49
47.4432
31.9882
31.9732
31.8625
31.6787
31.4313
31.1648
30.9368
30.8096
30.8379
31.003
31.2823
31.6017
31.8927
32.0343
32.0181
31.9395
31.8814
31.9126
31.9786
32.0263
32.0566
32.0399
31.9827
31.901
31.8806
31.9301
32.0085
32.0598
32.0785
32.0361
31.7405
31.1274
30.2257
29.3736
28.7316
28.1782
27.6656
27.2579
27.0446
27.0828
27.3728
27.871
28.5142
29.2091
29.8479
30.3948
30.8469
31.2045
31.4681
31.5906
31.4994
31.4444
31.3883
30.9399
30.1626
28.947
27.5653
26.1785
24.7469
23.3635
22.1838
21.2747
20.6661
20.4522
20.5027
20.6707
20.8258
20.8781
20.7903
20.5708
20.309
19.8845
19.8064
19.9061
20.1713
20.5116
20.6948
20.4526
19.679
18.6206
17.7922
17.3967
17.3451
17.6983
18.3186
18.9681
19.7184
20.6364
21.6488
22.7445
23.8657
25.0518
26.119
26.7977
27.4608
28.5553
29.5947
30.6171
31.7476
32.8781
33.9327
34.4358
34.2751
32.8897
30.4626
27.9885
26.221
25.7205
26.5201
28.7717
31.2731
33.4976
34.4101
33.9986
32.8158
31.5089
30.2539
29.04
27.6222
25.9759
24.1615
22.3498
20.5809
18.912
17.3782
16.0044
14.8231
13.8763
13.1855
12.7569
12.6197
12.8001
13.2671
13.9774
15.0078
16.3649
18.0938
20.1632
22.6953
25.7472
29.4662
34.0229
39.0741
44.2902
49.5303
54.8891
60.1721
64.8194
68.5711
71.3522
73.2877
74.6465
75.6199
76.1904
76.4769
76.6502
76.7671
76.8448
76.7762
76.5551
76.2598
75.8969
75.3171
74.4643
73.6183
72.7562
71.8122
70.7818
69.8677
69.1155
68.5835
68.3865
68.2813
68.2944
68.3345
68.4103
68.4395
68.361
68.2965
68.0448
67.4914
66.5657
64.9305
62.8408
60.4834
58.1236
55.8547
53.9126
52.526
51.4441
50.5164
49.6562
48.9619
48.421
47.9665
47.6462
47.4522
47.3535
47.2925
47.26
31.9957
31.952
31.7888
31.5176
31.176
30.8239
30.5271
30.3814
30.4107
30.5986
30.9278
31.3127
31.6854
31.8986
31.9346
31.8948
31.8661
31.9019
31.9683
32.0282
32.0715
32.0538
31.9704
31.8486
31.8018
31.8349
31.89
31.9211
31.928
31.8403
31.4712
30.772
29.8368
29.0606
28.524
28.0337
27.5081
27.046
26.7828
26.7582
26.9911
27.4734
28.175
28.9966
29.8185
30.5411
31.0825
31.444
31.6308
31.6767
31.6039
31.5095
31.3401
30.7919
29.8609
28.6137
27.361
26.1084
24.7599
23.4285
22.2699
21.3496
20.6941
20.3904
20.3681
20.4762
20.5786
20.609
20.4698
20.158
19.7759
19.2637
18.8723
18.6511
18.5904
18.5672
18.3552
17.7703
16.897
16.0864
15.6584
15.6255
15.885
16.4223
17.1827
18.006
18.9797
20.1699
21.4158
22.604
23.7744
24.9248
25.8821
26.5442
27.3131
28.2341
29.128
29.9095
30.6406
31.3811
32.2416
32.816
32.8951
32.1079
30.4128
28.4525
27.0859
26.885
27.7762
29.7373
32.0105
34.0289
34.6295
34.4969
33.5913
32.3477
30.8577
29.17
27.2922
25.2477
23.1396
21.1105
19.212
17.5053
16.0098
14.7066
13.6376
12.8203
12.2392
11.9161
11.8506
12.0413
12.4919
13.2373
14.2336
15.4943
17.0899
19.0591
21.4474
24.2411
27.6561
32.0439
37.2638
42.5178
47.6997
53.0799
58.3688
63.0586
66.7926
69.5845
71.5995
73.005
73.9986
74.682
75.1176
75.4402
75.7199
75.9184
75.9809
75.8329
75.6063
75.2707
74.5839
73.6624
72.7142
71.7265
70.5594
69.552
68.5169
67.4743
66.889
66.5919
66.4787
66.4457
66.7027
66.9996
67.2675
67.5232
67.7246
67.6134
67.2001
66.3271
64.6959
62.3584
59.7296
57.0487
54.6601
52.9375
51.7649
50.7351
49.856
49.1171
48.4325
47.8459
47.3793
47.13
47.0591
47.1153
47.0491
47.0355
31.9996
31.9266
31.7145
31.3746
30.9464
30.5041
30.1383
29.9718
30.0048
30.2222
30.5952
31.0327
31.4921
31.7908
31.876
31.8609
31.8528
31.8885
31.9594
32.0234
32.0771
32.0567
31.9469
31.7981
31.7271
31.7453
31.7758
31.7877
31.7749
31.651
31.2465
30.5201
29.6107
28.9347
28.4932
28.044
27.5098
27.0268
26.7302
26.6398
26.8155
27.2753
27.98
28.8347
29.7631
30.5861
31.1837
31.5498
31.7006
31.7301
31.7103
31.5459
31.3361
30.7135
29.7241
28.5773
27.5251
26.437
25.1891
23.9107
22.7537
21.7579
21.0528
20.601
20.3871
20.3499
20.3732
20.3944
20.2845
19.8925
19.3302
18.6083
17.9232
17.4127
16.9863
16.5568
16.0181
15.3002
14.5619
14.1195
14.099
14.4525
15.0125
15.7279
16.5489
17.4299
18.4709
19.6981
20.9978
22.3028
23.583
24.7283
25.6171
26.3558
27.2126
28.0436
28.6772
29.1861
29.5401
29.9858
30.863
31.5226
31.8342
31.7214
30.8393
29.7487
28.9897
28.9912
29.8111
31.3899
33.1377
34.5098
35.1585
35.106
34.3318
33.0457
31.3485
29.3304
27.0886
24.7466
22.4298
20.237
18.2576
16.5063
15.0025
13.7493
12.7329
11.9786
11.4704
11.1952
11.1821
11.3956
11.8442
12.5593
13.509
14.704
16.1433
17.9432
20.2813
22.891
25.9082
29.9802
35.5336
40.7744
45.8799
51.1818
56.5016
61.297
65.0171
67.7858
69.8706
71.3953
72.4203
73.1721
73.8056
74.2982
74.7014
75.0267
75.1731
75.1261
74.9274
74.5456
73.8253
72.8211
71.7666
70.5374
69.2595
67.9619
66.8377
65.8633
64.9708
64.505
64.1545
64.2435
64.4649
64.9267
65.4512
65.8789
66.3752
66.4728
66.1566
65.3676
63.7343
61.3908
58.6565
55.8764
53.6077
51.9973
50.8539
50.094
49.4957
48.7468
47.8344
47.2121
46.7234
46.4972
46.5357
46.7023
46.7523
46.752
32.0066
31.9226
31.6764
31.2851
30.7895
30.2706
29.853
29.6649
29.6992
29.9455
30.3519
30.8203
31.347
31.7172
31.8488
31.8521
31.858
31.8886
31.9435
31.9982
32.0425
32.0272
31.9132
31.7668
31.6833
31.6739
31.6686
31.6522
31.6125
31.4705
31.0672
30.3535
29.4968
28.897
28.517
28.0883
27.5558
27.0919
26.795
26.6884
26.8419
27.2763
27.9416
28.7667
29.7149
30.5514
31.1683
31.5356
31.6891
31.7219
31.758
31.5641
31.3423
30.6808
29.7095
28.7167
27.866
26.8888
25.659
24.3712
23.1652
22.051
21.1809
20.6055
20.3051
20.2667
20.3259
20.3766
20.1741
19.6349
18.799
17.8141
16.875
16.1005
15.3577
14.623
13.9048
13.2462
12.7343
12.5984
12.897
13.4742
14.1927
15.0321
15.9439
16.9066
17.9899
19.1899
20.4865
21.8683
23.2228
24.4056
25.3256
26.1
26.9194
27.6732
28.2836
28.7105
28.9584
29.1834
29.9487
30.6384
31.2364
31.7689
31.7908
31.6634
31.6018
31.8608
32.5957
33.7335
35.0235
35.9931
36.4158
36.2031
35.2956
33.8276
31.8855
29.576
27.0781
24.5211
22.031
19.7165
17.6309
15.8447
14.3293
13.0655
12.0652
11.3422
10.874
10.6315
10.6209
10.8527
11.3046
11.9535
12.8661
14.0149
15.3065
16.8726
19.1905
21.7351
24.4862
28.3487
33.705
39.1183
44.2249
49.4534
54.779
59.6424
63.3773
66.1449
68.2673
69.8833
70.9954
71.7966
72.5648
73.2412
73.7247
74.1185
74.3596
74.3532
74.1381
73.6505
72.842
71.8135
70.4935
69.0945
67.6399
66.1858
64.8341
63.5943
62.8124
62.1763
61.7712
61.6543
61.8961
62.396
62.8284
63.5997
64.186
64.5292
64.4397
63.6729
62.1586
59.9789
57.3106
54.7637
52.6168
51.0959
50.2574
49.6936
49.0768
48.2741
47.4281
46.6605
46.0463
45.7574
45.8527
46.1429
46.3707
46.376
32.0385
31.9513
31.6859
31.2659
30.7311
30.1608
29.7164
29.5259
29.551
29.8034
30.2184
30.7014
31.2782
31.6965
31.8692
31.8815
31.8885
31.8955
31.9255
31.9599
31.988
31.9668
31.8743
31.7308
31.6245
31.5844
31.5528
31.5057
31.4385
31.2909
30.9258
30.2609
29.4688
28.9238
28.5752
28.1642
27.6585
27.2448
26.9793
26.8839
27.0539
27.4679
28.0564
28.8129
29.7166
30.4998
31.081
31.4301
31.6005
31.661
31.6667
31.555
31.3144
30.6644
29.774
28.9625
28.2706
27.3595
26.0938
24.7553
23.467
22.2779
21.3955
20.7516
20.4372
20.4651
20.5019
20.487
20.0424
19.143
18.0094
16.847
15.674
14.6643
13.7488
12.8373
12.0319
11.4776
11.2011
11.266
11.7199
12.462
13.3574
14.3264
15.3369
16.395
17.5084
18.7307
20.0496
21.4144
22.7868
24.0335
24.9842
25.742
26.5572
27.3204
27.9507
28.3768
28.6357
28.6614
29.3298
30.1766
30.9977
31.9952
32.8625
33.6976
34.43
35.21
36.1145
37.1061
37.9267
38.401
38.3632
37.7464
36.5226
34.755
32.5253
29.9616
27.2464
24.5298
21.9089
19.4667
17.2847
15.4685
13.9028
12.6285
11.6194
10.8851
10.4319
10.2056
10.1884
10.3977
10.8521
11.4864
12.3087
13.428
14.6331
15.9796
18.1358
20.7403
23.4043
26.9541
32.2056
37.7032
42.7795
47.9908
53.3459
58.2213
61.9044
64.6743
66.85
68.486
69.6637
70.5509
71.405
72.1964
72.7319
73.1252
73.4287
73.447
73.1768
72.5922
71.6737
70.462
68.9322
67.1804
65.4703
63.9643
62.358
60.9244
59.9136
59.3523
59.0362
58.7709
59.0916
59.3753
59.9903
60.6369
61.3952
61.9096
61.9722
61.4532
60.2299
58.241
55.952
53.6669
51.6878
50.3975
49.7582
49.2621
48.7016
47.8855
46.8229
45.8645
45.1946
45.0302
45.2159
45.5944
45.8768
45.9943
32.1067
32.0188
31.7488
31.322
30.7731
30.1795
29.7331
29.5469
29.5682
29.8073
30.2064
30.697
31.3018
31.7402
31.9405
31.958
31.9264
31.8948
31.8849
31.8925
31.9261
31.9065
31.8266
31.6759
31.558
31.4911
31.4281
31.3485
31.2512
31.0984
30.7834
30.2021
29.491
28.9742
28.6436
28.2714
27.8369
27.5064
27.3017
27.2557
27.4524
27.8367
28.3407
29.0055
29.8072
30.4762
30.9786
31.2875
31.4594
31.5495
31.5023
31.4741
31.2263
30.6463
29.8759
29.2444
28.7059
27.8706
26.6445
25.3617
24.1088
22.9443
22.1392
21.5951
21.3197
21.2688
21.1309
20.7105
19.8624
18.5882
17.1836
15.8375
14.4802
13.2426
12.2135
11.2068
10.3361
9.85252
9.7569
10.0206
10.6581
11.5896
12.6612
13.774
14.8675
15.9662
17.094
18.3295
19.6361
20.9688
22.3295
23.5687
24.6215
25.4263
26.1647
26.8677
27.5363
28.044
28.4205
28.4478
29.0255
30.0342
30.9908
32.3295
33.7281
35.2623
36.7601
38.1643
39.3393
40.3032
40.9727
41.0418
40.5738
39.5361
37.8931
35.7659
33.2658
30.4759
27.5635
24.7224
21.9776
19.438
17.1888
15.2858
13.7036
12.3804
11.3453
10.6101
10.1296
9.91675
9.89012
10.0636
10.5309
11.1442
11.8583
12.9257
14.1496
15.2751
17.2586
19.9441
22.6095
25.8888
31.0412
36.6441
41.6817
46.8294
52.2229
57.0601
60.6295
63.3467
65.5719
67.2154
68.4361
69.393
70.3032
71.1184
71.7001
72.0753
72.4283
72.5119
72.1905
71.5781
70.5826
69.1578
67.3387
65.2128
63.2266
61.3005
59.5711
57.9476
56.6682
56.0939
55.5002
55.5455
55.6499
56.1879
56.7784
57.3804
58.1678
58.7147
59.1144
58.831
57.9291
56.4428
54.5058
52.5975
50.8805
49.8439
49.2495
48.7468
48.2387
47.2438
46.1407
45.3545
44.8494
44.6799
44.8596
45.198
45.4291
45.6134
32.2042
32.1149
31.8504
31.4375
30.905
30.3252
29.8951
29.7071
29.728
29.9556
30.3268
30.8123
31.4095
31.8428
32.0318
32.0483
31.9494
31.8412
31.7379
31.7201
31.7652
31.8055
31.7591
31.6332
31.5068
31.4048
31.3047
31.1895
31.0528
30.8824
30.6072
30.1166
29.5102
29.0338
28.7215
28.4037
28.0758
27.8454
27.7288
27.7705
28.0158
28.3744
28.8045
29.3646
30.0077
30.5192
30.8974
31.1314
31.2733
31.3703
31.3039
31.2948
31.0808
30.6124
29.9832
29.5241
29.1433
28.4761
27.466
26.4328
25.4218
24.4781
23.7469
23.2661
23.0431
22.8046
22.29
21.2729
19.8491
18.1244
16.4384
14.8971
13.4746
12.03
10.7564
9.70513
8.82612
8.33595
8.34436
8.82029
9.6951
10.8323
12.072
13.3345
14.5097
15.6315
16.7592
17.9302
19.1891
20.5273
21.923
23.2048
24.2982
25.0606
25.8657
26.6019
27.2202
27.7745
28.2926
28.3359
28.8715
30.0468
31.1168
32.7191
34.4527
36.403
38.3933
40.2531
41.7105
42.7868
43.3557
43.2031
42.4805
41.0996
39.1325
36.7548
33.9781
31.0156
28.0011
25.0065
22.1838
19.5686
17.2656
15.2999
13.6627
12.3144
11.2287
10.4795
9.98179
9.74798
9.7344
9.83972
10.3222
10.9374
11.5311
12.5497
13.837
14.7836
16.5604
19.3695
22.1118
25.2468
30.2771
35.9491
41.0092
46.044
51.4206
56.1401
59.5755
62.2259
64.4504
66.097
67.3098
68.3367
69.2592
70.0559
70.6149
71.065
71.4941
71.7056
71.4013
70.6781
69.5729
67.9594
65.7831
63.4808
61.1332
58.9072
56.7663
55.0093
53.647
52.3673
51.8489
51.5828
51.9114
52.5586
53.1504
54.0826
54.6264
55.3838
55.8797
56.0566
55.5618
54.4555
53.0411
51.4651
50.1042
49.2166
48.5735
48.1751
47.6047
46.7366
45.8675
45.1044
44.5264
44.3142
44.5925
44.8975
45.0605
45.2475
32.3129
32.2138
31.9597
31.5803
31.0992
30.5768
30.184
29.9986
30.0107
30.2177
30.562
31.0263
31.5765
31.9596
32.1192
32.1125
31.9341
31.6888
31.4959
31.4449
31.5211
31.6468
31.6581
31.5783
31.4434
31.3163
31.1814
31.0295
30.8422
30.6241
30.352
29.9714
29.507
29.0791
28.7792
28.5348
28.3264
28.2068
28.2002
28.3474
28.6434
28.9982
29.386
29.8468
30.3148
30.6466
30.8694
30.9929
31.0603
31.1202
31.0878
31.0498
30.8638
30.5095
30.0596
29.7992
29.5781
29.1375
28.4962
27.8716
27.2697
26.7423
26.3362
25.9975
25.5566
24.9508
23.8149
22.1047
20.0691
17.9489
15.9833
14.1956
12.6229
11.0794
9.60478
8.39891
7.43395
6.9034
7.0034
7.6752
8.74321
10.1551
11.6082
12.9849
14.23
15.363
16.4501
17.5809
18.7978
20.0945
21.464
22.7661
23.9807
24.8051
25.6144
26.3459
26.9875
27.5651
28.1164
28.418
28.9043
30.0934
31.377
33.0612
35.0332
37.1874
39.4163
41.5246
43.2077
44.4024
44.9392
44.7048
43.8124
42.2368
40.1018
37.4961
34.597
31.5234
28.4165
25.3501
22.4581
19.8082
17.4519
15.4441
13.756
12.3592
11.2613
10.4979
9.9499
9.69308
9.73642
9.75342
10.196
10.9032
11.3608
12.3107
13.6804
14.5464
16.112
19.0551
21.9561
25.0115
29.9531
35.6525
40.7487
45.7158
50.9498
55.4956
58.7536
61.3666
63.5082
65.1255
66.3397
67.3537
68.2964
69.1025
69.6299
70.12
70.6583
70.8882
70.5571
69.6473
68.264
66.2919
63.8293
61.1167
58.6599
56.1996
53.9299
51.9083
50.1885
48.9021
48.0479
47.6393
47.8919
48.4269
49.4199
50.2796
51.2205
51.93
52.6568
53.083
53.0649
52.4548
51.3736
50.3218
49.2292
48.4183
48
47.511
47.0218
46.4065
45.4788
44.6313
44.178
44.1845
44.473
44.5982
44.7455
44.9351
32.3803
32.2686
32.0335
31.7077
31.3128
30.8957
30.577
30.4184
30.4248
30.5965
30.8932
31.2898
31.7265
32.0158
32.1347
32.1154
31.8839
31.5629
31.3243
31.2615
31.3525
31.5066
31.5708
31.5235
31.3937
31.2479
31.0768
30.884
30.6516
30.3731
30.0704
29.7455
29.3858
29.041
28.7877
28.6168
28.5334
28.5434
28.6688
28.9243
29.2727
29.6373
30.0009
30.3776
30.6948
30.864
30.9136
30.8818
30.8423
30.8578
30.8461
30.709
30.5442
30.3275
30.1043
30.0455
29.9712
29.8263
29.6584
29.5345
29.3962
29.31
29.2604
29.159
28.5921
27.4855
25.614
23.1446
20.4772
18.0564
15.8816
13.8946
12.0916
10.4084
8.77153
7.30671
6.22787
5.63981
5.74534
6.51606
7.9424
9.6289
11.2713
12.7737
14.0529
15.174
16.2107
17.2695
18.4078
19.6802
21.0676
22.3991
23.5637
24.441
25.3484
26.2191
26.881
27.4463
27.9761
28.5072
29.1501
30.2206
31.6675
33.4016
35.4529
37.735
40.0183
42.1634
43.9439
45.2138
45.7774
45.5132
44.5757
42.9189
40.6644
37.9784
35.0036
31.8831
28.7412
25.6375
22.722
20.0751
17.7034
15.639
13.9448
12.5392
11.3876
10.6396
10.0591
9.75341
9.81951
9.83332
10.1988
11.0248
11.3638
12.1828
13.6858
14.5912
15.9617
18.9708
22.1488
25.2341
30.0525
35.7532
40.8862
45.8072
50.8431
55.0991
58.1861
60.739
62.7926
64.2772
65.4974
66.4984
67.4365
68.2499
68.8084
69.2727
69.8294
69.9481
69.4108
68.3223
66.6088
64.2498
61.331
58.4011
55.4833
52.7889
50.3898
48.1506
46.0841
44.859
44.0387
43.8701
43.8052
44.3529
45.3032
46.3223
47.5597
48.5901
49.5098
50.1012
50.4453
50.2232
49.7851
49.0399
48.1396
47.7871
47.1858
46.797
46.4896
45.7177
44.8051
44.2785
44.095
44.0671
44.2728
44.4514
44.5022
44.6773
32.3648
32.2558
32.0347
31.7746
31.4865
31.2102
31.0072
30.915
30.9395
31.0754
31.284
31.5477
31.8102
31.9844
32.0561
32.0117
31.8169
31.5214
31.3126
31.2352
31.3259
31.4777
31.5565
31.5253
31.3992
31.2276
31.0211
30.794
30.5334
30.2161
29.8546
29.511
29.1728
28.902
28.7117
28.6146
28.6631
28.8263
29.0963
29.4601
29.8676
30.257
30.6131
30.9244
31.1211
31.1545
31.0319
30.8048
30.6188
30.5984
30.6112
30.3874
30.2455
30.1325
30.1359
30.2396
30.3594
30.5332
30.7888
31.1614
31.5739
31.9846
32.2571
32.2543
31.5936
29.9689
27.55
24.5009
21.2491
18.4412
16.0564
13.9001
11.8683
9.99788
8.20004
6.53177
5.30724
4.57551
4.76066
5.70605
7.3495
9.24518
11.0653
12.6541
13.9266
15.0291
16.0223
17.0196
18.1078
19.3349
20.6567
21.9857
23.2157
24.3109
25.1911
26.0073
26.7134
27.3266
27.9884
28.6525
29.3852
30.4156
31.8897
33.6841
35.6944
37.9613
40.2791
42.4085
44.1647
45.4193
45.9918
45.7146
44.7601
43.1039
40.8409
38.127
35.1572
32.0515
28.9257
25.8466
22.9458
20.3083
17.9575
15.8751
14.1781
12.7931
11.5919
10.8528
10.2684
9.92142
10.07
10.0681
10.3475
11.2458
11.5714
12.2435
13.8555
14.8843
16.1529
19.1927
22.681
25.9331
30.6227
36.2443
41.4085
46.2316
51.0184
54.9177
57.8362
60.2739
62.1959
63.58
64.7677
65.7538
66.7058
67.5383
68.0763
68.5058
68.9164
68.8891
68.1204
66.7713
64.8704
62.2389
59.0379
55.8206
52.7207
49.557
46.5764
43.8816
41.7151
40.1913
39.6554
39.4455
39.6985
40.4106
41.2199
42.492
43.6383
45.1719
46.2794
47.2407
47.8191
47.9799
47.9707
47.5552
47.2191
46.7476
46.3315
46.0815
45.6564
45.0221
44.4416
43.9529
43.7095
43.6132
43.8086
43.632
43.6153
44.2661
32.2849
32.1572
31.9589
31.7635
31.5914
31.4491
31.367
31.3471
31.3915
31.4888
31.5995
31.7221
31.8125
31.8575
31.891
31.8638
31.7495
31.5463
31.4138
31.3725
31.4613
31.5645
31.6456
31.6008
31.4563
31.2561
31.0153
30.758
30.4772
30.1445
29.7744
29.3784
29.0237
28.7925
28.5788
28.5585
28.7407
29.035
29.4517
29.9568
30.4373
30.8608
31.2206
31.4839
31.5801
31.4894
31.2072
30.7891
30.4318
30.394
30.424
30.2065
30.1154
30.1018
30.1754
30.3677
30.7142
31.1645
31.8038
32.5725
33.3638
34.0464
34.8074
34.9517
34.2412
32.2514
29.3311
25.8712
22.2546
19.0846
16.4056
14.032
11.8981
9.8696
7.90818
6.11422
4.7153
3.91118
4.02417
5.15241
6.99058
9.07803
10.9861
12.5895
13.8493
14.8958
15.8675
16.7986
17.8381
19.0424
20.3385
21.7272
22.9576
23.9953
24.9512
25.8552
26.7137
27.329
27.9002
28.6926
29.565
30.6636
32.1043
33.8282
35.842
38.0015
40.2268
42.2688
43.9433
45.1785
45.7336
45.481
44.5024
42.8871
40.6508
37.9705
35.0401
32.021
28.9419
25.9399
23.0787
20.4556
18.1805
16.1115
14.4121
13.0742
11.8784
11.194
10.6266
10.2274
10.472
10.4447
10.6202
11.6069
12.0286
12.511
14.1676
15.4747
16.7916
19.8137
23.5748
27.0673
31.6511
37.1324
42.212
46.8949
51.3201
54.8884
57.6227
59.8875
61.6525
62.9556
64.1132
65.111
66.1095
66.9027
67.3312
67.6726
67.9087
67.6199
66.6809
65.0926
63.0085
60.1227
56.7436
53.2006
49.9614
46.4403
42.9502
39.88
37.4708
35.822
34.9511
34.6801
35.2894
36.1614
37.454
38.6981
40.0654
41.5836
43.048
44.401
45.2671
45.7748
46.0868
46.1468
45.9682
45.7923
45.4687
45.262
44.9478
44.2855
43.7896
43.318
42.9623
42.8302
42.9393
43.0857
43.8373
44.9559
32.1372
32.0022
31.8082
31.6798
31.6218
31.5998
31.619
31.6675
31.7281
31.7828
31.8102
31.8102
31.7758
31.7264
31.7355
31.7466
31.6958
31.6037
31.5544
31.5624
31.6458
31.7419
31.7947
31.7272
31.5708
31.3351
31.0647
30.7808
30.4874
30.1582
29.8026
29.4365
29.0828
28.7635
28.594
28.6839
28.8655
29.1909
29.7539
30.3983
30.9237
31.3575
31.7232
31.9752
32.0184
31.8265
31.409
30.8426
30.2694
30.1977
30.2914
30.1796
30.1264
30.1107
30.203
30.5366
31.0187
31.671
32.5903
33.6816
34.8845
36.1042
36.8274
37.0168
36.253
34.132
30.9419
27.1936
23.3302
19.9584
17.0166
14.4729
12.2148
10.0467
7.9758
6.08824
4.59656
3.75181
3.90862
5.10325
7.00945
9.14831
11.0552
12.5776
13.7932
14.7721
15.7072
16.6585
17.6675
18.8714
20.1593
21.458
22.6289
23.7474
24.9185
25.792
26.4936
27.1981
27.9151
28.8507
29.8002
30.8016
32.2466
33.8855
35.7789
37.8382
39.8806
41.8539
43.439
44.5854
45.044
44.7635
43.8161
42.2575
40.0826
37.5057
34.6402
31.7418
28.7746
25.8515
23.1073
20.5624
18.3567
16.3498
14.7133
13.4463
12.2523
11.6318
11.1084
10.6561
10.9496
11.0137
11.0872
12.0723
12.6641
13.0811
14.7231
16.3726
17.9079
20.914
24.8541
28.6243
33.081
38.3624
43.233
47.6443
51.6447
54.9015
57.4243
59.4826
61.1368
62.4142
63.5357
64.5476
65.559
66.2476
66.5288
66.6584
66.6476
66.1132
64.9973
63.3677
61.0382
58.0352
54.1487
50.4087
46.5322
42.7475
38.7942
35.6025
33.1467
31.5474
30.3429
30.2458
30.7582
31.8989
33.5004
34.9665
36.794
38.3088
40.0381
41.5563
42.8425
43.6366
44.405
44.6898
44.8451
44.9417
44.4971
44.4743
43.7849
43.4338
42.9914
42.2799
42.0364
42.0874
42.202
42.8596
43.6555
44.1059
32.0076
31.8325
31.6289
31.5586
31.5924
31.6772
31.7765
31.8711
31.9335
31.9609
31.9384
31.866
31.7628
31.6614
31.6471
31.6735
31.6563
31.6405
31.6632
31.7214
31.8111
31.919
31.9265
31.8575
31.6894
31.4429
31.1502
30.8452
30.5382
30.2097
29.8797
29.5663
29.2799
29.0638
28.919
28.8388
29.0041
29.5008
30.1952
30.7627
31.2287
31.6657
32.11
32.3946
32.4129
32.1689
31.6277
30.9969
30.2987
30.0485
30.068
29.9543
29.9893
30.1337
30.3167
30.673
31.2505
32.1516
33.2622
34.466
35.8294
37.1756
38.1583
38.4482
37.6749
35.6001
32.3537
28.518
24.5943
21.0372
17.8941
15.1627
12.7279
10.4669
8.33596
6.41622
4.95361
4.09153
4.32863
5.57469
7.4277
9.43027
11.215
12.6112
13.733
14.6949
15.5944
16.5498
17.5776
18.7519
19.9852
21.2677
22.5076
23.6467
24.7326
25.5319
26.352
27.2639
28.0206
28.8161
29.7501
30.872
32.3172
33.8777
35.5989
37.5183
39.3437
41.0717
42.5023
43.4784
43.9359
43.6284
42.7584
41.2052
39.1054
36.7327
34.0228
31.2219
28.4042
25.6144
22.9939
20.5705
18.5199
16.5248
14.9852
13.8573
12.6286
12.0835
11.6847
11.1686
11.5131
11.7257
11.7522
12.693
13.4932
14.0542
15.6811
17.618
19.4803
22.56
26.552
30.5064
34.8364
39.793
44.3503
48.3508
51.8986
54.8637
57.1576
59.0543
60.6673
61.9402
62.9978
64.024
65.0002
65.5628
65.6608
65.4246
65.1298
64.3894
63.1669
61.4488
59.0684
55.8283
51.687
47.4582
43.1286
38.689
34.4486
30.93
28.5345
26.8361
25.9773
25.9904
26.5891
27.9284
29.4851
31.4928
33.4394
35.4125
37.263
38.9758
40.4894
41.653
42.7605
43.2398
43.8122
43.714
43.5345
43.431
42.9221
42.5639
41.9379
41.4184
41.1772
40.9517
41.2129
41.7864
42.1435
42.7698
31.9603
31.7863
31.5688
31.5133
31.6082
31.7331
31.8399
31.9288
31.9968
32.0271
31.9904
31.8958
31.7725
31.6544
31.6203
31.6509
31.6518
31.6752
31.7286
31.8044
31.9053
32.0257
32.0221
31.9357
31.7657
31.5317
31.2348
30.9231
30.6126
30.2857
29.9705
29.6895
29.4494
29.2813
29.1995
29.2234
29.4382
29.7728
30.1636
30.69
31.443
32.1876
32.5527
32.5929
32.5427
32.3054
31.7508
31.1518
30.4871
30.0268
29.9608
29.987
30.03
30.1279
30.3496
30.778
31.4583
32.3693
33.5097
34.9992
36.6153
37.994
38.9029
39.2434
38.4843
36.5822
33.5317
29.8238
25.9191
22.2456
18.9308
16.0253
13.4569
11.1289
9.00528
7.1716
5.83126
5.14454
5.29759
6.45159
8.14223
9.87009
11.4199
12.7024
13.7319
14.6628
15.5807
16.5107
17.5599
18.7373
19.8728
21.1982
22.4655
23.3794
24.5079
25.4133
26.3237
27.2678
27.8305
28.7701
29.8229
30.93
32.2574
33.6274
35.1902
36.8454
38.4809
39.9459
41.1698
42.0301
42.3793
42.0085
41.1247
39.6872
37.7031
35.5016
33.0399
30.4491
27.7861
25.2121
22.7628
20.4384
18.5931
16.6873
15.1975
14.2669
13.073
12.5573
12.3419
11.8587
12.2101
12.6334
12.7035
13.598
14.6611
15.4794
17.1326
19.3043
21.5387
24.6889
28.6103
32.6236
36.7947
41.2658
45.3796
48.9489
52.0545
54.678
56.7798
58.6092
60.2356
61.4749
62.4969
63.5585
64.4637
64.8699
64.678
64.0137
63.4488
62.5969
61.2931
59.443
56.8977
53.276
49.0755
44.3639
39.7576
34.5421
30.0565
26.4016
24.0425
22.4425
21.9222
21.9335
22.8245
24.1635
25.8943
28.1757
30.3895
32.7364
34.7734
36.7438
38.291
39.8698
41.1824
41.9732
42.5954
42.6285
42.6792
42.5319
42.0564
41.5722
41.0222
40.2737
39.8701
39.7177
39.4761
39.2925
39.7941
39.3592
32.0695
31.8959
31.6864
31.6097
31.6575
31.7582
31.882
31.9987
32.0493
32.0453
31.9913
31.8907
31.7726
31.6643
31.6257
31.6411
31.6507
31.6673
31.7307
31.845
31.9758
32.0768
32.0674
31.9569
31.7895
31.5714
31.2871
30.9795
30.675
30.3591
30.0577
29.7942
29.5815
29.4456
29.3842
29.4181
29.5995
29.9261
30.3783
30.9312
31.4512
31.7817
32
32.3001
32.5568
32.4114
31.8222
31.1907
30.555
29.9742
29.8347
29.7664
29.8303
30.0032
30.3392
30.8512
31.584
32.5699
33.8403
35.3115
36.826
38.2424
39.238
39.5244
38.82
37.1001
34.3411
30.8902
27.1686
23.5386
20.1747
17.189
14.5626
12.2139
10.1462
8.42784
7.1679
6.54463
6.66904
7.56784
8.943
10.3866
11.6802
12.8416
13.8392
14.718
15.6431
16.6202
17.6022
18.7781
19.9122
21.1113
22.3953
23.1858
24.4196
25.4522
26.0643
27.1428
27.7307
28.7214
29.8488
30.6781
31.9413
33.1377
34.5763
35.9842
37.3126
38.5573
39.4328
40.1031
40.2575
39.8621
39.0668
37.6899
35.9327
33.8826
31.5953
29.4116
26.9261
24.568
22.4582
20.2082
18.5829
16.9018
15.4197
14.7033
13.6587
13.1458
13.1292
12.7981
13.1361
13.7723
14.0234
14.9525
16.2435
17.3567
19.1272
21.478
24.0176
27.2273
30.9923
34.8722
38.7689
42.6262
46.2048
49.3581
52.0729
54.3747
56.3531
58.1746
59.7826
60.9955
62.0369
63.1392
63.9078
64.1004
63.59
62.519
61.7609
60.8761
59.5374
57.5927
54.682
50.8333
46.1299
41.3525
36.2992
30.8565
25.8145
22.1649
19.9619
18.7022
18.2052
18.5629
19.3571
20.716
22.7654
25.0757
27.7655
30.2123
32.5764
34.6917
36.5852
38.4586
39.773
40.7517
41.5814
41.9042
41.9114
41.7249
41.0004
40.5666
39.8406
38.9625
38.4791
37.589
36.6882
36.3099
35.5952
34.9481
32.1613
32.0531
31.8147
31.7116
31.7351
31.8214
31.9032
31.9594
31.9926
31.9978
31.9531
31.8618
31.752
31.656
31.6155
31.6311
31.665
31.7108
31.7747
31.8592
31.9494
32.0247
32.0365
31.9431
31.772
31.5612
31.2981
30.9992
30.7042
30.4019
30.1189
29.8736
29.6722
29.5559
29.5105
29.5706
29.7581
30.0638
30.4386
30.8805
31.4055
31.9012
32.229
32.3941
32.3917
32.1568
31.6502
31.0285
30.4685
29.9362
29.6889
29.7263
29.89
30.1316
30.4641
30.9782
31.7012
32.6661
33.9197
35.4293
36.9727
38.3365
39.1341
39.3477
38.7004
37.1233
34.6748
31.5474
28.1105
24.6558
21.3908
18.4261
15.8042
13.4938
11.4575
9.7805
8.56949
7.9683
8.03263
8.67457
9.72018
10.9174
12.0448
13.0791
14.0662
14.9332
15.8019
16.8346
17.7644
18.8751
20.066
21.0683
22.3494
23.2666
24.2498
25.3779
25.871
26.959
27.8233
28.5405
29.6061
30.2851
31.4562
32.6027
33.7644
34.8974
35.789
36.7786
37.2963
37.7325
37.7885
37.2759
36.6103
35.3136
33.7458
31.9571
29.8124
27.9684
25.7828
23.6681
21.9222
19.8873
18.4829
17.1046
15.7697
15.2202
14.4427
14.0073
14.1569
14.0397
14.4097
15.2607
15.8112
16.8144
18.2849
19.7347
21.6548
24.1005
26.8647
30.0508
33.5391
37.0742
40.5373
43.7902
46.8136
49.5785
51.993
54.0362
55.925
57.7234
59.2717
60.5121
61.539
62.6237
63.2891
63.2222
62.2791
61.102
60.2095
59.221
57.8162
55.6804
52.677
48.6152
43.5446
38.3399
32.7773
27.4723
22.3359
18.7378
16.4775
15.3605
15.0459
15.6028
16.3977
17.6884
19.8966
22.5116
25.2345
28.0223
30.7804
32.8814
35.1326
37.206
38.7456
39.9073
40.9325
41.1269
41.1216
41.0119
40.1688
39.6999
38.7088
37.6073
36.7
35.0997
33.6373
32.3701
30.135
23.5091
-40.6577
-12.3805
-11.7072
-1.94731
5.55443
11.195
11.9667
10.0954
5.69323
-3.14277
-14.1929
-17.1802
-10.0732
0.306927
7.38343
8.85856
6.89631
3.48738
0.636492
-0.0303751
-31.1443
-12.7038
-11.7813
-2.10073
5.52143
11.2507
12.0831
10.2482
5.8619
-3.23614
-14.465
-17.943
-10.446
0.18446
7.47543
8.96939
6.97501
3.47968
0.556984
-0.0815809
-24.2859
-12.6914
-11.6844
-2.23669
5.64134
11.3727
12.2391
10.4001
6.0975
-3.35785
-14.9407
-18.75
-11.0763
-0.0664072
7.53626
9.06435
7.02862
3.43416
0.415382
-0.14867
-17.8944
-11.4766
-10.6362
-2.03194
6.04624
11.5796
12.351
10.4612
6.28894
-3.43705
-15.3924
-19.5458
-11.7155
-0.361646
7.48519
9.02867
6.98146
3.33394
0.237582
-0.230629
-11.8363
-9.05595
-8.89348
-1.58914
6.5668
11.7879
12.3313
10.3773
6.38479
-3.40862
-15.5827
-19.9624
-12.2082
-0.695658
7.2258
8.75602
6.76457
3.17061
0.0640892
-0.311982
-6.54412
-6.63183
-7.41373
-1.08484
6.92836
11.8719
12.1489
10.1388
6.37684
-3.26094
-15.3555
-19.7949
-12.4387
-1.16807
6.61883
8.14866
6.3365
2.94555
-0.0600117
-0.370591
-1.73258
-3.89094
-5.36467
-0.271117
7.21449
11.7887
11.8528
9.8039
6.2817
-2.98908
-14.6072
-18.8802
-12.2442
-1.77973
5.55057
7.14006
5.67003
2.66589
-0.0769097
-0.372514
3.62384
-0.0150884
-2.46411
0.92168
7.54669
11.5706
11.4473
9.39049
6.12031
-2.54799
-13.2915
-17.2354
-11.5526
-2.37038
4.10917
5.7684
4.77204
2.34061
0.062072
-0.278994
9.58041
4.46385
0.725547
2.32746
7.87355
11.2583
11.0096
8.88049
5.83839
-1.89655
-11.3673
-15.0222
-10.5271
-2.8381
2.59945
4.26941
3.74731
1.98455
0.346847
-0.0846265
15.5769
8.99378
4.00795
4.01911
8.16895
10.8738
10.5434
8.28069
5.44916
-1.03137
-8.93313
-12.4993
-9.46804
-3.28728
1.28715
2.95724
2.78986
1.65103
0.721272
0.18041
21.6275
13.8845
7.77701
6.22801
8.51484
10.4192
10.036
7.7498
5.10393
0.0125604
-6.32603
-10.0638
-8.57983
-3.81672
0.163936
1.95095
2.05791
1.40651
1.08779
0.475512
27.9174
19.2044
11.7449
8.68392
9.01887
9.98782
9.54975
7.41434
4.94127
1.04328
-3.97349
-8.07185
-7.92563
-4.36816
-0.831743
1.19086
1.56817
1.27042
1.37005
0.621745
33.8377
23.9914
15.2854
10.9491
9.68935
9.72909
9.18463
7.23034
4.88647
1.88224
-2.55813
-6.65005
-7.49845
-4.91807
-1.76804
0.566429
1.25628
1.22446
1.5603
0.700623
38.8091
28.0608
18.3469
12.9033
10.41
9.6494
9.00004
7.11288
4.88859
2.51211
-1.46617
-5.56303
-7.23598
-5.54283
-2.72502
-0.00577545
1.04661
1.23047
1.68497
0.72945
43.3375
31.6035
20.9434
14.5129
11.0142
9.64787
8.92089
6.97238
4.90638
3.12954
-0.159983
-4.49574
-7.03694
-6.21312
-3.69104
-0.558206
0.882447
1.25804
1.7621
0.728173
47.3344
34.5673
23.0291
15.7403
11.3896
9.62782
8.81693
6.78534
4.89982
3.7754
1.13515
-3.44853
-6.85643
-6.79712
-4.53249
-1.02994
0.752619
1.29454
1.80864
0.713948
50.534
36.7606
24.536
16.6274
11.6061
9.54084
8.72261
6.63666
4.88798
4.33164
2.16657
-2.59308
-6.63989
-7.12239
-5.04328
-1.34271
0.66303
1.32858
1.8003
0.685571
52.4636
38.0447
25.4801
17.205
11.7199
9.43586
8.63582
6.53938
4.87793
4.66763
2.75145
-2.05701
-6.38127
-7.16175
-5.22495
-1.52116
0.574395
1.32702
1.74868
0.65934
53.4635
38.6541
25.8964
17.4627
11.7699
9.36623
8.51402
6.47952
4.90117
4.62569
2.8656
-1.85709
-6.14168
-7.02903
-5.17555
-1.60145
0.499987
1.31526
1.68653
0.62938
53.8084
38.7044
25.9879
17.4973
11.7808
9.3748
8.46078
6.47212
4.93886
4.61725
2.75818
-1.84096
-6.01318
-6.92297
-5.10136
-1.61553
0.45288
1.30813
1.64268
0.59672
)
;

boundaryField
{
    inlet
    {
        type            zeroGradient;
    }
    outlet
    {
        type            fixedValue;
        value           uniform 0;
    }
    walls
    {
        type            zeroGradient;
    }
    frontAndBack
    {
        type            empty;
    }
}


// ************************************************************************* //
