/*--------------------------------*- C++ -*----------------------------------*\
| =========                 |                                                 |
| \\      /  F ield         | OpenFOAM: The Open Source CFD Toolbox           |
|  \\    /   O peration     | Version:  2.4.0                                 |
|   \\  /    A nd           | Web:      www.OpenFOAM.org                      |
|    \\/     M anipulation  |                                                 |
\*---------------------------------------------------------------------------*/
FoamFile
{
    version     2.0;
    format      ascii;
    class       volScalarField;
    location    "1.55";
    object      k_0;
}
// * * * * * * * * * * * * * * * * * * * * * * * * * * * * * * * * * * * * * //

dimensions      [0 2 -2 0 0 0 0];

internalField   nonuniform List<scalar> 
8800
(
8.10883
10.2821
8.77725
6.84564
5.68134
5.00225
4.49217
4.18715
3.86277
3.72239
3.49057
3.42191
3.24574
3.21476
3.064
3.04201
2.91573
2.88938
2.86178
2.67443
1.38954
4.36756
5.3077
5.29362
5.11153
4.85011
4.53132
4.3402
4.05939
3.94445
3.71565
3.63788
3.47033
3.42202
3.29065
3.2528
3.14894
3.1118
3.02084
3.02416
0.083276
0.746871
1.54551
1.9611
2.24541
2.4748
2.54305
2.62223
2.61647
2.60945
2.57358
2.55602
2.51071
2.48387
2.44875
2.418
2.38998
2.35558
2.30196
2.2873
0.00327904
0.0712608
0.249074
0.431193
0.568318
0.723069
0.825084
0.928067
1.03617
1.08804
1.16304
1.2057
1.26853
1.29082
1.34413
1.35825
1.40328
1.40157
1.40855
1.39983
0.000118376
0.00506406
0.0244891
0.0504089
0.0825451
0.12693
0.166762
0.195788
0.254764
0.278251
0.32567
0.348559
0.395596
0.416911
0.466168
0.486233
0.536061
0.550759
0.582713
0.59249
2.54391e-05
0.000323088
0.0017898
0.00371867
0.00667125
0.012113
0.0192254
0.024193
0.0359487
0.0417637
0.0539828
0.0605609
0.0734021
0.0807546
0.0969796
0.104812
0.122129
0.134817
0.140888
0.154819
2.22268e-05
4.62667e-05
0.000149507
0.000295492
0.000417739
0.000818521
0.00121648
0.00196878
0.00275711
0.00377075
0.00451509
0.00617117
0.00705529
0.00914675
0.0105271
0.0133764
0.0151303
0.0193974
0.0205527
0.0248863
2.1304e-05
3.0281e-05
5.60137e-05
8.49967e-05
8.66117e-05
9.92158e-05
0.000122035
0.000189809
0.000224967
0.00029164
0.000322765
0.000446114
0.000483769
0.000634721
0.000706943
0.000972415
0.0011081
0.00161755
0.00172979
0.00256775
2.08328e-05
2.76447e-05
3.96425e-05
7.1918e-05
7.50677e-05
7.05047e-05
6.76711e-05
7.76064e-05
9.04857e-05
9.32871e-05
9.37435e-05
0.000100983
0.00010036
0.000102999
0.000108271
0.000137117
0.000145778
0.000167759
0.000166932
0.000200923
2.06608e-05
2.8864e-05
3.54598e-05
5.40187e-05
7.20301e-05
7.32944e-05
6.73315e-05
6.46745e-05
7.03573e-05
7.71917e-05
7.76085e-05
7.98271e-05
8.10383e-05
7.96351e-05
7.95602e-05
8.42073e-05
8.97618e-05
8.97917e-05
8.90135e-05
9.07447e-05
2.0616e-05
2.82972e-05
3.65847e-05
5.64226e-05
6.79201e-05
7.1606e-05
6.92119e-05
6.93786e-05
7.05084e-05
7.5581e-05
8.06013e-05
8.69167e-05
8.57305e-05
8.27536e-05
8.34718e-05
9.24703e-05
9.60907e-05
9.58415e-05
9.49934e-05
9.97032e-05
2.07205e-05
2.73873e-05
5.22621e-05
6.45451e-05
6.18858e-05
6.18186e-05
7.43876e-05
8.89369e-05
8.88913e-05
8.67952e-05
8.99807e-05
9.37877e-05
9.64177e-05
0.000108371
0.000132502
0.000141259
0.000143002
0.000147809
0.0001631
0.000227365
2.10709e-05
3.05416e-05
4.99185e-05
7.20877e-05
8.51725e-05
0.00012179
0.000145948
0.000184784
0.000204038
0.000273271
0.000331605
0.000435916
0.000502742
0.000700522
0.000823124
0.00104904
0.00119742
0.00158627
0.00194862
0.0028171
2.16458e-05
4.29568e-05
0.000118431
0.000376852
0.000542713
0.00089455
0.00122243
0.0020046
0.00252745
0.00395389
0.00471226
0.00638615
0.00736667
0.00983469
0.0111629
0.0142246
0.0161043
0.0206774
0.0237526
0.0318334
2.49641e-05
0.000304398
0.00144574
0.00504775
0.00755
0.0127585
0.0172059
0.0267222
0.032168
0.0452439
0.0515055
0.0647689
0.0715334
0.0874294
0.0948811
0.112154
0.121877
0.14575
0.159417
0.197723
0.000124193
0.0048951
0.0217671
0.0590058
0.0853684
0.122734
0.162454
0.208378
0.235375
0.292432
0.315891
0.362079
0.384825
0.435394
0.456415
0.505335
0.530667
0.593447
0.62374
0.703255
0.0033711
0.0692635
0.258436
0.425221
0.581114
0.698669
0.841721
0.928923
1.01829
1.10314
1.15696
1.21386
1.25859
1.31165
1.33297
1.38043
1.40428
1.46205
1.48431
1.53927
0.0845758
0.725079
1.56901
1.94146
2.27856
2.4301
2.58392
2.59604
2.62489
2.59931
2.58838
2.53977
2.52488
2.47609
2.46081
2.41879
2.41134
2.38683
2.37488
2.34906
1.40577
4.34761
5.32349
5.28578
5.132
4.79815
4.58535
4.27627
4.13129
3.86594
3.77817
3.57851
3.51922
3.3647
3.3283
3.19933
3.16878
3.04848
3.00615
2.90001
8.1191
10.2613
8.79894
6.81018
5.71785
4.95837
4.53639
4.13014
3.92678
3.64577
3.55393
3.34647
3.30018
3.12953
3.09957
2.9364
2.89723
2.71156
2.64155
2.41379
1.8912
1.42195
1.11899
0.945965
0.799949
0.72306
0.653588
0.623563
0.588108
0.574646
0.554151
0.548218
0.535698
0.532023
0.523591
0.520897
0.514207
0.512175
0.50919
0.508989
0.509319
0.511742
0.514854
0.520545
0.521626
0.522892
0.522081
0.520077
0.517054
0.517249
0.520599
0.532954
0.570347
0.612905
0.630858
0.628389
0.557701
0.388393
0.291886
0.242131
0.22154
0.215058
0.216402
0.221759
0.222777
0.222248
0.220389
0.214472
0.210086
0.206404
0.197603
0.181563
0.169283
0.168011
0.17177
0.189768
0.200277
0.197957
0.188897
0.165413
0.10933
0.0723252
0.0447855
0.0360976
0.0327941
0.0316815
0.0329123
0.0364626
0.0438668
0.0654163
0.137325
0.330371
0.409407
0.393416
0.345514
0.289179
0.24225
0.207344
0.193842
0.181083
0.178063
0.173328
0.164645
0.155463
0.147284
0.134125
0.1177
0.103906
0.0895516
0.0818919
0.0766803
0.0711453
0.0675017
0.0581887
0.0495857
0.0505272
0.0663217
0.133704
0.319648
0.404577
0.402454
0.372651
0.297053
0.215028
0.161955
0.141335
0.135123
0.134222
0.131418
0.124526
0.11983
0.120214
0.12937
0.133468
0.128322
0.122993
0.124381
0.138989
0.154894
0.161004
0.160813
0.15524
0.140152
0.126132
0.115459
0.104312
0.0808753
0.0549548
0.0354919
0.0257035
0.0216076
0.0208188
0.0237641
0.043102
0.0624636
0.0717568
0.0741874
0.0731746
0.0684463
0.0666422
0.0667601
0.0696072
0.0714257
0.0706138
0.066757
0.0638137
0.0606342
0.0587029
0.0582513
0.0572343
0.0573156
0.0574276
0.0573141
0.0574588
0.0592365
0.0605765
0.0638215
0.0741192
0.0873187
0.123302
0.162446
0.196115
0.298299
0.381798
0.405632
0.390435
0.292274
0.196117
0.140461
0.102577
0.0863899
0.0771021
0.0606587
0.0532775
0.0482055
0.0475431
0.0482588
0.0517355
0.0648264
0.103482
0.124518
0.124553
0.106488
0.0782352
0.0696068
0.0706384
0.0832536
0.112354
0.120075
0.119379
0.114822
0.102636
0.0695371
0.0435684
0.0363593
0.036934
0.0441646
0.0517732
0.107558
0.939272
2.58401
2.13171
1.7845
1.54989
1.35836
1.22396
1.10917
1.02898
0.959033
0.908635
0.861105
0.826943
0.792086
0.767783
0.742139
0.723094
0.703532
0.686173
0.669299
0.651953
0.635298
0.619902
0.601553
0.58688
0.570154
0.553548
0.537155
0.523212
0.507992
0.491562
0.479423
0.475002
0.476622
0.48779
0.520304
0.614309
0.673702
0.671691
0.62605
0.469208
0.339554
0.281558
0.255636
0.243928
0.235118
0.229284
0.222797
0.21426
0.2049
0.191723
0.179209
0.176039
0.17867
0.191189
0.212665
0.213576
0.209407
0.196568
0.165381
0.109543
0.0686616
0.0408098
0.0294453
0.0238338
0.0238992
0.023067
0.0219914
0.0226016
0.0244137
0.0313145
0.0538097
0.12349
0.251323
0.331213
0.326981
0.305298
0.270973
0.243762
0.223564
0.204872
0.19435
0.181637
0.168478
0.156928
0.142881
0.124485
0.109636
0.0959334
0.0837804
0.0800904
0.0721578
0.0673019
0.0611632
0.0492353
0.0452861
0.0527707
0.107292
0.293433
0.438291
0.450558
0.415071
0.312951
0.196016
0.146265
0.127592
0.122711
0.123545
0.125779
0.125713
0.122631
0.117874
0.116881
0.120552
0.124801
0.11983
0.110114
0.109438
0.124333
0.149386
0.1611
0.162253
0.159704
0.142909
0.12428
0.115395
0.102829
0.0776603
0.0496479
0.0320426
0.0231064
0.019746
0.0190556
0.0214696
0.0385477
0.0584807
0.0691609
0.0713795
0.0702744
0.0680031
0.0661736
0.0662778
0.0686021
0.072953
0.075017
0.0732676
0.0715618
0.0707005
0.0675278
0.0681239
0.0665109
0.065434
0.0620198
0.0596275
0.0589751
0.0605932
0.0615127
0.0660422
0.075133
0.0887549
0.121353
0.152854
0.181531
0.276447
0.390282
0.417271
0.403395
0.295584
0.196871
0.13679
0.101187
0.0917176
0.0770613
0.0608855
0.0534419
0.0454274
0.0438889
0.0438019
0.046411
0.054075
0.0883267
0.115287
0.120657
0.110555
0.0794698
0.0651722
0.0642129
0.0687206
0.0900325
0.110999
0.115608
0.114722
0.108464
0.0899442
0.0579228
0.0411109
0.0380653
0.0436325
0.0522169
0.109216
0.445469
2.07482
1.84625
1.6311
1.46383
1.32495
1.21172
1.11864
1.04019
0.974171
0.920355
0.872098
0.834449
0.798211
0.766201
0.737361
0.709201
0.68637
0.663747
0.644141
0.62427
0.602323
0.583063
0.557989
0.534202
0.512132
0.484098
0.46169
0.439247
0.416462
0.398048
0.385189
0.372688
0.371675
0.374424
0.38194
0.397267
0.427501
0.517413
0.574834
0.573824
0.551395
0.490649
0.408367
0.335074
0.289315
0.26293
0.245591
0.229872
0.215603
0.213896
0.21647
0.228191
0.239639
0.23861
0.233364
0.220694
0.198803
0.152203
0.0931526
0.0515497
0.0307342
0.0200581
0.0168441
0.0166412
0.0169084
0.0178626
0.0175523
0.0173596
0.0180035
0.0198369
0.0256426
0.0439772
0.093276
0.175213
0.244567
0.264061
0.257403
0.241665
0.2216
0.205792
0.191906
0.179534
0.163596
0.146687
0.129187
0.110189
0.0995309
0.086417
0.0782521
0.0739983
0.0659208
0.0578385
0.0530088
0.0411861
0.0421137
0.0690329
0.223023
0.445646
0.50347
0.472028
0.353009
0.202161
0.142278
0.120795
0.114629
0.114896
0.11702
0.117791
0.117622
0.1169
0.116869
0.117149
0.120334
0.12234
0.115959
0.108573
0.108922
0.125785
0.149486
0.163554
0.167398
0.166005
0.143689
0.123716
0.11453
0.0985672
0.0713858
0.0438586
0.0287788
0.0203749
0.0178981
0.0177508
0.0206302
0.0368336
0.0563742
0.067372
0.0694023
0.0692769
0.0671188
0.0650293
0.0651919
0.0664742
0.0723366
0.0759813
0.0759271
0.0768712
0.0770949
0.0751997
0.073836
0.0688957
0.0661972
0.0626509
0.0595523
0.0592456
0.0605406
0.0620787
0.0669105
0.0761574
0.0873659
0.114898
0.138981
0.159062
0.252923
0.396403
0.43218
0.41685
0.292799
0.18826
0.134019
0.106739
0.0924221
0.074552
0.0643288
0.0531774
0.0459818
0.041617
0.0402773
0.0419283
0.0470608
0.0761142
0.107214
0.115435
0.110382
0.0834111
0.0633681
0.0592525
0.0606129
0.0689007
0.090605
0.104177
0.111171
0.108382
0.0935955
0.0813028
0.054311
0.0417257
0.0513614
0.0545273
0.103608
0.241448
1.31364
1.22136
1.12211
1.03383
0.959361
0.892744
0.839718
0.787155
0.739842
0.699291
0.659958
0.63208
0.60611
0.582398
0.560957
0.536346
0.513735
0.490663
0.470098
0.452939
0.433255
0.416713
0.398983
0.37375
0.353853
0.328016
0.300412
0.279078
0.25643
0.234045
0.223409
0.21497
0.212974
0.214831
0.221152
0.232382
0.255123
0.281755
0.332169
0.425474
0.480394
0.480427
0.471132
0.448723
0.413368
0.378376
0.35238
0.330345
0.314335
0.306079
0.299149
0.283005
0.266754
0.246116
0.215414
0.17031
0.108687
0.0616264
0.0352113
0.0213203
0.013924
0.011344
0.00974972
0.00972349
0.0103938
0.0111138
0.0118756
0.0132556
0.0156789
0.0169665
0.0187348
0.0231918
0.0353256
0.0676373
0.114096
0.154163
0.1892
0.196234
0.19263
0.184658
0.171479
0.155998
0.136746
0.123408
0.10508
0.0937662
0.085904
0.0752595
0.0721831
0.066725
0.0531743
0.0491662
0.0395448
0.0321128
0.0426549
0.118449
0.392772
0.547882
0.547555
0.447826
0.243555
0.15316
0.119484
0.109646
0.108975
0.11047
0.112461
0.112609
0.110907
0.10954
0.110936
0.118351
0.124082
0.124531
0.117283
0.113321
0.115501
0.132843
0.152958
0.168114
0.172735
0.168081
0.139774
0.121001
0.110269
0.0931464
0.0628878
0.0391924
0.0251063
0.0186861
0.0166094
0.0164203
0.0193896
0.0355453
0.055569
0.067013
0.0693715
0.0695113
0.0672467
0.0650409
0.0630083
0.0629894
0.0692166
0.0734281
0.0748943
0.0774214
0.0766116
0.0759567
0.0741845
0.067485
0.0634517
0.060523
0.0574598
0.0577032
0.0606363
0.0630954
0.0679457
0.0752184
0.079147
0.0979553
0.120243
0.139239
0.229699
0.3965
0.455943
0.42522
0.276007
0.179092
0.135999
0.111185
0.0861486
0.0731315
0.063956
0.0527444
0.0495305
0.0420897
0.0400513
0.0399876
0.0430227
0.0638955
0.0994403
0.112396
0.109229
0.0871108
0.0641209
0.0545279
0.0548952
0.0581205
0.0680829
0.0875497
0.100038
0.10455
0.0985469
0.0837214
0.0755535
0.0535429
0.0915341
0.0670798
0.0827457
0.150892
0.572324
0.550877
0.519337
0.490699
0.463071
0.437113
0.417699
0.400248
0.380809
0.362858
0.341285
0.320789
0.307018
0.293181
0.285618
0.275951
0.265825
0.252471
0.235011
0.222808
0.205771
0.193731
0.185588
0.172509
0.164725
0.153601
0.136851
0.120433
0.104982
0.0908642
0.080396
0.0753973
0.0750957
0.0763983
0.081641
0.0904715
0.0987376
0.11543
0.137302
0.163004
0.220537
0.277496
0.33387
0.36195
0.362053
0.356995
0.343453
0.329581
0.312605
0.293455
0.268411
0.2324
0.19278
0.143355
0.0922769
0.0569312
0.0340002
0.0207481
0.0129333
0.00878216
0.00670082
0.0061528
0.00640421
0.00708256
0.0084354
0.00973685
0.0102142
0.0110596
0.0127993
0.0137188
0.0142395
0.0152125
0.0178375
0.024962
0.0399174
0.0655874
0.0933448
0.110638
0.122546
0.123049
0.120957
0.115367
0.107591
0.0996539
0.0875251
0.0829659
0.0741181
0.066375
0.0624276
0.0480084
0.0394138
0.0314323
0.0219014
0.0256082
0.060056
0.247913
0.534874
0.623775
0.569262
0.344858
0.192454
0.129432
0.108924
0.104288
0.104339
0.107771
0.111696
0.111952
0.109851
0.108055
0.109162
0.117082
0.122481
0.121893
0.11908
0.118783
0.12625
0.145543
0.161548
0.170297
0.173784
0.163943
0.131712
0.113166
0.103754
0.0822431
0.0535652
0.0334157
0.0225949
0.0174785
0.0155261
0.015305
0.0172912
0.0304656
0.0536802
0.065811
0.0699761
0.0704655
0.0694232
0.0672277
0.0622834
0.0601357
0.0621748
0.0638473
0.0685361
0.0711404
0.0700444
0.069275
0.0660897
0.0595733
0.0584151
0.0578465
0.0568451
0.0571253
0.0616096
0.064144
0.0692567
0.069596
0.0690873
0.0803122
0.109602
0.13068
0.20044
0.410188
0.474934
0.42856
0.268472
0.178007
0.146588
0.113876
0.0828243
0.0716896
0.05648
0.0499686
0.0498452
0.0435608
0.0404256
0.039957
0.0414381
0.0557766
0.0903784
0.105703
0.105866
0.0903155
0.0668724
0.0548479
0.049898
0.0513991
0.0561765
0.0696636
0.0865232
0.0948525
0.0991479
0.0931662
0.113548
0.0874828
0.0988373
0.0887875
0.0853105
0.114979
0.152344
0.14947
0.14358
0.137345
0.131562
0.124848
0.121096
0.118564
0.114515
0.111632
0.10598
0.0992893
0.0939141
0.0886708
0.0855091
0.0835939
0.0817191
0.0782641
0.0729345
0.0683304
0.0617922
0.057061
0.0527657
0.0486159
0.0465416
0.0444234
0.0406558
0.0368459
0.0321678
0.0276315
0.0240501
0.0218845
0.0215647
0.0218015
0.0231379
0.0259338
0.0287303
0.0353242
0.0422624
0.0503813
0.0656891
0.0856849
0.109383
0.135196
0.157826
0.174427
0.174861
0.169783
0.156814
0.135243
0.107547
0.0811316
0.0579866
0.0392725
0.0257814
0.0164291
0.0105581
0.00689794
0.00483833
0.00399943
0.00403737
0.00432769
0.00506675
0.00622725
0.00761744
0.00934064
0.0100072
0.0101859
0.0110682
0.0119716
0.0121392
0.0121511
0.0123799
0.0134671
0.0163872
0.0234108
0.034494
0.0495285
0.0610287
0.0670964
0.0728334
0.0726362
0.0714544
0.067861
0.0636564
0.0602382
0.0499683
0.0449191
0.0348257
0.0216836
0.0191896
0.0152685
0.0163879
0.0298255
0.108317
0.41068
0.661506
0.691119
0.543279
0.279108
0.156893
0.113739
0.100927
0.0983453
0.100263
0.104192
0.111435
0.113889
0.112882
0.11084
0.110562
0.113426
0.118187
0.121655
0.124016
0.130176
0.14468
0.158177
0.166564
0.17225
0.173326
0.153961
0.120279
0.101259
0.0927978
0.0673878
0.0435259
0.0275005
0.020068
0.0162085
0.0157937
0.0152225
0.0159957
0.0242271
0.0474762
0.0612779
0.0708739
0.0722711
0.0721692
0.0711544
0.0647005
0.0612258
0.0587298
0.0583059
0.0603178
0.0601469
0.0587967
0.0595476
0.0584656
0.0566487
0.057471
0.0579364
0.0570445
0.0573661
0.0632165
0.0661053
0.0658002
0.0629201
0.0631629
0.0730862
0.104133
0.126968
0.194008
0.425042
0.482431
0.428675
0.268902
0.190563
0.163527
0.118765
0.0835932
0.0660881
0.0513445
0.0463266
0.0450822
0.0417709
0.0394796
0.0396806
0.041495
0.0529145
0.0877788
0.101837
0.105282
0.0925612
0.0681838
0.057579
0.0500244
0.0473358
0.0493285
0.0534635
0.0637412
0.076869
0.10283
0.0998652
0.108165
0.0995667
0.0940197
0.0948164
0.0907232
0.0991427
0.0246667
0.0242021
0.0231017
0.0220468
0.0212105
0.0202977
0.0199104
0.0197688
0.0196369
0.0194947
0.0189958
0.0178296
0.0168589
0.0160121
0.0155932
0.0153423
0.0152101
0.0150905
0.0146772
0.0134325
0.0119435
0.0109368
0.0100723
0.00941073
0.00897659
0.00867544
0.00843404
0.00787407
0.00687464
0.00589062
0.00512959
0.0047628
0.00474269
0.00480255
0.00508233
0.00569984
0.006382
0.00807918
0.00985452
0.0122949
0.0151496
0.0210965
0.0277807
0.0341227
0.0427954
0.0486729
0.0488671
0.0474235
0.0432235
0.0364476
0.0288054
0.0212324
0.0151191
0.01032
0.0068971
0.00470549
0.00330526
0.00263282
0.00266593
0.00285786
0.00321449
0.00391841
0.00571571
0.00709236
0.00756764
0.00813201
0.00962248
0.0109846
0.0116658
0.0117434
0.0116987
0.0114912
0.0108105
0.0107246
0.0109641
0.0119778
0.0141623
0.0191612
0.0245806
0.0289579
0.0342156
0.0368224
0.0367296
0.0349074
0.0326878
0.0271
0.0220963
0.0180023
0.0124626
0.0109374
0.0110056
0.0116274
0.0161319
0.0485221
0.213332
0.577273
0.759698
0.748119
0.506296
0.252356
0.141252
0.104565
0.0963505
0.0968634
0.100183
0.104283
0.114175
0.119686
0.12084
0.120859
0.122809
0.123916
0.125972
0.135762
0.146744
0.156678
0.159074
0.167043
0.169435
0.173864
0.166761
0.134731
0.108704
0.0887411
0.0762901
0.0555961
0.0356601
0.0239015
0.017606
0.0162313
0.0161232
0.0153214
0.015982
0.0225641
0.031988
0.0521633
0.0694249
0.0712813
0.0716421
0.072225
0.0707912
0.0658493
0.0593584
0.0582131
0.0585974
0.0576959
0.0574256
0.0578723
0.056794
0.0563468
0.0576022
0.0574261
0.0560207
0.0580211
0.0649277
0.0660931
0.0634329
0.0609051
0.0614079
0.0711896
0.102465
0.127295
0.202137
0.43632
0.487364
0.433676
0.294156
0.212319
0.174228
0.127472
0.0871879
0.0636185
0.0494028
0.0438208
0.0395485
0.0394367
0.0384008
0.0389459
0.0405893
0.0498546
0.0863127
0.0999647
0.104076
0.0969208
0.0712569
0.0587661
0.0523617
0.0471337
0.046869
0.0512822
0.0615881
0.069605
0.0929871
0.0954138
0.0934617
0.095862
0.0928064
0.0964365
0.0921427
0.0940798
0.00258894
0.00255348
0.00244256
0.00232739
0.00223371
0.00217434
0.00217146
0.00218405
0.00219132
0.00217697
0.0020916
0.00197564
0.00189956
0.00185679
0.0018536
0.00186327
0.00187539
0.00187359
0.00180173
0.00161682
0.001425
0.00132394
0.00125221
0.00122145
0.00119958
0.00117887
0.0011605
0.0010622
0.000941712
0.000839691
0.00076994
0.000750546
0.00075222
0.000763233
0.000801387
0.000858113
0.000982904
0.00119668
0.001467
0.00212011
0.00264768
0.00371591
0.00530262
0.00646989
0.00878573
0.0103524
0.0103366
0.00993759
0.00907045
0.00745272
0.0058132
0.00440586
0.003232
0.00249676
0.00191823
0.00180147
0.00183478
0.00197581
0.00243072
0.00308392
0.0041728
0.00697357
0.0088788
0.00970217
0.0113445
0.0133187
0.0135999
0.0134792
0.0130706
0.0120401
0.0110936
0.0104075
0.00932237
0.00830703
0.00792955
0.00796439
0.00820874
0.00891504
0.0101648
0.0118306
0.0136356
0.0147057
0.0145715
0.014092
0.0128152
0.0106668
0.00989753
0.00799199
0.00752762
0.00791116
0.00892386
0.0112219
0.022707
0.0880973
0.367283
0.684951
0.844433
0.79482
0.493762
0.243782
0.135265
0.100945
0.0952804
0.0971711
0.100912
0.10795
0.118435
0.122559
0.128031
0.136101
0.142676
0.14444
0.151302
0.162167
0.164338
0.164238
0.164085
0.169599
0.169967
0.173185
0.145694
0.106411
0.0928321
0.0749567
0.0616921
0.045771
0.0297106
0.0215944
0.016943
0.0165513
0.0155418
0.015374
0.0174716
0.0216634
0.0269668
0.0446493
0.0607081
0.065169
0.0697637
0.0715575
0.0708606
0.0676961
0.0628384
0.0610891
0.0597641
0.0575415
0.0576608
0.0577679
0.0564154
0.0548296
0.0548668
0.0550438
0.0552507
0.0611502
0.065523
0.0654889
0.0623647
0.0610009
0.0618058
0.0729858
0.103499
0.131482
0.216176
0.444981
0.493345
0.462493
0.339705
0.221262
0.172422
0.131017
0.0941176
0.0643888
0.0487495
0.0423523
0.0376362
0.0375988
0.0383343
0.0395739
0.0409192
0.0506018
0.0833045
0.100922
0.102055
0.100513
0.0766344
0.0582072
0.0560473
0.0514901
0.0495059
0.0534143
0.0656023
0.0655859
0.0688941
0.0831543
0.0848183
0.0916678
0.0904633
0.0945902
0.0914904
0.0902575
0.000205678
0.000209887
0.000222354
0.00022697
0.000226365
0.000224032
0.000219346
0.000216535
0.000213315
0.000209245
0.000207842
0.000205049
0.000204992
0.000204987
0.000206013
0.000206835
0.000207283
0.000206448
0.000204278
0.000204161
0.000204272
0.000205427
0.000205047
0.000203025
0.000200848
0.000192201
0.000189198
0.000184349
0.000181521
0.000180243
0.000178443
0.000179118
0.000181966
0.00018554
0.000188449
0.000190807
0.000197551
0.000215449
0.00025067
0.000306065
0.000424635
0.0005979
0.000748064
0.00105667
0.00146651
0.00154767
0.00154564
0.00150648
0.00138975
0.00128705
0.00114324
0.00114005
0.0011654
0.00122757
0.00137691
0.00168741
0.00234837
0.00345973
0.00583008
0.00771052
0.0111582
0.0151505
0.0179644
0.0198196
0.0215811
0.0217375
0.0214597
0.0206798
0.0191843
0.0158764
0.0129389
0.0109739
0.00943244
0.00805425
0.00697344
0.00634627
0.00625292
0.00630328
0.00647882
0.00690335
0.00746833
0.00750753
0.00745974
0.00727756
0.00651609
0.00636874
0.00613618
0.00615341
0.00648553
0.00741822
0.00923497
0.0140548
0.0385455
0.17327
0.473058
0.786292
0.925099
0.844258
0.526352
0.255453
0.13473
0.0996446
0.0939546
0.0955775
0.100152
0.108854
0.119124
0.124153
0.132282
0.1422
0.146992
0.150794
0.159425
0.162198
0.163654
0.162771
0.16482
0.167774
0.167466
0.158745
0.120008
0.0812161
0.0755355
0.0625894
0.0502942
0.0383569
0.0267443
0.0204584
0.0173366
0.0165096
0.0157326
0.0161472
0.018422
0.0208738
0.0249613
0.0390403
0.0531631
0.0594133
0.0629251
0.0639047
0.0670489
0.0671196
0.0658699
0.0623767
0.059408
0.0571495
0.0567732
0.0556457
0.0522421
0.0513137
0.0518304
0.0542226
0.0605831
0.0649414
0.0662928
0.0648926
0.0649397
0.0660144
0.069564
0.0846738
0.112866
0.141432
0.232863
0.450061
0.51232
0.509596
0.37534
0.221697
0.163549
0.14175
0.110036
0.0700348
0.0494569
0.0474899
0.0451214
0.0379759
0.0375536
0.039267
0.0429088
0.0536055
0.0793328
0.104613
0.102559
0.098838
0.0873479
0.0613143
0.0581107
0.0637484
0.0630078
0.0580744
0.0651928
0.0628139
0.0621935
0.0683224
0.0708309
0.0817603
0.0834566
0.0878665
0.086898
0.0842263
9.32795e-05
9.72494e-05
0.000102467
0.000104834
0.000106248
0.00010751
0.000108599
0.000108746
0.000108199
0.000107943
0.000108063
0.000108408
0.000108338
0.000107473
0.000106188
0.000105392
0.00010551
0.000109933
0.000115455
0.00011857
0.000119973
0.000121262
0.000126927
0.000132333
0.000135811
0.000138288
0.000141737
0.000152109
0.000159388
0.000165108
0.00016625
0.00016546
0.000166398
0.000168515
0.000168063
0.000165968
0.000165128
0.00016583
0.000169803
0.000185507
0.000213774
0.000229473
0.000264194
0.000284267
0.000307191
0.000341893
0.000376019
0.000416094
0.000517664
0.000630146
0.000741893
0.00101309
0.00139342
0.00217464
0.00339773
0.00518496
0.00834711
0.0123163
0.0176075
0.0231825
0.0297921
0.0349275
0.0384833
0.0392025
0.0387479
0.0374323
0.0347749
0.0322364
0.0301929
0.0256752
0.0192328
0.0142704
0.0109498
0.00877036
0.00729502
0.0063384
0.00588156
0.00564929
0.00561011
0.0056845
0.00582128
0.00581252
0.00579614
0.00564899
0.00567457
0.00570969
0.00581512
0.0062571
0.00709484
0.00883235
0.0122889
0.0234934
0.0732935
0.279458
0.552323
0.827851
0.970874
0.935872
0.666733
0.329564
0.153588
0.101052
0.0928446
0.0940348
0.0984984
0.104916
0.114138
0.122416
0.128899
0.134102
0.144241
0.148893
0.155609
0.158519
0.160104
0.159907
0.16357
0.156877
0.151182
0.12447
0.0954633
0.0657081
0.0592236
0.0516036
0.041682
0.0325797
0.0254845
0.0209777
0.0192405
0.0172162
0.0166487
0.0168811
0.017952
0.0195161
0.0225617
0.0357704
0.0505247
0.0543143
0.0549259
0.058415
0.063182
0.063445
0.0620684
0.0609976
0.0599618
0.0564791
0.0545389
0.0528164
0.0513014
0.051242
0.0553965
0.0633681
0.0654869
0.0660243
0.0667337
0.0686945
0.0751205
0.0817533
0.0886068
0.107324
0.123542
0.149948
0.251375
0.449218
0.551617
0.550405
0.385785
0.219664
0.165027
0.161262
0.135926
0.0777469
0.0499268
0.0495443
0.0552033
0.0493767
0.0395921
0.0398012
0.0431253
0.0646885
0.0812022
0.101913
0.107298
0.0993303
0.09435
0.0709809
0.0643348
0.0666132
0.0883384
0.0708876
0.0695815
0.0642501
0.0616795
0.0624401
0.0630029
0.0697209
0.0724131
0.0777097
0.0785477
0.0785767
0.000102771
0.000105193
0.000112254
0.000119597
0.000123635
0.000125599
0.000128729
0.000132241
0.000136114
0.000138545
0.000139795
0.000142149
0.000145602
0.000150116
0.000154563
0.00015646
0.000157525
0.000158185
0.000158205
0.00016044
0.000189775
0.000241665
0.000298523
0.000337184
0.000364619
0.000382525
0.000392663
0.000420591
0.000474237
0.000521885
0.000536607
0.000534736
0.000519899
0.000462751
0.000394613
0.000365816
0.000362253
0.000366458
0.000374082
0.000375637
0.000374958
0.00035444
0.000347045
0.000351338
0.000370799
0.000420819
0.000535134
0.000699514
0.00104584
0.00154159
0.00212491
0.00369459
0.00538986
0.00875825
0.0130671
0.0190218
0.0282404
0.0378004
0.0498178
0.0616519
0.0718323
0.0786789
0.0788705
0.0773504
0.0732135
0.0654098
0.055989
0.0488464
0.0449956
0.0387132
0.0299984
0.0213709
0.0151283
0.0112258
0.0088791
0.00736608
0.00651545
0.00612242
0.0059409
0.00588979
0.00584585
0.00588627
0.00597687
0.00613921
0.00660485
0.00694759
0.00787187
0.00872553
0.0102732
0.0136845
0.0229011
0.0486388
0.161849
0.373261
0.588573
0.82541
0.993325
1.06759
0.876909
0.47868
0.211508
0.115263
0.0954925
0.0949384
0.0985601
0.104092
0.11185
0.11638
0.118858
0.125588
0.135299
0.142325
0.150267
0.153423
0.154483
0.152313
0.155294
0.145717
0.117725
0.0937219
0.0759413
0.0591348
0.0487119
0.0443489
0.0372937
0.0305179
0.0258358
0.0221097
0.0197707
0.0179975
0.0174981
0.0172272
0.0173023
0.0177759
0.0196099
0.0288692
0.0399719
0.0461351
0.0514889
0.0567639
0.0603735
0.0613355
0.0618143
0.0619089
0.0597098
0.0561339
0.0555882
0.0558283
0.0564928
0.0588267
0.0665668
0.0685992
0.0663901
0.0655498
0.0685852
0.0832741
0.101864
0.105062
0.107782
0.117118
0.128573
0.154595
0.261624
0.44112
0.587382
0.564016
0.387646
0.242881
0.188946
0.172808
0.144309
0.0912453
0.0545311
0.0470331
0.0465588
0.0484383
0.0438061
0.0425459
0.0449963
0.0709821
0.0893566
0.0985656
0.11809
0.106211
0.0949284
0.0940678
0.0902644
0.0739467
0.0890026
0.0762849
0.0753824
0.0701348
0.0638602
0.0630909
0.0624444
0.0634497
0.0646586
0.0703469
0.0731347
0.0735912
0.000291676
0.000318898
0.000336822
0.000346504
0.000352418
0.000368377
0.000391138
0.000440394
0.000467666
0.000509287
0.000541879
0.000578327
0.000638427
0.000668424
0.000733422
0.000780914
0.000826624
0.000871144
0.000902016
0.000933813
0.00107068
0.00135422
0.00170082
0.00192994
0.00212531
0.00225019
0.00230657
0.0024018
0.00252613
0.00272954
0.00282128
0.00282459
0.00278994
0.00269402
0.00244793
0.00221109
0.00206705
0.00195857
0.00188312
0.00184506
0.00179849
0.0017858
0.00180659
0.00188568
0.00207936
0.00244915
0.00288529
0.00374707
0.00529113
0.00700718
0.00972444
0.0158992
0.0211782
0.0320211
0.044954
0.0609825
0.0822047
0.105769
0.126595
0.14801
0.161059
0.161374
0.157836
0.148682
0.131326
0.112301
0.0929809
0.0744309
0.0610811
0.0514453
0.042446
0.0328805
0.0241884
0.0171583
0.0133004
0.0107937
0.00942378
0.00856468
0.0082802
0.0083128
0.00838159
0.00858875
0.00898226
0.00950973
0.00980806
0.0104051
0.011213
0.0128744
0.0171355
0.0290409
0.058956
0.110571
0.260759
0.407939
0.589921
0.80244
0.974305
1.10388
1.15207
0.721084
0.315121
0.147269
0.102949
0.0963401
0.0996478
0.106213
0.113022
0.116178
0.117812
0.121634
0.127153
0.133932
0.140243
0.142785
0.138467
0.128819
0.131397
0.130341
0.0930865
0.0723718
0.0637581
0.0553261
0.0446239
0.0420494
0.0363027
0.0301202
0.0262779
0.0239224
0.0214613
0.0196451
0.0182821
0.0171776
0.0168859
0.0170752
0.0178835
0.0200424
0.0245228
0.0372272
0.0486968
0.0551776
0.0603364
0.0638714
0.065269
0.0644681
0.0612203
0.0612292
0.0636459
0.0645593
0.0656721
0.0695463
0.0705081
0.0654639
0.0604352
0.0629004
0.0846439
0.120024
0.120361
0.113489
0.11456
0.12256
0.134049
0.164816
0.24915
0.431276
0.591517
0.563524
0.434294
0.300224
0.210924
0.175145
0.147115
0.112615
0.0809092
0.0564221
0.0488383
0.0468066
0.0445693
0.0525347
0.0529741
0.0718792
0.125436
0.103685
0.121217
0.125578
0.106871
0.106201
0.105885
0.0820404
0.0901491
0.0840653
0.084263
0.0820596
0.0711251
0.0674829
0.0644191
0.0627077
0.0624819
0.0642638
0.0691643
0.0704299
0.00339604
0.00350552
0.00353843
0.00353987
0.00354327
0.00363335
0.00381837
0.00422883
0.00462383
0.00491637
0.00532652
0.00560737
0.00602283
0.00635096
0.00679416
0.0071708
0.0074684
0.00768574
0.00783952
0.00801761
0.00862636
0.00986657
0.011086
0.012103
0.0129386
0.0133717
0.0135533
0.013561
0.0134492
0.0135403
0.0140386
0.0142184
0.0141941
0.0140614
0.0135625
0.0126385
0.0118968
0.0112848
0.0109052
0.0106542
0.0106434
0.0107287
0.0110539
0.0115188
0.0124155
0.0137401
0.0153461
0.0192705
0.0235745
0.0300728
0.0414196
0.0551259
0.0734326
0.102465
0.129025
0.171357
0.214999
0.251177
0.289095
0.314745
0.316482
0.310636
0.292728
0.261127
0.223606
0.186299
0.149346
0.117069
0.0894087
0.0701944
0.0564381
0.0441802
0.0348887
0.0274193
0.0212023
0.0173809
0.0163278
0.0152223
0.0148174
0.0151181
0.0154196
0.015143
0.0152559
0.0152225
0.0154665
0.0165181
0.0192097
0.0257245
0.0434047
0.0964516
0.176623
0.216329
0.302809
0.403167
0.563384
0.727683
0.901204
1.05653
1.28032
1.16196
0.541422
0.220515
0.12111
0.101379
0.10003
0.106542
0.113967
0.118799
0.121036
0.123227
0.1271
0.128483
0.128847
0.122305
0.117021
0.11007
0.108802
0.109262
0.0792785
0.0612354
0.0568259
0.0538265
0.0446491
0.0421669
0.035824
0.0305454
0.0284794
0.0276496
0.0243038
0.021328
0.0195328
0.0178798
0.0173443
0.0171728
0.0171773
0.0174889
0.0190997
0.0253825
0.0405383
0.0510159
0.0582385
0.0621758
0.0642641
0.065476
0.0655233
0.0655462
0.0652022
0.0654139
0.065279
0.0643414
0.0571915
0.0524855
0.0541639
0.0737269
0.132189
0.139935
0.126889
0.114083
0.116321
0.128414
0.1407
0.170674
0.219769
0.373623
0.573446
0.5728
0.507178
0.353609
0.230548
0.183845
0.156731
0.145693
0.122209
0.0943968
0.0833981
0.0750953
0.0554466
0.0854049
0.133052
0.0829269
0.201342
0.12255
0.125286
0.148374
0.134619
0.109614
0.121652
0.0985358
0.100519
0.100376
0.0977718
0.0932043
0.0784778
0.0766749
0.0741426
0.0657787
0.0635834
0.0640397
0.0669938
0.067607
0.034171
0.0340992
0.0338168
0.0333735
0.0331529
0.0333467
0.0338777
0.0351662
0.0368479
0.0378411
0.0397806
0.0406721
0.0418583
0.0426517
0.0432533
0.0440114
0.0444938
0.044879
0.045315
0.0463423
0.0483169
0.0509801
0.0531384
0.0549518
0.0560673
0.0562381
0.0562106
0.0558372
0.0551336
0.0548837
0.0546487
0.0542336
0.0537141
0.0527504
0.0508189
0.0492414
0.047194
0.0452083
0.0441612
0.0433635
0.0433638
0.0436648
0.0444692
0.0459235
0.0490444
0.0529796
0.0593245
0.0704565
0.0824444
0.103947
0.12811
0.163991
0.208679
0.261616
0.328679
0.405866
0.453354
0.499369
0.517717
0.51442
0.502918
0.478118
0.443713
0.401364
0.34694
0.292701
0.236313
0.187214
0.143719
0.109007
0.0822681
0.0645534
0.0512719
0.0400964
0.0336789
0.0299399
0.0261614
0.0250429
0.0250038
0.0243637
0.023582
0.0236513
0.0238794
0.0248351
0.0280765
0.0343061
0.046468
0.0735004
0.155529
0.248689
0.265052
0.267895
0.295171
0.380646
0.488244
0.628117
0.720091
0.871148
1.25928
1.55402
0.962407
0.38266
0.166606
0.10912
0.0990952
0.100405
0.111818
0.119966
0.124804
0.126138
0.126277
0.12427
0.118108
0.109742
0.10804
0.100316
0.091311
0.0904559
0.068256
0.0597724
0.0565643
0.0545128
0.0470379
0.0421627
0.0364597
0.0334933
0.0327532
0.0313177
0.0285083
0.0271052
0.0241544
0.0207085
0.0191957
0.0181716
0.0175729
0.0173717
0.0177038
0.0207206
0.0318576
0.0395755
0.0440871
0.0510316
0.0571161
0.0595897
0.0596636
0.0589431
0.0559436
0.051284
0.0465545
0.0440021
0.0439083
0.0459501
0.0607577
0.131166
0.158049
0.150971
0.112459
0.101269
0.106629
0.126011
0.150123
0.171644
0.200397
0.307909
0.552788
0.607083
0.55182
0.39954
0.275001
0.206191
0.174853
0.160686
0.154442
0.149395
0.166252
0.179296
0.143499
0.197711
0.383784
0.101134
0.190218
0.138678
0.130611
0.150255
0.146282
0.119792
0.13184
0.116437
0.11108
0.113864
0.110845
0.106833
0.0903463
0.0833528
0.0834656
0.0752295
0.0683035
0.0666899
0.0679283
0.0678341
0.195859
0.192299
0.186289
0.181695
0.175332
0.173006
0.170649
0.170549
0.170812
0.170918
0.17122
0.170953
0.170437
0.169381
0.167176
0.165881
0.16457
0.16425
0.164377
0.16469
0.165529
0.166708
0.167208
0.167478
0.167445
0.16601
0.163828
0.162181
0.159802
0.15825
0.156633
0.153647
0.151832
0.147768
0.144024
0.140025
0.134985
0.132995
0.130538
0.128489
0.128485
0.129253
0.131229
0.136443
0.142936
0.155772
0.171887
0.195373
0.230792
0.26411
0.32834
0.389985
0.470558
0.543592
0.588853
0.615806
0.622405
0.618865
0.6067
0.581888
0.554827
0.52414
0.496453
0.460349
0.416834
0.363891
0.314755
0.260753
0.209384
0.168692
0.133638
0.105069
0.0860351
0.0706946
0.0569502
0.0529636
0.0487915
0.0434085
0.0423794
0.0419574
0.0418974
0.043003
0.0464476
0.0549484
0.0702322
0.0926149
0.13726
0.249109
0.315747
0.318072
0.292432
0.268044
0.276205
0.321095
0.409088
0.496238
0.51864
0.5501
0.952764
1.59405
1.58662
0.716909
0.282586
0.138322
0.101339
0.095614
0.0971207
0.106768
0.114741
0.117574
0.117994
0.1131
0.106061
0.103288
0.102358
0.0944561
0.0830846
0.0796967
0.0667015
0.0647127
0.0623427
0.0542976
0.0478138
0.042584
0.0403727
0.0389003
0.0393064
0.038774
0.0345845
0.0303413
0.0259893
0.0244102
0.0222809
0.0202506
0.0185815
0.0182344
0.0188421
0.0227506
0.0260463
0.02677
0.0277414
0.0313337
0.0337578
0.0338665
0.033681
0.0337415
0.0336115
0.0336025
0.0339766
0.0358302
0.041692
0.0583815
0.125235
0.16642
0.168455
0.138503
0.102539
0.097694
0.10571
0.13008
0.169596
0.175788
0.183599
0.245705
0.517673
0.635636
0.588883
0.451062
0.327117
0.240055
0.205049
0.194367
0.185291
0.169365
0.177556
0.176558
0.182565
0.268653
0.384352
0.113671
0.19996
0.187285
0.191205
0.154267
0.173884
0.133571
0.144922
0.148255
0.136175
0.14041
0.13095
0.124846
0.111834
0.0960856
0.0959667
0.0926653
0.0825908
0.074523
0.0729078
0.0699695
0.678374
0.645452
0.607257
0.573996
0.544205
0.524477
0.504304
0.490696
0.478732
0.464666
0.454682
0.440394
0.428671
0.417326
0.405002
0.397836
0.389949
0.383986
0.381626
0.376623
0.373276
0.370306
0.363821
0.360068
0.356152
0.350291
0.347003
0.343785
0.338055
0.334801
0.330209
0.323466
0.31963
0.31313
0.307906
0.302573
0.298574
0.292731
0.288273
0.287776
0.288536
0.291522
0.297377
0.310952
0.326211
0.349152
0.384841
0.424177
0.472657
0.538432
0.592716
0.628697
0.659063
0.669298
0.669446
0.665457
0.65572
0.635133
0.601143
0.575389
0.546547
0.51501
0.488909
0.45511
0.426247
0.387703
0.352435
0.308964
0.267492
0.229378
0.196587
0.168493
0.148396
0.127203
0.10937
0.0983072
0.0883548
0.0820136
0.0816486
0.0827293
0.0869295
0.0974305
0.111568
0.145648
0.190391
0.261094
0.330321
0.36429
0.359723
0.281892
0.193008
0.184256
0.21064
0.265999
0.34394
0.394734
0.381417
0.328678
0.393431
1.30481
1.85566
1.32293
0.558498
0.239314
0.128869
0.0980496
0.0908514
0.0895923
0.091969
0.0955382
0.0971804
0.0985439
0.10041
0.101922
0.102098
0.0974262
0.0815596
0.0756823
0.067525
0.066324
0.0618508
0.0514457
0.0483428
0.0440226
0.044009
0.0437594
0.0430369
0.040442
0.0335863
0.0304522
0.0288954
0.0275371
0.0260933
0.0247499
0.0238659
0.0241447
0.0248262
0.0246027
0.0239509
0.0237036
0.0231795
0.0227523
0.0227216
0.0231375
0.0252252
0.0271576
0.0281725
0.0302122
0.03554
0.0473523
0.0831439
0.13983
0.169775
0.174807
0.165603
0.128688
0.100299
0.0985053
0.10725
0.145805
0.175964
0.169023
0.164492
0.196488
0.44876
0.660356
0.667401
0.550363
0.4382
0.336736
0.272694
0.246459
0.228473
0.22396
0.236703
0.237944
0.230977
0.278297
0.279226
0.208309
0.42335
0.258091
0.435295
0.164571
0.230285
0.169217
0.172903
0.208543
0.173114
0.162099
0.130133
0.120826
0.116332
0.10501
0.101458
0.099156
0.0944162
0.0833164
0.0780198
0.0746757
1.43836
1.31847
1.20058
1.10456
1.02851
0.964715
0.911298
0.866687
0.8248
0.78757
0.75318
0.722517
0.69671
0.6727
0.653481
0.637357
0.622801
0.611441
0.600577
0.590045
0.581902
0.572206
0.564828
0.557912
0.550353
0.545264
0.539475
0.534172
0.529794
0.524389
0.517808
0.51272
0.505777
0.498315
0.493774
0.488176
0.483
0.481443
0.481546
0.482571
0.486899
0.494502
0.503942
0.525323
0.547578
0.576147
0.608552
0.637999
0.656596
0.676211
0.688382
0.688822
0.685374
0.676042
0.658976
0.617199
0.589703
0.564089
0.543498
0.520197
0.493893
0.475873
0.454607
0.432899
0.412725
0.389928
0.363892
0.332527
0.305919
0.284814
0.257629
0.230273
0.212249
0.19503
0.173476
0.16372
0.162634
0.162321
0.165019
0.176993
0.194196
0.23223
0.291915
0.317268
0.352932
0.379924
0.377037
0.330698
0.199923
0.122732
0.104717
0.114031
0.157555
0.226656
0.299398
0.314236
0.289551
0.282069
0.301999
0.634893
1.81004
1.80877
1.11837
0.522505
0.243931
0.140491
0.102436
0.0906229
0.0881537
0.0905953
0.0919405
0.0946388
0.0979971
0.100247
0.100684
0.0967131
0.0767989
0.0705306
0.0671445
0.0594608
0.0548794
0.0514249
0.0513717
0.0482537
0.0483945
0.0474027
0.0438046
0.0413477
0.0367454
0.0357326
0.0360557
0.0354363
0.0360393
0.0362747
0.0358325
0.0344898
0.0304348
0.0280663
0.0260711
0.0243624
0.0234675
0.02354
0.0244626
0.0263176
0.0288813
0.032822
0.0421569
0.0560583
0.0905619
0.153815
0.179008
0.182277
0.171915
0.158985
0.156474
0.145018
0.110338
0.100208
0.107313
0.152525
0.168661
0.162043
0.156162
0.174602
0.366212
0.663616
0.786062
0.704106
0.587474
0.410223
0.331611
0.304176
0.2892
0.270447
0.273304
0.283793
0.283308
0.305494
0.373096
0.253692
0.271399
0.242037
0.2718
0.247295
0.216289
0.255236
0.213931
0.210636
0.17277
0.141801
0.112598
0.107575
0.109036
0.108165
0.10524
0.104803
0.103793
0.0938557
0.0866979
0.0843218
2.09476
1.82578
1.60451
1.44087
1.31426
1.21306
1.13006
1.05931
0.999799
0.950164
0.908782
0.875273
0.846707
0.82372
0.80459
0.788544
0.774837
0.763155
0.753285
0.744499
0.737016
0.730339
0.72423
0.719423
0.7142
0.709468
0.705106
0.699412
0.694414
0.68886
0.682513
0.676749
0.671005
0.665009
0.660334
0.656319
0.653165
0.652471
0.653024
0.655065
0.659494
0.667793
0.676114
0.68099
0.689434
0.695856
0.696294
0.694165
0.687232
0.67124
0.638812
0.601406
0.556591
0.523955
0.500385
0.489925
0.485193
0.475635
0.47224
0.4608
0.450626
0.439068
0.423746
0.41359
0.398621
0.386812
0.368462
0.353192
0.33729
0.320969
0.303292
0.289707
0.281627
0.27491
0.273599
0.276283
0.284306
0.304417
0.333617
0.365384
0.390742
0.397101
0.395603
0.38641
0.34346
0.243055
0.16487
0.109303
0.0785506
0.0714378
0.0738356
0.0969263
0.147161
0.217358
0.260069
0.255103
0.231126
0.34312
0.49519
0.536992
1.26975
1.86657
1.6639
1.20308
0.63914
0.360784
0.21291
0.140799
0.10884
0.0966289
0.0927565
0.0914599
0.0890638
0.0872129
0.085804
0.0826371
0.0716077
0.0693747
0.0663552
0.0584561
0.0567411
0.0579838
0.0604027
0.0580957
0.0546737
0.054486
0.0510879
0.0501948
0.0515128
0.0506271
0.0511926
0.0497355
0.0492539
0.0496246
0.0493359
0.0499758
0.0481442
0.0468455
0.0439488
0.0427333
0.0433796
0.0465257
0.0584568
0.0709028
0.10081
0.141899
0.198163
0.243119
0.262341
0.25627
0.20598
0.147914
0.13419
0.149307
0.204706
0.205516
0.144691
0.110014
0.128813
0.17971
0.229322
0.233047
0.207009
0.204357
0.275238
0.615583
0.814452
0.912756
0.820018
0.510121
0.452048
0.439503
0.372889
0.296053
0.309522
0.333424
0.334985
0.314814
0.317247
0.260624
0.312899
0.218635
0.157509
0.281519
0.18681
0.246319
0.204677
0.150731
0.141023
0.119605
0.109562
0.110143
0.110965
0.113893
0.111359
0.111765
0.111633
0.107366
0.106258
0.106908
2.41041
1.95555
1.65637
1.45621
1.31747
1.21868
1.14595
1.09025
1.04708
1.01273
0.985526
0.963969
0.946253
0.932084
0.919681
0.909089
0.899389
0.890373
0.882012
0.873857
0.865856
0.858004
0.849997
0.842238
0.834264
0.826459
0.818616
0.810969
0.803322
0.79614
0.789209
0.782785
0.77688
0.771146
0.7658
0.761139
0.756776
0.75209
0.74732
0.741808
0.733876
0.723369
0.709799
0.690411
0.663693
0.629773
0.585667
0.534177
0.480763
0.429343
0.388507
0.362381
0.351638
0.349722
0.35296
0.361249
0.367793
0.375509
0.381564
0.38576
0.390965
0.393616
0.396983
0.400218
0.40131
0.405621
0.406241
0.410734
0.411827
0.413014
0.418152
0.424246
0.432246
0.439988
0.449741
0.460033
0.467388
0.468911
0.464785
0.442469
0.391215
0.325751
0.257879
0.204299
0.165208
0.139301
0.122544
0.111807
0.110542
0.110173
0.107982
0.117939
0.161768
0.218378
0.271709
0.319735
0.393103
1.04101
1.46805
1.21302
1.10835
1.52048
1.77526
1.64083
1.5312
1.18238
0.860141
0.592819
0.389494
0.25139
0.168155
0.125396
0.10776
0.100467
0.0964486
0.0917359
0.0858035
0.084288
0.0824834
0.0789464
0.0792857
0.0837786
0.0859653
0.0860365
0.0846113
0.0887097
0.0970097
0.102603
0.115243
0.125238
0.130477
0.147224
0.156515
0.18487
0.194492
0.219697
0.226238
0.23957
0.248582
0.254583
0.271502
0.321573
0.418327
0.452445
0.484802
0.489701
0.48622
0.42192
0.342252
0.277239
0.237282
0.225389
0.243651
0.327261
0.351648
0.279312
0.178419
0.180853
0.253764
0.395659
0.487184
0.485633
0.396254
0.311241
0.314598
0.419452
0.74951
0.997187
1.05169
0.955809
0.910183
0.932298
0.799913
0.442238
0.407873
0.514182
0.529215
0.466837
0.443462
0.277148
0.366708
0.470055
0.188332
0.255565
0.197962
0.176357
0.169955
0.145958
0.153904
0.168998
0.171232
0.184722
0.193452
0.212464
0.226772
0.240683
0.279112
0.309352
0.379005
0.432291
1.69738
1.34879
1.18873
1.11625
1.0876
1.07352
1.06253
1.04733
1.02607
1.0004
0.972635
0.94457
0.917546
0.892054
0.867655
0.844142
0.821162
0.798723
0.776587
0.754864
0.733624
0.71306
0.693319
0.674678
0.657206
0.641322
0.627031
0.614635
0.604095
0.595567
0.588866
0.583997
0.580701
0.578626
0.576783
0.574824
0.571197
0.565138
0.555124
0.53981
0.517536
0.487386
0.447753
0.398293
0.339695
0.276091
0.212701
0.15708
0.115198
0.0892357
0.0766025
0.075844
0.0853439
0.103633
0.129381
0.160348
0.193467
0.224523
0.251257
0.271304
0.281672
0.285454
0.285202
0.280075
0.274261
0.269851
0.268072
0.272041
0.282108
0.300325
0.327993
0.361335
0.401314
0.443607
0.486431
0.521866
0.547411
0.560087
0.56314
0.557473
0.543804
0.53745
0.536683
0.540649
0.558607
0.613862
0.670906
0.727663
0.765839
0.757142
0.730336
0.742571
0.850273
1.09675
1.44189
2.34728
3.48231
3.47121
2.74564
1.94694
1.72466
1.55815
1.35035
1.42865
1.76885
2.03484
2.18635
2.24681
2.17978
2.00957
1.76028
1.46242
1.17946
0.973529
0.815281
0.592199
0.414241
0.334642
0.241925
0.193351
0.164157
0.15196
0.155011
0.171161
0.200189
0.240355
0.295459
0.330842
0.391931
0.435073
0.468585
0.559223
0.577052
0.653789
0.676206
0.712565
0.775449
0.789406
0.878748
0.911667
0.978756
0.996025
1.00914
0.982608
0.95704
0.902585
0.868645
0.845819
0.850607
0.897385
0.942179
0.966824
0.939767
0.768879
0.528912
0.416568
0.419639
0.521446
0.653157
0.702696
0.673445
0.632256
0.64915
0.738425
0.828093
0.874152
0.836667
0.766742
0.880368
1.16183
1.3288
1.61395
1.84257
1.70961
1.52449
1.52027
1.12123
1.11034
1.68809
0.698121
0.351453
0.443629
0.216079
0.297034
0.42
0.307538
0.363284
0.410285
0.519614
0.873208
1.01309
1.35186
1.52231
1.9434
2.13559
2.62289
2.93573
3.68332
4.16597
4.85651
0.00103213
0.00342207
0.00438841
0.00522986
0.00686369
0.00874689
0.0116704
0.0152317
0.0206048
0.0267213
0.034962
0.0438285
0.0550511
0.0660794
0.0759528
0.08064
0.0797938
0.0741952
0.0540257
0.0188851
0.0099991
0.0109063
0.00913718
0.00604852
0.00564737
0.00618215
0.00640148
0.0060755
0.00607476
0.00676472
0.0083394
0.00996763
0.012843
0.0168071
0.020427
0.0249511
0.0295847
0.0331246
0.0351399
0.0368606
0.0385601
0.0425366
0.0508018
0.0643568
0.0819337
0.102675
0.123983
0.145672
0.164583
0.17926
0.190335
0.196428
0.19797
0.193543
0.187793
0.183521
0.181333
0.182675
0.19246
0.212319
0.249106
0.321338
0.451227
0.598252
0.782195
1.14525
1.89974
3.03797
4.15084
4.16317
3.20958
0.956524
0.351775
0.378065
0.395614
0.504928
0.645663
0.830902
0.990784
1.00005
0.947745
0.756393
0.609908
0.849641
1.52476
2.03896
2.43559
2.65255
2.73289
2.73588
2.58993
2.37186
2.09174
1.81259
1.5392
1.28157
1.07436
0.878581
0.687393
0.547328
0.431045
0.338693
0.260439
0.199608
0.165267
0.131609
0.114798
0.106252
0.10328
0.108254
0.119639
0.136988
0.159212
0.186151
0.215852
0.246961
0.279323
0.310793
0.342795
0.376994
0.418318
0.477648
0.563649
0.673724
0.790108
0.88128
0.918352
0.900533
0.843799
0.805862
0.801278
0.833773
0.894746
0.929025
0.92478
0.849054
0.676857
0.510532
0.392022
0.333259
0.32522
0.378953
0.533431
0.764628
1.05716
1.38435
1.70831
1.95172
2.07455
2.11982
2.03876
1.85606
1.60239
1.32167
1.04199
0.801633
0.611054
0.461775
0.366759
0.308043
0.281547
0.277917
0.308699
0.374593
0.482184
0.636748
0.848288
1.12551
1.48015
1.90546
2.31059
2.54248
2.60146
2.56004
2.3479
2.01654
1.63991
1.28881
1.01879
0.850324
0.758847
0.698339
0.659162
0.636172
0.611344
0.587274
0.567237
0.525072
0.448886
0.373005
0.307615
0.24312
0.187097
0.150033
0.130336
0.111043
0.0771815
0.036348
0.0152724
0.00818671
0.00375954
0.00377869
0.00320699
0.00270348
0.00272552
0.00288967
0.00324171
0.0036435
0.00421519
0.00470624
0.00522123
0.00581924
0.00626564
0.00731729
0.00983618
0.0156463
0.0208723
0.0320089
0.0362242
0.0333862
0.0316116
0.0286951
0.0218611
0.0133243
0.00848856
0.00586579
0.00486723
0.00481961
0.00519271
0.00628755
0.00724976
0.00771182
0.00793396
0.00794126
0.00775179
0.0077389
0.00802142
0.00916905
0.0117769
0.015404
0.0206819
0.0271873
0.0362662
0.0473884
0.0535039
0.054035
0.049115
0.0427487
0.0347383
0.0301676
0.0281436
0.0275937
0.0306746
0.0377463
0.0500841
0.0689554
0.092871
0.120011
0.150862
0.181226
0.217229
0.27272
0.313034
0.33731
0.404251
0.467688
0.455901
0.458587
0.676934
1.40947
2.16566
2.01008
1.73826
1.3687
0.814258
0.559172
0.550725
0.591832
0.619784
0.621067
0.982226
1.51473
1.40392
1.36463
1.41947
1.27982
1.03539
0.789906
0.583358
0.418183
0.303605
0.246117
0.220326
0.210213
0.195385
0.185696
0.17762
0.171842
0.164222
0.159243
0.156548
0.153985
0.152329
0.150225
0.149671
0.148868
0.147196
0.144924
0.142441
0.140198
0.136975
0.134257
0.13231
0.131389
0.131717
0.133743
0.136079
0.138419
0.142303
0.146019
0.145901
0.140906
0.139056
0.146219
0.178086
0.266146
0.37907
0.476563
0.524608
0.523844
0.4526
0.343385
0.276931
0.248244
0.239261
0.233742
0.222933
0.218291
0.22535
0.271714
0.360387
0.474143
0.604986
0.731731
0.799857
0.806995
0.748012
0.630916
0.496026
0.377969
0.279168
0.214461
0.185131
0.176882
0.180903
0.187037
0.19491
0.200225
0.205176
0.209602
0.211727
0.212348
0.211562
0.210644
0.209518
0.210158
0.214975
0.229051
0.258318
0.295266
0.336953
0.432255
0.603846
0.795954
0.981733
1.08882
1.1021
1.06685
0.893356
0.613457
0.423462
0.316681
0.244114
0.201149
0.183476
0.173306
0.173322
0.188634
0.201934
0.200412
0.196169
0.191155
0.178104
0.145524
0.100732
0.0871361
0.0776136
0.0683278
0.0476135
0.0186808
0.00456082
0.00299277
0.00213746
0.00215991
0.00236828
0.00285314
0.00347045
0.004125
0.00465282
0.00505556
0.00527518
0.00530646
0.00526619
0.00510598
0.00500246
0.00521852
0.00593231
0.00787174
0.0109373
0.0161102
0.0189637
0.0203437
0.0200693
0.0194008
0.0176836
0.0130869
0.00905916
0.0069452
0.00627319
0.00629218
0.00650426
0.00671015
0.00669025
0.00646033
0.00610512
0.00586676
0.00565986
0.00568852
0.00602592
0.00712272
0.0093682
0.0123672
0.0163733
0.0210923
0.0235089
0.0214474
0.0173809
0.0153677
0.0147877
0.0165835
0.0225114
0.0318831
0.0479655
0.0714176
0.0973021
0.119905
0.14049
0.163291
0.188429
0.219201
0.251647
0.289983
0.353983
0.412232
0.460249
0.445487
0.406187
0.365557
0.344707
0.411213
0.626388
1.16754
1.33715
1.25971
1.03435
0.633301
0.545308
0.590034
0.822767
1.45278
1.47573
1.36255
1.13835
0.917966
0.612935
0.382045
0.261065
0.199937
0.174917
0.1685
0.176713
0.188454
0.196504
0.203182
0.208526
0.210926
0.211615
0.211686
0.209369
0.207319
0.205317
0.200594
0.197413
0.191779
0.187989
0.181956
0.176525
0.169798
0.162838
0.155479
0.148228
0.140305
0.132231
0.123511
0.114737
0.107447
0.103254
0.102368
0.103477
0.105178
0.10491
0.101214
0.0839599
0.0675364
0.0626131
0.0657002
0.0840745
0.14726
0.207701
0.230204
0.230722
0.222711
0.18482
0.154382
0.148891
0.153342
0.163854
0.183761
0.226202
0.278872
0.346736
0.421245
0.465293
0.438105
0.371282
0.300841
0.230798
0.170781
0.140305
0.12578
0.121116
0.124514
0.131412
0.140659
0.150407
0.160759
0.171535
0.177288
0.179967
0.181028
0.18033
0.180071
0.178218
0.174939
0.168772
0.161595
0.152977
0.144929
0.13984
0.138644
0.140323
0.146187
0.155227
0.17837
0.220389
0.265499
0.369859
0.523011
0.563563
0.543691
0.464384
0.331549
0.21541
0.128683
0.0818972
0.0560814
0.0477413
0.0490889
0.0584947
0.0605493
0.0606249
0.0636656
0.0838192
0.0894831
0.0836496
0.0665434
0.0558058
0.0549529
0.0551988
0.042319
0.0040715
0.00241552
0.00203582
0.00227242
0.00293418
0.00382931
0.0045634
0.00521238
0.00570478
0.00591692
0.00596155
0.00591252
0.00578355
0.00547222
0.00515077
0.00466252
0.00452519
0.0046644
0.00520178
0.00660187
0.00888209
0.00973078
0.0115501
0.0124108
0.0124544
0.0123307
0.0116773
0.00975005
0.00813255
0.00721708
0.00647438
0.00608121
0.00575346
0.00560943
0.00549586
0.00532158
0.00528096
0.00543013
0.00597123
0.00693153
0.0083728
0.0102481
0.0123188
0.0147992
0.0160818
0.0159024
0.0155115
0.0159389
0.0192107
0.0278358
0.0438528
0.0670173
0.0887677
0.103581
0.115219
0.129037
0.145421
0.164216
0.185945
0.213594
0.245132
0.279221
0.340226
0.408497
0.401827
0.406575
0.419572
0.459559
0.444651
0.388163
0.395302
0.498767
0.686848
0.854176
0.824897
0.6485
0.707773
1.0667
1.30602
1.36351
1.17771
0.821165
0.570056
0.361906
0.234379
0.181454
0.167035
0.175564
0.190282
0.213442
0.226505
0.237993
0.245249
0.25136
0.255384
0.257997
0.259284
0.260741
0.260154
0.261725
0.261042
0.261053
0.259943
0.259381
0.257265
0.254501
0.249477
0.242455
0.233684
0.220901
0.207034
0.192981
0.178994
0.164265
0.150253
0.135613
0.118378
0.103568
0.0958422
0.0927887
0.0884037
0.076914
0.068605
0.0675288
0.065558
0.0576231
0.0563443
0.0634412
0.0970145
0.125655
0.136921
0.139417
0.140206
0.140327
0.140679
0.142976
0.149448
0.16628
0.215765
0.25714
0.281693
0.303044
0.297936
0.249775
0.188206
0.143709
0.115767
0.102737
0.0991994
0.10075
0.10324
0.105749
0.107997
0.111818
0.117337
0.125067
0.132524
0.137547
0.139098
0.141469
0.143059
0.144749
0.147225
0.147816
0.147676
0.143724
0.13605
0.127263
0.117831
0.111249
0.107641
0.106604
0.108236
0.116892
0.127327
0.137194
0.158547
0.199595
0.234196
0.318999
0.335894
0.318306
0.257908
0.16587
0.100627
0.0622217
0.0384168
0.028994
0.027648
0.0280109
0.0274496
0.0276523
0.0304296
0.0405078
0.0453462
0.0454508
0.0438468
0.0479243
0.0574176
0.0512986
0.00394473
0.00239146
0.00255029
0.00329351
0.00431822
0.00516329
0.00579481
0.00619781
0.00625448
0.00626498
0.0062935
0.00626119
0.00616306
0.0059582
0.0057059
0.00523274
0.00472919
0.00443138
0.00445158
0.00465917
0.00522471
0.00603156
0.00697698
0.00734723
0.00772907
0.00769265
0.00760225
0.00748911
0.00717288
0.00632162
0.00560312
0.0053068
0.00526733
0.00531389
0.00551388
0.00589023
0.0063783
0.00716989
0.00744508
0.00802438
0.0092145
0.0108191
0.0127225
0.0149893
0.0161822
0.0166514
0.0181573
0.0239598
0.0384674
0.0589323
0.0773521
0.0912619
0.097765
0.105323
0.113951
0.124439
0.135436
0.14788
0.16273
0.181122
0.206345
0.243018
0.282474
0.350154
0.380303
0.401498
0.424879
0.402495
0.360341
0.304427
0.286418
0.309192
0.374068
0.564077
0.601612
0.613597
0.939111
1.19085
1.18182
0.941887
0.64002
0.412087
0.264963
0.185504
0.157955
0.155164
0.17032
0.197662
0.214317
0.224386
0.233457
0.239605
0.245486
0.250781
0.255184
0.258255
0.261431
0.264795
0.266092
0.269647
0.270832
0.273701
0.274786
0.277146
0.278113
0.280191
0.281893
0.282422
0.281498
0.278116
0.270652
0.257199
0.237954
0.213524
0.186193
0.161688
0.140644
0.123382
0.112779
0.107389
0.101555
0.0890284
0.0717124
0.0586666
0.0555017
0.0568876
0.0582429
0.0591075
0.0676959
0.0891684
0.100213
0.104824
0.112268
0.125994
0.136195
0.139253
0.142823
0.155433
0.183925
0.19848
0.209192
0.223943
0.214037
0.163028
0.118983
0.0967579
0.0861411
0.0815401
0.0800545
0.0798498
0.0797752
0.0811258
0.0820789
0.0838633
0.0870193
0.0932288
0.0988121
0.101593
0.0983701
0.0928551
0.0932823
0.0966843
0.10619
0.111427
0.111901
0.111238
0.107763
0.0991049
0.094608
0.0906604
0.0869866
0.0862755
0.0866507
0.0874954
0.0959659
0.105984
0.115678
0.124413
0.141043
0.158136
0.183302
0.217412
0.21379
0.189101
0.135507
0.0849641
0.0513455
0.0339142
0.0260782
0.0234597
0.0218547
0.0198809
0.020009
0.0219739
0.0290577
0.0346589
0.0389149
0.0448238
0.0600065
0.0691315
0.00391204
0.00285711
0.00358988
0.00466812
0.0054552
0.00602898
0.0063344
0.00639531
0.00615841
0.00606156
0.00611821
0.00616107
0.00615691
0.00613398
0.00603606
0.00582686
0.0053753
0.00487728
0.0047555
0.00480321
0.0049212
0.00520392
0.00552172
0.00573717
0.00583378
0.00582577
0.00577964
0.00569547
0.00551435
0.00525927
0.00516914
0.00518748
0.00539278
0.00602946
0.0077109
0.00914314
0.00946085
0.00957296
0.0101178
0.011615
0.0128476
0.0134362
0.0148346
0.016773
0.018314
0.0211853
0.0292773
0.0485533
0.0676307
0.079945
0.0872224
0.0909376
0.0962768
0.102876
0.111441
0.122067
0.132454
0.14414
0.155652
0.164705
0.176894
0.203719
0.258189
0.326002
0.373182
0.371492
0.364173
0.339714
0.316783
0.300729
0.259989
0.260146
0.282679
0.413183
0.47061
0.596961
1.08735
1.12145
0.812399
0.536419
0.334804
0.218399
0.16079
0.141363
0.145653
0.163107
0.183706
0.19597
0.200283
0.198903
0.195611
0.193313
0.19388
0.195571
0.201748
0.20624
0.216221
0.222894
0.23125
0.237914
0.244997
0.253108
0.258732
0.26656
0.273189
0.277689
0.282401
0.287746
0.290534
0.290647
0.290377
0.289664
0.28654
0.277244
0.258384
0.227265
0.188756
0.151453
0.122781
0.106791
0.100955
0.098336
0.0946473
0.0819435
0.0693802
0.0685753
0.0716522
0.0706107
0.0667746
0.0695111
0.0775724
0.0826631
0.0934564
0.11386
0.129167
0.133307
0.134002
0.139606
0.157381
0.16639
0.175169
0.180426
0.163729
0.121638
0.0906944
0.0767886
0.0707032
0.0681963
0.0673234
0.068178
0.0695967
0.0706795
0.0716253
0.07241
0.0737322
0.0775738
0.0822632
0.0859131
0.0845622
0.0776356
0.0761541
0.0799385
0.0900626
0.0953092
0.0954728
0.0939217
0.0899858
0.0863509
0.0809217
0.0796936
0.080052
0.0794054
0.0787251
0.0786861
0.0815435
0.0947776
0.10456
0.108848
0.115642
0.119685
0.125407
0.134443
0.15542
0.156933
0.140516
0.101584
0.0759096
0.0513321
0.0344786
0.0261406
0.0231689
0.0190423
0.0171217
0.017709
0.0235768
0.0336753
0.0366772
0.051201
0.05938
0.0753221
0.00373292
0.00363121
0.00440193
0.00528426
0.00596926
0.0063528
0.00644129
0.0058993
0.00526526
0.00512999
0.0051184
0.00525629
0.00543861
0.00583483
0.0059737
0.00604499
0.0059337
0.005604
0.00548256
0.0054219
0.00545909
0.00561659
0.00584243
0.00592494
0.00603409
0.00610057
0.00614564
0.0061471
0.0062094
0.00635844
0.00655248
0.00696714
0.00796065
0.0104119
0.0119839
0.0121426
0.012054
0.012399
0.0139214
0.0158641
0.0174581
0.0183965
0.0196517
0.0221945
0.0273192
0.0381487
0.0538284
0.0686484
0.0784843
0.0827537
0.0876446
0.0922765
0.0990317
0.108002
0.120152
0.131638
0.140334
0.148463
0.153581
0.158153
0.165698
0.18126
0.225648
0.299745
0.370369
0.370841
0.357512
0.333222
0.315218
0.282906
0.242018
0.229637
0.241539
0.303117
0.383757
0.705854
1.09681
0.84627
0.497422
0.30138
0.194521
0.145763
0.129485
0.132239
0.148698
0.164991
0.171908
0.169239
0.153614
0.140884
0.136259
0.136524
0.13945
0.143043
0.147352
0.150741
0.155185
0.160412
0.167716
0.176202
0.183701
0.194574
0.204971
0.213372
0.224965
0.240553
0.252581
0.262338
0.274001
0.283207
0.288988
0.291885
0.292201
0.289543
0.281819
0.272154
0.252781
0.220135
0.181954
0.147178
0.122211
0.106614
0.0986474
0.0940921
0.0839957
0.0754299
0.0741907
0.07429
0.0689782
0.0640928
0.0641465
0.0688253
0.0878688
0.108254
0.120941
0.123453
0.12182
0.12256
0.128568
0.139002
0.159557
0.168631
0.144982
0.100903
0.0758611
0.0652973
0.0607524
0.0587235
0.0602455
0.062082
0.0624118
0.0627022
0.0636611
0.0641054
0.0645777
0.0633582
0.0610507
0.062378
0.0676408
0.0696953
0.070241
0.0759114
0.0866469
0.088152
0.0873796
0.0863145
0.082751
0.0804468
0.0788293
0.0775127
0.078399
0.0790605
0.0778731
0.0765752
0.0763189
0.0789386
0.0896216
0.0962631
0.10062
0.108621
0.110563
0.110845
0.11314
0.122109
0.121256
0.107135
0.0811096
0.0594305
0.041665
0.0355423
0.0279061
0.0212229
0.0173754
0.0178204
0.0238999
0.0330475
0.0380447
0.0513913
0.057838
0.102189
0.00373612
0.00421832
0.00508417
0.00606774
0.00655618
0.00669362
0.00653994
0.005446
0.00493381
0.00470777
0.00462536
0.00461021
0.00488842
0.00541145
0.00577024
0.006023
0.00612365
0.00625057
0.00630729
0.00631278
0.00647328
0.00664918
0.00704286
0.0075081
0.00801458
0.00871436
0.00950772
0.0100565
0.0108648
0.0116764
0.01216
0.0128076
0.014433
0.0153463
0.0151808
0.0150632
0.0156434
0.0180165
0.0211151
0.0236479
0.0266214
0.0304316
0.0338277
0.0386369
0.0465437
0.0565042
0.0673359
0.0752651
0.0797308
0.0846982
0.0904077
0.0997224
0.113277
0.127267
0.137007
0.141292
0.145381
0.148081
0.149743
0.151622
0.158122
0.168815
0.193224
0.278544
0.373572
0.40547
0.358167
0.320978
0.236417
0.229163
0.215493
0.206612
0.213799
0.263183
0.375354
0.819783
0.996724
0.550688
0.301887
0.186473
0.135586
0.119627
0.118889
0.131683
0.146603
0.153365
0.141195
0.123511
0.11488
0.11314
0.115656
0.119648
0.124124
0.127331
0.131165
0.133394
0.133807
0.133415
0.132559
0.133409
0.136451
0.137132
0.139402
0.149285
0.1636
0.176798
0.195456
0.212893
0.229822
0.247798
0.261137
0.271486
0.279695
0.283442
0.282391
0.276196
0.270258
0.258547
0.22778
0.190191
0.149318
0.117434
0.0960606
0.0814275
0.0713312
0.0676932
0.0697304
0.0743147
0.0727705
0.065619
0.0637362
0.0649075
0.079355
0.101666
0.110409
0.112369
0.11222
0.111847
0.112751
0.11864
0.141246
0.153223
0.132485
0.0892599
0.0660599
0.0565109
0.0530409
0.0528967
0.0542471
0.0536795
0.0510694
0.0513241
0.0538578
0.0550061
0.0563755
0.0534043
0.0465761
0.0460152
0.0501161
0.0620779
0.068436
0.0761232
0.0848125
0.0854175
0.0837195
0.0833982
0.0820975
0.0795869
0.0808764
0.0825048
0.082682
0.082779
0.0809382
0.0767774
0.0748315
0.0745796
0.0778391
0.0857988
0.0895521
0.0957528
0.101485
0.101724
0.0985386
0.0995121
0.10141
0.0987421
0.0902867
0.0670751
0.0503583
0.0397287
0.0312988
0.0220038
0.0183945
0.0187657
0.027806
0.0335655
0.0407046
0.0506617
0.048732
0.128734
0.00395911
0.00502548
0.00603003
0.00674848
0.00719245
0.00729961
0.00666364
0.00532215
0.00479545
0.00447914
0.00431493
0.00427791
0.00443077
0.00491137
0.00546406
0.00590708
0.00626931
0.00673971
0.00713427
0.00768355
0.00842319
0.00943682
0.0109329
0.0126992
0.0147812
0.0169015
0.0188359
0.0203709
0.0213833
0.0217597
0.0220455
0.0219449
0.0215208
0.0201585
0.0199826
0.0212707
0.0256846
0.0313582
0.0364836
0.0407136
0.045106
0.0488062
0.0503412
0.0529595
0.0586078
0.0655136
0.0717393
0.076299
0.0819018
0.0901483
0.10249
0.120232
0.129436
0.135479
0.138339
0.140044
0.140417
0.140436
0.140629
0.141789
0.144722
0.152277
0.167165
0.233596
0.365952
0.453295
0.385879
0.320842
0.211138
0.184896
0.189567
0.191142
0.212789
0.267049
0.424987
0.860869
0.720351
0.347124
0.193759
0.132181
0.111543
0.107165
0.115836
0.128699
0.135371
0.123138
0.109603
0.102567
0.101834
0.104507
0.109161
0.11303
0.116822
0.118382
0.121294
0.122312
0.121519
0.119258
0.116059
0.111464
0.11023
0.110873
0.115026
0.12398
0.13817
0.152873
0.16626
0.181335
0.193349
0.204929
0.215726
0.228799
0.242105
0.254924
0.264427
0.268944
0.270091
0.267915
0.244711
0.210905
0.184837
0.151034
0.118071
0.0926953
0.0775424
0.0698002
0.0686625
0.0708626
0.0746793
0.0738313
0.0725342
0.0740871
0.0852017
0.101311
0.104452
0.100941
0.0996549
0.101119
0.104085
0.111022
0.134756
0.145071
0.126005
0.0820828
0.0612308
0.051518
0.0477592
0.0483838
0.0475617
0.0440914
0.0416738
0.0408611
0.0396801
0.0386316
0.0389516
0.0410439
0.0402227
0.0399733
0.0446721
0.0591376
0.0684885
0.0766545
0.0805147
0.0827002
0.0829789
0.0837446
0.0855987
0.0885533
0.0946483
0.10059
0.102243
0.102146
0.100879
0.0937987
0.084149
0.0783577
0.0778124
0.0806982
0.0849613
0.0875716
0.0933129
0.0963333
0.0946197
0.0912951
0.0921783
0.0929972
0.0904417
0.0742423
0.0541885
0.0438239
0.0318787
0.0227689
0.0185862
0.0196123
0.0289176
0.0365817
0.0396483
0.0514997
0.0400964
0.137026
0.00463995
0.00561967
0.00677792
0.00759698
0.00824752
0.0082928
0.00735758
0.00582993
0.00510175
0.00453524
0.00429221
0.00424111
0.00436153
0.00485096
0.00550353
0.00619132
0.00713217
0.00842461
0.0101126
0.0120868
0.0138125
0.0155927
0.0172787
0.0191577
0.0210147
0.022422
0.0238248
0.0249491
0.0254743
0.0255843
0.0253974
0.0251735
0.0250385
0.0257798
0.0294888
0.0343968
0.0397185
0.0455737
0.0500519
0.053659
0.0563121
0.0576305
0.0579129
0.0596824
0.0632876
0.0675434
0.0726191
0.0784186
0.0877131
0.104764
0.118797
0.127312
0.133245
0.136017
0.136966
0.137349
0.137769
0.138103
0.137955
0.137043
0.134491
0.133757
0.151484
0.181077
0.338942
0.467017
0.453032
0.340975
0.213084
0.164203
0.167148
0.188928
0.221906
0.2801
0.538285
0.835081
0.469519
0.222127
0.1361
0.106523
0.0984676
0.101987
0.111551
0.11868
0.111261
0.101183
0.0956378
0.0965793
0.0997216
0.102906
0.104628
0.104966
0.102834
0.100006
0.0993621
0.0985404
0.0963145
0.0946894
0.0925939
0.0925889
0.0937923
0.0990725
0.109362
0.120411
0.134585
0.149164
0.161069
0.170651
0.179245
0.188159
0.196238
0.200522
0.204984
0.21533
0.224905
0.229608
0.237553
0.241585
0.24025
0.223486
0.190385
0.165126
0.139602
0.111084
0.0842679
0.0668987
0.0610116
0.0612203
0.06224
0.0618595
0.0597238
0.0611066
0.0753906
0.0961125
0.101412
0.0979861
0.0912136
0.0916726
0.0958262
0.103595
0.129082
0.140464
0.125212
0.080818
0.0571662
0.047758
0.0440761
0.0441719
0.0426128
0.0404814
0.0398918
0.0385088
0.0352198
0.0335416
0.0333452
0.0353328
0.0359191
0.0368217
0.0432115
0.0587289
0.0693614
0.0758051
0.0797681
0.0825124
0.0873057
0.0970639
0.103911
0.112798
0.126005
0.133535
0.134065
0.132658
0.129069
0.119351
0.103979
0.090127
0.0828421
0.082757
0.0837073
0.0843707
0.0857516
0.0914192
0.0925329
0.0901672
0.0894664
0.0920081
0.0925864
0.0816066
0.0544891
0.0429295
0.0321313
0.0229022
0.0198587
0.0206726
0.0317134
0.0348502
0.0413354
0.0446773
0.030293
0.175036
0.00565929
0.0062324
0.00745368
0.00884485
0.00953219
0.00966005
0.00924508
0.00823189
0.00713558
0.00588048
0.00518777
0.00500518
0.00503181
0.00562621
0.00691988
0.00851252
0.0104795
0.0126558
0.0143494
0.0153908
0.0162429
0.0176118
0.0190491
0.0206376
0.0217504
0.0225358
0.0234667
0.0242994
0.0247303
0.0249434
0.0251114
0.0266062
0.0299875
0.0334383
0.0378345
0.0427472
0.0478346
0.0524549
0.0557329
0.057815
0.0590699
0.0593954
0.059823
0.0614083
0.0640413
0.0679961
0.0741548
0.0833144
0.100308
0.117198
0.127937
0.134183
0.137266
0.138381
0.138732
0.139549
0.14041
0.14165
0.142022
0.140264
0.135045
0.129588
0.1303
0.153914
0.270355
0.467458
0.542167
0.388728
0.261912
0.184776
0.176709
0.199464
0.235547
0.312754
0.607477
0.661829
0.29665
0.152841
0.107267
0.0936233
0.0919446
0.0978548
0.103134
0.100546
0.0938174
0.0913786
0.0924104
0.0988856
0.104935
0.106
0.103176
0.0975445
0.0921306
0.0839577
0.079048
0.0769207
0.0751143
0.0742425
0.0749868
0.078293
0.0856611
0.097166
0.110123
0.123834
0.137565
0.150889
0.160347
0.166121
0.171949
0.174033
0.175523
0.177932
0.180558
0.181848
0.184586
0.18689
0.191999
0.21139
0.216108
0.211734
0.202506
0.185523
0.156371
0.12488
0.0942815
0.0708985
0.0577686
0.0560632
0.0617414
0.0637464
0.0601956
0.059447
0.0677422
0.0853974
0.0932453
0.0923832
0.0846738
0.0838754
0.0870597
0.0956981
0.118645
0.128844
0.120964
0.0826925
0.0573501
0.0467934
0.0420764
0.0397583
0.0377881
0.0374953
0.0370116
0.03521
0.0329557
0.0319319
0.0320033
0.0319995
0.0323672
0.0352923
0.0443677
0.0601955
0.0671599
0.0737437
0.0817611
0.0941158
0.108025
0.121609
0.138283
0.15106
0.165616
0.174061
0.177289
0.174502
0.168933
0.158717
0.134122
0.111266
0.0935323
0.0870668
0.0853679
0.0847399
0.083997
0.0853054
0.0911215
0.0909491
0.0901506
0.0920682
0.0953265
0.0859216
0.0560755
0.0386404
0.0287378
0.0226667
0.0202581
0.0219134
0.0307029
0.0361147
0.0402301
0.0415202
0.0273099
0.229473
0.00596812
0.00635141
0.00845964
0.0100633
0.0110359
0.0119665
0.0122986
0.0124177
0.0117593
0.00991677
0.00791412
0.00718406
0.00702829
0.00754032
0.00931449
0.0115507
0.013012
0.0140527
0.0148102
0.0153015
0.0156761
0.0163797
0.0171214
0.0185798
0.0196046
0.0202453
0.0210453
0.0225811
0.0240607
0.0258752
0.0280403
0.0315568
0.0339257
0.0372198
0.0418611
0.0461142
0.0501819
0.0539407
0.0565895
0.0581722
0.0590418
0.0593848
0.0601262
0.0617339
0.0642884
0.0690206
0.0779779
0.0942053
0.114883
0.128398
0.13644
0.14045
0.142409
0.143731
0.145671
0.147686
0.148592
0.149846
0.151445
0.152111
0.146586
0.134104
0.127064
0.13948
0.182381
0.428378
0.57178
0.47203
0.344479
0.218588
0.190294
0.20877
0.245558
0.435778
0.617628
0.436516
0.195867
0.116213
0.0923758
0.0855503
0.0868427
0.0899444
0.0903894
0.0888549
0.0894128
0.0930993
0.101359
0.109732
0.114305
0.114161
0.108163
0.0958282
0.0882944
0.0785491
0.0704264
0.0674926
0.0666387
0.0668899
0.0691721
0.0752468
0.0865663
0.100207
0.114825
0.128194
0.137908
0.149893
0.153371
0.153931
0.153303
0.152572
0.151021
0.146098
0.144708
0.145161
0.146353
0.148978
0.159856
0.173028
0.175098
0.178048
0.183999
0.181657
0.155058
0.128032
0.10904
0.0804634
0.0605155
0.055673
0.0588281
0.0651758
0.0653187
0.0652887
0.0732978
0.0857738
0.0895616
0.0889059
0.0808716
0.0777539
0.0795715
0.0888831
0.109341
0.116446
0.112238
0.0859899
0.05903
0.0468016
0.0398634
0.0355371
0.0337532
0.033267
0.032454
0.0305173
0.0292747
0.0290932
0.029852
0.0298713
0.0309578
0.0351839
0.046708
0.0607593
0.0664861
0.0756057
0.0963367
0.116275
0.135945
0.15805
0.180809
0.198994
0.219429
0.222406
0.213788
0.198926
0.191751
0.18701
0.176863
0.146611
0.115575
0.0962248
0.0902739
0.0864137
0.0840328
0.0837662
0.0882606
0.0932777
0.093966
0.0959626
0.0956229
0.0847148
0.0547059
0.0371602
0.0276524
0.0229241
0.0212587
0.0227053
0.0274687
0.0384643
0.0403413
0.0332654
0.0279902
0.22863
0.0071353
0.00657271
0.00928479
0.0110354
0.0132271
0.015062
0.0162675
0.0178866
0.0185238
0.0183839
0.0142791
0.0112588
0.00997401
0.00976365
0.0108042
0.0127681
0.013555
0.0139937
0.0142302
0.0143348
0.0144656
0.01512
0.0162979
0.0182687
0.0200282
0.021616
0.0230321
0.0251167
0.0275087
0.0303786
0.0326364
0.0341536
0.036457
0.0403754
0.0442374
0.0477039
0.0510509
0.0542996
0.0565316
0.0579311
0.0588064
0.0594721
0.0603164
0.0619203
0.0649689
0.0720528
0.0866389
0.111418
0.129169
0.138521
0.142838
0.144816
0.146913
0.15105
0.153398
0.152708
0.151658
0.151846
0.154057
0.156109
0.156063
0.147593
0.131695
0.129005
0.150704
0.304058
0.57394
0.609115
0.421655
0.300274
0.220162
0.228041
0.329466
0.491526
0.574425
0.281205
0.142355
0.0968025
0.0823151
0.0789706
0.0801729
0.0824864
0.0848189
0.0863793
0.0902482
0.101377
0.112203
0.116997
0.118079
0.116825
0.109757
0.0958058
0.0833142
0.0735457
0.0649416
0.0625038
0.0622665
0.063775
0.0679884
0.0768672
0.0920022
0.103569
0.115278
0.123005
0.128236
0.129144
0.130398
0.131986
0.132337
0.13199
0.130324
0.129071
0.127898
0.127937
0.128482
0.129961
0.135335
0.140085
0.14678
0.15571
0.163892
0.166137
0.157212
0.129863
0.108878
0.0867282
0.0654682
0.0523408
0.0505414
0.0538516
0.0564858
0.059114
0.0725451
0.0857972
0.0886678
0.0879115
0.0803537
0.0747734
0.0748525
0.0797956
0.099154
0.107791
0.105811
0.0874537
0.0617772
0.0474498
0.0389682
0.034127
0.032492
0.0301574
0.0274388
0.0269668
0.0273651
0.0273019
0.0276457
0.0288298
0.0308385
0.0397517
0.0523189
0.060775
0.0688927
0.0922092
0.122288
0.142747
0.17337
0.207179
0.237326
0.25944
0.258831
0.244887
0.218045
0.202448
0.19295
0.191571
0.188541
0.183209
0.154358
0.115439
0.0998273
0.0918624
0.0852085
0.0833808
0.085492
0.0977622
0.104469
0.104342
0.0998438
0.0791871
0.0509671
0.0334905
0.0290436
0.0259995
0.0263602
0.0259532
0.0286987
0.0358683
0.0385963
0.0296809
0.0262207
0.256594
0.00776036
0.00648312
0.009145
0.0111683
0.0138295
0.0159583
0.0178274
0.020458
0.0226556
0.0247098
0.0255716
0.02216
0.0156673
0.0133308
0.0128686
0.0136208
0.0145169
0.0147774
0.0148754
0.0149585
0.0152161
0.0163449
0.0186875
0.0219443
0.0249527
0.0272565
0.0291045
0.0308939
0.0324131
0.0341753
0.036449
0.0380148
0.0396275
0.0429909
0.0462756
0.0492966
0.0522519
0.0549687
0.0568588
0.0581464
0.0590149
0.0597796
0.0606994
0.0626473
0.067758
0.0803709
0.107952
0.130551
0.142244
0.146468
0.147531
0.15046
0.155342
0.157441
0.156387
0.154253
0.15248
0.152494
0.155267
0.158466
0.159285
0.153413
0.138539
0.128587
0.137343
0.18347
0.497476
0.668667
0.504748
0.394404
0.326973
0.329139
0.410393
0.485716
0.403443
0.195095
0.111131
0.0843844
0.0760914
0.0750907
0.0771764
0.0801466
0.0845393
0.0871163
0.0944062
0.105144
0.113608
0.116734
0.117205
0.115645
0.107458
0.0938506
0.0780711
0.0666071
0.0613771
0.0604586
0.0608471
0.0634506
0.0705126
0.0814055
0.0929572
0.100773
0.10399
0.107864
0.116228
0.120243
0.124658
0.127675
0.128611
0.12836
0.127696
0.126149
0.124692
0.122666
0.120228
0.119875
0.120579
0.12206
0.125465
0.139758
0.148687
0.150846
0.149054
0.131189
0.110195
0.092125
0.0706849
0.0524469
0.0437033
0.0426947
0.0431281
0.0447841
0.0628649
0.0827295
0.0878077
0.0873038
0.0802068
0.0731602
0.0724609
0.0743579
0.0871629
0.0981366
0.0979086
0.0865617
0.0637273
0.0487051
0.0394196
0.0345334
0.0315099
0.0280711
0.0260769
0.0260157
0.026887
0.0272168
0.0277749
0.0292299
0.0325801
0.0439208
0.0557297
0.0624227
0.0753341
0.115512
0.147043
0.168072
0.218624
0.267391
0.287774
0.290081
0.27572
0.240928
0.210791
0.186658
0.177343
0.178457
0.182803
0.184436
0.181815
0.15526
0.117032
0.102834
0.0891042
0.0842806
0.0843574
0.0946687
0.115027
0.115661
0.106282
0.076694
0.0465156
0.0299253
0.0277851
0.0310846
0.0368619
0.0351405
0.0320796
0.0345176
0.0345999
0.0290884
0.0306106
0.356036
0.0101139
0.00604954
0.00878021
0.0108971
0.0134586
0.0154932
0.0172025
0.0192824
0.0217992
0.0252574
0.0300037
0.0318552
0.0310031
0.0226175
0.0189532
0.0182026
0.0191203
0.0207887
0.0214802
0.0220998
0.0224658
0.0234258
0.0259008
0.0294634
0.0333322
0.0363644
0.0387585
0.0405471
0.0418418
0.0424296
0.0437522
0.0447399
0.0451647
0.0467194
0.0492752
0.0517851
0.0544554
0.0565977
0.0580668
0.0591024
0.0598219
0.0606265
0.0620543
0.0660324
0.0767109
0.104478
0.13156
0.146779
0.151553
0.15188
0.152985
0.156894
0.15979
0.15936
0.156828
0.154249
0.152983
0.153966
0.157799
0.161977
0.163113
0.157251
0.140049
0.128195
0.128011
0.144785
0.296138
0.663357
0.651421
0.474088
0.413989
0.397574
0.421159
0.444586
0.273084
0.146158
0.0968707
0.0807341
0.0753573
0.0747801
0.0765735
0.0797653
0.0867861
0.0950567
0.100183
0.103711
0.110261
0.112769
0.112427
0.109197
0.0972034
0.0819031
0.0708823
0.0632423
0.0603851
0.0599082
0.060704
0.066986
0.0722299
0.0815426
0.0848575
0.0895009
0.0968832
0.106314
0.119694
0.131254
0.139245
0.147031
0.152631
0.15631
0.155629
0.153357
0.148968
0.142935
0.134665
0.125646
0.121489
0.12112
0.122215
0.126962
0.132923
0.135934
0.136429
0.129185
0.113961
0.10031
0.0787597
0.0558315
0.0416303
0.0363375
0.0349169
0.0350996
0.0459813
0.0744638
0.085777
0.0862772
0.0807328
0.0723006
0.0703912
0.0712313
0.0792629
0.0880272
0.0886962
0.0836624
0.0654936
0.0509017
0.0411363
0.0360338
0.0324754
0.0287766
0.0272161
0.0275371
0.0283927
0.0283502
0.0288978
0.0306498
0.0360336
0.04888
0.0576103
0.0666888
0.0900435
0.145485
0.166033
0.207675
0.274215
0.31441
0.323088
0.307138
0.263415
0.21661
0.18111
0.144089
0.134566
0.134549
0.144908
0.165149
0.172082
0.168719
0.148639
0.119922
0.0990059
0.086521
0.085196
0.0906096
0.118534
0.127595
0.117342
0.0809175
0.0468318
0.0296838
0.0268912
0.0311831
0.037649
0.0405048
0.0364313
0.0366041
0.0345892
0.0323637
0.0348869
0.440881
0.0103802
0.00600858
0.00811158
0.0101247
0.0122167
0.0138351
0.0146995
0.0142306
0.0129744
0.0129971
0.0156826
0.0291019
0.0372934
0.0378465
0.0346161
0.0295637
0.0283741
0.0313215
0.0357631
0.0380195
0.0396172
0.0412989
0.0450694
0.0498921
0.0552622
0.0605013
0.0649165
0.0672685
0.0680613
0.0662829
0.0637185
0.0608144
0.0582027
0.0559434
0.0560922
0.0575751
0.0597029
0.0609002
0.061656
0.0621669
0.0626551
0.0638967
0.0673853
0.0769427
0.104532
0.133427
0.151385
0.15829
0.157908
0.156843
0.158115
0.16108
0.162247
0.161132
0.158133
0.157301
0.15797
0.162277
0.166397
0.168052
0.167641
0.159878
0.13676
0.122758
0.116786
0.123547
0.165663
0.494005
0.697245
0.577538
0.468742
0.430678
0.416822
0.340727
0.206077
0.127946
0.0953789
0.0811547
0.0758782
0.0757718
0.0778839
0.0817939
0.0900113
0.101126
0.1081
0.108803
0.110952
0.113153
0.11165
0.102208
0.0874611
0.0763529
0.0676917
0.0622219
0.0605992
0.0610275
0.0628704
0.0684038
0.0708686
0.0732937
0.0793763
0.0881271
0.107518
0.136562
0.170822
0.192406
0.206858
0.210309
0.207789
0.202354
0.193818
0.185651
0.180826
0.173975
0.167806
0.159722
0.145645
0.132756
0.126568
0.125805
0.126476
0.128954
0.129279
0.125673
0.116278
0.104347
0.083237
0.0582118
0.0402625
0.033174
0.0307904
0.0305105
0.0372639
0.0660776
0.0822488
0.0848034
0.0817198
0.0724822
0.0686175
0.0686995
0.0735975
0.0809194
0.0819712
0.0789927
0.0650946
0.0524627
0.0430898
0.036557
0.0340647
0.0322186
0.0297633
0.0293778
0.0294109
0.029396
0.0302322
0.0331365
0.0422217
0.0543498
0.0635256
0.0742624
0.114118
0.164828
0.19584
0.266385
0.331761
0.351832
0.340021
0.29805
0.221597
0.177741
0.137158
0.114705
0.0991792
0.0965548
0.0986996
0.114215
0.150282
0.159755
0.156664
0.143955
0.113724
0.0911712
0.0858475
0.0880408
0.113367
0.130874
0.128179
0.101553
0.0553936
0.0326086
0.0274967
0.0288844
0.035219
0.0413209
0.0430625
0.0424726
0.0367194
0.0336982
0.0433831
0.471537
0.0112383
0.00591998
0.00661485
0.00880122
0.0110567
0.0122583
0.012278
0.0117469
0.0113798
0.010406
0.0107785
0.0129949
0.0194086
0.0329293
0.042337
0.0453299
0.0448123
0.0435812
0.0473786
0.0579321
0.0703682
0.0781854
0.0886978
0.0976444
0.108264
0.119275
0.129659
0.13601
0.138286
0.132255
0.120943
0.105093
0.0922721
0.0815218
0.0741798
0.0709468
0.0715165
0.0721937
0.0718631
0.070765
0.0711283
0.0734607
0.0830834
0.107636
0.13503
0.156487
0.164986
0.16569
0.16323
0.162391
0.164589
0.168767
0.170085
0.167618
0.163946
0.163336
0.164421
0.169384
0.171847
0.171996
0.169451
0.160067
0.129436
0.107686
0.10371
0.107177
0.123152
0.222108
0.613663
0.662303
0.53364
0.452463
0.387063
0.289042
0.189574
0.127942
0.0978955
0.0849458
0.0795651
0.0792439
0.0809146
0.0890092
0.101248
0.108862
0.112264
0.117295
0.12085
0.119159
0.111597
0.0957189
0.083092
0.0731835
0.0663969
0.0632099
0.0629416
0.0627138
0.0636666
0.0635058
0.0657709
0.071335
0.0851792
0.116285
0.180616
0.230033
0.255291
0.252553
0.24441
0.232367
0.220719
0.209316
0.198594
0.188882
0.183868
0.181108
0.176837
0.169858
0.164124
0.156751
0.13925
0.129543
0.127066
0.128001
0.129224
0.126533
0.117043
0.104603
0.0849387
0.0612271
0.0416433
0.0320019
0.0277156
0.0266171
0.03048
0.0566224
0.0784131
0.0833614
0.0817855
0.0729551
0.0679149
0.067335
0.0694854
0.075095
0.0760183
0.0733606
0.0631381
0.0528722
0.0441957
0.0372147
0.0342509
0.0319288
0.029666
0.0293106
0.0293627
0.0299943
0.0327223
0.0388236
0.0508647
0.0587774
0.0670105
0.0809874
0.133819
0.187573
0.230765
0.31243
0.373161
0.371741
0.341329
0.250083
0.186294
0.132897
0.108282
0.0970138
0.0826475
0.0794781
0.0794304
0.0830515
0.102159
0.139816
0.149919
0.14746
0.133958
0.101376
0.0858944
0.0854014
0.101094
0.128865
0.131529
0.122293
0.0889079
0.0461308
0.0317939
0.029572
0.0314124
0.0395826
0.0434424
0.04256
0.0412353
0.0345228
0.0416493
0.530411
0.00983212
0.00632537
0.0066146
0.00725562
0.00859731
0.00963863
0.00953769
0.00910672
0.00844601
0.0085302
0.00955186
0.0109707
0.0138151
0.0174115
0.026314
0.0393932
0.053621
0.0604154
0.0687686
0.0771015
0.0958315
0.115552
0.142308
0.167009
0.19324
0.220492
0.246057
0.268478
0.284758
0.287655
0.267806
0.224207
0.182679
0.146689
0.119803
0.103385
0.0970842
0.0937713
0.0914845
0.0893014
0.0920966
0.102809
0.122205
0.146719
0.164055
0.173723
0.175438
0.173466
0.171638
0.171733
0.174765
0.179088
0.179417
0.173361
0.166303
0.164334
0.165426
0.171431
0.173946
0.174805
0.170612
0.149245
0.121373
0.0955154
0.0880987
0.0879902
0.0930345
0.122391
0.313438
0.597755
0.609156
0.500673
0.393904
0.288463
0.194013
0.135247
0.107369
0.0955351
0.0906008
0.089787
0.0911914
0.105986
0.117636
0.124495
0.128641
0.13081
0.129633
0.123254
0.106339
0.0904715
0.0792862
0.071842
0.0670702
0.0654487
0.0639216
0.0622429
0.0589069
0.0604403
0.0663499
0.0855076
0.132941
0.231779
0.28761
0.292761
0.283137
0.263627
0.246197
0.231153
0.215098
0.19862
0.186892
0.180149
0.178461
0.178286
0.178109
0.173802
0.166547
0.162283
0.155766
0.141154
0.132112
0.131644
0.133712
0.127579
0.117183
0.106846
0.0854941
0.0614972
0.0413787
0.0299407
0.0253195
0.0239348
0.0265075
0.0489654
0.0734515
0.0816642
0.0813286
0.0739962
0.0680809
0.0668814
0.0676845
0.0706496
0.0712625
0.0698496
0.0628628
0.0539265
0.0455798
0.0384689
0.0351009
0.0317686
0.030241
0.0305323
0.0316091
0.0339459
0.0408881
0.0495569
0.0555568
0.0621346
0.071571
0.0918385
0.159515
0.204283
0.265109
0.360004
0.390273
0.379182
0.303316
0.213763
0.150418
0.113819
0.0977692
0.0807609
0.0704259
0.0670137
0.0669305
0.0690999
0.0749715
0.10224
0.135136
0.142713
0.138894
0.115739
0.0884831
0.0828501
0.088529
0.118785
0.130342
0.127974
0.115636
0.088794
0.0474974
0.0342244
0.0324681
0.0341912
0.0399367
0.042048
0.0420093
0.036394
0.0455022
0.68795
0.0255249
0.0192765
0.0180977
0.0162038
0.0153078
0.0151728
0.0150309
0.0151998
0.0161147
0.0183125
0.0233749
0.0283056
0.038345
0.0465268
0.0554027
0.0636953
0.0813964
0.098084
0.116804
0.135002
0.155532
0.183012
0.209092
0.245376
0.282017
0.321017
0.36042
0.40686
0.439791
0.46418
0.473296
0.46475
0.407788
0.313405
0.222393
0.17345
0.151014
0.142023
0.135453
0.132389
0.131014
0.136719
0.149893
0.166146
0.178648
0.183831
0.184167
0.183377
0.18381
0.186389
0.189096
0.189091
0.185423
0.172855
0.165788
0.164315
0.166259
0.175953
0.181731
0.17879
0.169782
0.132937
0.104192
0.0788036
0.0697177
0.0708516
0.0737484
0.0836025
0.130242
0.383599
0.550914
0.535797
0.445146
0.310463
0.215454
0.156017
0.125288
0.109113
0.103639
0.103386
0.10402
0.113256
0.122443
0.131809
0.135042
0.135016
0.13155
0.118823
0.101094
0.0864163
0.0777274
0.0720573
0.0683541
0.0662539
0.0630524
0.055664
0.0561677
0.0615384
0.0836418
0.145037
0.280221
0.330584
0.328326
0.310207
0.279849
0.249413
0.224132
0.206211
0.183778
0.162007
0.154828
0.155754
0.160873
0.169107
0.171273
0.169746
0.163715
0.160671
0.159037
0.156277
0.148802
0.145993
0.139345
0.126436
0.116704
0.107095
0.085513
0.060435
0.0400905
0.0286459
0.0237935
0.0227283
0.025325
0.0457985
0.0679501
0.078834
0.0799117
0.0748178
0.068294
0.0668507
0.0672307
0.0693217
0.0696858
0.0681561
0.0630756
0.0573416
0.0488107
0.0415775
0.0373613
0.0347691
0.0346402
0.0355633
0.0379642
0.0430236
0.0509251
0.0553613
0.0586589
0.0654689
0.0775954
0.10842
0.171005
0.210861
0.294453
0.381018
0.394041
0.377798
0.291813
0.201314
0.141239
0.109642
0.0896605
0.0759286
0.0644108
0.0578231
0.0579992
0.0592544
0.0632414
0.0735896
0.112275
0.134359
0.135691
0.12522
0.0932304
0.0793781
0.0802165
0.0959267
0.123817
0.126956
0.123219
0.112818
0.0877111
0.0483899
0.0361083
0.0342854
0.0352951
0.0413197
0.041829
0.0410035
0.0501494
0.985927
0.313673
0.262279
0.22125
0.18603
0.157708
0.1437
0.133369
0.134424
0.1383
0.148958
0.158406
0.175542
0.184304
0.198874
0.206025
0.22083
0.227285
0.241366
0.251547
0.274191
0.289739
0.317246
0.339824
0.371709
0.397577
0.428139
0.45663
0.482324
0.498229
0.514021
0.528168
0.550497
0.569693
0.568595
0.499624
0.361868
0.248604
0.202476
0.182655
0.179578
0.180368
0.185096
0.196254
0.204797
0.208529
0.207892
0.205826
0.206111
0.206746
0.206797
0.205197
0.196275
0.177703
0.16726
0.164471
0.166779
0.179951
0.190025
0.188055
0.180289
0.153936
0.110773
0.0778943
0.0591121
0.0469722
0.0470698
0.0514596
0.0577923
0.073981
0.140441
0.385691
0.483738
0.46536
0.388995
0.280487
0.209687
0.16414
0.139292
0.133875
0.13504
0.134443
0.136223
0.141418
0.143682
0.142828
0.138581
0.126175
0.109131
0.093534
0.0831156
0.0774184
0.0719949
0.0687584
0.0650215
0.0552043
0.0519097
0.055397
0.0766619
0.14614
0.311617
0.368315
0.363841
0.340315
0.286661
0.237913
0.196969
0.171108
0.156455
0.144991
0.132193
0.127813
0.129673
0.140903
0.147778
0.149415
0.149667
0.15065
0.154823
0.158844
0.159902
0.1574
0.152636
0.140595
0.126928
0.115865
0.1062
0.0842471
0.0577571
0.0382051
0.0277397
0.023091
0.0221309
0.0249911
0.0450496
0.0650581
0.0744941
0.0772188
0.0744196
0.0685305
0.066848
0.0669498
0.0694197
0.0700347
0.0681645
0.0643483
0.0591622
0.054625
0.0485358
0.0434081
0.0430112
0.0435698
0.0467452
0.0491809
0.0533466
0.0563131
0.0587467
0.0614367
0.0700915
0.0831631
0.118546
0.170915
0.208135
0.302462
0.383458
0.396361
0.381305
0.291114
0.196628
0.139998
0.10751
0.0863496
0.0760556
0.06209
0.0535672
0.0526588
0.052237
0.0542385
0.0601268
0.0861947
0.120711
0.131406
0.1271
0.0997718
0.0779338
0.0743855
0.0799399
0.108524
0.122896
0.122906
0.119618
0.109018
0.0824651
0.0459466
0.0366479
0.0350705
0.03844
0.041731
0.0489709
0.0737978
1.28205
5.37711
3.10605
1.13796
0.527243
0.92841
0.940755
1.20948
1.35954
1.18801
1.06445
0.964383
1.02507
1.11671
1.37451
1.74027
2.07291
2.32423
2.36063
2.37431
2.21072
2.75276
2.95614
1.78623
1.41427
1.35573
1.43176
1.38884
1.46722
1.39153
1.36303
1.42143
1.60805
1.66531
1.81223
2.12109
2.22544
2.4251
2.48551
2.50732
2.37548
1.03062
3.39396
2.4306
2.01589
1.25006
1.16441
1.13764
1.29953
1.40191
1.4143
1.44463
1.56733
1.56801
1.51633
1.57841
1.62478
1.77682
1.87742
1.97088
1.96536
0.392153
2.70454
2.46456
2.3003
1.23139
0.680559
0.594664
0.724718
1.06644
1.21949
1.27386
1.26629
1.20235
0.986835
0.887839
0.89993
1.06515
1.21046
1.33305
1.47073
0.192156
1.32652
1.28876
1.45983
1.12659
0.477165
0.304183
0.321914
0.48022
0.670754
0.782976
0.771609
0.687731
0.516614
0.412349
0.387529
0.429834
0.552936
0.632802
0.85488
0.144187
0.573092
0.551823
0.626157
0.569285
0.320174
0.185896
0.167847
0.194627
0.265374
0.336938
0.352914
0.338063
0.332895
0.32421
0.280053
0.236218
0.230009
0.23281
0.316948
0.123769
0.27899
0.257176
0.279331
0.27318
0.214576
0.157
0.126539
0.125789
0.156393
0.190299
0.232439
0.274942
0.326899
0.331495
0.302709
0.209066
0.15497
0.12612
0.135116
0.101269
0.146836
0.135584
0.158648
0.168601
0.164613
0.157914
0.133406
0.123023
0.162786
0.234795
0.305998
0.357478
0.360063
0.321523
0.259674
0.185491
0.139345
0.103527
0.0948793
0.0852589
0.0889188
0.0876218
0.110443
0.125272
0.126335
0.136562
0.142832
0.136583
0.154773
0.244109
0.329221
0.361917
0.348505
0.251491
0.192804
0.149165
0.115307
0.0969435
0.0821354
0.0749697
0.0718325
0.0711366
0.0854328
0.100482
0.103695
0.112958
0.128286
0.138034
0.16089
0.219216
0.259283
0.264101
0.254788
0.198399
0.166219
0.141487
0.104957
0.0938315
0.0901817
0.0722253
0.0687894
0.0681571
0.0756432
0.0885689
0.095547
0.109032
0.115326
0.140684
0.167966
0.174623
0.173648
0.159702
0.153589
0.155262
0.152629
0.138883
0.105146
0.0963682
0.0980709
0.0730545
0.0714214
0.0699151
0.0706283
0.0829808
0.0947991
0.103421
0.105803
0.12736
0.127937
0.119447
0.111143
0.112439
0.122349
0.159164
0.16876
0.160663
0.120597
0.104025
0.100992
0.0769657
0.0760107
0.0712706
0.0703173
0.084925
0.0964735
0.101842
0.099399
0.0997829
0.0923355
0.0877256
0.0900351
0.116425
0.198659
0.283882
0.289453
0.254771
0.161225
0.126036
0.116483
0.0773917
0.0771078
0.0701353
0.0685946
0.0866931
0.1089
0.117673
0.10989
0.0900149
0.0900208
0.0975467
0.129006
0.301448
0.501378
0.59
0.569397
0.422521
0.244807
0.195344
0.195092
0.0791692
0.0782975
0.0701813
0.0694496
0.0886547
0.173942
0.201416
0.172052
0.143896
0.17152
0.243498
0.401693
0.929288
1.20029
1.22002
1.09593
0.663295
0.45216
0.452439
0.475055
0.0860118
0.0896939
0.0805704
0.0841991
0.174764
0.498186
0.551655
0.458722
0.435121
0.588638
0.883647
1.51727
2.26736
2.318
2.15518
1.66552
1.13843
1.0288
1.08601
1.05502
0.10018
0.114161
0.112128
0.194915
0.826841
1.70519
1.75471
1.55695
1.60587
2.09445
2.91132
3.42167
3.41252
3.1586
2.65346
2.24875
1.91724
1.85791
1.84784
1.68715
0.251546
0.514267
0.703277
1.4505
3.82669
4.7506
4.5313
4.10439
4.33714
4.54759
4.50587
4.32623
3.73878
3.34028
2.92615
2.70559
2.55216
2.45723
2.38698
2.23958
2.41741
3.86342
5.53574
8.27177
8.51517
7.97801
7.04049
6.56136
6.35259
5.5084
4.84815
4.15285
3.54446
3.2663
2.95076
2.90416
2.89592
2.83596
2.83356
2.81423
10.5115
11.3598
12.5462
11.9316
9.24908
7.07089
6.09722
5.72789
5.36035
4.28744
3.57303
2.90921
2.4525
2.20648
2.06824
2.12433
2.30349
2.44635
2.53925
2.58379
)
;

boundaryField
{
    inlet
    {
        type            fixedValue;
        value           uniform 2e-05;
    }
    outlet
    {
        type            inletOutlet;
        inletValue      uniform 0;
        value           nonuniform List<scalar> 
20
(
2.21072
2.37548
1.96536
1.47073
0.85488
0.316948
0.135116
0.0948793
0.0821354
0.0901817
0.0980709
0.100992
0.116483
0.195092
0.475055
1.05502
1.68715
2.23958
2.81423
2.58379
)
;
    }
    walls
    {
        type            fixedValue;
        value           uniform 0;
    }
    frontAndBack
    {
        type            empty;
    }
}


// ************************************************************************* //
