/*--------------------------------*- C++ -*----------------------------------*\
| =========                 |                                                 |
| \\      /  F ield         | OpenFOAM: The Open Source CFD Toolbox           |
|  \\    /   O peration     | Version:  2.4.0                                 |
|   \\  /    A nd           | Web:      www.OpenFOAM.org                      |
|    \\/     M anipulation  |                                                 |
\*---------------------------------------------------------------------------*/
FoamFile
{
    version     2.0;
    format      ascii;
    class       volScalarField;
    location    "1.55";
    object      pMean;
}
// * * * * * * * * * * * * * * * * * * * * * * * * * * * * * * * * * * * * * //

dimensions      [0 2 -2 0 0 0 0];

internalField   nonuniform List<scalar> 
8800
(
86.9645
74.5117
67.1086
63.5413
61.6517
60.2116
59.0033
57.8453
56.8152
55.7727
54.8219
53.8222
52.9183
51.9614
51.1233
50.235
49.4787
48.6786
47.9905
47.1978
83.8532
74.1574
67.2769
63.6552
61.7117
60.2369
59.0109
57.8457
56.8131
55.7703
54.819
53.8201
52.9157
51.9597
51.1213
50.233
49.4802
48.673
47.9922
47.1551
81.888
74.2337
67.8781
64.0309
61.8792
60.3164
59.0575
57.8784
56.8374
55.7873
54.8292
53.8248
52.9171
51.9578
51.1201
50.2263
49.4837
48.6626
48.0463
47.1929
80.3527
74.296
68.4636
64.4544
62.0628
60.4047
59.1201
57.9353
56.8858
55.8263
54.8565
53.8424
52.9278
51.9619
51.1223
50.2208
49.4849
48.6629
48.1323
47.376
79.1043
74.2699
68.9376
64.8599
62.2311
60.4728
59.1691
57.9935
56.9411
55.8783
54.8911
53.8699
52.9399
51.9726
51.1202
50.2219
49.4734
48.6772
48.1225
47.6225
78.1196
74.1732
69.301
65.2057
62.3808
60.5159
59.1969
58.0386
56.9906
55.9281
54.9252
53.8971
52.95
51.982
51.1144
50.2211
49.4556
48.6887
48.164
47.9749
77.3631
74.0564
69.5675
65.4851
62.5153
60.5419
59.2052
58.0702
57.0293
55.9698
54.9531
53.92
52.9561
51.9884
51.1055
50.2182
49.4352
48.6943
48.2375
48.337
76.8096
73.9556
69.7482
65.6972
62.6327
60.561
59.1979
58.094
57.0562
56.0037
54.9718
53.9405
52.9567
51.9961
51.0933
50.2211
49.4138
48.698
48.2076
48.6512
76.4491
73.8853
69.8621
65.8417
62.717
60.5742
59.189
58.1099
57.0763
56.0286
54.9864
53.9557
52.9599
52.0031
51.0896
50.2252
49.4058
48.7157
48.275
48.9413
76.2693
73.8543
69.9206
65.9191
62.7621
60.5843
59.1848
58.1211
57.0895
56.0457
54.9965
53.9675
52.9653
52.0119
51.0931
50.2345
49.4149
48.7411
48.3389
49.0607
76.262
73.8657
69.9219
65.9244
62.7616
60.5882
59.1825
58.1254
57.0895
56.0508
54.9972
53.9736
52.9675
52.0206
51.0984
50.2472
49.4257
48.7662
48.3768
49.1512
76.4303
73.9151
69.8659
65.8532
62.7167
60.5832
59.1842
58.1199
57.0776
56.0411
54.9896
53.972
52.9684
52.0266
51.1067
50.2601
49.4418
48.7844
48.3999
49.1797
76.7808
73.9981
69.7509
65.711
62.6305
60.5742
59.1894
58.109
57.0568
56.0226
54.9757
53.9667
52.9688
52.0344
51.12
50.279
49.4654
48.8059
48.4038
49.1458
77.3264
74.1049
69.5687
65.4987
62.5075
60.5569
59.1925
58.0879
57.0263
55.9929
54.9542
53.9543
52.9669
52.0406
51.1354
50.3017
49.4966
48.8338
48.3922
49.0324
78.0796
74.2216
69.3037
65.2169
62.3687
60.528
59.1849
58.0546
56.9861
55.952
54.9259
53.9342
52.9623
52.0424
51.1516
50.3255
49.5368
48.8717
48.3914
48.8341
79.0612
74.3197
68.9412
64.8702
62.2161
60.4829
59.1587
58.0092
56.937
55.9029
54.8933
53.9092
52.9559
52.0403
51.1676
50.3474
49.5842
48.9211
48.4204
48.5717
80.3075
74.3469
68.469
64.4671
62.0466
60.4151
59.111
57.9527
56.8821
55.8529
54.8605
53.8846
52.9487
52.0359
51.1814
50.3639
49.6306
48.9687
48.4795
48.2962
81.8417
74.2838
67.8864
64.0458
61.863
60.3269
59.0493
57.8965
56.8351
55.8143
54.8362
53.8678
52.9437
52.034
51.1914
50.3765
49.6639
49.0053
48.5384
48.1534
83.8055
74.2049
67.2872
63.672
61.6962
60.2472
59.0029
57.8641
56.8116
55.7977
54.8271
53.8638
52.9444
52.0372
51.1981
50.3863
49.6794
49.0268
48.5353
48.0766
86.9156
74.5573
67.1186
63.5586
61.6369
60.2219
58.9955
57.864
56.8136
55.8006
54.8299
53.8665
52.9471
52.0397
51.2012
50.3897
49.683
49.0325
48.5366
48.1965
47.2579
47.1696
46.9433
46.6999
46.5027
46.3565
46.2584
46.1933
46.1499
46.1209
46.1017
46.0826
46.0617
46.0346
46.0003
45.9561
45.9036
45.8386
45.7653
45.6812
45.5927
45.5047
45.4234
45.3493
45.2874
45.2382
45.202
45.1709
45.1393
45.0977
45.0436
44.9769
44.904
44.8302
44.7594
44.6883
44.6156
44.5313
44.436
44.3261
44.2108
44.091
43.9839
43.8945
43.8356
43.8037
43.8025
43.8218
43.8592
43.9021
43.9442
43.971
43.9796
43.9579
43.9112
43.8298
43.7259
43.5935
43.4452
43.2707
43.0779
42.859
42.6275
42.3837
42.148
41.9304
41.7492
41.6147
41.5358
41.5024
41.515
41.5561
41.6251
41.7017
41.7907
41.8694
41.9461
41.9973
42.0333
42.037
42.0222
41.9801
41.929
41.8578
41.7916
41.7227
41.67
41.6325
41.6153
41.6206
41.6506
41.7061
41.787
41.8844
41.9989
42.1204
42.2557
42.3938
42.5417
42.6864
42.8336
42.9685
43.1013
43.2066
43.31
43.3872
43.4656
43.5259
43.5949
43.6466
43.7017
43.7385
43.7738
43.7876
43.8004
43.7996
43.8056
43.8047
43.8151
43.8206
43.8383
43.8503
43.8777
43.8959
43.9349
43.957
44.0087
44.0428
44.113
44.1805
44.2832
44.39
44.5213
44.6541
44.8034
44.9505
45.1104
45.2612
45.4188
45.5638
45.7177
45.8651
46.023
46.1772
46.3415
46.4998
46.6684
46.8363
47.0096
47.1813
47.3545
47.523
47.6938
47.8531
48.0127
48.1666
48.331
48.4835
48.6565
48.8209
49.0119
49.1765
49.3742
49.5347
49.7244
49.8684
50.0466
50.1704
50.3284
50.4232
50.5807
50.6482
50.8184
50.8814
51.0761
51.1452
51.3739
51.4485
51.7082
51.8101
52.0921
52.2316
52.5489
52.7479
53.1001
53.3631
53.748
54.046
54.4598
54.7591
55.1651
55.397
55.6784
55.653
55.5467
54.8056
53.6108
50.3939
46.2864
26.0059
47.0329
47.0027
46.9275
46.765
46.5759
46.4099
46.2952
46.2268
46.1935
46.1773
46.1696
46.1581
46.1419
46.1162
46.0833
46.0395
45.9878
45.9252
45.8563
45.7787
45.6984
45.6179
45.5443
45.477
45.4209
45.3736
45.3368
45.3039
45.2728
45.2349
45.1889
45.1313
45.0677
44.9989
44.9306
44.8584
44.7843
44.7001
44.6086
44.5048
44.3973
44.2875
44.1882
44.1036
44.0439
44.0077
43.9983
44.008
44.0341
44.0642
44.0951
44.1122
44.1154
44.0911
44.0454
43.9674
43.8671
43.7382
43.5916
43.4206
43.233
43.0241
42.8036
42.5751
42.353
42.1476
41.9739
41.8387
41.7528
41.7084
41.7075
41.7348
41.7905
41.8566
41.9329
42.0033
42.0678
42.1123
42.1391
42.1386
42.1201
42.0782
42.0273
41.964
41.9024
41.8432
41.7944
41.762
41.7456
41.7495
41.7757
41.8258
41.8991
41.9875
42.0919
42.2044
42.3289
42.4563
42.5917
42.7253
42.8617
42.9886
43.1101
43.2082
43.3023
43.3763
43.4476
43.5033
43.5607
43.6045
43.646
43.6727
43.6926
43.6949
43.69
43.6783
43.6675
43.6561
43.6504
43.6413
43.6442
43.6415
43.6578
43.667
43.6989
43.7183
43.7634
43.7977
43.8591
43.9203
44.0109
44.1069
44.2275
44.3497
44.4894
44.6234
44.7712
44.9088
45.0527
45.1838
45.3233
45.4554
45.5954
45.7298
45.8763
46.0098
46.1611
46.3041
46.4609
46.6104
46.7675
46.9161
47.0764
47.2169
47.3717
47.5094
47.6746
47.8145
47.9914
48.1487
48.341
48.4977
48.6964
48.8472
49.0349
49.1702
49.3438
49.4514
49.6044
49.6761
49.8277
49.8705
50.0331
50.0699
50.2601
50.3036
50.524
50.5804
50.8246
50.9121
51.1705
51.2936
51.5718
51.7459
52.0551
52.2613
52.6047
52.8054
53.1558
53.3116
53.5913
53.5953
53.6622
53.2388
52.7575
51.1627
49.4612
43.7629
37.9456
19.2757
47.0063
47.0162
47.0374
46.9286
46.7203
46.4953
46.3272
46.2322
46.2025
46.205
46.2191
46.2246
46.2192
46.1973
46.1647
46.1187
46.0655
46.0026
45.9357
45.8626
45.7897
45.7168
45.6511
45.5906
45.5402
45.496
45.4607
45.4279
45.3979
45.3627
45.3229
45.2728
45.2174
45.1543
45.0897
45.0186
44.945
44.8628
44.7761
44.6806
44.5831
44.4847
44.3949
44.317
44.2591
44.2203
44.2038
44.2029
44.2167
44.2336
44.2517
44.2578
44.2524
44.2236
44.1752
44.0987
44
43.875
43.7308
43.5653
43.3841
43.187
42.9811
42.7708
42.5668
42.3772
42.2151
42.0849
41.9957
41.944
41.9315
41.9477
41.9904
42.0462
42.1111
42.1721
42.2253
42.2614
42.2789
42.2741
42.2512
42.2116
42.1612
42.1049
42.0469
41.9942
41.9491
41.9185
41.9006
41.9003
41.9199
41.9621
42.0242
42.1027
42.1959
42.3002
42.4139
42.5324
42.6565
42.7801
42.9052
43.0245
43.1353
43.2288
43.3167
43.3897
43.4559
43.5092
43.5587
43.5976
43.6288
43.6492
43.6562
43.6494
43.6315
43.6104
43.5883
43.565
43.5477
43.5251
43.5186
43.5037
43.5132
43.5161
43.5441
43.5654
43.6062
43.6435
43.6986
43.758
43.8389
43.9259
44.036
44.1482
44.277
44.3988
44.5322
44.6566
44.7854
44.9025
45.028
45.1463
45.2722
45.3921
45.5236
45.6401
45.7772
45.8999
46.0419
46.166
46.3042
46.4285
46.5734
46.6921
46.8417
46.9648
47.1272
47.2613
47.4421
47.5999
47.7919
47.9453
48.1442
48.2841
48.4707
48.5909
48.7592
48.8424
48.9915
49.0415
49.1864
49.2077
49.3696
49.3816
49.5725
49.5948
49.7977
49.8439
50.0539
50.1326
50.3468
50.4526
50.6901
50.8174
51.0936
51.2201
51.5176
51.6091
51.873
51.8649
52.0227
51.7424
51.6482
50.6869
50.0834
47.3398
45.4711
38.412
31.3737
18.6772
46.9128
46.9321
47.0698
46.9916
46.7589
46.4934
46.297
46.1985
46.1872
46.2196
46.2661
46.2986
46.3109
46.297
46.2648
46.215
46.157
46.0905
46.023
45.9524
45.885
45.8191
45.7609
45.7076
45.6635
45.6238
45.5915
45.5603
45.5319
45.499
45.4635
45.419
45.3697
45.3117
45.2504
45.1821
45.1109
45.0329
44.9521
44.8659
44.7795
44.6931
44.614
44.5432
44.4882
44.447
44.424
44.4125
44.4133
44.4161
44.4203
44.4153
44.4004
44.3668
44.3152
44.2398
44.1434
44.0239
43.8858
43.7295
43.5596
43.3776
43.1894
42.999
42.8151
42.6435
42.4947
42.3721
42.2829
42.2259
42.2036
42.2085
42.2383
42.2822
42.3349
42.3845
42.4263
42.4534
42.463
42.4546
42.4293
42.3913
42.3426
42.2907
42.2369
42.1881
42.1454
42.1125
42.0893
42.0809
42.0911
42.1223
42.1724
42.2395
42.3227
42.4173
42.5212
42.6294
42.744
42.8584
42.9742
43.0857
43.1885
43.2773
43.3611
43.4335
43.4973
43.5504
43.5963
43.6331
43.6588
43.673
43.6699
43.6541
43.6281
43.5977
43.5702
43.5375
43.5142
43.483
43.4697
43.4464
43.4515
43.4505
43.4779
43.4996
43.5405
43.5776
43.634
43.6933
43.7723
43.8551
43.9554
44.0588
44.1752
44.2858
44.4051
44.5159
44.6297
44.7326
44.8461
44.9514
45.0676
45.1775
45.2982
45.407
45.5336
45.6402
45.7667
45.8648
45.9842
46.079
46.2074
46.3001
46.4424
46.5551
46.7156
46.8471
47.035
47.1872
47.3831
47.528
47.7342
47.8506
48.0467
48.1388
48.3111
48.3611
48.512
48.5351
48.6798
48.6806
48.8497
48.8508
49.0292
49.0486
49.2139
49.2583
49.4211
49.4853
49.6574
49.7329
49.9342
50.0016
50.2339
50.2734
50.5143
50.464
50.6903
50.4251
50.5713
49.8555
49.791
48.1037
47.4993
43.8859
41.4488
34.8183
27.3144
18.8193
47.8126
47.6856
47.3094
46.9089
46.5541
46.2817
46.1344
46.0977
46.1408
46.2203
46.3082
46.3742
46.409
46.4065
46.3765
46.3232
46.2591
46.1872
46.1164
46.0462
45.9825
45.923
45.8723
45.8268
45.7897
45.7561
45.7282
45.7004
45.6744
45.6444
45.6121
45.5723
45.528
45.4756
45.4192
45.3562
45.2901
45.2184
45.145
45.0681
44.9921
44.9162
44.8461
44.7815
44.7282
44.6845
44.6538
44.6319
44.6194
44.6095
44.6007
44.5856
44.562
44.5239
44.4701
44.3973
44.3059
44.1953
44.0682
43.9254
43.7711
43.6069
43.4385
43.2688
43.1055
42.9524
42.8181
42.705
42.6191
42.5597
42.5298
42.5246
42.5418
42.5728
42.6113
42.6484
42.6785
42.6969
42.7002
42.6888
42.6625
42.625
42.5785
42.5284
42.4766
42.4273
42.3823
42.3424
42.3097
42.289
42.2872
42.3045
42.3428
42.3981
42.4721
42.5573
42.6519
42.7523
42.8589
42.9667
43.0769
43.1827
43.2807
43.3664
43.4478
43.5197
43.5816
43.6359
43.6786
43.7135
43.7345
43.7418
43.7312
43.7068
43.6765
43.6407
43.6118
43.5755
43.5485
43.5148
43.4966
43.4737
43.477
43.4792
43.5053
43.5292
43.5701
43.6086
43.671
43.7302
43.8143
43.8935
43.99
44.0836
44.1908
44.2885
44.3983
44.4928
44.5983
44.6871
44.7935
44.8854
44.9976
45.0992
45.2171
45.3217
45.4407
45.5328
45.6474
45.7179
45.8229
45.8857
45.9969
46.065
46.198
46.2965
46.4606
46.5807
46.7797
46.9163
47.1224
47.2549
47.4708
47.5632
47.7709
47.8285
48.0056
48.0225
48.174
48.169
48.3141
48.3067
48.4748
48.4864
48.6453
48.6675
48.8067
48.8316
48.9634
48.9897
49.141
49.1581
49.3437
49.3202
49.5396
49.4289
49.6725
49.3826
49.635
49.0219
49.1888
48.0227
47.894
45.7506
44.7473
41.1389
37.9153
32.664
25.5996
19.312
48.5082
48.3145
47.5697
46.8658
46.3427
46.0348
45.9364
45.9793
46.0982
46.2407
46.3754
46.4737
46.5266
46.5321
46.5017
46.4439
46.3724
46.294
46.2183
46.147
46.085
46.0305
45.9861
45.9483
45.9181
45.8912
45.8683
45.8451
45.8223
45.7958
45.7665
45.7312
45.6913
45.6448
45.5941
45.5377
45.4781
45.4141
45.3486
45.2809
45.2138
45.147
45.0839
45.0246
44.9724
44.9268
44.8899
44.8594
44.8352
44.8138
44.7929
44.7679
44.7361
44.6936
44.6386
44.5691
44.4844
44.3844
44.27
44.1427
44.0056
43.861
43.7134
43.5654
43.4231
43.2893
43.1706
43.069
42.9893
42.9315
42.8983
42.8875
42.8951
42.9148
42.9401
42.9653
42.9844
42.9943
42.9917
42.977
42.9486
42.9096
42.8618
42.8091
42.7541
42.6998
42.6485
42.5987
42.554
42.5176
42.5025
42.5064
42.5326
42.5774
42.6427
42.7188
42.8043
42.8985
42.9995
43.104
43.2117
43.3174
43.4146
43.5009
43.5818
43.6528
43.7132
43.7667
43.8066
43.8368
43.8521
43.8511
43.834
43.8021
43.771
43.735
43.7072
43.6732
43.6453
43.6143
43.5967
43.5829
43.5894
43.6007
43.6274
43.6567
43.697
43.7434
43.8099
43.8786
43.9684
44.0477
44.1447
44.2275
44.3276
44.412
44.5143
44.5955
44.6966
44.7759
44.8766
44.9601
45.0724
45.1672
45.2901
45.3917
45.5059
45.5878
45.6894
45.7347
45.8208
45.857
45.947
45.9899
46.1172
46.1938
46.3614
46.4666
46.6744
46.793
47.0155
47.1272
47.3623
47.4258
47.6471
47.6736
47.8552
47.8313
47.9902
47.954
48.1101
48.0963
48.2721
48.2829
48.4493
48.4472
48.5919
48.5702
48.6978
48.6521
48.8083
48.7379
48.9175
48.781
48.9836
48.7215
48.9319
48.4583
48.6177
47.7903
47.7599
46.3951
45.9203
43.7787
42.272
39.181
35.6729
31.7179
25.644
20.4168
49.1443
48.8747
47.7754
46.7644
46.0681
45.7313
45.7021
45.8496
46.0647
46.2804
46.4622
46.5887
46.6537
46.6611
46.6252
46.5592
46.4783
46.3928
46.3118
46.2393
46.1783
46.1283
46.0893
46.0586
46.0349
46.0149
45.9974
45.9795
45.9604
45.9377
45.9113
45.8797
45.8435
45.8021
45.7565
45.7066
45.6535
45.5974
45.5395
45.4802
45.4208
45.3617
45.3046
45.2499
45.1991
45.1527
45.1114
45.0746
45.0419
45.0112
44.9805
44.9474
44.909
44.8634
44.8084
44.7428
44.6652
44.5758
44.4747
44.3633
44.2439
44.1189
43.9914
43.8646
43.7422
43.6272
43.5237
43.435
43.3641
43.3129
43.282
43.2703
43.2734
43.2851
43.2998
43.3139
43.3233
43.3262
43.3182
43.2987
43.2665
43.2236
43.1708
43.1111
43.049
42.9873
42.9274
42.8662
42.8079
42.7559
42.7263
42.7186
42.735
42.7721
42.8303
42.8995
42.9791
43.0697
43.1668
43.2721
43.3805
43.4887
43.5881
43.6792
43.7585
43.8276
43.8864
43.9362
43.9716
43.995
44.0054
43.9971
43.9756
43.9392
43.9074
43.8738
43.8487
43.8211
43.796
43.7744
43.7663
43.7695
43.7872
43.8127
43.846
43.8824
43.9253
43.9789
44.0499
44.1314
44.2244
44.313
44.4069
44.4881
44.58
44.6587
44.7533
44.8313
44.9284
45.0058
45.1035
45.1881
45.2984
45.3925
45.5135
45.6166
45.7272
45.803
45.8892
45.9159
45.9754
45.9942
46.0579
46.0749
46.1956
46.2532
46.4099
46.5133
46.7241
46.8268
47.0724
47.1675
47.4104
47.4621
47.6804
47.6963
47.8728
47.8274
47.9748
47.9301
48.0841
48.0849
48.2562
48.2757
48.4376
48.4308
48.5631
48.5111
48.6081
48.5179
48.6251
48.5017
48.6008
48.3961
48.4992
48.1512
48.2393
47.6597
47.6349
46.7202
46.4614
45.058
44.3148
42.3369
40.6227
38.1607
34.816
31.7335
26.7146
22.0664
50.1734
49.7391
48.0337
46.5995
45.7143
45.3647
45.4264
45.7035
46.0344
46.3306
46.5575
46.7064
46.7778
46.7825
46.737
46.6606
46.5697
46.4779
46.3933
46.3209
46.262
46.2167
46.1829
46.1587
46.1409
46.1273
46.1148
46.1018
46.0861
46.0671
46.0434
46.0152
45.9822
45.945
45.9035
45.8589
45.8111
45.7612
45.7092
45.6563
45.6026
45.5493
45.4965
45.4455
45.3963
45.35
45.3063
45.2659
45.2272
45.1904
45.153
45.1147
45.0726
45.0264
44.9731
44.9127
44.843
44.7648
44.6769
44.5814
44.4787
44.3718
44.2623
44.1544
44.0497
43.9524
43.8645
43.7897
43.7296
43.6872
43.6609
43.6509
43.6513
43.6575
43.6639
43.6697
43.6712
43.6687
43.6562
43.632
43.5945
43.5459
43.4857
43.4174
43.3471
43.2764
43.2084
43.137
43.0661
43.0024
42.9607
42.9445
42.9539
42.9871
43.0384
43.1025
43.178
43.2663
43.3634
43.4714
43.5846
43.6993
43.8025
43.8976
43.9742
44.0429
44.0986
44.1415
44.1703
44.1857
44.1909
44.1794
44.1546
44.1175
44.0848
44.0573
44.038
44.0202
44.005
44.0002
44.0097
44.0359
44.0712
44.1156
44.1605
44.2071
44.257
44.3194
44.3977
44.4873
44.5843
44.6784
44.7697
44.8573
44.9447
45.0253
45.1154
45.1974
45.2927
45.3749
45.4712
45.5599
45.6684
45.7646
45.8879
45.9883
46.0995
46.168
46.2487
46.2525
46.2871
46.2968
46.3361
46.3376
46.4491
46.4855
46.6338
46.7255
46.9418
47.0333
47.2875
47.3883
47.6276
47.6907
47.9009
47.9264
48.091
48.0324
48.1535
48.116
48.252
48.2764
48.4432
48.4775
48.6321
48.6266
48.7512
48.6643
48.7256
48.5969
48.6423
48.4544
48.4642
48.1839
48.1959
47.7527
47.7598
47.0619
46.925
45.9414
45.5546
44.1982
43.3477
41.6275
39.8838
37.9502
34.9415
32.3112
28.1591
23.9521
50.6152
50.1454
48.2222
46.5739
45.56
45.1745
45.2726
45.6255
46.033
46.3903
46.656
46.8249
46.9005
46.8994
46.8421
46.7543
46.6541
46.557
46.4702
46.3988
46.3427
46.302
46.2734
46.2552
46.2428
46.2345
46.2264
46.2173
46.2047
46.1886
46.1673
46.1419
46.1114
46.0774
46.0392
45.9986
45.9547
45.9093
45.8615
45.8131
45.7633
45.714
45.6641
45.6157
45.5676
45.5217
45.4766
45.4337
45.3912
45.3507
45.3096
45.2688
45.2255
45.1802
45.13
45.0755
45.0138
44.9461
44.8705
44.7895
44.7023
44.6124
44.5201
44.4298
44.3424
44.2626
44.1906
44.1306
44.082
44.0488
44.0283
44.0205
44.0186
44.0205
44.0202
44.0189
44.0147
44.0082
43.9917
43.9642
43.9228
43.8691
43.8012
43.7239
43.6432
43.5637
43.4876
43.4065
43.3293
43.2572
43.209
43.1886
43.196
43.2262
43.2724
43.3309
43.4045
43.4929
43.5945
43.7072
43.8283
43.9532
44.0643
44.1621
44.2383
44.3051
44.3542
44.3871
44.4056
44.413
44.4144
44.4001
44.3748
44.3409
44.3118
44.2936
44.2848
44.2805
44.2828
44.2993
44.3329
44.3857
44.4438
44.5112
44.5719
44.6328
44.6937
44.7645
44.8507
44.9451
45.046
45.1427
45.2348
45.33
45.417
45.5018
45.593
45.6759
45.7745
45.8607
45.9582
46.0558
46.1672
46.2679
46.3984
46.4944
46.6192
46.675
46.7704
46.7326
46.7632
46.7531
46.7714
46.7682
46.874
46.8826
47.039
47.1124
47.3416
47.4246
47.6871
47.7899
48.03
48.09
48.3215
48.3468
48.5224
48.4157
48.5213
48.5017
48.6335
48.6751
48.8339
48.8895
49.0394
49.0387
49.1632
49.0166
49.0609
48.8865
48.8882
48.6159
48.5787
48.1959
48.1314
47.6472
47.5749
46.8727
46.6682
45.6358
45.1899
43.9134
43.0181
41.5776
39.875
38.2759
35.6253
33.1995
29.6816
25.8926
50.8434
50.406
48.4195
46.6735
45.5757
45.1343
45.2214
45.604
46.0556
46.4531
46.7466
46.9301
47.0083
47.0017
46.9345
46.8371
46.7296
46.6288
46.5413
46.4718
46.4191
46.3832
46.3597
46.3468
46.3391
46.335
46.3301
46.3239
46.3135
46.2996
46.2802
46.257
46.2287
46.1973
46.1619
46.1243
46.0834
46.0413
45.9967
45.9516
45.9048
45.8582
45.8105
45.7637
45.7165
45.6708
45.625
45.5811
45.5371
45.4948
45.4522
45.4108
45.3681
45.3253
45.2794
45.2312
45.1777
45.12
45.0559
44.9882
44.9156
44.8412
44.765
44.6916
44.621
44.5578
44.5018
44.4565
44.4203
44.3974
44.3837
44.3782
44.3745
44.3732
44.3692
44.3627
44.3535
44.3438
44.3254
44.2966
44.2528
44.1942
44.1203
44.0361
43.9462
43.8561
43.7718
43.6824
43.6021
43.5255
43.4766
43.4543
43.4648
43.4943
43.539
43.5934
43.6695
43.7605
43.8671
43.9848
44.1173
44.2537
44.3753
44.4744
44.5495
44.6097
44.6497
44.6712
44.6801
44.681
44.6797
44.6637
44.6413
44.6134
44.5932
44.5884
44.5952
44.6104
44.6361
44.6783
44.7414
44.8217
44.9087
45.0004
45.0816
45.16
45.2342
45.3123
45.4033
45.4978
45.6016
45.6972
45.7952
45.8937
45.9867
46.0755
46.173
46.2543
46.3622
46.4519
46.5567
46.6625
46.784
46.8899
47.0381
47.1256
47.2793
47.3165
47.4379
47.3363
47.3961
47.3417
47.3737
47.3548
47.4605
47.4403
47.623
47.6774
47.9327
47.9878
48.2899
48.3704
48.6652
48.6635
48.9601
48.9642
49.1865
48.9742
49.1059
49.0684
49.2279
49.2788
49.4585
49.5097
49.6694
49.655
49.7931
49.5559
49.6223
49.3989
49.3722
48.9984
48.9133
48.4502
48.3776
47.8977
47.8033
47.0175
46.7982
45.7137
45.2444
44.075
43.1454
41.9404
40.3458
38.8988
36.5535
34.2384
31.1621
27.7686
50.9824
50.5621
48.5548
46.7649
45.6284
45.157
45.2375
45.6335
46.1068
46.5238
46.83
47.019
47.0956
47.0824
47.0077
46.9045
46.7941
46.6933
46.6078
46.5417
46.4934
46.4623
46.4436
46.4348
46.4306
46.4291
46.4262
46.4215
46.4123
46.3996
46.3817
46.3601
46.3338
46.3046
46.2715
46.2364
46.1983
46.1588
46.1168
46.0741
46.0295
45.9849
45.939
45.8936
45.8474
45.8024
45.7568
45.7128
45.6689
45.6268
45.5846
45.5441
45.5031
45.4632
45.422
45.3804
45.3354
45.2878
45.2358
45.1815
45.1233
45.0642
45.0043
44.9477
44.8932
44.8454
44.8053
44.7748
44.7511
44.7376
44.73
44.7263
44.7221
44.7189
44.7119
44.7027
44.6916
44.6802
44.6615
44.6334
44.5892
44.528
44.4499
44.3592
44.2628
44.1639
44.0732
43.9787
43.899
43.8216
43.7798
43.7571
43.7741
43.8042
43.8511
43.9034
43.987
44.0812
44.1941
44.3141
44.4591
44.6036
44.7338
44.831
44.9023
44.9508
44.9801
44.9903
44.9945
44.9929
44.9913
44.9767
44.9638
44.944
44.9408
44.9503
44.9814
45.0167
45.0749
45.1457
45.2439
45.3504
45.4698
45.5816
45.6906
45.7851
45.8783
45.9625
46.0579
46.1458
46.2527
46.34
46.4466
46.5411
46.647
46.7377
46.8448
46.9296
47.0502
47.145
47.2653
47.3789
47.519
47.6255
47.7976
47.874
48.0654
48.0769
48.2218
48.0447
48.1715
48.0619
48.1448
48.0817
48.2211
48.1792
48.4004
48.4223
48.7174
48.7314
49.0817
49.1412
49.5114
49.4499
49.8412
49.7879
50.051
49.7315
49.9478
49.8343
50.071
50.0725
50.3098
50.3368
50.5186
50.5028
50.6489
50.2929
50.3687
50.1179
50.008
49.6094
49.4805
49.0583
49.0015
48.422
48.2775
47.4043
47.2547
46.1214
45.6222
44.569
43.6233
42.5589
41.1162
39.6884
37.5587
35.3431
32.5806
29.5337
51.0335
50.6098
48.5998
46.8162
45.6918
45.2351
45.3303
45.7348
46.2096
46.6215
46.9195
47.0983
47.1643
47.1419
47.062
46.9573
46.849
46.7521
46.6718
46.6112
46.5683
46.5419
46.5271
46.521
46.5187
46.5181
46.5159
46.5116
46.5031
46.491
46.4743
46.4541
46.4296
46.4024
46.3716
46.3388
46.303
46.2658
46.2263
46.1859
46.1435
46.1005
46.0562
46.0118
45.9668
45.9226
45.8783
45.8353
45.793
45.7523
45.712
45.6734
45.6355
45.5993
45.5632
45.5278
45.4912
45.454
45.4144
45.3734
45.3298
45.2861
45.2433
45.2034
45.1658
45.134
45.1098
45.0929
45.08
45.0735
45.0709
45.0692
45.065
45.0587
45.0477
45.0359
45.0244
45.0142
44.9988
44.9745
44.9335
44.8741
44.7955
44.7014
44.5999
44.4951
44.3996
44.3046
44.2281
44.1563
44.1267
44.105
44.131
44.1613
44.2127
44.2616
44.3552
44.4526
44.573
44.6935
44.8514
45
45.138
45.2303
45.2952
45.3232
45.3456
45.3424
45.3488
45.3471
45.352
45.3428
45.3458
45.3392
45.3623
45.3895
45.453
45.5115
45.6094
45.7075
45.8442
45.9761
46.1315
46.262
46.3968
46.5046
46.6205
46.7098
46.8136
46.8992
47.0022
47.0836
47.1961
47.2868
47.4023
47.5001
47.6134
47.711
47.842
47.9447
48.0766
48.198
48.3547
48.474
48.6554
48.7332
48.9424
48.9573
49.0607
48.857
49.0802
48.8852
49.0473
48.927
49.123
49.0623
49.3302
49.3476
49.6614
49.6537
50.0636
50.1059
50.5224
50.4432
50.8832
50.8073
51.0531
50.6809
50.939
50.7832
51.1176
51.0934
51.3754
51.3594
51.571
51.5691
51.6129
51.2378
51.3067
50.9457
50.8409
50.4685
50.3015
49.8542
49.7027
49.1143
48.9697
48.1216
47.8408
46.7961
46.2832
45.3176
44.4086
43.3458
42.0206
40.5561
38.5926
36.4849
33.9572
31.1967
50.9801
50.5461
48.5672
46.846
45.7862
45.3903
45.5209
45.9241
46.3742
46.7523
47.0181
47.1686
47.2135
47.1793
47.0971
46.996
46.8951
46.8067
46.7351
46.6821
46.6458
46.6239
46.612
46.607
46.605
46.6039
46.6013
46.5963
46.5878
46.5761
46.5603
46.5414
46.5188
46.4934
46.465
46.4345
46.4015
46.3669
46.3301
46.2919
46.2518
46.2106
46.168
46.1251
46.082
46.0395
45.9977
45.9572
45.9174
45.8791
45.8418
45.8064
45.7726
45.7413
45.7113
45.6828
45.6546
45.627
45.5994
45.5721
45.5435
45.515
45.4886
45.4652
45.4447
45.43
45.4213
45.4168
45.4143
45.4151
45.4168
45.4159
45.4104
45.4006
45.3871
45.3746
45.3639
45.3555
45.3453
45.3266
45.2916
45.2381
45.1637
45.0703
44.9666
44.8613
44.7642
44.6709
44.5956
44.5333
44.5151
44.5
44.5341
44.5638
44.6164
44.6671
44.7753
44.8752
45.0017
45.1233
45.2952
45.4434
45.5887
45.6714
45.7287
45.7364
45.7511
45.7385
45.7561
45.7543
45.7719
45.7712
45.7962
45.8103
45.8664
45.9173
46.0182
46.1071
46.248
46.3761
46.5524
46.7063
46.8912
47.0365
47.1978
47.317
47.4561
47.5528
47.6677
47.7491
47.853
47.9321
48.0489
48.1457
48.2717
48.3782
48.4983
48.6076
48.7399
48.8514
48.9967
49.1255
49.2898
49.4294
49.611
49.7189
49.905
49.9586
49.9848
49.8142
50.0573
49.811
50.0385
49.9198
50.1853
50.1122
50.4001
50.4432
50.7254
50.7441
51.1897
51.2679
51.7023
51.6573
52.0537
52.0079
52.1554
51.7908
52.0961
51.8773
52.3214
52.2685
52.5838
52.567
52.7692
52.7258
52.7482
52.3699
52.3895
51.932
51.8757
51.4469
51.208
50.8626
50.6087
50.2097
49.7627
49.0285
48.6128
47.6843
47.1676
46.2432
45.3914
44.2531
43.0146
41.4787
39.6657
37.653
35.3122
32.7845
50.7732
50.3341
48.4583
46.881
45.9471
45.6505
45.818
46.1961
46.5897
46.9052
47.1157
47.2216
47.2383
47.1926
47.112
47.0202
46.9322
46.8568
46.797
46.7535
46.7239
46.7058
46.6953
46.6899
46.6865
46.6835
46.6791
46.6729
46.6638
46.652
46.637
46.6191
46.5981
46.5748
46.549
46.5213
46.4913
46.4597
46.4261
46.3907
46.3532
46.3143
46.2737
46.2331
46.1931
46.1544
46.1162
46.0788
46.0424
46.0077
45.9745
45.9433
45.9146
45.8891
45.866
45.8455
45.8273
45.8118
45.7978
45.7833
45.7685
45.7555
45.7456
45.7386
45.7355
45.7371
45.7426
45.7496
45.757
45.7654
45.772
45.7736
45.768
45.7551
45.7383
45.7248
45.7157
45.7112
45.7069
45.6959
45.6703
45.6263
45.5592
45.4711
45.3686
45.2666
45.1678
45.078
45.0055
44.9571
44.9437
44.9328
44.9702
45.0013
45.0555
45.1247
45.2503
45.358
45.4896
45.6187
45.7947
45.935
46.0791
46.1548
46.2081
46.2032
46.2153
46.2019
46.2299
46.2349
46.27
46.2812
46.33
46.3689
46.4584
46.5398
46.6801
46.804
46.9852
47.147
47.356
47.5327
47.7398
47.8993
48.0804
48.2104
48.3676
48.4772
48.603
48.6871
48.7953
48.8803
49.0064
49.1107
49.2507
49.3698
49.4974
49.6175
49.7379
49.8572
50.0012
50.1457
50.313
50.4894
50.6545
50.8019
50.9582
51.0392
51.0167
50.9737
51.1134
50.8719
51.1427
51.0566
51.336
51.3135
51.5857
51.6907
51.886
51.9921
52.4282
52.5538
52.9779
53.0356
53.3253
53.2893
53.408
53.0833
53.3647
53.2336
53.6278
53.5506
53.8744
53.8972
54.07
54.0029
53.913
53.5424
53.5763
53.0688
52.9423
52.5592
52.2683
52.0925
51.6178
51.4175
50.7103
50.2391
49.5266
48.7559
48.1747
47.3194
46.5024
45.27
44.0841
42.4605
40.7773
38.8272
36.6455
34.2982
50.3069
49.8923
48.2819
46.9762
46.2419
46.0519
46.2241
46.5362
46.8376
47.064
47.2006
47.254
47.2421
47.1882
47.114
47.0361
46.9645
46.9045
46.8575
46.823
46.7989
46.7828
46.7719
46.7644
46.7583
46.7526
46.746
46.7381
46.7283
46.7163
46.7018
46.685
46.6658
46.6446
46.6214
46.5965
46.5699
46.5417
46.5118
46.4797
46.4454
46.4098
46.3732
46.3363
46.3
46.2655
46.2328
46.2012
46.1698
46.1392
46.1103
46.0847
46.0631
46.045
46.03
46.019
46.0121
46.0087
46.0084
46.0095
46.011
46.0132
46.0182
46.0268
46.0391
46.0543
46.0718
46.0896
46.1065
46.122
46.1331
46.1366
46.1306
46.1155
46.0955
46.0794
46.0715
46.0714
46.074
46.0719
46.0579
46.0261
45.9694
45.8898
45.7939
45.6995
45.6006
45.5203
45.4516
45.4139
45.4023
45.402
45.4408
45.4718
45.5319
45.6325
45.7729
45.892
46.0254
46.1713
46.338
46.472
46.6068
46.6804
46.73
46.7314
46.7401
46.7375
46.7754
46.7987
46.8523
46.8864
46.9559
47.0233
47.1415
47.2642
47.4347
47.6005
47.807
48.0058
48.2292
48.4298
48.6482
48.8275
49.0216
49.1685
49.3359
49.46
49.6016
49.6927
49.8155
49.9159
50.0497
50.1717
50.3177
50.4454
50.5782
50.6984
50.8068
50.9352
51.0771
51.2392
51.4202
51.6367
51.7866
51.9763
52.0846
52.1745
52.1802
52.2218
52.2329
52.1722
52.3576
52.3488
52.6238
52.6246
52.8536
53.0038
53.1706
53.3808
53.6976
53.9779
54.3418
54.439
54.6166
54.6011
54.6864
54.5035
54.7652
54.751
54.9872
54.9974
55.2006
55.2797
55.3342
55.2448
55.1272
54.8861
54.8047
54.3366
54.1492
53.8537
53.4676
53.3902
52.8046
52.6697
51.7235
51.5303
50.5838
49.9887
49.2767
48.5466
47.6446
46.3867
45.2268
43.5268
41.9265
40.0084
37.9703
35.7534
49.5461
49.2249
48.0909
47.1837
46.6901
46.5776
46.6981
46.8957
47.0745
47.1975
47.2586
47.265
47.2316
47.1757
47.1114
47.0489
46.9935
46.9476
46.9112
46.8833
46.8621
46.846
46.8334
46.8232
46.8142
46.8057
46.7972
46.788
46.7777
46.7658
46.752
46.7361
46.7185
46.6992
46.6784
46.6565
46.6339
46.6099
46.5839
46.5557
46.5257
46.4941
46.4621
46.4307
46.4002
46.3711
46.3441
46.3194
46.2956
46.2717
46.249
46.2311
46.2189
46.2107
46.2058
46.2054
46.21
46.2192
46.2309
46.2435
46.2581
46.2757
46.2958
46.3187
46.3438
46.3699
46.396
46.4214
46.4453
46.4664
46.4807
46.4857
46.4798
46.4636
46.442
46.4243
46.4176
46.4207
46.4275
46.431
46.4256
46.406
46.3637
46.2973
46.2124
46.1305
46.0333
45.9719
45.913
45.8872
45.8767
45.8951
45.9301
45.9736
46.0504
46.1733
46.3137
46.4475
46.59
46.7548
46.9073
47.0416
47.1589
47.2386
47.2847
47.3057
47.3152
47.3381
47.3816
47.4369
47.5046
47.5758
47.6606
47.7664
47.9029
48.0704
48.2617
48.4669
48.6843
48.9119
49.133
49.3589
49.5734
49.7722
49.9671
50.1426
50.3156
50.4753
50.6213
50.7436
50.868
50.9966
51.1302
51.2775
51.4185
51.5676
51.6937
51.8229
51.9275
52.0718
52.2082
52.3957
52.5805
52.8144
52.9669
53.2116
53.2506
53.3926
53.3622
53.4628
53.4634
53.5568
53.6336
53.7506
53.8913
53.959
54.1619
54.3486
54.4623
54.8191
55.0417
55.4709
55.6047
55.7755
55.8563
55.9339
56.0099
56.053
56.1797
56.2305
56.3209
56.4678
56.5184
56.6436
56.5885
56.5488
56.2972
56.2863
55.9544
55.7389
55.3875
55.2028
54.7678
54.7648
53.9552
53.7904
52.8359
52.7543
51.646
51.3157
50.387
49.7694
48.7004
47.5599
46.3552
44.6331
43.0695
41.1862
39.2595
37.1236
48.7116
48.5446
47.9921
47.5212
47.2403
47.1367
47.1465
47.2018
47.2561
47.287
47.2876
47.2613
47.2167
47.1636
47.1098
47.0603
47.0173
46.9812
46.9514
46.9268
46.9063
46.8891
46.8745
46.8618
46.8507
46.8404
46.8305
46.8205
46.8098
46.7981
46.7847
46.7695
46.7532
46.7361
46.7183
46.6993
46.6795
46.6593
46.6381
46.6144
46.5887
46.5628
46.5372
46.5115
46.4869
46.4657
46.4476
46.431
46.4152
46.4
46.3876
46.3801
46.3776
46.3792
46.3851
46.3959
46.4111
46.43
46.4523
46.4767
46.5017
46.5278
46.5565
46.5879
46.6207
46.653
46.6846
46.7146
46.7422
46.7647
46.7795
46.7863
46.7841
46.7719
46.7527
46.7359
46.7296
46.733
46.7422
46.7502
46.7515
46.7416
46.7114
46.6597
46.592
46.5331
46.452
46.4114
46.3616
46.3541
46.3533
46.3971
46.4293
46.4972
46.5764
46.7085
46.8402
47.0047
47.1531
47.3271
47.462
47.6089
47.7099
47.8082
47.8488
47.9018
47.9194
47.9791
48.0376
48.1286
48.2092
48.3182
48.4115
48.5597
48.7098
48.9177
49.1151
49.355
49.5737
49.8224
50.0374
50.2789
50.4806
50.6954
50.8915
51.0955
51.27
51.4695
51.616
51.7762
51.8998
52.0613
52.1889
52.3635
52.498
52.6673
52.7876
52.9327
53.04
53.204
53.335
53.5328
53.7141
53.959
54.1017
54.3854
54.3688
54.5672
54.5145
54.7373
54.6952
54.9024
54.8911
55.0907
55.0927
55.3405
55.4323
55.6918
55.8037
56.2375
56.303
56.7312
56.6977
57.0957
57.0257
57.3601
57.3747
57.451
57.4233
57.6577
57.5925
57.8515
57.7751
57.9961
57.7421
57.8024
57.4343
57.6392
57.1206
57.0986
56.605
56.5878
55.9152
55.999
54.9403
55.0084
53.915
53.8614
52.6915
52.6026
51.4862
50.9431
49.6994
48.6822
47.3753
45.7239
44.1516
42.3226
40.4482
38.3777
48.0018
48.0079
47.9874
47.8709
47.7166
47.5803
47.4814
47.4182
47.378
47.3434
47.3038
47.2576
47.2077
47.1583
47.1124
47.0713
47.0354
47.004
46.9767
46.9528
46.9317
46.9132
46.897
46.8827
46.8702
46.859
46.8485
46.838
46.827
46.8152
46.8023
46.7884
46.7734
46.7574
46.7415
46.7258
46.7102
46.6937
46.6761
46.657
46.6365
46.6155
46.5948
46.5755
46.5597
46.5477
46.5378
46.5295
46.5224
46.5168
46.5147
46.5175
46.5242
46.5344
46.549
46.5686
46.5922
46.6189
46.6475
46.6774
46.7082
46.7398
46.7719
46.8047
46.8384
46.8726
46.9062
46.9374
46.965
46.9878
47.0047
47.0154
47.0178
47.0109
46.9982
46.9875
46.985
46.9904
46.9994
47.0106
47.0177
47.0105
46.9884
46.9538
46.9069
46.872
46.8189
46.8089
46.7786
46.7971
46.7951
46.8619
46.8875
46.99
47.0674
47.2149
47.33
47.5171
47.6498
47.8373
47.9545
48.1162
48.1976
48.3333
48.3754
48.4755
48.5034
48.614
48.6774
48.8139
48.8998
49.0501
49.143
49.3307
49.4807
49.7259
49.9159
50.1894
50.3941
50.6679
50.8597
51.1201
51.2929
51.5399
51.7193
51.9565
52.1187
52.3489
52.4882
52.6861
52.8096
53.0059
53.1312
53.333
53.4617
53.6553
53.7619
53.9276
54.0276
54.2085
54.3242
54.5453
54.7104
54.9739
55.0888
55.3952
55.3422
55.6199
55.5523
55.9107
55.7944
56.1421
56.0055
56.3429
56.2514
56.629
56.566
56.9692
57.0043
57.4348
57.3851
57.8844
57.7254
58.2875
58.0905
58.6634
58.5003
58.7792
58.6171
58.9519
58.6883
59.0861
58.8599
59.1883
58.751
59.0181
58.48
58.8972
58.1629
58.3553
57.6935
57.8207
56.9231
57.0796
55.8394
56.1591
54.8461
55.0322
53.7235
53.8152
52.4832
52.0267
50.6352
49.6662
48.2421
46.7085
45.0745
43.3112
41.4606
39.4727
48.0142
48.0282
48.0351
47.976
47.8629
47.7355
47.6199
47.5233
47.4428
47.3732
47.3106
47.2531
47.2005
47.1532
47.111
47.0736
47.0403
47.0105
46.9839
46.96
46.9386
46.9197
46.903
46.8884
46.8755
46.864
46.8534
46.8432
46.8327
46.8213
46.8089
46.7957
46.7821
46.7684
46.755
46.7417
46.7285
46.7153
46.7016
46.6869
46.6717
46.6564
46.6418
46.6292
46.6196
46.6128
46.6089
46.6082
46.61
46.6139
46.6202
46.6295
46.6418
46.6579
46.6784
46.703
46.731
46.7614
46.793
46.8252
46.8581
46.8915
46.9256
46.9598
46.9939
47.0273
47.0593
47.0891
47.1161
47.1391
47.1575
47.1707
47.1768
47.1747
47.1684
47.1649
47.1677
47.1763
47.1861
47.1936
47.1953
47.1904
47.1846
47.1678
47.1347
47.12
47.0984
47.1305
47.1231
47.1727
47.1737
47.2563
47.2686
47.3907
47.46
47.6304
47.7342
47.9296
48.0462
48.2488
48.357
48.5382
48.6154
48.7761
48.8263
48.9634
49.0078
49.1635
49.2362
49.4063
49.4902
49.6684
49.7654
49.9811
50.1308
50.3924
50.569
50.8548
51.0415
51.3349
51.5045
51.7864
51.9412
52.2259
52.3871
52.656
52.8014
53.0506
53.1747
53.397
53.5149
53.7358
53.8567
54.0793
54.2032
54.4135
54.5136
54.694
54.794
54.9868
55.0872
55.3328
55.4625
55.7571
55.8329
56.1801
56.1002
56.4888
56.3881
56.876
56.6734
57.1414
56.932
57.4315
57.2252
57.7289
57.5666
58.035
57.9728
58.4693
58.2749
58.888
58.6328
59.3069
59.0294
59.715
59.3542
59.9037
59.5353
59.9822
59.6032
60.1531
59.7329
60.2019
59.6567
60.0922
59.3971
59.9456
59.0625
59.4701
58.6494
58.9163
57.8491
58.115
56.7346
57.2427
55.6943
56.198
54.6998
54.8808
53.3304
53.0422
51.4333
50.5017
48.9199
47.4492
45.7341
44.0394
42.1969
40.352
48.1615
48.1237
48.0607
47.979
47.8809
47.7716
47.6603
47.556
47.463
47.3823
47.3127
47.2522
47.1993
47.1525
47.1108
47.0737
47.0403
47.0104
46.9835
46.9593
46.9377
46.9185
46.9017
46.8871
46.8744
46.8631
46.8527
46.8427
46.8326
46.8219
46.8105
46.7984
46.7858
46.7733
46.7611
46.7494
46.7382
46.7271
46.7158
46.7038
46.6915
46.6796
46.6687
46.6601
46.654
46.6504
46.65
46.6526
46.6577
46.6651
46.6747
46.6868
46.7016
46.7202
46.7431
46.7699
46.7996
46.8313
46.8643
46.8981
46.9327
46.9677
47.0022
47.0359
47.0684
47.0999
47.1299
47.158
47.1837
47.2062
47.2245
47.2377
47.2446
47.2448
47.2417
47.2411
47.2457
47.2558
47.2668
47.274
47.276
47.2746
47.2705
47.2547
47.2367
47.2443
47.2512
47.3174
47.324
47.3976
47.3992
47.486
47.492
47.6159
47.6811
47.8697
47.9706
48.1734
48.2803
48.4919
48.5917
48.7891
48.8633
49.0343
49.0875
49.2372
49.2947
49.4784
49.5545
49.7384
49.8154
50.0028
50.1033
50.3323
50.4855
50.7553
50.9293
51.2175
51.3924
51.6911
51.8559
52.1552
52.3076
52.613
52.7628
53.0476
53.183
53.4399
53.552
53.7793
53.8887
54.1156
54.2341
54.4667
54.5889
54.8022
54.9019
55.0881
55.1902
55.3852
55.4833
55.7504
55.8653
56.1887
56.2566
56.6585
56.5587
57.0912
56.9101
57.4701
57.1984
57.7616
57.4997
58.0884
57.8412
58.4327
58.172
58.7288
58.536
59.0922
58.8577
59.5791
59.2639
60.0691
59.6983
60.436
59.9501
60.5657
60.0782
60.6852
60.1914
60.7658
60.267
60.9288
60.2531
60.8899
60.0585
60.6893
59.6894
60.2678
59.2597
59.6337
58.4922
58.8966
57.4982
58.1504
56.5213
57.2536
55.4975
55.8408
54.0711
53.7851
51.9139
51.1086
49.3259
47.8454
46.0447
44.3787
42.5102
40.6594
47.1846
47.1847
47.1985
47.1345
46.9877
46.8051
46.6234
46.4601
46.3188
46.199
46.0986
46.021
45.9698
45.9361
45.9037
45.8819
45.8715
45.8573
45.8424
45.8323
45.8305
45.8379
45.8306
45.8055
45.768
45.7172
45.6714
45.6458
45.6331
45.6029
45.5346
45.4399
45.3471
45.2792
45.2349
45.1991
45.1587
45.1173
45.0849
45.0609
45.0486
45.0613
45.0811
45.1074
45.1461
45.1565
45.1261
45.0619
44.9767
44.8995
44.857
44.8388
44.8251
44.8115
44.8121
44.8238
44.8311
44.8208
44.7947
44.7606
44.734
44.708
44.6717
44.6414
44.6088
44.5748
44.537
44.5129
44.512
44.5165
44.543
44.5938
44.6664
44.7424
44.7988
44.8324
44.8275
44.7697
44.6882
44.6369
44.6417
44.7117
44.8297
44.9711
45.0928
45.1848
45.2968
45.4431
45.6084
45.7732
45.9423
46.1138
46.2759
46.4385
46.5887
46.752
46.9582
47.1754
47.3937
47.6168
47.8534
48.1166
48.4125
48.7392
49.0777
49.4205
49.7772
50.1526
50.5474
50.9689
51.4058
51.8312
52.2219
52.5752
52.9126
53.2309
53.5279
53.8081
54.0806
54.357
54.6386
54.931
55.2299
55.5236
55.8141
56.0995
56.3799
56.6754
56.9772
57.2749
57.5682
57.8724
58.2099
58.557
58.9
59.2478
59.5858
59.8903
60.1532
60.3802
60.6025
60.836
61.0913
61.3742
61.6641
61.939
62.1932
62.4262
62.6529
62.8933
63.1566
63.4338
63.7102
63.9769
64.232
64.4742
64.7089
64.9376
65.1582
65.3674
65.5666
65.7558
65.9351
66.0999
66.2469
66.3766
66.493
66.6019
66.7079
66.8109
66.9107
67.0078
67.108
67.2168
67.342
67.4888
67.6549
67.8257
68.0161
68.2408
68.4976
68.7887
69.0771
69.3604
69.6683
69.9954
70.3188
70.6372
70.9739
71.3447
71.7742
72.2803
72.8632
73.5078
74.1898
74.8424
75.3977
75.7255
75.8831
76.0217
47.1543
47.1448
47.1415
47.064
46.908
46.7183
46.53
46.3638
46.2242
46.1086
46.0147
45.9423
45.8929
45.8608
45.8291
45.8013
45.7838
45.7678
45.7582
45.7578
45.7633
45.7669
45.7426
45.7128
45.6711
45.614
45.558
45.5195
45.4982
45.4583
45.3859
45.2937
45.1989
45.1249
45.0776
45.0345
44.9921
44.9739
44.9722
44.94
44.9133
44.9184
44.9263
44.9338
44.9511
44.9429
44.8974
44.8279
44.7475
44.6784
44.6397
44.6235
44.6144
44.6042
44.6012
44.6052
44.6023
44.5876
44.5675
44.5408
44.5173
44.4851
44.4545
44.4288
44.3838
44.3279
44.273
44.2381
44.2314
44.237
44.2661
44.3165
44.3934
44.4786
44.5415
44.5806
44.5646
44.4858
44.3912
44.337
44.3417
44.4131
44.5314
44.672
44.7957
44.905
45.0434
45.2117
45.3937
45.555
45.7051
45.8533
45.9869
46.1233
46.2452
46.3822
46.5731
46.7884
47.0164
47.261
47.5215
47.7993
48.099
48.4218
48.7541
49.0876
49.4408
49.8121
50.2079
50.6421
51.1016
51.5389
51.932
52.2974
52.6487
52.9714
53.2671
53.5485
53.822
54.0938
54.3701
54.6594
54.957
55.2556
55.556
55.8377
56.114
56.411
56.7166
57.0229
57.329
57.6382
57.975
58.3226
58.66
59.0017
59.3309
59.6268
59.8857
60.1135
60.3346
60.5675
60.8227
61.1091
61.4046
61.6849
61.9445
62.1827
62.4111
62.6484
62.9089
63.1887
63.4743
63.7524
64.0172
64.2694
64.5146
64.7525
64.9807
65.1951
65.3982
65.5899
65.7708
65.9366
66.084
66.2134
66.33
66.4399
66.5469
66.6499
66.7478
66.84
66.9317
67.0295
67.1426
67.2838
67.4498
67.6265
67.8256
68.0496
68.306
68.5976
68.8874
69.1615
69.457
69.7754
70.0918
70.4077
70.7468
71.1255
71.5597
72.0637
72.6401
73.2738
73.9458
74.5993
75.1646
75.4973
75.6811
75.8646
47.1416
47.0969
47.0447
46.9218
46.7362
46.528
46.3312
46.1658
46.036
45.9344
45.8568
45.8027
45.7665
45.7384
45.7093
45.6781
45.6511
45.6307
45.6208
45.6177
45.6163
45.6105
45.588
45.5483
45.486
45.416
45.3505
45.3014
45.2648
45.2053
45.1218
45.0317
44.9446
44.8733
44.8195
44.7727
44.735
44.708
44.6992
44.6995
44.6958
44.6915
44.6821
44.6634
44.6486
44.6042
44.5318
44.4481
44.368
44.3064
44.2754
44.2689
44.2726
44.2817
44.2853
44.2755
44.2526
44.2221
44.1931
44.1705
44.1567
44.1375
44.1224
44.0965
44.0343
43.9523
43.8742
43.8066
43.7658
43.7592
43.7952
43.8642
43.9644
44.0607
44.123
44.1475
44.1093
44.0195
43.9198
43.8622
43.8678
43.9398
44.0575
44.1996
44.3465
44.4928
44.6426
44.7976
44.9609
45.1156
45.2558
45.3818
45.4907
45.5992
45.6911
45.7989
45.9623
46.1684
46.4209
46.6993
46.9935
47.2908
47.5961
47.9045
48.2093
48.5185
48.8549
49.2255
49.6433
50.1018
50.5741
51.0282
51.4496
51.8256
52.1678
52.4764
52.7584
53.0284
53.2971
53.571
53.8483
54.1418
54.4467
54.7605
55.0762
55.3645
55.6409
55.9305
56.2282
56.5335
56.8532
57.1803
57.523
57.8727
58.2009
58.5205
58.8208
59.0884
59.3314
59.5577
59.7771
60.017
60.2856
60.5862
60.8976
61.1922
61.4627
61.7095
61.9456
62.1904
62.456
62.7398
63.0331
63.3242
63.6052
63.8767
64.139
64.3875
64.6208
64.8393
65.0444
65.238
65.4167
65.5785
65.7214
65.8476
65.9631
66.074
66.1813
66.2849
66.3817
66.4709
66.555
66.6442
66.7491
66.8895
67.0607
67.2502
67.4651
67.7058
67.976
68.2611
68.5377
68.8116
69.1001
69.3999
69.6964
70.0049
70.3497
70.7404
71.1683
71.6537
72.1987
72.8074
73.4665
74.1264
74.7196
75.114
75.3781
75.6278
47.1319
47.0351
46.9139
46.7328
46.5085
46.2793
46.0738
45.9101
45.791
45.707
45.6526
45.6201
45.5975
45.5756
45.5477
45.516
45.4866
45.4628
45.4492
45.4421
45.4356
45.4251
45.3939
45.3379
45.2625
45.1828
45.1163
45.0589
45.002
44.9242
44.8334
44.7388
44.649
44.5796
44.5191
44.4595
44.4126
44.3793
44.3709
44.3811
44.3905
44.3901
44.3839
44.3596
44.3249
44.2538
44.1533
44.0462
43.9524
43.8953
43.8778
43.8846
43.9072
43.9299
43.9297
43.903
43.8592
43.8137
43.7749
43.7487
43.7375
43.7329
43.7298
43.6989
43.6221
43.5321
43.4426
43.345
43.2648
43.2286
43.2557
43.3349
43.4543
43.5702
43.6395
43.6545
43.6022
43.5037
43.4018
43.339
43.3415
43.4112
43.526
43.668
43.8218
43.9734
44.1242
44.2723
44.4158
44.552
44.6797
44.7888
44.8846
44.9694
45.0422
45.1364
45.2875
45.4912
45.7587
46.0689
46.3977
46.7145
47.0108
47.2926
47.5567
47.8286
48.1379
48.501
48.9212
49.3976
49.9074
50.392
50.831
51.2198
51.5704
51.8679
52.1193
52.3545
52.5903
52.8418
53.1168
53.4309
53.7662
54.1088
54.4422
54.7474
55.0291
55.3175
55.6109
55.9086
56.234
56.5793
56.9378
57.29
57.6149
57.9131
58.1807
58.4181
58.6383
58.8568
59.0813
59.3327
59.6187
59.9344
60.2642
60.5772
60.864
61.1223
61.3665
61.6166
61.8862
62.1734
62.4729
62.7746
63.0707
63.3591
63.6371
63.8978
64.1358
64.3531
64.5529
64.7381
64.9097
65.066
65.2037
65.3231
65.433
65.539
65.6428
65.742
65.8357
65.9227
66.0082
66.0964
66.2029
66.3475
66.5316
66.7416
66.9817
67.2481
67.5267
67.8032
68.0756
68.351
68.6449
68.9512
69.2657
69.5904
69.9431
70.319
70.7268
71.1734
71.6717
72.233
72.8661
73.5253
74.1759
74.6649
75.0271
75.3691
47.0943
46.9577
46.7642
46.5289
46.2674
46.0167
45.8001
45.6343
45.5219
45.4535
45.4224
45.4103
45.4007
45.3851
45.3588
45.3265
45.2965
45.2736
45.2573
45.2457
45.2352
45.2206
45.1847
45.1195
45.034
44.9492
44.8799
44.8142
44.741
44.651
44.5515
44.4466
44.3445
44.262
44.1882
44.1194
44.0588
44.0161
44.0029
44.014
44.0348
44.053
44.0614
44.04
43.9924
43.9047
43.7911
43.6714
43.5667
43.5088
43.4989
43.5133
43.5477
43.5755
43.562
43.5117
43.4459
43.3852
43.3315
43.2955
43.2819
43.2814
43.2845
43.2564
43.1828
43.0907
42.9842
42.8594
42.747
42.6805
42.685
42.7556
42.8788
43.0009
43.0763
43.0929
43.0411
42.9461
42.8477
42.7799
42.7748
42.8342
42.9371
43.0703
43.2184
43.3694
43.5123
43.645
43.7721
43.8975
44.018
44.1249
44.2132
44.2895
44.3647
44.4557
44.6017
44.8088
45.0816
45.3985
45.7294
46.0453
46.3281
46.5845
46.8192
47.0664
47.3527
47.7018
48.1239
48.6059
49.1207
49.6217
50.0844
50.4995
50.8638
51.1541
51.3789
51.5795
51.7789
52.0046
52.2739
52.6008
52.9633
53.3376
53.6914
54.0136
54.3136
54.6123
54.905
55.2021
55.5292
55.8843
56.2528
56.607
56.9278
57.2088
57.4497
57.6656
57.8749
58.0851
58.3078
58.5627
58.8572
59.1856
59.5285
59.8592
60.1633
60.4369
60.6934
60.953
61.2248
61.5122
61.8125
62.1203
62.4271
62.7297
63.0201
63.2903
63.5338
63.7528
63.9492
64.1279
64.2916
64.4413
64.5717
64.686
64.7896
64.8896
64.9858
65.0785
65.1669
65.2525
65.3369
65.426
65.5385
65.6962
65.8953
66.1298
66.3926
66.6806
66.9706
67.255
67.5378
67.8349
68.1441
68.4699
68.8052
69.1507
69.5081
69.876
70.2559
70.6636
71.1086
71.6279
72.2348
72.8986
73.5843
74.1763
74.6541
75.123
47.019
46.8626
46.6206
46.3457
46.0558
45.7882
45.5605
45.3894
45.278
45.2195
45.2038
45.204
45.1993
45.1825
45.156
45.1263
45.0989
45.0764
45.0588
45.043
45.0269
45.0051
44.9631
44.8928
44.804
44.7189
44.6471
44.573
44.4878
44.3883
44.2796
44.1645
44.0504
43.9476
43.8539
43.7724
43.7008
43.6523
43.6351
43.646
43.6704
43.7016
43.7232
43.717
43.6728
43.5852
43.469
43.3481
43.2505
43.1975
43.188
43.2003
43.2256
43.2367
43.2016
43.1301
43.0394
42.9543
42.8868
42.8442
42.8272
42.8246
42.8247
42.7971
42.7286
42.6332
42.51
42.3639
42.223
42.1286
42.108
42.1604
42.2688
42.3849
42.4629
42.4858
42.4457
42.3663
42.2789
42.2143
42.2055
42.251
42.3382
42.456
42.5909
42.7308
42.8577
42.9717
43.0832
43.2009
43.3196
43.4286
43.5212
43.6005
43.6886
43.7962
43.9477
44.1538
44.4161
44.7204
45.0395
45.3467
45.624
45.8653
46.0882
46.3233
46.5992
46.936
47.3426
47.8119
48.3155
48.8176
49.293
49.725
50.0952
50.3845
50.6002
50.7792
50.9523
51.1564
51.416
51.7422
52.1139
52.5037
52.8779
53.2196
53.5373
53.8429
54.1383
54.4405
54.7656
55.1179
55.4802
55.8293
56.139
56.4048
56.6348
56.8445
57.0512
57.26
57.4819
57.7382
58.035
58.3661
58.7145
59.0529
59.374
59.6701
59.9455
60.2165
60.4938
60.7833
61.0845
61.3943
61.7057
62.0129
62.3109
62.5903
62.8422
63.0652
63.2625
63.4381
63.5958
63.7396
63.8678
63.9798
64.0811
64.1738
64.2626
64.3455
64.4271
64.5083
64.5909
64.6817
64.8028
64.9717
65.1871
65.4392
65.7175
66.0135
66.3162
66.6155
66.923
67.2422
67.577
67.9287
68.2934
68.6616
69.0329
69.3941
69.7596
70.1399
70.5672
71.0502
71.6468
72.3043
73.0228
73.6884
74.3085
74.8595
46.9324
46.7739
46.5093
46.2104
45.8997
45.6175
45.3785
45.2004
45.0862
45.0294
45.0168
45.0186
45.0103
44.988
44.9591
44.9313
44.9068
44.8852
44.8644
44.8378
44.8063
44.7706
44.7196
44.648
44.5613
44.479
44.407
44.329
44.2391
44.1338
44.0163
43.8923
43.7708
43.6549
43.5469
43.4538
43.3728
43.3201
43.3005
43.3067
43.3314
43.3674
43.3984
43.4042
43.3741
43.3058
43.2089
43.1043
43.0193
42.9729
42.9581
42.9552
42.957
42.9425
42.8797
42.779
42.6636
42.5541
42.4654
42.4078
42.3806
42.3717
42.3686
42.3411
42.2726
42.1665
42.0243
41.857
41.6941
41.5791
41.5404
41.5772
41.6684
41.7732
41.8578
41.8935
41.8716
41.8153
41.7534
41.7042
41.6935
41.729
41.8007
41.8969
42.0085
42.123
42.2271
42.3231
42.4218
42.5279
42.6389
42.7427
42.8392
42.9344
43.0415
43.1713
43.3404
43.552
43.805
44.0939
44.3957
44.6892
44.9573
45.1917
45.4167
45.6517
45.9233
46.2514
46.6413
47.0874
47.5673
48.0549
48.5254
48.9559
49.3229
49.6122
49.8273
49.9982
50.155
50.3428
50.5897
50.9064
51.2704
51.6572
52.0374
52.3894
52.7131
53.0224
53.3254
53.6311
53.9514
54.2929
54.6406
54.9758
55.2741
55.5314
55.7558
55.9645
56.1752
56.3911
56.6191
56.8798
57.1772
57.503
57.8485
58.1888
58.5188
58.8329
59.128
59.4149
59.7037
59.9985
60.3008
60.6103
60.9217
61.2287
61.5285
61.8125
62.069
62.2979
62.5006
62.68
62.8388
62.9834
63.1123
63.2239
63.3225
63.4097
63.4902
63.5673
63.6443
63.7254
63.8111
63.909
64.0372
64.2145
64.4363
64.6955
64.9776
65.2769
65.5864
65.9047
66.2333
66.578
66.9387
67.3152
67.7018
68.0972
68.4815
68.856
69.2241
69.604
70.0223
70.5055
71.1058
71.78
72.5165
73.2597
73.9458
74.5629
46.877
46.723
46.4497
46.1363
45.8103
45.5148
45.2639
45.0766
44.9545
44.8911
44.8718
44.8654
44.8479
44.8179
44.7845
44.756
44.7333
44.7109
44.6806
44.6341
44.5782
44.5242
44.4629
44.3913
44.31
44.2352
44.1682
44.0941
44.0061
43.8995
43.7777
43.6529
43.5314
43.4138
43.3039
43.2059
43.1206
43.0619
43.0358
43.0338
43.0507
43.0814
43.1172
43.1318
43.1191
43.0742
43.0038
42.9277
42.8695
42.8369
42.8149
42.7927
42.7645
42.7176
42.6296
42.5017
42.3558
42.2143
42.0984
42.016
41.9698
41.9485
41.9377
41.9075
41.8348
41.7143
41.553
41.3674
41.1937
41.0729
41.0312
41.0607
41.1434
41.2458
41.336
41.3883
41.3909
41.3608
41.3264
41.3015
41.2999
41.3324
41.3868
41.4567
41.5409
41.6261
41.7043
41.7763
41.8514
41.9349
42.0317
42.1342
42.2407
42.3555
42.4849
42.6392
42.826
43.0458
43.2964
43.5714
43.852
44.1267
44.3866
44.6286
44.8615
45.1059
45.3805
45.696
46.0599
46.4742
46.9219
47.3797
47.8251
48.2366
48.5899
48.8766
49.095
49.2642
49.4153
49.5923
49.8234
50.1207
50.4646
50.8341
51.2005
51.5463
51.8697
52.181
52.4887
52.796
53.1108
53.4383
53.7667
54.0823
54.3695
54.6204
54.8435
55.0556
55.2708
55.4957
55.7366
56.0055
56.3052
56.6252
56.9608
57.2977
57.6308
57.9562
58.2664
58.5665
58.8658
59.1669
59.4714
59.7796
60.087
60.3927
60.6937
60.9779
61.2365
61.4684
61.6765
61.8607
62.0257
62.1754
62.3099
62.4247
62.5253
62.6128
62.6912
62.7659
62.8439
62.9247
63.0145
63.1187
63.2554
63.4393
63.666
63.9231
64.204
64.5006
64.8153
65.147
65.4952
65.8599
66.2437
66.6383
67.0455
67.4583
67.8667
68.2569
68.648
69.0434
69.5002
70.0144
70.6388
71.3229
72.0836
72.8583
73.6107
74.2162
46.8762
46.7268
46.4501
46.1267
45.7886
45.4799
45.2159
45.0165
44.8817
44.8053
44.7714
44.7513
44.7224
44.6839
44.6449
44.6135
44.5881
44.5603
44.5147
44.4453
44.3671
44.296
44.2231
44.1493
44.0726
44.0024
43.9413
43.8791
43.8018
43.7007
43.5826
43.4666
43.3569
43.2509
43.1504
43.0562
42.9737
42.91
42.872
42.8533
42.8522
42.8684
42.894
42.909
42.909
42.8876
42.8485
42.8062
42.7781
42.7648
42.7435
42.7067
42.6539
42.5767
42.4609
42.3067
42.1315
41.9563
41.807
41.693
41.6182
41.5752
41.5491
41.5115
41.4321
41.3004
41.1277
40.9392
40.7745
40.6692
40.6402
40.6732
40.7552
40.862
40.9589
41.024
41.0504
41.0496
41.0426
41.0392
41.0514
41.084
41.1258
41.1693
41.2176
41.2636
41.3053
41.3453
41.3922
41.4531
41.5352
41.6347
41.7518
41.8879
42.0416
42.222
42.429
42.6589
42.9097
43.1737
43.4399
43.6996
43.9534
44.1998
44.4448
44.6975
44.9731
45.279
45.6172
45.9918
46.3955
46.8093
47.2129
47.5922
47.9251
48.1982
48.414
48.5871
48.7403
48.9127
49.1298
49.4014
49.7158
50.0542
50.3962
50.7253
51.0379
51.3435
51.6501
51.9539
52.2613
52.5711
52.8772
53.1716
53.4469
53.6945
53.9217
54.1388
54.363
54.597
54.8525
55.1304
55.4335
55.7493
56.0733
56.3995
56.7288
57.0595
57.3812
57.69
57.999
58.3064
58.6147
58.9223
59.2271
59.5247
59.8184
60.0961
60.3532
60.5869
60.8003
60.9885
61.1591
61.3144
61.4559
61.578
61.6832
61.778
61.8627
61.9418
62.0252
62.1112
62.2041
62.3151
62.46
62.6495
62.8792
63.1361
63.4069
63.702
64.0168
64.3532
64.7108
65.084
65.4762
65.8891
66.3122
66.7415
67.1698
67.5903
68.0207
68.4631
68.9775
69.5479
70.2063
70.9391
71.7163
72.5314
73.2451
73.8623
46.9325
46.7857
46.5067
46.1748
45.8255
45.5031
45.2255
45.0116
44.8611
44.767
44.7127
44.676
44.6373
44.5934
44.5506
44.5142
44.4815
44.4425
44.3802
44.2918
44.1975
44.1096
44.0233
43.9442
43.8708
43.8042
43.7509
43.7034
43.6412
43.5541
43.4481
43.3477
43.2568
43.1702
43.0848
43.003
42.9297
42.8643
42.8115
42.7688
42.7415
42.7333
42.7401
42.748
42.754
42.7512
42.7391
42.7297
42.7325
42.741
42.7312
42.6919
42.6249
42.5253
42.3848
42.2052
42.0026
41.7962
41.6112
41.4614
41.3493
41.2751
41.2257
41.1689
41.0764
40.9374
40.7682
40.5975
40.4653
40.3946
40.3893
40.4372
40.5238
40.6324
40.737
40.8166
40.8656
40.8887
40.9051
40.9237
40.9503
40.9822
41.009
41.0237
41.0316
41.0324
41.0347
41.042
41.0616
41.1016
41.1707
41.2662
41.3876
41.5384
41.7158
41.9206
42.1474
42.3888
42.6439
42.9011
43.1568
43.4038
43.6534
43.8985
44.1484
44.406
44.6789
44.9747
45.2896
45.6278
45.9866
46.352
46.7085
47.0453
47.3476
47.6053
47.8121
47.9844
48.1397
48.3081
48.5123
48.7557
49.0355
49.3355
49.642
49.9434
50.2375
50.5264
50.8204
51.1128
51.4077
51.6993
51.9857
52.2615
52.5229
52.7664
52.997
53.2238
53.4592
53.7057
53.9712
54.2558
54.5576
54.8694
55.1822
55.4997
55.8236
56.1532
56.479
56.7941
57.1079
57.4221
57.7337
58.0406
58.3417
58.6313
58.9135
59.1799
59.4299
59.66
59.8746
60.0669
60.2401
60.4022
60.5507
60.6834
60.8001
60.9089
61.0073
61.0986
61.1922
61.2846
61.381
61.4956
61.6446
61.8392
62.0719
62.3275
62.5947
62.8802
63.1908
63.5206
63.8732
64.2461
64.6442
65.0665
65.5076
65.9499
66.4067
66.8542
67.3394
67.8392
68.4285
69.0611
69.7874
70.5602
71.367
72.1779
72.9387
73.4927
47.0288
46.8791
46.596
46.2568
45.8998
45.5675
45.2799
45.0544
44.8905
44.7792
44.703
44.6451
44.5942
44.5458
44.5004
44.459
44.4193
44.3693
44.2925
44.1897
44.0852
43.983
43.8833
43.7981
43.7282
43.6665
43.624
43.591
43.5447
43.4754
43.3889
43.3112
43.2424
43.1743
43.1041
43.0364
42.9684
42.9021
42.8366
42.771
42.7158
42.6786
42.6614
42.6573
42.6608
42.6667
42.6745
42.6933
42.7252
42.758
42.768
42.7383
42.6679
42.5537
42.3944
42.1968
41.9744
41.7448
41.5278
41.3369
41.1806
41.0681
40.9852
40.8986
40.7879
40.6459
40.4929
40.3549
40.2632
40.2336
40.2589
40.3284
40.4275
40.5435
40.6594
40.7566
40.8274
40.8706
40.8999
40.9285
40.9618
40.9912
41.0047
40.9936
40.9648
40.9253
40.8921
40.8676
40.8612
40.8819
40.9363
41.029
41.1515
41.3091
41.5016
41.7227
41.9644
42.2137
42.4736
42.7242
42.9739
43.2109
43.4543
43.6962
43.9447
44.2007
44.4668
44.7506
45.0461
45.3529
45.6712
45.9913
46.302
46.5947
46.8591
47.0909
47.2839
47.4505
47.6038
47.7644
47.9523
48.1664
48.4099
48.6681
48.9374
49.2043
49.4749
49.7404
50.0155
50.2889
50.5681
50.8417
51.107
51.3656
51.6134
51.8519
52.0825
52.3158
52.5587
52.8127
53.0827
53.3685
53.6686
53.9771
54.2851
54.5969
54.9168
55.2412
55.567
55.8842
56.2006
56.5145
56.8272
57.1296
57.4278
57.708
57.978
58.2295
58.4721
58.6958
58.9075
59.1014
59.2776
59.4465
59.6036
59.748
59.8772
60.002
60.1166
60.2209
60.327
60.4303
60.535
60.6544
60.8101
61.0055
61.2383
61.4899
61.7518
62.0315
62.3301
62.6456
62.9878
63.3546
63.7554
64.1841
64.6401
65.0963
65.5838
66.0637
66.6058
67.162
67.8163
68.5255
69.3102
70.1631
71.0095
71.88
72.5858
73.2
47.1375
46.98
46.6878
46.3421
45.9829
45.649
45.3596
45.13
44.9607
44.8391
44.7467
44.6702
44.6059
44.5506
44.5002
44.4541
44.4093
44.3511
44.2639
44.1543
44.045
43.9344
43.824
43.731
43.6627
43.608
43.5764
43.5568
43.5248
43.4734
43.4099
43.3562
43.3088
43.2577
43.2016
43.1433
43.0796
43.0118
42.9326
42.8457
42.7634
42.696
42.6524
42.6302
42.6245
42.631
42.6498
42.6878
42.7435
42.801
42.8361
42.8258
42.7627
42.6459
42.4782
42.2714
42.038
41.7942
41.5529
41.3258
41.1304
40.9769
40.8513
40.726
40.5925
40.4482
40.3148
40.2124
40.1592
40.1681
40.2258
40.319
40.4353
40.563
40.6936
40.8077
40.8968
40.9556
40.9916
41.0212
41.0509
41.0732
41.0752
41.0444
40.9892
40.9211
40.8605
40.8104
40.7814
40.783
40.8227
40.9093
41.0292
41.1883
41.3896
41.6173
41.8652
42.1142
42.3774
42.6219
42.8657
43.0937
43.3291
43.5657
43.806
44.0535
44.3069
44.573
44.8458
45.1219
45.4026
45.6797
45.9466
46.1973
46.424
46.6286
46.8057
46.9636
47.1114
47.2609
47.4321
47.6183
47.8296
48.0458
48.2795
48.5102
48.7542
48.9948
49.2465
49.4998
49.7592
50.0142
50.2599
50.5013
50.7341
50.9624
51.1888
51.4218
51.6648
51.9192
52.1891
52.4718
52.7707
53.0755
53.3813
53.6882
54.0046
54.322
54.6446
54.9586
55.2736
55.5795
55.8886
56.1806
56.4714
56.7429
57.002
57.2451
57.4781
57.6957
57.9012
58.0982
58.2763
58.4503
58.6148
58.7716
58.9141
59.0522
59.1812
59.3038
59.4256
59.5441
59.6633
59.7909
59.9504
60.1442
60.3695
60.614
60.8667
61.135
61.4222
61.7282
62.063
62.4248
62.8276
63.2488
63.7201
64.1826
64.7027
65.214
65.8154
66.4274
67.1436
67.9204
68.7718
69.6862
70.609
71.5264
72.3267
72.8394
47.2294
47.0579
46.7514
46.3987
46.0436
45.7182
45.4397
45.2188
45.0569
44.9357
44.8371
44.7496
44.6766
44.6174
44.5647
44.5168
44.469
44.4047
44.3113
44.1983
44.0869
43.9717
43.8532
43.7531
43.6849
43.6378
43.6167
43.6092
43.5903
43.5515
43.5031
43.4653
43.4334
43.3979
43.3562
43.3059
43.2451
43.1714
43.0809
42.9761
42.8678
42.7708
42.6991
42.6563
42.6412
42.6454
42.6679
42.7161
42.7871
42.8654
42.9244
42.9372
42.8896
42.7794
42.6126
42.4039
42.1713
41.9263
41.6781
41.4295
41.2019
41.0058
40.8309
40.6612
40.5037
40.3545
40.2378
40.1652
40.1441
40.1832
40.2653
40.3774
40.5104
40.6502
40.7946
40.9229
41.0278
41.0972
41.1369
41.1664
41.1929
41.206
41.1931
41.1478
41.0742
40.9859
40.9055
40.8384
40.7944
40.7837
40.8126
40.8884
41.0036
41.157
41.3568
41.579
41.826
42.0704
42.3312
42.5693
42.8066
43.0301
43.2544
43.4819
43.7132
43.9438
44.1758
44.4184
44.6636
44.9078
45.15
45.3858
45.6127
45.8263
46.0193
46.1976
46.3585
46.5058
46.648
46.7864
46.9433
47.1024
47.2864
47.4635
47.6612
47.8593
48.0737
48.2903
48.517
48.7497
48.9841
49.217
49.4401
49.6642
49.8803
50.0997
50.321
50.5516
50.7915
51.0416
51.3077
51.5831
51.8735
52.1721
52.473
52.7744
53.0851
53.3948
53.71
54.0149
54.3221
54.6147
54.9111
55.1938
55.4735
55.7347
55.9849
56.2187
56.4421
56.6543
56.8568
57.0552
57.2378
57.4177
57.5913
57.756
57.9108
58.0577
58.2012
58.3388
58.4769
58.6134
58.7492
58.8883
59.0514
59.2418
59.457
59.6882
59.9326
60.1871
60.4683
60.764
61.0991
61.4487
61.8549
62.2647
62.7467
63.2125
63.7612
64.3033
64.9514
65.6202
66.3874
67.2352
68.1417
69.143
70.1251
71.1281
71.885
72.5707
47.2783
47.0883
46.763
46.4036
46.0583
45.7538
45.5015
45.306
45.1666
45.0595
44.9673
44.8798
44.8061
44.7471
44.6969
44.6483
44.5976
44.5301
44.4347
44.3215
44.2123
44.0971
43.9753
43.8713
43.8019
43.7616
43.7501
43.7499
43.7363
43.6985
43.6525
43.6191
43.5939
43.5669
43.5353
43.4905
43.4331
43.3582
43.2613
43.1378
43.0049
42.8824
42.7868
42.7253
42.6973
42.6968
42.7242
42.78
42.859
42.9493
43.0261
43.0598
43.0316
42.9335
42.7762
42.5763
42.3574
42.1228
41.8795
41.6209
41.3687
41.1387
40.9213
40.7072
40.5213
40.3583
40.249
40.1965
40.1999
40.2606
40.3599
40.4827
40.6266
40.7748
40.9284
41.0697
41.1845
41.2629
41.3076
41.3382
41.3588
41.3584
41.3331
41.2762
41.1878
41.0851
40.9929
40.9161
40.8654
40.8498
40.8772
40.9426
41.0513
41.1931
41.3824
41.589
41.8267
42.0632
42.3179
42.5519
42.7808
42.9991
43.2138
43.4278
43.6435
43.8542
44.0599
44.2736
44.4866
44.6952
44.9011
45.0989
45.2889
45.4678
45.6339
45.7876
45.9334
46.0672
46.2037
46.3273
46.4702
46.6052
46.7639
46.9132
47.0797
47.2482
47.4334
47.6244
47.8247
48.0306
48.237
48.445
48.6453
48.8513
49.0549
49.2645
49.4811
49.7076
49.9465
50.1892
50.448
50.7128
50.9929
51.2789
51.575
51.8676
52.1708
52.4677
52.7726
53.0633
53.3582
53.6357
53.9164
54.1828
54.4487
54.6957
54.9369
55.1613
55.3796
55.5872
55.7906
55.9883
56.1781
56.3619
56.5417
56.7121
56.8775
57.0319
57.1884
57.3373
57.4881
57.6394
57.7938
57.9456
58.1146
58.3002
58.5059
58.7227
58.961
59.201
59.4751
59.7567
60.0919
60.4307
60.8398
61.2339
61.721
62.1905
62.7651
63.3312
64.0134
64.7302
65.5384
66.4343
67.4004
68.4522
69.5175
70.579
71.4959
72.0372
47.2737
47.0576
46.71
46.3483
46.024
45.7563
45.5472
45.3948
45.2904
45.2077
45.1313
45.055
44.9867
44.9299
44.882
44.8329
44.7805
44.7131
44.6192
44.5082
44.4023
44.2896
44.1699
44.0672
43.9977
43.9614
43.9537
43.9539
43.9394
43.8981
43.842
43.7975
43.7653
43.7388
43.7147
43.6763
43.6189
43.5405
43.4386
43.308
43.1596
43.0155
42.8997
42.8217
42.7835
42.7806
42.8125
42.8715
42.9552
43.0503
43.1345
43.1818
43.1725
43.0913
42.9508
42.7674
42.5671
42.3508
42.1215
41.8665
41.6028
41.3471
41.0943
40.8438
40.6316
40.4516
40.3365
40.2883
40.3093
40.3811
40.4861
40.6097
40.7584
40.9122
41.0706
41.2207
41.3392
41.4239
41.4716
41.4999
41.5166
41.5043
41.4643
41.391
41.2924
41.1885
41.0943
41.0137
40.9658
40.9533
40.9835
41.0442
41.1471
41.274
41.446
41.6363
41.8563
42.0843
42.3286
42.5565
42.7739
42.9837
43.1887
43.3897
43.5855
43.7728
43.9505
44.1338
44.3134
44.4868
44.6586
44.8211
44.9781
45.1249
45.2678
45.3973
45.5283
45.6461
45.7716
45.882
46.0093
46.1265
46.2613
46.39
46.5273
46.6697
46.8251
46.9912
47.1625
47.3414
47.5215
47.704
47.8847
48.0732
48.2658
48.466
48.6785
48.8989
49.1328
49.368
49.6177
49.8708
50.1381
50.4101
50.6953
50.9782
51.2681
51.5493
51.8367
52.1128
52.3908
52.6538
52.9152
53.1647
53.4128
53.6476
53.8752
54.0941
54.3051
54.5126
54.7155
54.9162
55.1091
55.2985
55.4804
55.6566
55.8259
55.9867
56.1523
56.3102
56.4682
56.632
56.7954
56.9591
57.1325
57.3166
57.5168
57.7232
57.9538
58.1799
58.45
58.7161
59.0525
59.3721
59.7849
60.163
60.659
61.1284
61.7144
62.3079
63.0049
63.7562
64.588
65.5164
66.5077
67.5991
68.6874
69.8206
70.6394
71.4862
47.2071
46.9668
46.6083
46.2674
45.982
45.7669
45.6139
45.508
45.4353
45.3765
45.3207
45.2623
45.2029
45.1486
45.1017
45.0525
44.9979
44.9304
44.8385
44.7304
44.628
44.5203
44.4076
44.3104
44.242
44.2054
44.1966
44.1946
44.1778
44.1273
44.0567
43.9935
43.9442
43.9054
43.8761
43.8404
43.7812
43.7013
43.6001
43.4672
43.315
43.162
43.0356
42.9478
42.9036
42.8972
42.9283
42.987
43.0702
43.162
43.2502
43.305
43.3097
43.2468
43.1246
42.96
42.7803
42.5859
42.3737
42.1312
41.8727
41.6081
41.3353
41.0601
40.8238
40.6235
40.4966
40.4433
40.459
40.5252
40.6325
40.7559
40.902
41.0529
41.2052
41.3544
41.4763
41.5633
41.6144
41.6381
41.6471
41.6231
41.5759
41.491
41.3862
41.2799
41.1859
41.1124
41.0752
41.0673
41.1034
41.1647
41.2642
41.3816
41.5352
41.7068
41.9078
42.1214
42.3495
42.5676
42.774
42.972
43.166
43.3521
43.5265
43.6899
43.8433
43.9963
44.1478
44.288
44.4305
44.5601
44.6909
44.8084
44.9296
45.037
45.1508
45.2493
45.3605
45.4568
45.5654
45.6686
45.7793
45.8885
46.0005
46.1166
46.2429
46.3825
46.5267
46.679
46.8397
47.0012
47.1695
47.342
47.5262
47.7157
47.9229
48.1328
48.3592
48.5846
48.8232
49.0625
49.3168
49.5734
49.8445
50.1123
50.3872
50.65
50.9189
51.1773
51.4379
51.6832
51.9257
52.1555
52.3863
52.6051
52.8221
53.0308
53.2393
53.4451
53.6513
53.853
54.0508
54.241
54.4251
54.6005
54.7712
54.9321
55.1028
55.2626
55.4259
55.5934
55.7631
55.9305
56.1108
56.2908
56.4924
56.6854
56.9154
57.1228
57.3949
57.6403
57.9771
58.2781
58.6931
59.0653
59.5569
60.0308
60.6203
61.2206
61.9184
62.6744
63.5121
64.427
65.4151
66.4668
67.5523
68.6325
69.6031
70.163
47.1294
46.8743
46.5312
46.2294
45.9952
45.8314
45.7235
45.6488
45.5979
45.5575
45.5213
45.4806
45.4315
45.3806
45.3334
45.283
45.2265
45.1582
45.0693
44.965
44.8642
44.7617
44.6582
44.5678
44.5014
44.461
44.4445
44.4357
44.4134
44.3582
44.2793
44.1951
44.1265
44.0743
44.0344
43.9886
43.9269
43.8451
43.7498
43.6233
43.4733
43.3179
43.1939
43.105
43.0571
43.0442
43.0702
43.1211
43.1998
43.2846
43.3671
43.4215
43.4373
43.3916
43.2927
43.1505
42.9889
42.8148
42.6251
42.4017
42.1544
41.8921
41.6202
41.3362
41.0803
40.8632
40.7191
40.6477
40.6476
40.7022
40.7983
40.9103
41.045
41.1881
41.3332
41.4739
41.5904
41.6712
41.7236
41.742
41.7455
41.7147
41.6595
41.5712
41.4665
41.3605
41.2743
41.206
41.176
41.1743
41.2191
41.2819
41.3804
41.4925
41.6319
41.7903
41.9728
42.1669
42.3767
42.5821
42.7738
42.9576
43.1405
43.3081
43.4644
43.6048
43.7377
43.8655
43.9935
44.1059
44.2243
44.3271
44.4353
44.5291
44.6314
44.713
44.8057
44.8846
44.9739
45.0565
45.145
45.2302
45.3212
45.4082
45.5015
45.5913
45.6935
45.8043
45.9269
46.0534
46.1996
46.3433
46.5067
46.6656
46.8463
47.0247
47.2249
47.4224
47.6374
47.849
48.0746
48.2984
48.5382
48.7788
49.0337
49.2823
49.5389
49.7818
50.0313
50.2718
50.5135
50.7417
50.966
51.1789
51.3893
51.5916
51.7947
51.9956
52.1989
52.4027
52.6093
52.8107
53.0097
53.2001
53.3827
53.5572
53.7267
53.887
54.0564
54.215
54.3766
54.5421
54.7107
54.8755
55.0597
55.2317
55.4384
55.614
55.8508
56.0359
56.3169
56.5389
56.8789
57.1658
57.5738
57.9416
58.4257
58.8929
59.47
60.0682
60.7466
61.4758
62.275
63.1392
64.0572
65.0294
65.99
66.9435
67.5622
68.4407
47.0826
46.8419
46.526
46.2692
46.0791
45.9468
45.8611
45.8016
45.7616
45.7331
45.7088
45.6806
45.644
45.6002
45.5549
45.5064
45.4505
45.3813
45.296
45.1936
45.0928
44.9931
44.8964
44.8085
44.7419
44.6968
44.6723
44.6545
44.6286
44.5751
44.4966
44.4041
44.3218
44.2493
44.1926
44.1419
44.0842
43.9989
43.9016
43.7797
43.6413
43.4944
43.3711
43.2798
43.2331
43.2176
43.2383
43.2792
43.3497
43.4248
43.502
43.5514
43.567
43.5306
43.4524
43.3343
43.1949
43.0377
42.865
42.6604
42.4303
42.1767
41.9111
41.6299
41.3706
41.1448
40.9846
40.8915
40.8686
40.8972
40.9745
41.0707
41.1895
41.3163
41.4471
41.5706
41.6809
41.7557
41.809
41.8222
41.8206
41.7831
41.7268
41.6395
41.544
41.4423
41.364
41.3004
41.2785
41.2804
41.3275
41.3919
41.4883
41.5975
41.7289
41.8752
42.0429
42.2179
42.4104
42.5964
42.776
42.9456
43.1154
43.2672
43.4075
43.5258
43.6434
43.7452
43.856
43.9454
44.0462
44.127
44.2169
44.2894
44.3688
44.4282
44.4966
44.5519
44.6214
44.6822
44.7558
44.819
44.8942
44.9602
45.0346
45.102
45.1849
45.2677
45.3742
45.4766
45.6128
45.7433
45.9031
46.0548
46.2309
46.4034
46.5933
46.7806
46.9791
47.1761
47.3821
47.5898
47.8102
48.0319
48.2653
48.4938
48.7272
48.9536
49.1828
49.407
49.6293
49.8433
50.0507
50.2492
50.4429
50.6305
50.8177
51.0107
51.2043
51.4037
51.6061
51.8057
52.0025
52.1909
52.3717
52.5431
52.7109
52.868
53.0336
53.1852
53.3453
53.4972
53.67
53.8184
54.0089
54.1577
54.3795
54.5258
54.7814
54.9383
55.2233
55.431
55.7655
56.0394
56.4422
56.7939
57.262
57.716
58.2666
58.8359
59.4827
60.148
60.8779
61.6264
62.4171
63.1882
63.9236
64.5039
64.7719
64.4622
47.1347
46.9302
46.6503
46.4049
46.2212
46.0909
46.0137
45.961
45.9215
45.8948
45.8713
45.8461
45.8167
45.7781
45.7358
45.6897
45.636
45.5688
45.4895
45.3923
45.2935
45.1955
45.1035
45.0199
44.9563
44.9101
44.8778
44.8509
44.8201
44.7704
44.6992
44.611
44.5252
44.4467
44.3822
44.3214
44.2565
44.1709
44.0754
43.9594
43.8305
43.6906
43.5726
43.4829
43.4298
43.4076
43.4214
43.4589
43.5203
43.5833
43.6454
43.6867
43.7023
43.6779
43.6158
43.5138
43.3891
43.2445
43.0869
42.9001
42.6849
42.4449
42.1899
41.9163
41.6622
41.432
41.2588
41.1461
41.0979
41.0991
41.1525
41.2312
41.3326
41.4404
41.5561
41.6619
41.7645
41.831
41.8825
41.8916
41.8841
41.8445
41.7903
41.705
41.6209
41.5273
41.4604
41.4045
41.386
41.3901
41.4301
41.4932
41.5856
41.6943
41.8207
41.9574
42.1142
42.2759
42.4522
42.6201
42.7877
42.9449
43.1021
43.2356
43.3632
43.4621
43.565
43.6473
43.7418
43.8144
43.8979
43.9629
44.0343
44.086
44.1416
44.1776
44.2237
44.2549
44.3063
44.3452
44.4019
44.4464
44.5052
44.5525
44.6129
44.6604
44.7293
44.787
44.8807
44.9649
45.0922
45.2138
45.3682
45.5151
45.6843
45.8506
46.0303
46.206
46.3895
46.5688
46.7555
46.9416
47.1414
47.3402
47.5494
47.7564
47.9675
48.1766
48.389
48.5948
48.8031
49.0005
49.1959
49.3792
49.5613
49.7328
49.9113
50.0887
50.2753
50.4622
50.6611
50.851
51.0459
51.2271
51.4094
51.572
51.7449
51.8923
52.0597
52.1956
52.358
52.4864
52.6606
52.7826
52.9817
53.1012
53.3335
53.4602
53.713
53.8587
54.14
54.3291
54.6638
54.9178
55.31
55.6445
56.0928
56.5124
57.0283
57.5354
58.1245
58.6943
59.3118
59.8879
60.4471
60.8999
61.1652
61.0979
60.0012
58.0685
47.1422
47.0833
46.8218
46.5787
46.3926
46.2544
46.1619
46.0958
46.0461
46.016
45.9959
45.9749
45.9519
45.9235
45.8882
45.8436
45.7895
45.7229
45.6464
45.5557
45.4605
45.3672
45.2804
45.2009
45.134
45.0823
45.0474
45.0206
44.9916
44.9455
44.8826
44.8046
44.7238
44.6457
44.5751
44.5068
44.4385
44.3544
44.2571
44.1427
44.0206
43.8916
43.7789
43.6876
43.6312
43.6049
43.6125
43.6402
43.6872
43.7393
43.7909
43.8263
43.8392
43.8175
43.7655
43.6768
43.5667
43.4302
43.2775
43.0982
42.8975
42.6694
42.4271
42.1686
41.9235
41.6971
41.5156
41.3883
41.3215
41.3032
41.3338
41.3929
41.4768
41.5674
41.6696
41.7604
41.851
41.9082
41.9525
41.9593
41.9483
41.9074
41.8546
41.7757
41.7022
41.6202
41.5617
41.5152
41.4971
41.5026
41.5372
41.5971
41.6836
41.7868
41.9084
42.0397
42.186
42.3352
42.4956
42.6506
42.8076
42.9535
43.0987
43.2165
43.3314
43.4165
43.5053
43.5737
43.6549
43.7157
43.7852
43.8355
43.8881
43.9194
43.9529
43.9672
43.9929
44.0051
44.0358
44.0568
44.0942
44.1215
44.1637
44.1939
44.2427
44.275
44.334
44.376
44.4576
44.5312
44.6472
44.7609
44.9055
45.0461
45.2065
45.3646
45.5353
45.6983
45.8697
46.0303
46.2004
46.3647
46.5434
46.7181
46.9044
47.0882
47.2783
47.4675
47.661
47.8487
48.0411
48.2234
48.4058
48.5773
48.7467
48.9093
49.0788
49.2434
49.422
49.5959
49.7899
49.9669
50.1615
50.333
50.5192
50.6718
50.8498
50.9862
51.1503
51.2684
51.4277
51.5291
51.7007
51.7942
51.9928
52.0885
52.3163
52.4242
52.6816
52.8039
53.0907
53.2538
53.588
53.8148
54.1969
54.4969
54.9212
55.2874
55.756
56.1746
56.683
57.1095
57.5782
57.8951
58.1516
58.0878
57.6902
56.5374
54.3294
45.1199
-42.4182
-4.49029
-7.79729
-2.76347
-3.83453
-1.92431
-1.5942
-0.428897
0.0835241
0.761756
1.13434
1.48636
1.54928
1.70177
1.60145
1.58915
1.51604
1.19853
0.786834
0.64061
-29.2778
-4.79557
-7.78185
-2.88327
-3.95225
-2.04372
-1.72783
-0.552406
-0.0409518
0.646205
1.02253
1.38884
1.45559
1.62143
1.5244
1.51979
1.46592
1.14155
0.720239
0.592268
-19.0525
-4.62034
-7.6027
-3.05051
-4.14065
-2.23139
-1.95691
-0.772775
-0.273558
0.421995
0.799214
1.18825
1.26051
1.45111
1.36801
1.37245
1.34863
1.0152
0.576558
0.494249
-10.1292
-3.71469
-6.82293
-3.17076
-4.23866
-2.43966
-2.18534
-1.03502
-0.543931
0.144474
0.524102
0.932936
1.01167
1.22982
1.17083
1.17612
1.19037
0.864988
0.398418
0.355079
-2.62812
-1.94842
-5.52026
-3.16218
-4.18259
-2.62392
-2.36348
-1.30352
-0.816148
-0.153149
0.224976
0.65294
0.740954
0.980054
0.955743
0.955958
0.998179
0.714979
0.221389
0.203362
3.49156
0.51916
-3.76806
-2.86887
-3.91874
-2.72257
-2.46194
-1.53796
-1.06336
-0.438592
-0.070413
0.371084
0.472303
0.716498
0.730633
0.72284
0.770809
0.562743
0.0657766
0.0553613
8.49093
3.39494
-1.68119
-2.22914
-3.44282
-2.69568
-2.47315
-1.70726
-1.26483
-0.686662
-0.336449
0.105883
0.223344
0.455407
0.501129
0.488806
0.517071
0.39713
-0.064852
-0.0782485
12.6757
6.41022
0.611512
-1.2616
-2.77476
-2.51467
-2.38405
-1.78048
-1.39103
-0.865124
-0.540605
-0.117719
0.0151511
0.218393
0.278195
0.265507
0.254933
0.211207
-0.173999
-0.188943
16.2917
9.39649
3.01261
-0.0092443
-1.9196
-2.14713
-2.15626
-1.71468
-1.3974
-0.935921
-0.648282
-0.269757
-0.130271
0.0293043
0.0791078
0.0625016
0.00576839
0.0133711
-0.268201
-0.272661
19.4635
12.2401
5.42703
1.47042
-0.88788
-1.5771
-1.76407
-1.48709
-1.25553
-0.876274
-0.637924
-0.326437
-0.198493
-0.0946776
-0.0787501
-0.108051
-0.203948
-0.171129
-0.353875
-0.332424
22.2518
14.8721
7.77227
3.09414
0.277091
-0.825223
-1.21486
-1.10642
-0.966888
-0.686437
-0.50834
-0.281649
-0.188866
-0.151331
-0.183069
-0.232666
-0.353894
-0.316075
-0.432142
-0.373141
24.7141
17.2686
9.98497
4.76655
1.51903
0.0559509
-0.542324
-0.605008
-0.562268
-0.392626
-0.288143
-0.161281
-0.12527
-0.156849
-0.229835
-0.300388
-0.430276
-0.400164
-0.48961
-0.394735
26.9138
19.4393
12.0298
6.41588
2.79572
1.01324
0.208986
-0.0283755
-0.0950787
-0.0458251
-0.0247044
-0.000482725
-0.0299299
-0.120959
-0.216753
-0.302788
-0.420723
-0.406708
-0.50322
-0.388486
28.8923
21.3872
13.864
7.9714
4.05519
1.98779
0.979041
0.558807
0.36999
0.299685
0.241756
0.178308
0.0914363
-0.0391796
-0.138765
-0.234865
-0.323361
-0.331101
-0.454528
-0.34635
30.6988
23.109
15.4562
9.37125
5.23274
2.91061
1.70045
1.10089
0.792007
0.613245
0.490422
0.367124
0.242874
0.0947275
0.00389086
-0.0974899
-0.148584
-0.181258
-0.341501
-0.267688
32.3535
24.5825
16.7819
10.5716
6.26473
3.71437
2.31431
1.55676
1.14578
0.881427
0.710851
0.556438
0.417316
0.270086
0.193789
0.0913824
0.0755226
0.0154106
-0.179909
-0.162865
33.8402
25.7758
17.8355
11.5527
7.10738
4.35605
2.78599
1.90234
1.41642
1.09404
0.895902
0.730624
0.590863
0.454312
0.388965
0.28637
0.294975
0.2111
-0.0063092
-0.0547005
35.0891
26.6139
18.5772
12.2665
7.71051
4.7985
3.09717
2.12905
1.59862
1.24634
1.03736
0.869932
0.732337
0.604369
0.541823
0.43773
0.457773
0.358401
0.136678
0.0308493
36.0462
27.0703
18.9737
12.6512
8.02026
5.00988
3.23408
2.22696
1.68178
1.32358
1.11381
0.946146
0.809119
0.684719
0.621277
0.516467
0.539266
0.436684
0.223625
0.0806242
36.2809
27.1149
19.0503
12.7343
8.08392
5.05271
3.26148
2.24819
1.69961
1.33888
1.12783
0.959178
0.822513
0.700218
0.637551
0.535091
0.558276
0.457446
0.258213
0.101935
)
;

boundaryField
{
    inlet
    {
        type            calculated;
        value           nonuniform List<scalar> 
20
(
86.9645
83.8532
81.888
80.3527
79.1043
78.1196
77.3631
76.8096
76.4491
76.2693
76.262
76.4303
76.7808
77.3264
78.0796
79.0612
80.3075
81.8417
83.8055
86.9156
)
;
    }
    outlet
    {
        type            calculated;
        value           uniform 0;
    }
    walls
    {
        type            calculated;
        value           nonuniform List<scalar> 
520
(
86.9156
74.5573
67.1186
63.5586
61.6369
60.2219
58.9955
57.864
56.8136
55.8006
54.8299
53.8665
52.9471
52.0397
51.2012
50.3897
49.683
49.0325
48.5366
48.1965
48.1615
48.1237
48.0607
47.979
47.8809
47.7716
47.6603
47.556
47.463
47.3823
47.3127
47.2522
47.1993
47.1525
47.1108
47.0737
47.0403
47.0104
46.9835
46.9593
46.9377
46.9185
46.9017
46.8871
46.8744
46.8631
46.8527
46.8427
46.8326
46.8219
46.8105
46.7984
46.7858
46.7733
46.7611
46.7494
46.7382
46.7271
46.7158
46.7038
46.6915
46.6796
46.6687
46.6601
46.654
46.6504
46.65
46.6526
46.6577
46.6651
46.6747
46.6868
46.7016
46.7202
46.7431
46.7699
46.7996
46.8313
46.8643
46.8981
46.9327
46.9677
47.0022
47.0359
47.0684
47.0999
47.1299
47.158
47.1837
47.2062
47.2245
47.2377
47.2446
47.2448
47.2417
47.2411
47.2457
47.2558
47.2668
47.274
47.276
47.2746
47.2705
47.2547
47.2367
47.2443
47.2512
47.3174
47.324
47.3976
47.3992
47.486
47.492
47.6159
47.6811
47.8697
47.9706
48.1734
48.2803
48.4919
48.5917
48.7891
48.8633
49.0343
49.0875
49.2372
49.2947
49.4784
49.5545
49.7384
49.8154
50.0028
50.1033
50.3323
50.4855
50.7553
50.9293
51.2175
51.3924
51.6911
51.8559
52.1552
52.3076
52.613
52.7628
53.0476
53.183
53.4399
53.552
53.7793
53.8887
54.1156
54.2341
54.4667
54.5889
54.8022
54.9019
55.0881
55.1902
55.3852
55.4833
55.7504
55.8653
56.1887
56.2566
56.6585
56.5587
57.0912
56.9101
57.4701
57.1984
57.7616
57.4997
58.0884
57.8412
58.4327
58.172
58.7288
58.536
59.0922
58.8577
59.5791
59.2639
60.0691
59.6983
60.436
59.9501
60.5657
60.0782
60.6852
60.1914
60.7658
60.267
60.9288
60.2531
60.8899
60.0585
60.6893
59.6894
60.2678
59.2597
59.6337
58.4922
58.8966
57.4982
58.1504
56.5213
57.2536
55.4975
55.8408
54.0711
53.7851
51.9139
51.1086
49.3259
47.8454
46.0447
44.3787
42.5102
40.6594
36.2809
27.1149
19.0503
12.7343
8.08392
5.05271
3.26148
2.24819
1.69961
1.33888
1.12783
0.959178
0.822513
0.700218
0.637551
0.535091
0.558276
0.457446
0.258213
0.101935
86.9645
74.5117
67.1086
63.5413
61.6517
60.2116
59.0033
57.8453
56.8152
55.7727
54.8219
53.8222
52.9183
51.9614
51.1233
50.235
49.4787
48.6786
47.9905
47.1978
47.1846
47.1543
47.1416
47.1319
47.0943
47.019
46.9324
46.877
46.8762
46.9325
47.0288
47.1375
47.2294
47.2783
47.2737
47.2071
47.1294
47.0826
47.1347
47.1422
47.1846
47.1847
47.1985
47.1345
46.9877
46.8051
46.6234
46.4601
46.3188
46.199
46.0986
46.021
45.9698
45.9361
45.9037
45.8819
45.8715
45.8573
45.8424
45.8323
45.8305
45.8379
45.8306
45.8055
45.768
45.7172
45.6714
45.6458
45.6331
45.6029
45.5346
45.4399
45.3471
45.2792
45.2349
45.1991
45.1587
45.1173
45.0849
45.0609
45.0486
45.0613
45.0811
45.1074
45.1461
45.1565
45.1261
45.0619
44.9767
44.8995
44.857
44.8388
44.8251
44.8115
44.8121
44.8238
44.8311
44.8208
44.7947
44.7606
44.734
44.708
44.6717
44.6414
44.6088
44.5748
44.537
44.5129
44.512
44.5165
44.543
44.5938
44.6664
44.7424
44.7988
44.8324
44.8275
44.7697
44.6882
44.6369
44.6417
44.7117
44.8297
44.9711
45.0928
45.1848
45.2968
45.4431
45.6084
45.7732
45.9423
46.1138
46.2759
46.4385
46.5887
46.752
46.9582
47.1754
47.3937
47.6168
47.8534
48.1166
48.4125
48.7392
49.0777
49.4205
49.7772
50.1526
50.5474
50.9689
51.4058
51.8312
52.2219
52.5752
52.9126
53.2309
53.5279
53.8081
54.0806
54.357
54.6386
54.931
55.2299
55.5236
55.8141
56.0995
56.3799
56.6754
56.9772
57.2749
57.5682
57.8724
58.2099
58.557
58.9
59.2478
59.5858
59.8903
60.1532
60.3802
60.6025
60.836
61.0913
61.3742
61.6641
61.939
62.1932
62.4262
62.6529
62.8933
63.1566
63.4338
63.7102
63.9769
64.232
64.4742
64.7089
64.9376
65.1582
65.3674
65.5666
65.7558
65.9351
66.0999
66.2469
66.3766
66.493
66.6019
66.7079
66.8109
66.9107
67.0078
67.108
67.2168
67.342
67.4888
67.6549
67.8257
68.0161
68.2408
68.4976
68.7887
69.0771
69.3604
69.6683
69.9954
70.3188
70.6372
70.9739
71.3447
71.7742
72.2803
72.8632
73.5078
74.1898
74.8424
75.3977
75.7255
75.8831
76.0217
76.0217
75.8646
75.6278
75.3691
75.123
74.8595
74.5629
74.2162
73.8623
73.4927
73.2
72.8394
72.5707
72.0372
71.4862
70.163
68.4407
64.4622
58.0685
45.1199
-42.4182
-4.49029
-7.79729
-2.76347
-3.83453
-1.92431
-1.5942
-0.428897
0.0835241
0.761756
1.13434
1.48636
1.54928
1.70177
1.60145
1.58915
1.51604
1.19853
0.786834
0.64061
)
;
    }
    frontAndBack
    {
        type            empty;
    }
}


// ************************************************************************* //
