/*--------------------------------*- C++ -*----------------------------------*\
| =========                 |                                                 |
| \\      /  F ield         | OpenFOAM: The Open Source CFD Toolbox           |
|  \\    /   O peration     | Version:  2.4.0                                 |
|   \\  /    A nd           | Web:      www.OpenFOAM.org                      |
|    \\/     M anipulation  |                                                 |
\*---------------------------------------------------------------------------*/
FoamFile
{
    version     2.0;
    format      ascii;
    class       volScalarField;
    location    "1.52";
    object      p;
}
// * * * * * * * * * * * * * * * * * * * * * * * * * * * * * * * * * * * * * //

dimensions      [0 2 -2 0 0 0 0];

internalField   nonuniform List<scalar> 
8800
(
84.2548
71.8599
64.4835
60.9708
59.0706
57.6628
56.4926
55.3966
54.3271
53.4073
52.4705
51.4888
50.5204
49.7331
48.8632
47.976
47.1683
46.5126
45.6526
44.7267
81.1339
71.5074
64.6525
61.0836
59.1303
57.6867
56.5017
55.3982
54.3237
53.4036
52.472
51.4853
50.5153
49.7313
48.8682
47.9696
47.1737
46.5025
45.655
44.7142
79.1596
71.5895
65.2565
61.462
59.2944
57.7651
56.5484
55.4317
54.3478
53.4206
52.486
51.4882
50.5137
49.7301
48.8753
47.9627
47.1895
46.5037
45.6929
44.762
77.622
71.6553
65.844
61.8875
59.4775
57.8528
56.6086
55.4865
54.4014
53.4571
52.5178
51.5006
50.5257
49.7302
48.887
47.9602
47.2283
46.5361
45.8301
44.8953
76.3728
71.6275
66.3244
62.29
59.6472
57.9224
56.6571
55.542
54.4704
53.5041
52.5599
51.5203
50.5459
49.7324
48.8916
47.9666
47.2741
46.6173
45.9886
44.9796
75.3838
71.5258
66.6999
62.6317
59.8006
57.9676
56.6839
55.5854
54.5375
53.5484
52.6053
51.5383
50.5676
49.7344
48.891
47.9764
47.3074
46.6659
46.1175
45.0985
74.6172
71.4074
66.9789
62.9107
59.9374
57.9996
56.6894
55.6186
54.5886
53.5872
52.6438
51.5542
50.5819
49.7373
48.8813
47.9895
47.3079
46.6633
46.2035
45.5744
74.0474
71.3183
67.1635
63.1277
60.055
58.029
56.6711
55.6492
54.6243
53.6242
52.6664
51.5712
50.5851
49.7448
48.8652
48.0029
47.2836
46.6129
45.9978
46.0717
73.6721
71.2563
67.2771
63.2769
60.148
58.0484
56.6492
55.6682
54.658
53.6519
52.6803
51.5787
50.6023
49.7484
48.8575
48.0061
47.2605
46.5896
46.0779
46.6103
73.488
71.2266
67.3332
63.3494
60.2028
58.0568
56.638
55.6722
54.678
53.6682
52.6838
51.5812
50.6124
49.7466
48.8522
48.0071
47.2649
46.5979
46.1574
46.8007
73.482
71.2337
67.3206
63.3465
60.2091
58.0569
56.6381
55.6617
54.6768
53.6812
52.6802
51.5843
50.6139
49.7452
48.847
48.0179
47.2719
46.6134
46.207
46.9517
73.6552
71.2748
67.2718
63.2678
60.1712
58.0479
56.6621
55.6403
54.6587
53.6782
52.6675
51.5912
50.6145
49.7421
48.8518
48.035
47.293
46.6286
46.243
47.0373
74.0129
71.3459
67.1644
63.1173
60.0888
58.0335
56.6811
55.6188
54.6227
53.6636
52.6463
51.5924
50.6137
49.7471
48.8656
48.0562
47.3152
46.653
46.2643
47.0349
74.571
71.434
66.989
62.9042
59.9621
58.0139
56.6915
55.5937
54.5811
53.632
52.6138
51.5867
50.6198
49.7487
48.8814
48.0809
47.3434
46.6895
46.2611
46.9465
75.3382
71.5325
66.7248
62.6289
59.8107
57.988
56.6873
55.5593
54.5344
53.5885
52.5755
51.5676
50.627
49.7515
48.8971
48.1054
47.381
46.7335
46.2786
46.7732
76.3324
71.6184
66.356
62.2913
59.6419
57.9486
56.669
55.5091
54.4829
53.5346
52.532
51.5428
50.6351
49.75
48.9084
48.1312
47.4269
46.7916
46.3233
46.5299
77.5886
71.6409
65.8737
61.8945
59.4599
57.8837
56.6308
55.4466
54.4264
53.4814
52.4908
51.5156
50.6368
49.7502
48.9211
48.15
47.4719
46.8436
46.3942
46.2687
79.1314
71.5776
65.2778
61.4748
59.2702
57.7976
56.5763
55.3872
54.3782
53.4398
52.4613
51.4993
50.6386
49.7519
48.9294
48.1631
47.5044
46.8832
46.4603
46.1296
81.1002
71.5019
64.6696
61.1011
59.1042
57.7185
56.5309
55.3555
54.3547
53.42
52.4509
51.4973
50.6412
49.756
48.9357
48.1729
47.5195
46.9061
46.4605
46.0618
84.2158
71.8572
64.4995
60.9859
59.0458
57.6945
56.5205
55.3566
54.3581
53.4204
52.4533
51.502
50.6437
49.7578
48.9393
48.1765
47.5226
46.912
46.4617
46.1794
45.0881
45.1665
45.1249
45.0168
44.8909
44.7507
44.6039
44.4799
44.3907
44.3481
44.345
44.3726
44.4216
44.4865
44.5712
44.6898
44.8623
45.1082
45.4287
45.853
46.388
47.0339
47.7704
48.5483
49.2966
50.0258
50.6167
50.9748
51.0235
50.6443
49.7244
48.1926
45.9952
43.1594
39.8127
36.1551
32.5263
29.2774
26.632
24.8928
24.1442
24.1755
24.9614
26.7195
29.266
32.1933
35.5748
39.7714
44.5881
49.1328
52.766
55.6287
57.7756
58.8501
58.8365
58.0248
56.3049
53.6761
50.1751
46.16
41.7121
36.706
31.7914
27.1981
22.882
19.5355
16.8925
14.8985
13.9735
13.9995
14.8341
16.7202
19.0883
22.108
26.2553
30.1182
34.3512
39.2898
43.4639
48.0068
52.571
56.7243
61.1146
65.4394
70.0409
74.3952
78.6935
82.8328
86.1544
88.4489
88.9575
87.6806
84.2695
78.3814
70.3845
61.2652
52.6683
45.3102
38.585
33.015
28.5604
25.2336
22.9214
21.72
22.2803
23.8771
25.34
27.6818
31.4834
35.4448
39.2037
43.4958
47.6904
51.0367
53.9422
56.5446
58.5729
60.0413
61.1288
61.6883
61.6901
61.4035
61.3456
61.4885
60.9369
59.2685
56.5492
52.9752
48.3856
41.9927
34.1527
26.1735
18.2676
11.0225
5.25679
0.529366
-2.53445
-2.49583
-0.18079
2.74591
5.67297
9.37384
14.0835
19.5108
25.3579
31.1094
36.0928
39.9482
42.7954
44.5203
45.4521
45.9246
46.3703
46.7575
47.1681
47.7657
48.6803
49.8633
51.1498
52.7956
54.3427
56.1957
58.2303
60.1552
62.2214
64.1201
65.8933
67.2536
68.6167
69.9502
71.0731
72.0684
72.8066
73.3673
73.7683
74.0989
74.3694
74.3726
74.2339
74.2464
73.7485
73.3259
72.9345
72.1608
71.4259
70.5731
69.4741
68.5085
67.4392
66.4274
65.3706
63.8809
61.6475
58.1608
53.6796
49.041
45.5365
41.6596
39.3239
30.8813
44.7417
44.8393
44.9369
44.9554
44.8854
44.7696
44.6252
44.4974
44.4021
44.3538
44.3502
44.3838
44.4383
44.5105
44.6155
44.7466
44.9268
45.1952
45.5384
45.9828
46.5312
47.1817
47.8977
48.6609
49.3905
50.0613
50.6216
50.9384
50.9248
50.5034
49.5228
47.9619
45.7858
43.0324
39.869
36.4099
33.0578
30.0938
27.5974
25.9688
25.2384
25.2396
25.9455
27.5686
29.9523
32.6948
35.9613
40.0152
44.5434
48.6709
51.8751
54.2808
56.1174
57.1925
57.3768
56.7949
55.1411
52.763
49.642
46.0954
42.241
37.8212
33.5494
29.5846
25.7197
22.8313
20.6621
18.6989
17.8597
17.8093
18.5036
20.1946
22.2012
24.6692
28.2128
31.7251
35.3905
39.8879
43.7763
47.7312
51.9266
55.881
60.0102
64.0498
68.4125
72.5432
76.5668
80.3447
83.1771
85.4561
85.9551
84.8834
81.9998
76.8565
70.1683
62.2811
54.5426
47.7668
41.7275
36.4886
32.2194
29.3385
27.3149
25.8389
26.256
27.9921
29.524
31.5138
35.0236
38.8326
42.2431
45.8836
49.5119
52.5113
55.1321
57.4989
59.3761
60.7885
61.8211
62.3342
62.3776
62.3161
62.7417
63.3435
62.9153
61.0476
57.9484
53.8283
48.5333
41.2217
32.5253
24.1618
16.4672
9.10898
2.88392
-1.91344
-5.11227
-5.53449
-3.57964
-1.02492
1.79513
5.47322
10.2797
16.0642
22.4308
28.6057
34.4039
39.2409
42.7775
45.0819
46.6956
47.6414
48.1044
48.6708
49.1287
49.7363
50.6164
51.6421
52.9975
54.3338
55.9897
57.5593
59.5638
61.4432
63.3262
65.2444
66.7679
67.9716
69.0511
70.3637
71.2404
72.2234
72.7778
73.244
73.5627
73.836
74.1114
74.3263
74.2325
74.0553
73.5836
73.1198
72.4671
71.8927
71.0004
70.0751
69.2451
68.2291
67.178
66.2968
65.1034
63.3937
61.383
57.9643
54.3046
49.0597
44.8904
39.9184
34.5202
27.1463
44.8027
44.8318
44.8647
44.9256
44.9351
44.8541
44.6877
44.5224
44.4022
44.3512
44.3556
44.4152
44.4931
44.5814
44.7136
44.857
45.0553
45.3298
45.6784
46.1165
46.6414
47.2669
47.9224
48.6309
49.3058
49.8889
50.3648
50.5994
50.4859
49.9774
48.9926
47.4334
45.3486
42.7783
39.8485
36.6681
33.6008
30.9362
28.6999
27.2145
26.5487
26.5724
27.3046
28.821
31.0745
33.7505
36.8681
40.4929
44.3259
47.7374
50.4444
52.6971
54.5219
55.4696
55.521
54.9171
53.6139
51.6541
49.0283
45.9943
42.7526
38.8923
35.0579
31.7069
28.3783
25.7771
23.9242
22.4047
21.5934
21.4447
22.0047
23.4797
25.1935
27.2311
30.1818
33.3874
36.547
40.2734
43.9791
47.5367
51.2341
54.959
58.6035
62.2886
66.3647
70.0319
73.7036
77.1722
79.6908
81.7727
82.1986
81.3729
79.1779
74.8106
69.3795
63.0024
56.2563
50.0979
44.9628
40.2781
36.115
33.5369
31.9921
30.5996
30.6547
32.3786
34.1249
35.8658
38.8312
42.2833
45.3215
48.316
51.4348
54.1892
56.5157
58.5382
60.2679
61.6345
62.5979
63.173
63.4092
63.6168
64.2252
64.9764
64.6649
62.6575
59.3099
54.861
49.1046
41.1567
31.8293
23.0496
15.4298
8.33512
1.89207
-3.23047
-6.4033
-7.19885
-5.99483
-3.79787
-1.20376
2.25885
7.34452
13.4608
20.1723
27.1772
33.5765
39.2193
43.6798
46.3793
48.3621
49.8083
50.2784
51.1637
51.7908
52.3068
53.2418
53.8855
55.2203
56.3847
57.9528
59.3366
61.1834
62.9379
64.574
66.1759
67.533
68.7037
69.7115
70.5518
71.2587
71.9022
72.5397
72.9837
73.3144
73.4736
73.5165
73.6396
73.494
73.492
73.3209
72.9631
72.3073
71.5079
70.4897
69.706
69.0008
67.8416
66.8485
65.9836
64.8174
62.9634
61.3444
57.9983
54.6483
49.6434
44.389
38.7758
32.695
27.2769
44.1231
44.2166
44.8053
45.2056
45.2722
45.0954
44.8068
44.5556
44.397
44.3412
44.3662
44.4648
44.5814
44.6942
44.859
45.0106
45.2173
45.4883
45.814
46.2196
46.6948
47.2637
47.8239
48.4458
49.0329
49.5039
49.861
49.9975
49.8099
49.2407
48.2841
46.8039
44.8573
42.5452
39.8975
37.076
34.3633
32.0088
30.0902
28.7822
28.2511
28.3596
29.0835
30.5244
32.6052
35.0871
37.8036
40.8017
43.9728
46.9849
49.5173
51.3808
52.679
53.4138
53.5036
52.9782
52.0584
50.5348
48.395
45.8452
43.1295
39.9798
36.8461
33.997
31.0629
28.6801
27.3144
26.1248
25.4222
25.2843
25.6453
26.7738
28.3055
30.045
32.357
35.0054
37.6881
40.6986
43.8527
46.854
50.0069
53.5842
57.0326
60.4387
64.2547
67.585
70.9592
74.0148
76.0907
77.8932
78.2935
77.7011
76.2263
72.7618
68.4224
63.5915
57.945
52.4884
48.2737
44.306
40.4194
38.0976
36.9938
35.7641
35.6111
37.074
38.8248
40.4271
42.7206
45.5919
48.3106
50.7863
53.3735
55.8728
57.9796
59.7472
61.2954
62.5246
63.3959
64.1107
64.6527
65.1349
65.8394
66.5512
66.2337
64.2065
60.742
55.9906
49.9052
41.7605
31.9571
22.7337
15.0282
7.92171
1.42556
-3.88578
-7.25329
-8.2112
-7.46909
-5.84384
-3.54165
0.0759823
5.15591
11.6282
18.8952
26.3586
33.8498
39.9009
44.6709
48.3323
50.518
52.4373
53.5019
54.2617
55.0901
55.2858
56.2362
56.8022
57.8454
59.0193
60.3118
61.6615
63.1711
64.6995
66.0885
67.1028
68.2303
69.2088
70.1842
70.6669
71.0007
71.2645
71.6524
72.2093
72.6027
73.1751
73.8757
73.6639
73.1395
73.0372
72.8262
72.304
71.7072
70.824
70.175
69.2591
68.472
67.4614
66.6312
65.6492
64.4469
62.6606
61.1858
57.9374
54.4554
50.0435
44.109
39.1068
33.8808
28.7439
43.8877
44.1543
45.1045
45.6486
45.6729
45.3459
44.9201
44.5782
44.3853
44.334
44.3851
44.5292
44.6915
44.8288
45.017
45.1781
45.3712
45.6392
45.9194
46.2733
46.6837
47.1496
47.6153
48.1136
48.5836
48.9157
49.2125
49.2606
48.9983
48.4374
47.5042
46.1727
44.4322
42.4209
40.1339
37.7238
35.4807
33.3781
31.8386
30.7322
30.2931
30.4822
31.1287
32.4269
34.2571
36.3732
38.6506
41.2024
44.0129
46.4996
48.3621
49.7853
50.9134
51.6568
51.8687
51.583
50.8124
49.5034
47.7339
45.7253
43.5709
41.1069
38.5729
36.2781
33.9813
32.0972
30.8538
29.7838
29.2117
29.1132
29.2447
30.1409
31.444
32.6583
34.3599
36.4847
38.4486
40.6391
43.2372
45.8432
48.4731
51.66
54.9658
58.1838
61.7987
64.9851
68.1008
71.0311
72.8637
74.3495
74.8031
74.3835
73.4829
70.956
67.6496
64.2013
59.7369
55.2372
51.844
48.623
45.2914
43.1777
42.2214
41.3793
40.9061
41.8336
43.3688
44.7731
46.3722
48.5967
50.9932
53.1115
55.1959
57.3294
59.2116
60.9148
62.4095
63.5308
64.3626
65.1824
66.0278
66.7518
67.5499
68.2114
67.7762
65.757
62.223
57.2895
51.0531
42.6997
32.8363
23.5481
15.6025
8.17336
1.31262
-4.28172
-7.79257
-9.04352
-8.69616
-7.30145
-5.00361
-1.44576
3.98376
10.8482
18.6195
26.6243
34.6441
41.3781
46.5113
51.0991
53.8067
55.4486
56.992
57.6047
58.5311
58.7667
59.5331
60.2089
60.9585
62.0093
63.0275
64.1784
65.3079
66.6479
67.6104
68.4068
69.1567
69.6481
70.2914
70.9339
70.8414
70.9901
70.9051
71.4869
71.8589
72.3507
72.5784
72.2555
72.3476
72.8653
72.777
72.0425
71.3756
70.4727
69.7722
68.5947
68.0348
67.11
66.1847
65.2075
64.1755
62.4565
60.6142
57.7717
54.0964
50.4405
45.0469
40.3131
35.6146
30.7457
44.0127
44.3595
45.3456
45.85
45.8077
45.4035
44.9394
44.5897
44.408
44.389
44.4745
44.6416
44.8211
44.9859
45.1691
45.336
45.5162
45.7457
45.992
46.2849
46.6234
46.9902
47.3721
47.7471
48.1072
48.3601
48.545
48.5323
48.2222
47.681
46.802
45.6349
44.1545
42.4599
40.5746
38.5856
36.7921
35.1469
33.6652
32.7765
32.4256
32.5766
33.1419
34.2489
35.7244
37.447
39.4732
41.6504
43.7922
45.6328
47.2361
48.6841
49.7247
50.3516
50.5716
50.2835
49.6749
48.7083
47.3456
45.7546
44.0914
42.2009
40.2171
38.5215
36.759
35.1109
34.003
33.0946
32.6726
32.6563
32.6844
33.1879
34.0804
35.0194
36.0636
37.4391
38.9478
40.569
42.6008
44.6965
46.7681
49.4588
52.3927
55.2846
58.7348
61.8398
64.6539
67.6545
69.6706
71.2134
71.9379
71.6842
71.1272
69.4885
67.2384
64.8299
61.5776
58.1819
55.3973
52.7582
50.0968
48.2106
47.1511
46.4998
45.9574
46.303
47.2739
48.4537
49.7078
51.3589
53.2564
55.1328
57.0294
58.7978
60.3584
61.9539
63.4209
64.5237
65.4637
66.5072
67.5638
68.4236
69.2655
69.9145
69.4278
67.3674
63.8166
58.9439
52.6497
44.1493
34.3669
25.158
17.2011
9.67375
2.24831
-3.8648
-7.78168
-9.42306
-9.24912
-8.1474
-6.03056
-2.00357
3.66857
10.9169
19.3806
28.031
36.111
43.839
49.4144
53.9146
57.3039
58.7822
60.4997
61.2699
62.2333
62.6792
63.2342
63.9063
64.4375
65.2318
65.7359
66.4449
67.113
68.307
69.0674
69.7848
70.0567
70.1537
70.4366
71.4503
71.4743
71.7619
71.3515
71.5076
71.5948
71.7601
71.5861
71.4548
71.5214
71.4644
71.6253
71.4022
70.946
70.2099
69.2937
68.1446
67.6118
66.5889
65.8193
64.9719
63.816
62.4338
60.2234
57.6112
53.9957
50.9185
46.3488
41.7042
37.3993
33.0235
44.8085
44.938
45.3755
45.4991
45.3118
44.9797
44.6772
44.4897
44.4328
44.5024
44.6242
44.8003
44.9804
45.1375
45.3113
45.4569
45.6123
45.8052
46.0118
46.246
46.5284
46.8142
47.1094
47.4096
47.6636
47.85
47.9505
47.8785
47.5707
47.0521
46.265
45.2803
44.0548
42.6174
41.095
39.4682
37.9418
36.5287
35.3396
34.6476
34.3181
34.4377
34.9075
35.6884
36.8702
38.3516
40.0243
41.6403
43.3176
45.0933
46.6217
47.8293
48.6716
49.1754
49.3945
49.2647
48.8435
48.1337
47.1468
45.9766
44.6643
43.2365
41.8291
40.4337
39.0135
37.7855
36.8256
36.0911
35.7615
35.6931
35.6337
35.9086
36.3876
36.7881
37.3824
38.312
39.3196
40.3148
41.7688
43.3596
44.9064
47.0632
49.4535
51.9604
55.0527
57.7624
60.6029
63.6767
65.9282
67.949
69.2764
69.4245
69.2849
68.4812
67.0768
65.4494
63.2956
60.8616
58.5551
56.3557
54.3099
52.5834
51.4051
50.6747
50.2443
50.1737
50.7179
51.6592
52.6883
53.9869
55.4551
56.9355
58.6347
60.2771
61.6973
63.13
64.4037
65.431
66.566
67.9473
69.1251
70.051
71.0338
71.6864
71.1345
69.052
65.576
60.8257
54.406
46.0495
36.5942
27.3192
19.4393
12.1604
4.54943
-2.04635
-6.62419
-8.72224
-9.08999
-8.18824
-5.76135
-1.722
4.2775
12.2532
20.7343
30.3264
38.5147
46.3084
52.9087
57.125
60.5881
62.581
64.4317
65.3666
66.1377
66.8015
67.2576
67.7158
67.9528
68.3055
68.4506
69.0024
69.2437
70.034
70.464
70.7462
71.1357
71.3158
71.167
71.5643
71.7982
72.1418
72.2043
72.0706
71.8661
71.722
71.5381
71.2855
70.7409
70.3489
70.4703
70.4894
70.22
69.668
68.7893
67.7249
67.22
66.4504
65.566
64.6179
63.3222
62.328
59.6813
57.331
54.4629
51.2074
47.105
42.8417
38.7769
34.8994
47.1821
46.7772
45.6041
44.7675
44.2749
44.0982
44.1294
44.2729
44.4522
44.6457
44.8237
44.9919
45.1569
45.2875
45.4239
45.5355
45.6589
45.8085
45.9814
46.1776
46.4032
46.6442
46.8699
47.1121
47.3068
47.4302
47.4648
47.3589
47.0627
46.5941
45.9325
45.0709
44.0374
42.8607
41.591
40.2266
38.9167
37.7989
36.8416
36.2234
35.9167
35.9281
36.2072
36.8178
37.8142
38.9467
40.1981
41.6219
43.2237
44.7685
45.9189
46.8639
47.6687
48.186
48.479
48.4785
48.2094
47.761
47.0501
46.1814
45.2735
44.2495
43.1697
42.1056
41.0626
40.1764
39.4453
38.8746
38.5202
38.3474
38.2958
38.2996
38.3491
38.4672
38.664
38.9645
39.3995
39.8792
40.6454
41.6129
42.5496
44.1133
45.9948
48.0229
50.7475
53.5246
56.5276
59.6571
62.1974
64.6708
66.5034
67.2634
67.759
67.6908
66.9949
66.0056
64.6365
63.0017
61.1988
59.4054
57.7737
56.1668
54.9525
54.2866
53.8738
53.6439
53.9814
54.6097
55.2593
56.3264
57.6459
58.8911
60.2563
61.5968
62.9139
64.2746
65.3148
66.2227
67.5771
69.202
70.5303
71.6236
72.7528
73.4431
72.8383
70.7562
67.3896
62.6241
56.2578
48.1793
39.0064
30.1464
22.4967
15.2886
7.91953
1.21134
-4.01414
-6.66531
-7.41491
-6.71614
-4.35858
-0.046815
6.38724
14.4299
23.3042
33.0761
41.8009
49.5914
56.4905
60.5725
63.9467
66.2103
68.4351
69.4292
70.1409
71.0188
71.348
71.3802
71.473
71.384
71.4319
71.6849
71.4801
71.8935
72.0549
72.0673
72.382
72.6108
72.2667
72.1262
72.2255
72.2116
72.1948
71.9183
71.896
71.6745
71.4736
71.106
70.5568
69.7647
69.7759
69.8686
69.5856
69.1816
68.429
67.5411
67.1435
66.3422
65.1434
64.1967
62.8383
61.7299
59.0686
56.9868
54.603
50.947
47.3681
44.2114
40.547
36.6748
48.1
47.5386
45.7506
44.4143
43.6968
43.558
43.7784
44.1333
44.4897
44.7879
45.021
45.1941
45.3379
45.4328
45.5194
45.5973
45.6795
45.7989
45.936
46.0964
46.2852
46.4784
46.6615
46.8562
47.0093
47.091
47.0968
46.9567
46.6808
46.2821
45.686
44.948
44.0928
43.0745
42.0086
40.8555
39.8108
38.9149
38.0781
37.5194
37.2149
37.0991
37.313
37.8057
38.502
39.3754
40.4733
41.8098
43.044
44.0887
45.1014
46.0586
46.8657
47.3703
47.6638
47.8132
47.6761
47.3938
47.043
46.5152
45.8532
45.1594
44.3754
43.6924
43.0482
42.406
41.9365
41.4591
41.1014
40.8804
40.6726
40.5378
40.3564
40.1452
39.9174
39.6547
39.4048
39.2436
39.2353
39.393
39.6302
40.3981
41.8353
43.5738
45.9015
48.7667
52.1716
55.5586
58.5384
61.4842
63.8461
65.3408
66.4714
67.0772
67.0242
66.5312
65.8142
64.7636
63.3143
61.9691
60.679
59.2886
58.1619
57.5422
57.0955
56.7303
56.9334
57.4039
57.7737
58.5306
59.628
60.8188
61.95
62.8048
63.8161
65.132
66.1145
66.9877
68.4403
70.1849
71.7197
73.0647
74.3444
75.084
74.4837
72.3938
69.0627
64.4832
58.4313
50.5724
41.3786
32.7276
25.601
18.849
12.1391
5.52699
0.0602242
-3.06418
-4.45991
-3.72651
-1.21147
3.06402
9.50882
17.7603
27.0134
35.7858
45.8343
53.3602
60.1002
64.1627
67.0337
69.8528
72.1622
73.5806
74.4074
75.3145
75.372
75.0995
75.2025
74.6183
74.3891
74.1937
73.6264
73.6836
73.6075
73.4221
73.4389
73.4442
73.2667
72.9596
72.8594
72.6507
72.4703
72.232
72.1112
71.6696
71.4263
70.7561
69.6524
69.3302
69.4747
69.5939
69.325
68.8971
68.2662
67.6083
67.1521
66.3063
64.9266
63.9799
62.5884
61.1447
58.8694
56.6259
54.1745
50.8634
47.8477
45.2888
41.9299
38.2036
48.5129
48.0197
46.0494
44.4748
43.584
43.3515
43.6092
44.0563
44.5177
44.8914
45.1637
45.3459
45.4744
45.5459
45.5875
45.6411
45.6805
45.7702
45.8776
46.0067
46.1629
46.3204
46.4774
46.6176
46.751
46.8026
46.7838
46.6581
46.3956
46.047
45.5327
44.9028
44.1533
43.2951
42.4096
41.4828
40.6088
39.798
39.103
38.5941
38.2549
38.1548
38.3172
38.607
39.084
39.8486
40.767
41.6941
42.5246
43.4754
44.4893
45.3248
46.0326
46.5658
46.9568
47.185
47.2975
47.2396
47.0597
46.8158
46.4393
46.0373
45.6119
45.1878
44.8447
44.5007
44.1783
43.8406
43.5742
43.3082
43.0158
42.8048
42.3271
41.7715
41.2456
40.4263
39.4461
38.5083
37.6473
36.9049
36.412
36.443
37.2294
38.4739
40.3657
43.2954
47.1086
51.166
54.9659
58.47
61.4315
63.763
65.5836
66.731
67.1543
67.2041
67.0274
66.3237
65.2793
64.2836
63.1993
62.0951
61.1755
60.5063
59.9184
59.43
59.5277
59.8787
60.1394
60.6081
61.2849
62.2467
63.279
64.0081
64.8678
65.9083
66.6503
67.5022
69.094
71.0082
72.7125
74.2798
75.7582
76.5815
75.9937
73.9091
70.664
66.3336
60.7111
53.3198
44.1816
35.369
28.1713
21.8803
16.0924
10.2764
5.17082
1.6972
0.151948
0.776135
3.00291
7.37953
13.7624
21.6825
31.1556
38.6919
49.3999
57.058
64.1443
66.586
69.9847
73.2234
75.3231
77.2528
78.5163
79.4899
79.2985
78.7287
78.5769
77.5496
76.9794
76.5782
75.64
75.25
74.98
74.5236
74.3066
74.2958
74.1086
73.5475
73.3053
72.9951
72.9289
72.49
72.1836
71.5928
71.3859
70.8911
69.7419
69.5888
69.5329
69.5179
69.2829
68.4984
68.0668
67.5829
67.0399
66.1591
64.5426
63.8625
62.4735
60.5967
58.7953
56.4749
53.8658
50.8766
48.0272
45.7153
42.4474
38.8001
48.7552
48.3057
46.3108
44.6164
43.6088
43.2821
43.522
44.0047
44.5218
44.9412
45.2436
45.4414
45.5583
45.6223
45.634
45.6594
45.6774
45.7378
45.8185
45.9232
46.0555
46.1786
46.3163
46.415
46.5137
46.5606
46.5348
46.4294
46.1786
45.8989
45.4588
44.9007
44.2714
43.5644
42.8198
42.0466
41.2865
40.5744
39.9909
39.5038
39.2105
39.0836
39.0926
39.2652
39.6225
40.1769
40.7573
41.3876
42.1582
43.0498
43.8207
44.5153
45.227
45.7835
46.2948
46.7018
46.9125
47.0766
47.1547
47.1431
47.0803
46.8948
46.749
46.717
46.4931
46.2773
46.26
46.0373
45.7657
45.5962
45.3367
45.0374
44.3483
43.4323
42.6016
41.3381
39.5938
37.8169
36.1582
34.5606
33.2649
32.4761
32.4382
33.2352
34.8809
37.7364
41.764
46.4252
51.2982
55.8334
59.559
62.5873
65.0152
66.705
67.703
68.2217
68.2833
67.889
67.2432
66.4385
65.4912
64.529
63.6598
63.0541
62.4801
61.8931
61.7319
61.7905
62.0298
62.4616
62.8588
63.5475
64.3523
64.8746
65.7074
66.6664
67.0803
67.7674
69.487
71.511
73.2987
75.1072
76.8158
77.7395
77.1844
75.1303
72.0063
67.9792
62.7701
56.0565
47.7281
39.1232
31.3508
24.8224
19.4431
14.4262
10.1052
6.96128
5.42218
5.89401
8.17027
12.4619
18.2102
25.8749
35.3966
41.6463
52.7688
60.8243
67.4793
66.791
73.0212
75.8004
77.8482
80.2927
82.199
83.2141
82.7071
81.9476
81.3772
80.0572
79.579
78.6691
77.356
76.6363
76.0775
75.4784
75.103
74.8872
74.5244
73.8058
73.6349
73.2009
73.2388
72.7392
72.2991
71.6419
71.2635
71.2966
70.2159
70.1404
69.6189
69.4053
69.33
68.195
67.9668
67.5043
66.6483
65.6013
64.0144
63.4566
62.0785
60.0929
58.701
56.2412
53.37
50.7824
48.2252
45.744
42.3365
38.9554
48.8408
48.3927
46.4215
44.7062
43.6656
43.3035
43.5245
44.0216
44.5599
45.0034
45.3099
45.5127
45.6184
45.6677
45.6614
45.6632
45.6637
45.6971
45.7677
45.8504
45.9605
46.0665
46.1872
46.2644
46.3749
46.3922
46.3412
46.2681
46.0459
45.7924
45.4401
44.9746
44.4416
43.8581
43.2385
42.5771
41.9243
41.3248
40.8059
40.3542
40.0481
39.8274
39.7138
39.7773
39.9677
40.2521
40.6474
41.2534
41.8726
42.4287
43.0989
43.817
44.432
45.0713
45.6205
46.1551
46.6139
46.9625
47.288
47.5164
47.7076
47.8655
47.8536
47.9928
48.1098
47.9808
48.0347
48.0766
47.8885
47.7941
47.6747
47.2351
46.4536
45.3501
43.9113
42.2225
40.114
37.5284
35.0535
32.7194
30.5755
29.1979
28.5139
28.6153
29.9737
32.7446
36.6661
41.8457
47.7663
53.3124
58.0668
62.0002
64.9654
67.119
68.6291
69.4421
69.6555
69.4451
68.9763
68.3109
67.5114
66.6465
65.7777
65.1406
64.5697
64.1235
63.858
63.5999
63.6587
63.9482
64.2792
64.8863
65.3166
65.5115
66.2161
67.0724
67.3321
67.8805
69.5114
71.5367
73.481
75.4909
77.3255
78.3043
77.7687
75.8102
72.8382
69.1517
64.486
58.6318
51.2543
43.2829
35.4062
28.6844
23.0442
18.316
14.6234
11.7734
10.4464
11.1101
13.3929
17.2529
22.6564
30.4116
38.8159
44.7383
55.3884
63.2686
69.7588
65.7769
76.089
76.4374
80.5257
83.7917
85.3934
86.5442
85.9457
84.9584
83.8087
82.0197
81.0533
80.0257
78.5717
77.9219
77.0253
76.2293
75.5904
75.1816
74.7905
74.0019
73.9213
73.3827
73.436
73.0343
72.371
71.7829
71.0934
71.7488
70.9982
70.9254
70.173
69.6133
69.7736
68.3809
68.169
67.5809
66.2116
64.9619
63.7425
62.8048
61.2961
59.5595
58.1341
55.5094
52.9962
50.8825
48.398
45.7587
42.2755
39.0491
48.8398
48.3827
46.4424
44.7794
43.776
43.445
43.6662
44.152
44.6677
45.0936
45.3822
45.5643
45.6443
45.6757
45.6632
45.6427
45.6422
45.6629
45.7205
45.7947
45.8917
45.9812
46.0812
46.158
46.2266
46.2626
46.2271
46.1552
45.9966
45.7704
45.4781
45.0821
44.6584
44.1827
43.6501
43.1125
42.5724
42.025
41.5479
41.1299
40.7411
40.4497
40.29
40.1995
40.193
40.3671
40.6594
40.9584
41.3064
41.7846
42.3845
43.0582
43.6853
44.3642
45.1249
45.7256
46.3402
46.9172
47.4446
47.9919
48.3841
48.6627
49.0114
49.2654
49.441
49.6457
49.8712
49.9986
49.9798
49.9401
49.898
49.5157
48.4964
47.1387
45.497
43.3115
40.6947
37.7201
34.5513
31.6118
29.0521
27.0723
25.9177
25.7171
26.6786
29.0228
32.8461
38.3075
44.807
51.294
57.0618
61.67
65.1891
67.9092
69.7422
70.6922
71.0651
71.0367
70.706
70.0762
69.3177
68.4995
67.7705
67.1586
66.4065
65.8738
65.5882
65.4276
65.425
65.1925
65.3928
66.1172
66.1485
66.0715
66.7419
67.2134
67.1258
67.6627
69.2107
71.0776
73.0309
75.2155
77.2317
78.2425
77.7076
75.9386
73.255
69.923
65.875
60.8555
54.54
47.2921
40.0227
33.32
27.2851
22.586
18.8954
15.8943
14.8878
15.8621
17.9027
21.4493
26.9207
34.4016
40.9539
47.9427
56.2438
65.0227
70.2095
62.4548
79.7597
73.2236
83.3977
86.7509
88.2841
89.2518
88.3218
87.2936
85.4948
83.5541
82.545
81.2139
79.5924
78.9834
77.8625
76.7139
76.0195
75.4061
74.9581
74.2183
74.0998
73.5517
73.5234
73.2458
72.3722
71.9723
71.163
72.1245
71.8041
71.5875
70.9425
70.1768
70.3256
69.018
68.4438
67.7387
66.0688
64.4162
63.0961
61.9913
60.2108
58.7506
57.0951
54.5978
52.936
51.0792
48.5151
45.9204
42.3551
39.0821
48.6803
48.2197
46.3731
44.8419
43.9541
43.708
43.9396
44.3791
44.8335
45.2036
45.4417
45.5843
45.6333
45.6474
45.6326
45.6089
45.612
45.6234
45.6782
45.7436
45.8218
45.9037
45.9866
46.0476
46.1037
46.146
46.1103
46.0622
45.9434
45.7574
45.5346
45.2289
44.8791
44.4909
44.081
43.6288
43.1459
42.6906
42.2498
41.7966
41.4112
41.0902
40.7879
40.5665
40.4652
40.4454
40.4385
40.5446
40.8153
41.1721
41.6716
42.2476
42.8969
43.6514
44.4785
45.3078
46.1133
46.9191
47.7008
48.37
49.0101
49.5303
49.9804
50.5333
50.8741
51.1669
51.6536
51.9094
51.8763
51.9168
51.9022
51.4686
50.464
48.9004
46.9227
44.5039
41.4244
38.0365
34.6107
31.2173
28.2877
26.1206
24.7057
24.1684
24.7947
26.8189
30.5384
36.1491
43.0418
50.1723
56.6367
61.8583
65.8606
68.9402
71.0758
72.253
72.6748
72.6662
72.3847
71.7903
71.0307
70.1894
69.4867
68.8533
68.1792
67.5913
66.893
66.6801
66.9204
66.6383
66.527
66.9344
66.8544
66.7553
67.2965
67.4093
66.7272
66.8356
68.3492
70.2146
72.1859
74.3726
76.4093
77.5599
76.9746
75.5481
73.3626
70.5836
67.1804
62.8152
57.4703
51.2476
44.7635
38.1558
32.0668
27.419
23.3144
19.8915
19.0512
20.0116
21.8802
25.2611
30.5796
37.7398
43.102
50.2816
57.4341
65.2196
68.3397
59.8394
82.1019
70.9639
87.1538
89.3291
90.1674
91.5109
90.3002
89.3351
86.939
85.1472
84.1159
82.2109
80.4435
79.2654
78.5283
77.1339
76.3838
75.8522
75.0155
74.5057
74.2932
73.8257
73.6509
73.2682
72.4888
72.1162
71.4953
72.2058
72.393
71.236
71.056
70.962
70.6406
69.6009
68.564
67.7823
66.2117
64.1803
62.9597
61.2511
58.957
57.8234
56.106
53.9273
53.1697
51.2504
48.8587
46.4075
42.3921
39.0591
48.232
47.8089
46.2164
44.9453
44.2531
44.1123
44.3374
44.6963
45.0435
45.3222
45.4856
45.5756
45.6008
45.595
45.5866
45.5679
45.5725
45.5917
45.64
45.6965
45.762
45.8348
45.8992
45.956
46.0076
46.0428
46.0308
46.0013
45.9207
45.7826
45.6152
45.3905
45.1101
44.8163
44.4814
44.0866
43.7032
43.2961
42.8553
42.4458
42.0452
41.6136
41.2302
40.9307
40.6478
40.3854
40.2529
40.2826
40.3679
40.5738
40.9886
41.5504
42.2174
43.0434
44.0056
44.9516
45.9385
46.9179
47.8544
48.8136
49.615
50.3173
50.9972
51.594
52.0751
52.5136
53.0931
53.4982
53.5224
53.488
53.4981
53.0905
51.9573
50.3274
48.2249
45.5529
42.2972
38.6438
34.8985
31.2924
28.1179
25.6509
24.0443
23.404
23.9017
25.8777
29.6985
35.4491
42.5787
50.0871
56.9876
62.6159
67.007
70.3797
72.6314
73.8199
74.2492
74.2523
73.8788
73.2499
72.5063
71.6764
70.9134
70.1852
69.6026
69.1148
68.3207
67.8742
67.7473
67.5772
67.8308
67.7989
67.3192
67.4567
67.8011
67.5076
66.6379
66.1763
67.0555
68.7364
70.6981
73.0777
75.0478
75.648
75.688
74.8127
73.2949
71.1366
68.3785
64.4675
59.9308
54.6162
48.9322
42.7854
37.024
32.417
27.9548
24.3528
23.5706
24.2836
25.7665
28.8007
33.756
41.3845
45.082
51.4553
58.1779
61.3348
64.4521
60.8005
78.7488
73.9581
91.6384
91.4783
92.1962
93.4646
92.0257
91.0101
88.33
86.402
84.9579
82.8811
81.2425
79.7127
79.2392
77.6999
76.7049
76.3783
75.1734
74.8806
74.4928
73.9416
73.7109
73.2322
72.6799
72.2866
72.0457
72.0207
72.5806
71.6268
71.1691
71.3564
70.6036
70.0928
68.5527
67.6091
66.2803
64.3623
62.9045
60.4679
58.0132
56.6464
54.9993
53.5494
53.5615
51.6764
49.4712
46.8485
42.4674
39.1187
47.4983
47.1691
46.0518
45.1716
44.714
44.6412
44.8021
45.0366
45.2502
45.417
45.5032
45.5462
45.5517
45.5379
45.5369
45.5256
45.5396
45.5629
45.6032
45.6589
45.7122
45.7773
45.834
45.8853
45.9316
45.9685
45.9725
45.9587
45.9164
45.8181
45.7001
45.5403
45.3264
45.0875
44.8149
44.4988
44.1499
43.7794
43.3878
42.9539
42.5002
42.057
41.6027
41.1385
40.74
40.4223
40.1662
40.0389
40.0283
40.1729
40.5344
41.0635
41.7728
42.644
43.629
44.7004
45.8223
46.9512
48.0698
49.1489
50.1139
50.9157
51.6974
52.4143
52.9421
53.4688
54.0675
54.4878
54.6446
54.7108
54.5685
54.0344
52.9463
51.2779
49.135
46.475
43.2401
39.5772
35.7105
31.9005
28.5106
25.8533
24.1085
23.4485
24.041
26.2249
30.2807
36.1652
43.3571
50.9276
57.9401
63.7576
68.3372
71.7803
74.0746
75.2491
75.5812
75.479
75.0798
74.4764
73.6953
72.8367
72.1547
71.4513
70.838
70.1238
69.4389
69.1615
68.6348
68.0868
68.6289
68.6703
67.8172
67.9828
68.415
67.499
66.1675
65.8572
66.6734
68.0886
69.8228
72.0502
73.8244
74.3922
74.419
74.1098
73.2608
71.6945
69.3427
66.0737
62.1158
57.4638
52.331
46.7255
41.4698
37.0562
32.712
29.4073
28.4115
29.0555
30.2183
32.6116
37.2758
44.3587
46.045
53.7204
57.3962
59.19
62.0557
64.4971
83.9315
79.2679
94.7101
92.9396
93.4727
94.3118
92.8457
91.563
89.0207
87.2803
85.4049
83.5561
82.2647
80.2469
79.715
78.3087
77.027
76.7043
75.3993
75.0836
74.6056
73.9184
73.4127
73.2082
72.976
72.3535
72.282
71.9258
72.3363
71.578
71.241
71.2623
70.4163
70.1545
68.563
67.6013
66.0588
64.273
62.6884
60.3214
57.9217
56.0109
54.8373
53.9468
53.7467
51.7343
49.7937
46.831
42.4751
39.2876
46.6758
46.5102
45.9765
45.5273
45.2755
45.1998
45.2391
45.324
45.4071
45.4749
45.5012
45.5109
45.5063
45.4925
45.4955
45.497
45.5151
45.5413
45.5815
45.6303
45.6763
45.7354
45.7839
45.8318
45.8804
45.9163
45.9318
45.9356
45.9129
45.8467
45.7655
45.6449
45.4763
45.2832
45.0563
44.7758
44.4581
44.1155
43.7218
43.2836
42.8235
42.3356
41.8158
41.3144
40.8658
40.4557
40.1354
39.9468
39.8851
40.0053
40.3376
40.8317
41.5471
42.4475
43.4685
44.6062
45.8244
47.0227
48.1978
49.3646
50.3964
51.2683
52.1057
52.8579
53.4654
54.072
54.6402
54.9077
55.0346
55.2393
55.1588
54.472
53.3102
51.8043
49.8806
47.3324
44.1244
40.4597
36.6616
32.9063
29.5096
26.8737
25.1637
24.5486
25.2802
27.6678
31.9715
37.8942
44.9815
52.3739
59.2547
65.0471
69.6298
73.0327
75.2289
76.3051
76.6044
76.4519
76.0153
75.3811
74.5988
73.8056
73.0242
72.3771
71.8792
71.0243
70.0371
69.8322
69.5043
68.9131
69.0225
68.8289
68.4069
68.6855
68.6473
67.32
65.7751
65.6765
66.861
68.2845
69.9662
71.8992
73.1024
73.3251
73.3392
73.4703
73.3111
72.4043
70.5389
67.6613
64.1286
59.9355
55.1931
50.0027
45.1042
40.8596
36.8135
33.9545
33.1186
33.2517
34.5639
36.7613
40.7625
46.1292
48.7972
57.8307
57.9582
59.7534
64.8062
74.0272
85.6694
88.79
93.0978
94.3995
94.3511
94.2392
93.0214
92.1146
89.6182
88.0668
86.6433
84.194
82.9829
81.1354
80.0244
78.6719
77.5323
76.9119
75.5168
75.1059
74.6555
73.915
73.174
73.1064
73.0179
72.4997
72.3103
71.9469
71.9462
71.4688
71.1495
71.0777
70.6577
69.9111
68.3947
67.2959
65.8672
64.3825
62.4969
60.3485
58.0777
56.4178
55.4739
54.3236
53.8522
52.0487
49.7972
46.5228
42.6509
39.5655
45.9692
45.9858
45.99
45.8967
45.7656
45.6484
45.5654
45.5255
45.5129
45.5097
45.4974
45.486
45.4753
45.4661
45.4725
45.4827
45.5041
45.5337
45.5703
45.6138
45.6572
45.7067
45.754
45.8004
45.846
45.8832
45.9069
45.9159
45.9046
45.8617
45.7928
45.6937
45.5543
45.3806
45.1682
44.9121
44.6113
44.269
43.886
43.456
42.9851
42.4876
41.9713
41.4539
40.9732
40.5472
40.2077
39.9977
39.9236
40.0219
40.3272
40.8346
41.5346
42.4302
43.4613
44.6134
45.8452
47.0664
48.2599
49.4338
50.4926
51.3889
52.2135
52.9177
53.5239
54.2082
54.8361
55.0834
55.0807
55.1067
55.0957
54.607
53.5434
52.0216
50.1064
47.7062
44.8122
41.3494
37.7001
34.0474
30.8021
28.248
26.6244
26.2266
27.271
29.8801
34.2039
40.059
46.9438
54.0793
60.6923
66.2956
70.7283
73.9594
75.9846
76.9662
77.2386
77.1066
76.7021
76.0747
75.2615
74.4
73.7594
73.2272
72.6137
71.7481
70.6453
69.9161
69.6433
69.6045
69.5797
69.095
68.6824
68.8743
68.4797
67.1799
66.0685
66.3563
67.4868
68.9352
70.5745
72.1826
73.105
73.2659
73.2297
73.2482
73.3964
73.0469
71.7288
69.037
65.9374
62.0987
57.6005
52.6695
48.0069
43.8377
39.9282
37.1938
36.0865
36.1497
37.622
39.7644
43.4153
48.0389
50.9464
61.9136
58.9183
66.8588
73.0229
87.4084
86.4375
93.3524
93.7918
94.969
94.9253
94.6384
93.4103
92.5274
90.5166
88.7471
87.2404
84.9351
83.3287
81.6828
80.2946
78.8003
77.9086
77.0497
75.5592
75.0664
74.7558
73.9468
73.2616
73.2399
73.0788
72.5025
72.1905
71.7829
71.7409
71.6236
71.2421
70.9023
70.6319
70.0263
68.4149
66.9719
65.3767
64.0949
62.3698
60.3857
58.2458
56.8802
55.6354
54.4006
53.3505
51.309
49.4114
46.4478
43.0329
39.8058
46.0052
46.0228
46.0386
45.9914
45.8961
45.7907
45.6991
45.6277
45.5719
45.53
45.4962
45.4733
45.4591
45.4532
45.4609
45.4757
45.4992
45.5288
45.5637
45.6036
45.645
45.6912
45.7367
45.7817
45.8251
45.8604
45.8842
45.894
45.8836
45.8465
45.7842
45.6897
45.5589
45.3932
45.1879
44.9388
44.6479
44.3149
43.9363
43.5122
43.0509
42.5615
42.0503
41.5399
41.0654
40.6483
40.3153
40.0992
40.0226
40.125
40.4261
40.9304
41.6242
42.4986
43.5167
44.6609
45.8694
47.0769
48.2663
49.4203
50.4678
51.3846
52.2029
52.8841
53.4796
54.0542
54.5799
54.9269
55.0462
55.0503
54.8625
54.3334
53.3991
52.0321
50.2517
47.8917
45.1656
41.9822
38.5437
35.1239
32.0753
29.6426
28.1501
27.9278
29.2185
32.0051
36.3661
42.1039
48.7174
55.5081
61.8133
67.1754
71.4
74.4385
76.3246
77.2651
77.5639
77.4463
77.023
76.3695
75.5462
74.7349
74.0483
73.6127
73.1539
72.2563
71.1925
70.2791
69.6103
69.4455
69.5085
69.196
69.1515
69.5151
68.9287
67.4563
66.8521
67.2694
68.1488
69.2284
70.7357
72.4607
73.6894
73.9626
73.712
73.6767
73.8204
73.5228
72.2285
70.1562
67.2797
63.751
59.4692
54.7482
50.1729
45.9513
42.1609
39.5225
38.3256
38.3592
39.4725
41.3927
45.0842
49.9199
50.0048
66.0428
59.6819
83.6593
82.4823
98.4619
92.0116
95.2789
95.5061
95.403
95.2511
94.757
93.5913
92.8221
90.9679
89.2088
87.618
85.2652
83.4631
82.0297
80.5447
78.865
78.0952
77.1228
75.6433
75.0653
74.7071
73.9778
73.2646
73.1555
73.0943
72.5871
72.1569
71.7176
71.5454
71.5278
71.2173
70.8866
70.532
69.7485
68.2554
66.705
65.3227
63.9719
62.277
60.4557
58.6042
57.1279
55.6122
54.4393
53.2266
51.2688
49.192
46.3077
43.1405
40.024
46.1514
46.1176
46.0626
45.9938
45.9147
45.8277
45.7406
45.6601
45.5911
45.5371
45.4969
45.4713
45.4572
45.4529
45.4601
45.475
45.4978
45.5267
45.5608
45.5993
45.6407
45.6854
45.7305
45.7748
45.8164
45.8503
45.8729
45.8805
45.8681
45.8305
45.7661
45.6708
45.5403
45.3737
45.1679
44.9198
44.6298
44.2992
43.9264
43.5107
43.0579
42.5765
42.0765
41.5796
41.1148
40.708
40.3878
40.1857
40.1073
40.2195
40.5238
41.0378
41.7225
42.5787
43.5759
44.7076
45.8943
47.0893
48.2658
49.3929
50.4204
51.3255
52.1224
52.8216
53.4518
54.0494
54.5385
54.8314
54.9008
54.8554
54.6411
54.1069
53.192
51.8881
50.1853
47.9652
45.3368
42.2927
38.9948
35.7456
32.8132
30.4615
29.0647
28.9293
30.2705
33.1079
37.492
43.1785
49.631
56.1894
62.2728
67.4743
71.5135
74.4378
76.27
77.2235
77.5651
77.4875
77.0936
76.435
75.6299
74.8156
74.1159
73.5294
72.9311
72.1475
71.2173
70.4117
69.9186
69.7045
69.5409
69.2862
69.192
69.0652
68.6108
67.6385
67.2421
67.7341
68.4745
69.3562
70.7363
72.5382
73.8902
74.3743
74.2692
74.0655
73.8249
73.1046
72.0816
70.4348
67.958
64.6026
60.4646
55.888
51.3275
47.0771
43.3775
40.7658
39.4987
39.4542
40.2936
42.1902
46.282
50.8711
52.1317
69.6746
63.7411
97.2102
87.5989
102.131
93.4431
96.3135
95.951
95.4995
95.2054
94.7613
93.6946
92.8003
91.1849
89.2776
87.6591
85.4515
83.5724
82.0736
80.5565
79.0793
78.0733
77.0916
75.7657
75.1073
74.7104
74.0351
73.4255
73.1665
73.0202
72.5733
72.0667
71.7183
71.6421
71.5767
71.2344
70.7495
70.3605
69.5737
68.1265
66.6233
65.2729
63.9297
62.2452
60.3505
58.5274
57.0665
55.6653
54.346
52.8538
51.1468
48.9606
46.2005
43.2038
40.1245
45.4232
45.4275
45.421
45.398
45.3641
45.324
45.2774
45.2246
45.1661
45.102
45.0342
44.9674
44.9069
44.8599
44.8305
44.8183
44.8159
44.8046
44.7704
44.7219
44.6858
44.6632
44.5965
44.5083
44.3667
44.2115
44.0504
43.9073
43.7868
43.6592
43.5068
43.33
43.1323
42.916
42.6973
42.4842
42.2792
42.092
41.9273
41.7921
41.682
41.6059
41.5744
41.5877
41.6446
41.7559
41.9327
42.1778
42.4846
42.8251
43.1395
43.3837
43.5226
43.5229
43.3016
42.8397
42.1382
41.2344
40.1486
38.8702
37.3734
35.6476
33.7151
31.6389
29.5478
27.6387
26.1067
25.1281
24.8711
25.4333
26.8404
29.076
32.2072
35.9575
40.2822
45.0971
50.2065
55.5442
61.0026
66.4825
71.9439
77.3993
82.8886
86.6221
86.8396
83.1866
78.1402
74.4825
73.4418
71.5166
66.3533
61.759
58.2962
56.2977
56.9102
60.6072
64.9113
67.1326
66.8816
65.6784
66.2679
65.3924
60.8871
55.5849
51.1923
48.408
47.4042
48.0139
49.9883
52.9202
56.1291
59.1836
62.1513
65.0015
67.773
70.482
73.1046
75.6128
78.0017
80.2988
82.5847
84.9008
87.2546
89.5289
91.5769
93.3027
94.647
95.5688
96.0608
96.1529
95.8975
95.369
94.678
93.9444
93.1892
92.3559
91.418
90.3996
89.365
88.2872
87.1453
85.9745
84.9219
83.855
82.6624
81.2989
79.4396
76.882
73.9362
71.3084
69.2255
67.5595
66.1185
64.8101
63.6322
62.6176
61.7937
61.1944
60.8592
60.7654
60.9772
61.474
62.2178
63.1706
64.3056
65.5878
66.9402
68.2587
69.4542
70.4847
71.3421
72.0149
72.4524
72.5807
72.4806
72.4273
72.5897
73.0086
73.483
73.773
73.8009
73.6646
73.4868
73.2399
72.8736
72.5306
72.2392
71.9087
71.5482
71.1369
70.5849
69.9168
69.2218
68.586
68.0449
67.5902
67.2073
66.8575
66.7167
66.6024
45.4227
45.4176
45.4086
45.3844
45.3522
45.3145
45.2702
45.2194
45.1611
45.0957
45.0252
44.9542
44.888
44.8348
44.799
44.7814
44.7772
44.773
44.7559
44.7327
44.7152
44.6797
44.6085
44.5182
44.3794
44.2083
44.0381
43.8922
43.7783
43.6521
43.5027
43.3261
43.1283
42.9119
42.6907
42.4748
42.266
42.0756
41.9082
41.769
41.6587
41.5783
41.5337
41.5309
41.5752
41.6825
41.8664
42.1227
42.4476
42.8164
43.1825
43.4835
43.664
43.6688
43.4488
43.008
42.3392
41.4493
40.3298
38.9433
37.2864
35.3879
33.2919
31.0779
28.8868
26.9136
25.3439
24.3421
24.0767
24.6583
26.1355
28.4418
31.5572
35.3341
39.7049
44.5459
49.6527
54.95
60.3104
65.6376
70.8463
75.7968
81.2775
84.3014
84.1383
80.6388
75.3117
71.0178
69.5597
66.6851
63.4452
61.0127
56.8836
54.2988
54.1578
59.2238
64.018
66.0645
66.6981
65.9703
64.2316
61.7014
57.2005
52.5482
48.7972
46.5372
45.9282
46.7446
48.9673
52.1682
55.6324
58.8135
61.817
64.6933
67.4901
70.2329
72.8789
75.3938
77.7847
80.0406
82.3094
84.6171
86.9969
89.3325
91.4342
93.2071
94.6039
95.5641
96.0771
96.1845
95.9313
95.3855
94.6662
93.9019
93.1192
92.3124
91.3865
90.3616
89.3459
88.3311
87.1709
85.9425
84.9477
84.0065
82.7379
81.1698
79.0616
76.2701
73.2534
70.7447
68.8765
67.3748
66.0166
64.7219
63.5176
62.48
61.6392
61.0118
60.621
60.5257
60.7772
61.2967
62.0612
63.0343
64.1802
65.4703
66.8272
68.1415
69.3411
70.3834
71.2686
71.9601
72.3756
72.4836
72.3746
72.403
72.6876
73.1693
73.6019
73.8666
73.8931
73.7154
73.5174
73.2668
72.8895
72.5568
72.291
71.9356
71.5206
71.0573
70.4898
69.8422
69.157
68.519
67.9647
67.4931
67.1167
66.7395
66.63
66.5127
45.4159
45.4038
45.386
45.3628
45.3343
45.3001
45.2592
45.2108
45.1524
45.0843
45.0094
44.9306
44.8535
44.7892
44.7445
44.7216
44.718
44.7275
44.7384
44.7425
44.7346
44.7071
44.6535
44.5508
44.3991
44.2233
44.0476
43.8966
43.7738
43.6466
43.4956
43.3173
43.1166
42.8962
42.6705
42.4491
42.2346
42.0427
41.883
41.7419
41.6294
41.5344
41.4582
41.4161
41.4342
41.5306
41.7214
42.0022
42.3656
42.789
43.216
43.5978
43.8633
43.9528
43.8408
43.4071
42.6804
41.6883
40.4108
38.8308
36.949
34.7971
32.4578
30.0439
27.693
25.5994
23.9343
22.8615
22.5498
23.1001
24.4876
26.9201
30.1579
34.0437
38.4942
43.3767
48.5008
53.725
58.9234
63.9762
68.7712
73.1191
77.9143
80.0856
79.2805
75.6217
70.3682
65.634
62.9043
60.0241
59.1216
57.4156
54.1798
53.105
53.8394
58.6681
63.7622
65.9761
65.8864
64.2759
60.8884
56.5654
51.9588
48.0133
45.1264
43.5646
43.3501
44.5824
47.1374
50.6999
54.5335
57.9677
61.0771
64.0209
66.8927
69.7095
72.4103
74.9361
77.294
79.5332
81.7531
84.0481
86.4565
88.8535
91.038
92.8888
94.3522
95.3676
95.9111
96.0464
95.8378
95.2874
94.5106
93.8923
93.1935
92.2916
91.2832
90.2246
89.2052
88.174
87.0207
85.9432
84.9436
83.8765
82.6961
81.0239
78.4923
75.3476
72.3619
70.066
68.4747
67.1528
65.8451
64.5248
63.2718
62.1933
61.3312
60.6829
60.2767
60.193
60.4004
60.9224
61.7314
62.7541
63.9205
65.243
66.5944
67.9034
69.0879
70.1026
70.949
71.626
72.0814
72.279
72.3354
72.4308
72.6252
73.1334
73.6893
73.9947
73.9581
73.7434
73.5349
73.3094
72.9844
72.6485
72.3505
71.947
71.4475
70.91
70.3289
69.6998
68.9949
68.3747
67.8187
67.3336
66.9546
66.5923
66.4622
66.3898
45.4006
45.3882
45.3704
45.3487
45.3224
45.2907
45.2515
45.2032
45.1435
45.0729
44.9937
44.9075
44.8228
44.7493
44.6962
44.6688
44.6671
44.6859
44.7149
44.7409
44.752
44.7359
44.6793
44.5841
44.4436
44.2633
44.0849
43.9286
43.7938
43.6544
43.4943
43.3097
43.1038
42.8816
42.6505
42.4191
42.1915
41.9917
41.8286
41.6877
41.5641
41.4453
41.3291
41.2386
41.2179
41.3084
41.521
41.8461
42.2598
42.7419
43.2539
43.7202
44.0762
44.261
44.1692
43.7548
42.9799
41.851
40.3699
38.5299
36.3836
33.9737
31.3651
28.7078
26.1505
23.8492
22.003
20.8112
20.4327
20.9538
22.4331
24.8738
28.1632
32.1548
36.7094
41.6359
46.7909
51.9454
56.971
61.727
66.0993
69.9009
73.5698
75.0092
73.6194
69.7548
64.668
59.4346
54.8969
52.4845
52.7488
53.0527
53.5131
54.7435
57.2789
62.155
65.7051
66.6772
64.7928
61.0799
56.1308
51.0979
46.6281
43.1901
41.0005
40.091
40.3319
41.776
44.5801
48.5202
52.792
56.602
59.9332
63.0127
65.9967
68.9271
71.7097
74.2365
76.5451
78.7241
80.8862
83.1509
85.5806
88.025
90.2834
92.2513
93.8105
94.8736
95.4694
95.6424
95.4196
94.9196
94.3354
93.5464
92.8042
92.0289
91.0368
89.9015
88.851
87.8917
86.8138
85.63
84.548
83.4589
82.1731
80.3791
77.7098
74.5765
71.6598
69.5014
68.1487
66.9621
65.63
64.2105
62.8693
61.7224
60.8198
60.13
59.6619
59.4866
59.6896
60.2793
61.1766
62.2717
63.4756
64.8043
66.179
67.5233
68.7529
69.8028
70.6587
71.3052
71.7231
71.9107
71.9157
71.936
72.4179
72.9969
73.4961
73.8312
73.8659
73.6582
73.4851
73.3711
73.1525
72.8557
72.4739
71.9664
71.3597
70.7405
70.1167
69.4806
68.8191
68.2001
67.6263
67.1177
66.7233
66.3608
66.1882
66.1659
45.387
45.3759
45.3606
45.3406
45.3155
45.2845
45.2443
45.194
45.1315
45.0573
44.9723
44.878
44.7839
44.7013
44.6431
44.6162
44.6214
44.6536
44.703
44.7513
44.7845
44.7855
44.7433
44.654
44.5156
44.3437
44.1669
43.9964
43.8375
43.6757
43.4998
43.3071
43.0981
42.8726
42.6341
42.3845
42.1339
41.923
41.7474
41.5995
41.4637
41.3062
41.1291
40.9877
40.9407
41.0293
41.2801
41.6712
42.1679
42.7298
43.3115
43.8588
44.2891
44.5362
44.4629
44.0266
43.1847
41.9023
40.2097
38.1266
35.704
33.0087
30.0949
27.1058
24.2404
21.638
19.5219
18.1323
17.6344
18.1246
19.6627
22.1443
25.4885
29.5997
34.2681
39.2781
44.477
49.5849
54.477
59.0038
63.0162
66.3173
69.0688
70.0058
68.351
64.0835
58.955
54.0177
49.6279
46.49
46.5566
49.2131
53.3984
58.0716
62.6641
66.9994
69.8047
67.1493
62.514
56.7193
50.8094
45.599
41.33
38.2505
36.5276
36.1827
36.854
38.4803
41.4084
45.6574
50.4561
54.7891
58.467
61.7333
64.8559
67.9369
70.8236
73.3635
75.5869
77.6462
79.7106
81.9131
84.3363
86.8317
89.1434
91.1957
92.8626
93.9896
94.6108
94.8471
94.7263
94.1619
93.3201
92.6585
92.036
91.2353
90.2627
89.2709
88.3195
87.3397
86.194
85.0331
83.9902
82.7138
81.1805
79.3954
76.9224
73.934
71.2073
69.3849
68.171
66.8657
65.2935
63.6719
62.2113
61.0062
60.0716
59.3817
58.9386
58.7761
58.9821
59.5637
60.487
61.6412
62.86
64.1885
65.5889
66.9935
68.3045
69.4293
70.3348
71.0265
71.492
71.7494
71.8836
72.0592
72.4362
72.9531
73.4211
73.7197
73.6891
73.5188
73.4638
73.5258
73.5499
73.2893
72.6998
71.9752
71.2492
70.6074
69.989
69.3453
68.6731
68.0478
67.4682
66.9233
66.4759
66.1267
65.9486
65.8952
45.3788
45.3692
45.3551
45.336
45.3111
45.2789
45.236
45.1824
45.1167
45.0389
44.9472
44.844
44.7392
44.6476
44.5864
44.5635
44.5798
44.6301
44.7042
44.778
44.8383
44.8633
44.8429
44.7718
44.65
44.484
44.2946
44.0964
43.9001
43.7044
43.5076
43.3077
43.0991
42.8729
42.6189
42.3374
42.061
41.8265
41.6295
41.4721
41.3073
41.1063
40.8772
40.6788
40.6107
40.7346
41.0619
41.548
42.129
42.7828
43.4375
44.0457
44.5213
44.7777
44.7069
44.2405
43.3211
41.9044
40.0191
37.7029
34.993
31.9567
28.653
25.2189
21.8965
18.8744
16.4059
14.773
14.1388
14.5926
16.157
18.7106
22.1732
26.415
31.2063
36.3436
41.5853
46.6876
51.4948
55.9042
59.7273
62.7579
64.9512
65.5664
63.9207
60.022
54.8752
49.8435
44.8779
40.9059
41.6927
46.4755
52.9541
59.9836
65.4125
68.7331
69.712
64.7967
58.5561
51.6384
45.3934
40.164
36.058
33.2146
31.7756
31.9403
33.0025
34.8993
37.9125
42.3458
47.6374
52.6464
56.7975
60.2946
63.5433
66.7832
69.817
72.3722
74.4951
76.3839
78.2832
80.3779
82.7487
85.2776
87.6696
89.7764
91.4713
92.6227
93.3201
93.6144
93.3948
92.8242
92.1753
91.393
90.485
89.6238
88.7942
88.0374
87.3162
86.4393
85.4835
84.3188
82.9297
81.5797
80.2316
78.4129
76.0083
73.4282
71.1599
69.3935
67.9351
66.3924
64.6267
62.8261
61.2921
60.0992
59.1859
58.5214
58.1401
58.0726
58.3728
58.9393
59.8234
60.964
62.2331
63.5779
64.9734
66.4076
67.7957
69.0266
70.0348
70.808
71.3741
71.7792
72.0844
72.3584
72.7261
73.1466
73.4822
73.6697
73.6709
73.5581
73.5305
73.5789
73.6199
73.4234
72.7972
71.9354
71.1538
70.532
69.916
69.2576
68.5991
67.9677
67.3474
66.7284
66.1317
65.7427
65.6579
65.4686
45.3767
45.3666
45.3525
45.3332
45.3078
45.2724
45.2251
45.1673
45.0985
45.0179
44.922
44.8129
44.6997
44.6034
44.5421
44.5255
44.5517
44.6212
44.7216
44.8235
44.9146
44.9684
44.9754
44.9279
44.8197
44.6559
44.4446
44.2073
43.9635
43.7272
43.5061
43.2976
43.0869
42.8577
42.5886
42.2653
41.9551
41.6901
41.4592
41.261
41.0668
40.8284
40.5525
40.3242
40.258
40.424
40.8767
41.4825
42.1762
42.9555
43.6791
44.3391
44.8484
45.1093
45.0253
44.5056
43.4865
41.9484
39.8917
37.3406
34.3074
30.8238
26.9773
22.9515
19.0459
15.5482
12.7269
10.8851
10.1529
10.5834
12.1079
14.8075
18.4903
22.9226
27.9017
33.2075
38.5076
43.6095
48.3206
52.6063
56.3593
59.3373
61.3972
62.0036
60.5558
57.2116
52.4121
47.4328
42.3098
38.2764
39.4181
44.2532
51.3493
59.2004
64.5447
66.9138
66.3219
60.6989
53.553
46.2925
40.0207
34.7546
30.7527
28.0601
26.8066
27.0301
28.7717
31.1499
34.3182
38.8685
44.5673
50.3163
55.0432
58.7556
62.0701
65.5133
68.7041
71.2635
73.2567
74.9612
76.6444
78.5674
80.825
83.3018
85.7389
87.8988
89.5937
90.8212
91.5969
91.8135
91.5803
91.0928
90.2876
89.2826
88.4413
87.6354
86.7533
86.0825
85.5207
84.989
84.3178
82.9875
81.6597
80.5765
79.024
77.1081
75.1681
72.9343
70.6584
68.8177
67.2131
65.4581
63.5034
61.6517
60.1576
58.9999
58.1045
57.4811
57.1396
57.1028
57.4545
58.119
59.0799
60.2874
61.6407
63.0375
64.4313
65.8389
67.2517
68.5768
69.7233
70.6439
71.3648
71.9142
72.3426
72.7169
73.0589
73.3902
73.6442
73.8196
73.7448
73.6022
73.6245
73.6286
73.4946
73.1838
72.6299
71.8838
71.1259
70.5046
69.8926
69.2626
68.6254
67.9626
67.2614
66.5069
65.6731
65.1846
65.1009
64.8314
45.3778
45.3688
45.3533
45.33
45.299
45.2582
45.2064
45.1448
45.0739
44.992
44.8949
44.7856
44.6718
44.5771
44.5213
44.5128
44.5507
44.6388
44.7622
44.8907
45.0127
45.0958
45.1289
45.1035
45.0064
44.8361
44.5997
44.3161
44.0196
43.7378
43.4923
43.272
43.0579
42.8205
42.5224
42.1578
41.7953
41.4736
41.1861
40.9119
40.6799
40.4251
40.1458
39.9222
39.8795
40.1424
40.7083
41.4503
42.2952
43.1887
44.0491
44.8073
45.3855
45.6569
45.5329
44.9319
43.7957
42.1111
39.8721
37.0593
33.6213
29.5639
25.0279
20.2997
15.792
11.9264
8.9072
6.97588
6.24022
6.6803
8.32632
11.1569
15.0229
19.6696
24.8833
30.4036
35.8763
41.018
45.6274
49.6918
53.2827
56.2346
58.2339
58.9645
58.2271
55.6305
51.521
46.822
42.3155
39.543
39.3641
42.922
49.6425
56.9251
61.1924
62.7695
61.1849
55.192
48.097
41.0308
34.7965
29.5425
25.7122
23.2451
22.1368
22.4897
24.4995
27.4375
30.9139
35.5307
41.4839
47.9027
53.2883
57.1982
60.5106
64.0011
67.3641
69.9792
71.837
73.3454
74.7777
76.419
78.4552
80.7957
83.1721
85.3702
87.1438
88.4035
89.3074
89.6781
89.3505
88.6413
87.7723
86.7905
85.8328
84.7567
83.8085
83.3036
82.8409
82.6279
82.2068
81.2597
80.3425
79.0846
77.4426
75.9484
74.1714
71.7891
69.6289
67.9066
66.0763
64.0933
62.1038
60.2931
58.8599
57.7723
56.9543
56.3966
56.0868
56.0691
56.4102
57.1816
58.282
59.6251
61.1001
62.5988
64.0455
65.4372
66.8398
68.2296
69.5025
70.5615
71.4078
72.0831
72.6215
73.0631
73.4613
73.7015
73.899
73.9487
73.8417
73.7527
73.7033
73.673
73.5201
73.0347
72.4535
71.8469
71.2369
70.6228
69.9704
69.3185
68.6475
67.8987
67.0591
66.1569
65.1273
64.4852
64.3891
64.073
45.3808
45.3675
45.3472
45.3196
45.2837
45.2359
45.1763
45.1092
45.0363
44.9555
44.8636
44.7614
44.6568
44.5736
44.5288
44.5296
44.5787
44.6845
44.8262
44.9789
45.1281
45.2374
45.2958
45.2907
45.2032
45.0241
44.7574
44.4227
44.07
43.7345
43.4407
43.2045
42.9892
42.7492
42.412
41.9768
41.5435
41.1395
40.7521
40.391
40.1263
39.8618
39.6192
39.4575
39.5041
39.9129
40.6402
41.5499
42.5652
43.6244
44.6388
45.519
46.1697
46.4676
46.31
45.623
44.3603
42.5044
40.03
36.8851
32.9364
28.1657
22.8509
17.5016
12.5723
8.5162
5.4715
3.53017
2.80287
3.27472
4.95753
7.82401
11.7672
16.5678
22.0285
27.8547
33.6464
39.0489
43.7437
47.688
51.044
53.9213
56.0072
56.8471
56.55
54.6371
51.9401
48.2022
44.3008
41.284
40.2325
42.9618
48.6906
54.2574
57.1626
58.0327
55.479
49.5075
42.7055
36.0611
29.9751
24.8901
21.3057
19.1803
18.2875
18.6121
20.5801
23.8963
27.7423
32.4332
38.5585
45.4963
51.5092
55.5934
58.9998
62.3752
65.7627
68.5221
70.352
71.6034
72.664
73.8881
75.5743
77.7298
80.0512
82.2793
84.2281
85.6851
86.5901
86.8548
86.5945
86.0344
84.9365
83.57
82.3398
81.0889
80.1735
79.654
79.3274
79.3686
79.2621
78.9217
78.278
77.2345
76.011
74.555
72.5609
70.3731
68.4993
66.5823
64.5295
62.5437
60.5426
58.7687
57.47
56.487
55.7181
55.2193
54.9851
55.0634
55.5308
56.3361
57.5209
58.9797
60.5776
62.209
63.7521
65.1857
66.589
68.021
69.3796
70.5743
71.5602
72.3161
72.9148
73.3975
73.7353
73.9424
74.0542
74.0682
73.9926
73.8941
73.8154
73.7997
73.5713
73.0573
72.4361
71.8556
71.1986
70.4276
69.7309
69.1349
68.5143
67.7344
66.7273
65.7053
64.4781
63.7194
63.4731
63.1389
45.3718
45.3581
45.3351
45.3023
45.2546
45.1944
45.1243
45.0514
44.9777
44.9028
44.8226
44.736
44.6511
44.588
44.5608
44.5755
44.6403
44.7601
44.9145
45.0857
45.255
45.3867
45.4694
45.4876
45.4098
45.2221
44.9237
44.5373
44.1164
43.7309
43.4087
43.1425
42.9045
42.6195
42.2027
41.6749
41.149
40.6388
40.1363
39.7226
39.3441
39.0751
38.912
38.8786
39.1072
39.7335
40.6889
41.8285
43.056
44.3289
45.5188
46.516
47.2361
47.5559
47.3653
46.5848
45.1906
43.1561
40.4129
36.8335
32.2653
26.7642
20.7456
14.9327
9.77729
5.65166
2.64467
0.654734
-0.174218
0.218554
1.81912
4.63788
8.58913
13.4756
19.0995
25.2333
31.4096
37.2986
42.2955
46.3808
49.672
52.4555
54.7041
56.0124
56.183
54.8282
52.7354
50.2984
47.7758
45.5473
44.6346
45.96
49.464
52.3678
53.7995
53.9736
49.8865
44.4486
37.9724
31.7439
25.9023
21.0988
17.7594
15.9667
15.3538
15.5696
17.4315
20.8221
24.8882
29.6797
35.8623
43.1823
49.545
54.0695
57.5757
60.8708
64.2251
67.1221
69.0247
69.9871
70.5363
71.2278
72.4325
74.2606
76.4697
78.7651
80.9321
82.6586
83.7046
83.9788
83.6589
82.8939
81.5747
79.9863
78.4269
76.9532
75.7866
75.1155
74.9349
75.1965
75.5573
75.6241
75.5109
75.1702
74.224
72.6609
70.8212
68.9614
66.9218
64.7871
62.8126
60.8104
58.7957
57.2156
56.0708
55.1379
54.4483
54.0322
53.819
53.9245
54.5045
55.412
56.7033
58.3031
60.0546
61.8264
63.5197
65.0707
66.4784
67.8929
69.2853
70.551
71.6631
72.5505
73.1926
73.6912
74.008
74.1163
74.2229
74.2544
74.1516
74.0351
73.969
73.8748
73.6517
73.0986
72.4044
71.6076
70.6532
69.8283
69.2917
68.9143
68.4023
67.5557
66.3215
64.8243
63.5179
62.7215
62.3036
62.0202
45.3589
45.3416
45.3098
45.2654
45.2057
45.1294
45.0452
44.9647
44.8919
44.8266
44.7652
44.7024
44.6459
44.6108
44.6071
44.6407
44.7236
44.857
45.0223
45.2065
45.3883
45.5407
45.6484
45.6865
45.6268
45.4392
45.1198
44.7062
44.2637
43.8315
43.464
43.1546
42.8376
42.4483
41.9046
41.2459
40.577
39.894
39.2134
38.6294
38.1822
37.9573
37.9106
38.0816
38.6052
39.5305
40.7785
42.2309
43.7633
45.2508
46.6295
47.7684
48.5633
48.8959
48.6658
47.7977
46.2628
44.036
41.0062
36.9754
31.8069
25.6342
19.025
12.8809
7.65729
3.51016
0.447429
-1.63499
-2.6194
-2.3784
-0.834528
2.01083
6.01587
10.9873
16.6934
22.9867
29.4518
35.6605
41.1083
45.5502
49.0127
51.7952
54.1383
55.8714
56.7548
56.5569
54.9605
53.0878
51.4795
50.2722
49.8363
50.0371
50.9615
51.4386
51.3941
50.25
46.0528
40.603
34.3671
28.3558
22.7351
18.2372
15.0818
13.4925
13.2683
13.6499
15.2856
18.4892
22.6144
27.4778
33.55
40.7691
47.524
52.6242
56.2457
59.5043
62.9233
66.0142
67.9963
68.6614
68.6203
68.6402
69.1769
70.4886
72.5218
74.8486
77.1563
79.0931
80.3904
80.8933
80.6013
79.6056
77.9316
75.9737
74.0292
72.3214
70.6547
69.7828
69.6767
70.2094
70.7876
71.3695
72.1073
72.4234
71.737
70.4752
69.0344
67.0764
64.8641
62.9008
60.9612
58.9244
57.1424
55.7714
54.6851
53.8551
53.2529
52.8346
52.6613
52.8456
53.4614
54.5148
55.9501
57.7032
59.6162
61.5297
63.3238
65.0003
66.5237
67.9352
69.3509
70.656
71.8273
72.7655
73.4505
73.975
74.2585
74.3698
74.4481
74.4169
74.2593
74.1537
74.0607
73.9285
73.5956
73.0166
72.2326
71.1427
70.0571
69.3389
69.0583
68.8735
68.3907
67.2699
65.4896
63.3287
61.9696
61.1878
60.8017
60.7285
45.3148
45.3036
45.2732
45.2186
45.1395
45.0386
44.9317
44.8413
44.7714
44.722
44.6866
44.6567
44.6361
44.6349
44.6588
44.715
44.8161
44.9604
45.1366
45.3293
45.5214
45.6945
45.8271
45.8988
45.8648
45.693
45.3858
44.9769
44.5318
44.1034
43.6872
43.2796
42.8279
42.2686
41.5406
40.6765
39.7707
38.8413
37.9247
37.1571
36.6684
36.4554
36.5331
36.9696
37.8452
39.1317
40.7555
42.5903
44.4884
46.3374
47.938
49.2302
50.127
50.4955
50.2267
49.2734
47.5981
45.173
41.8713
37.3952
31.6611
24.9033
17.889
11.5441
6.2785
2.12737
-1.03105
-3.213
-4.29634
-4.09738
-2.49022
0.433141
4.49613
9.48763
15.2335
21.5945
28.1601
34.5147
40.2747
45.1069
48.9255
51.912
54.4297
56.5063
57.952
58.7055
58.3132
56.8217
55.4841
54.4192
53.5996
52.9829
52.2587
51.301
50.1759
47.9828
43.5261
37.8263
31.7599
25.8898
20.5059
16.2648
13.2442
11.6691
11.7339
12.4595
14.0179
16.8514
20.8588
25.8487
31.7172
38.5621
45.4751
51.222
55.0945
58.2633
61.6598
64.952
67.1026
67.5919
67.0081
66.209
65.8425
66.5119
68.3763
70.8485
73.2695
75.3151
76.6286
77.1577
76.8921
75.8884
73.9817
71.5223
68.9163
66.2926
64.7671
63.8189
63.6178
64.2063
65.2186
66.4787
67.803
68.6533
68.5551
68.029
66.7212
64.752
62.8375
60.9174
58.943
57.1012
55.5441
54.2795
53.3162
52.6019
52.0231
51.676
51.6735
52.0019
52.7203
53.8871
55.4005
57.2444
59.2816
61.3304
63.255
64.9976
66.6056
68.094
69.463
70.7796
71.9991
72.9633
73.6843
74.2449
74.508
74.5766
74.6992
74.5981
74.361
74.2564
74.1314
73.8767
73.4465
72.8078
71.9613
70.8616
69.6936
69.1403
69.0199
68.8781
68.2263
66.609
64.1147
61.3628
60.0171
59.0531
58.9218
59.0697
45.2783
45.2667
45.2243
45.1505
45.0468
44.9167
44.7815
44.6811
44.6164
44.5871
44.5851
44.5973
44.619
44.652
44.7027
44.7814
44.9011
45.0579
45.2431
45.4492
45.6598
45.8548
46.0212
46.131
46.1376
46.0074
45.7424
45.3828
44.9733
44.5243
44.0595
43.5327
42.8953
42.1079
41.127
39.9718
38.7282
37.4605
36.2402
35.2465
34.6415
34.4861
34.7358
35.4702
36.7269
38.4354
40.496
42.7956
45.1465
47.389
49.3457
50.867
51.9106
52.3313
52.0378
50.9858
49.1557
46.5232
42.9371
38.0382
31.8543
24.7118
17.4736
11.058
5.72869
1.4915
-1.75565
-3.99747
-5.09011
-4.89519
-3.29015
-0.38171
3.61774
8.59904
14.3476
20.8014
27.534
33.9885
39.8945
45.0066
49.1382
52.4256
55.145
57.6203
59.7702
61.2994
61.9429
61.3336
60.0355
58.5333
56.9089
55.4896
53.8976
52.2444
50.3886
47.1522
42.2596
36.1601
30.1841
24.4377
19.2287
15.1632
12.2152
10.5409
10.7139
11.8335
13.4452
15.9251
19.7052
24.7454
30.4707
36.8772
43.7011
49.8892
54.1502
57.2223
60.3977
63.6549
65.9898
66.5413
65.6049
64.0077
62.6213
62.4505
63.9881
66.5965
69.2184
71.4328
72.8859
73.225
72.5759
71.1488
69.029
66.2339
63.22
60.3769
58.3521
57.1458
56.8917
57.5924
58.9626
60.6937
62.6858
64.0693
64.8022
64.8539
63.8731
62.3977
60.6216
58.7083
56.8905
55.2618
53.8813
52.7875
51.9566
51.2696
50.7533
50.4959
50.6177
51.0936
52.0266
53.405
55.0479
56.9288
59.0222
61.1587
63.183
65.0456
66.718
68.3124
69.7158
70.9359
72.1872
73.1297
73.8206
74.4705
74.707
74.7703
74.843
74.7887
74.5237
74.2505
74.0821
73.8519
73.2942
72.5167
71.7202
70.6568
69.571
69.1138
69.0738
68.7554
67.5848
65.3179
62.4687
59.2251
57.9164
56.9432
56.7617
57.1668
45.2271
45.2122
45.1638
45.0778
44.9528
44.7935
44.6229
44.4981
44.4374
44.4312
44.4687
44.5308
44.598
44.6614
44.7345
44.8312
44.9659
45.1345
45.3326
45.5563
45.7918
46.0233
46.2314
46.3892
46.4545
46.3971
46.2112
45.9167
45.5514
45.1055
44.573
43.9125
43.0635
41.9984
40.6935
39.1545
37.4715
35.7667
34.1597
32.8749
32.131
32.0246
32.4881
33.5412
35.1962
37.3777
39.9435
42.7703
45.6472
48.366
50.7394
52.5433
53.8122
54.2994
53.9928
52.8512
50.8611
48.0212
44.181
38.9965
32.5406
25.2771
17.9291
11.3577
5.87794
1.55652
-1.71717
-3.98361
-5.06439
-4.88703
-3.37187
-0.53054
3.37195
8.29915
14.0228
20.4693
27.3855
34.0168
39.9932
45.2683
49.624
53.2055
56.235
58.9942
61.7356
64.1826
65.8254
66.1951
65.3093
63.5383
61.178
59.1652
57.045
54.8538
52.1264
47.7092
42.0937
35.7373
29.5622
23.8134
18.6468
14.7303
11.9434
10.1711
10.2421
11.5951
13.3813
15.6628
19.1502
24.0998
29.7824
35.8439
42.4265
48.7761
53.3816
56.3911
59.2529
62.3093
64.7443
65.5473
64.4633
62.1881
59.8236
58.6064
59.4485
61.9528
64.7367
66.942
68.5376
68.9002
67.9653
65.8897
62.9386
59.714
56.458
53.4493
51.2528
49.9249
49.6172
50.4934
52.0419
54.2096
56.7913
58.7939
60.3592
60.9639
60.6408
59.5984
58.086
56.3198
54.7409
53.3614
52.1244
51.1848
50.4418
49.8665
49.4391
49.2887
49.5403
50.1358
51.3076
52.8762
54.6779
56.6605
58.8671
61.0854
63.1981
65.1059
66.8283
68.4518
69.9504
71.2049
72.3458
73.3212
74.0108
74.6105
74.8921
74.9433
75.0626
74.8412
74.4802
74.32
74.0729
73.672
73.0246
72.2682
71.5156
70.5055
69.4279
69.1384
69.1907
68.5463
66.7186
63.6483
60.2712
57.2459
55.5701
54.3862
54.1605
54.8842
45.1946
45.1745
45.1176
45.0172
44.8753
44.6871
44.4936
44.3597
44.305
44.3141
44.3753
44.4801
44.5812
44.6678
44.7613
44.8701
45.0132
45.1916
45.4053
45.6528
45.9233
46.2
46.4616
46.6826
46.8292
46.8745
46.7898
46.568
46.2565
45.8221
45.2245
44.4162
43.3419
41.9717
40.2865
38.3036
36.1118
33.8879
31.8299
30.2159
29.2911
29.2087
29.8676
31.2595
33.3247
35.9694
39.0457
42.4419
45.9059
49.1623
52.0175
54.3219
55.7034
56.2593
55.942
54.7418
52.6189
49.5954
45.5782
40.281
33.7352
26.4237
19.0025
12.2659
6.68781
2.37179
-0.89472
-3.17167
-4.23573
-4.11132
-2.69411
0.123516
3.98375
8.88979
14.59
20.8789
27.7358
34.4468
40.4529
45.8018
50.3403
54.1229
57.5185
60.6788
63.9015
67.0771
69.6605
71.1415
71.1524
69.7674
67.3897
65.0001
62.2823
59.2417
55.1659
49.4577
42.8855
36.1066
29.6129
23.7603
18.5778
14.6988
12.0768
10.2991
10.2633
11.6226
13.6983
15.9864
19.1801
23.9559
29.6485
35.5331
41.7482
47.9462
52.7512
55.7983
58.341
61.1268
63.5893
64.6562
63.6512
60.9951
57.871
55.6389
55.6587
57.834
60.5656
62.5234
63.6182
63.723
62.409
59.9707
56.2807
52.2739
48.6943
45.4452
43.2586
42.0932
41.9679
42.8843
44.649
47.3692
50.329
52.9982
55.175
56.5791
56.8942
56.418
55.1963
53.8062
52.503
51.2114
50.2429
49.5194
48.889
48.491
48.2496
48.2808
48.7627
49.4693
50.8218
52.517
54.4522
56.5506
58.8367
61.147
63.2284
65.219
67.0066
68.5949
70.1036
71.3246
72.4805
73.3342
74.0328
74.773
74.9686
75.0717
75.1557
74.9422
74.5725
74.1961
73.9398
73.5336
72.8433
72.0022
71.1683
70.263
69.5144
69.1136
68.7785
67.8888
65.8855
62.2549
58.3202
55.1935
52.9479
51.3015
50.9808
52.3107
45.1642
45.1475
45.0886
44.9862
44.8377
44.6444
44.4555
44.3221
44.2678
44.277
44.3553
44.4691
44.569
44.6701
44.78
44.8922
45.0351
45.2245
45.4597
45.7384
46.0554
46.3919
46.7196
47.014
47.2585
47.4336
47.4774
47.3112
47.1248
46.7103
46.0482
45.0926
43.7851
42.088
39.9765
37.4908
34.7324
31.945
29.4474
27.5456
26.5054
26.3568
27.2401
28.9607
31.3751
34.3968
37.9292
41.8333
45.8651
49.6677
52.9688
55.5928
57.3256
58.0066
57.7088
56.4801
54.2637
51.1066
46.9923
41.6875
35.2369
28.0192
20.6489
13.8946
8.29486
3.95785
0.664336
-1.64453
-2.70497
-2.5978
-1.25654
1.54532
5.31865
10.1531
15.8318
21.8978
28.5453
35.1427
41.0956
46.4497
51.129
55.1328
58.7902
62.364
66.0302
69.7697
73.2398
75.8069
76.9951
76.6226
75.0131
72.3405
69.0122
64.8463
59.1115
51.944
44.2683
36.8785
30.1587
24.2217
18.9423
14.8891
12.3312
10.6412
10.2466
11.9117
14.3435
16.8237
19.8384
24.3485
30.0344
35.8825
41.6957
47.469
52.2721
55.442
57.7592
60.1721
62.5153
63.7838
63.105
60.4927
56.9751
54.0581
53.317
54.9366
57.2667
58.8076
59.2227
58.5607
56.3924
53.1018
48.8916
44.2184
40.1803
36.7468
34.4084
33.5916
33.9922
35.1769
37.126
40.1121
43.6411
46.9562
49.749
51.7512
52.7738
52.8735
52.2175
51.2833
50.0951
49.12
48.3756
47.8125
47.4278
47.2441
47.2454
47.5356
48.329
49.5993
50.8264
52.5767
54.5525
56.6808
58.9313
61.223
63.4257
65.3189
67.1105
68.7993
70.2457
71.5109
72.5818
73.4568
74.0658
74.6926
75.1022
75.1868
75.2172
74.9481
74.511
74.273
73.8855
73.3481
72.6089
71.7676
70.9236
70.0986
69.3164
68.6815
68.2044
67.2819
64.9499
60.8759
56.8248
53.3304
50.7613
49.2987
49.1135
51.0069
45.1568
45.1363
45.0846
44.9834
44.8443
44.6622
44.485
44.3503
44.2927
44.2947
44.3457
44.4297
44.5446
44.679
44.7828
44.8684
45.0145
45.2256
45.4836
45.7907
46.1577
46.5647
46.9798
47.3765
47.748
48.0885
48.325
48.4709
48.2759
47.8588
47.1222
45.9917
44.4218
42.3538
39.7615
36.7082
33.4167
30.1485
27.3646
25.3661
24.3734
24.3345
25.4146
27.341
29.934
33.14
36.8866
41.1554
45.6471
49.8889
53.5602
56.4599
58.4419
59.3707
59.1274
57.9085
55.677
52.4617
48.3389
43.1596
36.917
29.9123
22.7516
16.1173
10.4973
6.13472
2.87604
0.546209
-0.433069
-0.275234
1.00659
3.76882
7.33937
11.8749
17.4689
23.2798
29.6526
36.0449
41.7665
47.1006
51.8197
56.0515
60.0455
63.966
68.0133
72.1189
76.2452
79.7796
82.0803
82.8807
82.2803
79.5622
75.7631
70.4386
63.1366
54.4823
45.7517
37.8442
31.026
25.097
19.7571
15.5066
12.9346
11.4598
11.2074
12.7684
15.4001
18.1543
21.1389
25.3113
30.8554
36.7404
42.2
47.3924
51.9743
55.2357
57.4221
59.4465
61.5094
62.8968
62.6241
60.3795
57.0026
54.1006
52.8462
53.5096
55.0069
55.7246
55.371
53.7978
50.7323
46.2631
41.1077
35.8987
31.3423
27.6244
25.5091
24.8617
25.6741
27.4116
29.8542
33.0902
36.9225
40.6066
44.0753
46.9618
48.7328
49.4185
49.408
48.7474
47.935
47.1864
46.7015
46.356
46.1268
46.1334
46.461
46.9294
47.9022
49.3261
50.9345
52.8267
54.822
56.9479
59.2305
61.5442
63.6732
65.5096
67.31
68.9268
70.3851
71.6286
72.7106
73.4324
74.0767
74.7451
74.9922
75.1538
75.3129
74.9595
74.5615
74.1738
73.7871
73.2946
72.5096
71.53
70.5918
69.7367
68.8928
68.1803
67.4568
66.0817
63.5793
59.8728
55.5325
51.6524
49.4941
48.7957
49.4234
51.1727
45.1386
45.1396
45.0959
45.0037
44.8745
44.7056
44.5376
44.3942
44.3207
44.304
44.3456
44.4321
44.5299
44.6008
44.6752
44.8153
44.9973
45.2154
45.4726
45.7914
46.2108
46.7027
47.2315
47.7551
48.2445
48.7242
49.0896
49.3549
49.3485
49.0185
48.2665
46.9897
45.1421
42.6992
39.6651
36.1647
32.4743
28.9357
26.0583
24.1096
23.2525
23.4406
24.5879
26.584
29.1952
32.3579
36.1242
40.5658
45.3843
49.9689
53.8635
56.8992
59.0226
60.117
60.001
58.8326
56.6506
53.4582
49.3781
44.3814
38.4572
31.8432
25.0656
18.7039
13.2512
9.05646
5.92315
3.58802
2.53628
2.69681
3.92348
6.57015
9.92956
14.1443
19.4893
24.924
30.8833
37.0616
42.4546
47.6512
52.37
56.664
60.9793
65.2127
69.6561
74.0904
78.5376
82.7128
85.7694
87.3962
87.3387
85.2015
81.2264
75.0194
66.5269
56.7477
47.4323
39.2015
32.2149
26.3599
21.1325
16.8412
14.239
12.9331
12.9112
14.3717
16.9185
19.8844
23.0179
26.8875
32.1348
37.9892
43.1571
47.7215
51.9223
55.2267
57.3518
59.0641
60.7924
62.0476
62.0206
60.386
57.7913
55.423
54.0809
53.8577
54.1758
53.7732
52.2222
49.3853
45.1218
39.7365
33.6573
27.7753
22.8922
18.798
16.2822
16.2817
17.9131
20.0529
22.6597
26.2483
30.395
34.573
38.7483
42.3002
44.7888
46.2293
46.8218
46.7022
46.2104
45.8571
45.4685
45.288
45.3355
45.5834
46.0825
46.778
47.8296
49.3833
51.2199
53.1785
55.2665
57.4269
59.7536
62.0044
64.086
65.8562
67.5216
69.1146
70.5263
71.732
72.6443
73.5006
74.0253
74.5615
75.0011
75.0613
75.1175
74.9777
74.5485
74.1288
73.6104
72.9631
72.2669
71.2628
70.193
69.3714
68.5007
67.6044
66.4725
65.0671
62.8635
58.7945
54.0922
50.828
49.0005
48.4225
48.9879
50.3293
45.1662
45.1476
45.1162
45.0231
44.9083
44.7453
44.5942
44.4531
44.3742
44.3445
44.3601
44.4115
44.4777
44.5627
44.6617
44.7618
44.8992
45.0991
45.385
45.7619
46.2438
46.8122
47.4398
48.0771
48.6905
49.3198
49.8165
50.1181
50.1796
49.9017
49.1424
47.7755
45.7238
42.9852
39.6572
35.8867
32.0256
28.4642
25.6118
23.7681
23.0202
23.1964
24.267
26.2156
28.806
31.8846
35.6108
40.1078
45.0861
49.8096
53.7893
56.9138
59.1312
60.2923
60.2235
59.1186
57.08
54.0357
50.1049
45.3789
39.8423
33.6716
27.4204
21.5683
16.4514
12.4774
9.45909
7.17958
6.11046
6.18681
7.2937
9.79117
12.8297
16.6749
21.7418
26.729
32.1592
37.9192
42.9799
48.0491
52.7487
57.0573
61.5647
65.9443
70.4852
75.1458
79.8545
84.324
87.7769
89.9238
90.1722
88.4416
84.5287
77.9349
68.8447
58.6374
49.2082
40.949
33.7621
28.0066
23.0407
18.9005
16.2706
15.1127
15.4077
16.8116
18.9758
21.9629
25.4457
29.1728
33.9265
39.5198
44.4722
48.5034
52.2187
55.3959
57.5491
59.1168
60.5224
61.4937
61.5621
60.5304
58.9433
57.3573
56.1792
55.3697
54.4569
52.8744
50.162
45.9901
40.2005
33.6438
26.9138
20.581
15.2754
10.9388
8.0381
8.40836
10.5742
13.3346
16.2838
19.8676
24.2014
28.8649
33.6207
37.9322
41.2624
43.5579
44.8514
45.2548
45.3509
45.1561
44.8991
45.0181
45.2517
45.6525
46.4227
47.2938
48.4511
49.993
51.8909
53.9003
55.9903
58.0867
60.2831
62.5337
64.5716
66.2525
67.8319
69.4114
70.6999
71.85
72.7069
73.4588
73.8722
74.4229
74.7483
74.7468
75.0578
74.8178
74.2862
74.0463
73.4074
72.6824
71.9634
70.9693
69.9942
69.0347
68.049
67.076
65.8881
64.423
62.0265
58.2764
54.1697
50.4924
47.7811
46.9459
46.7039
47.1908
45.0907
45.1687
45.1245
45.0333
44.9113
44.7594
44.6056
44.4687
44.3735
44.3293
44.3328
44.37
44.4346
44.5003
44.5716
44.6804
44.8505
45.0873
45.3956
45.793
46.2973
46.9048
47.595
48.3273
49.0455
49.7605
50.33
50.7028
50.7637
50.4391
49.608
48.1514
45.992
43.1434
39.7175
35.9203
32.0957
28.6324
25.8545
24.0698
23.2519
23.4335
24.3554
26.1991
28.8027
31.8206
35.4067
39.8214
44.8609
49.6558
53.4745
56.3916
58.5603
59.828
59.9577
58.9989
57.0288
54.0995
50.3383
45.9159
40.8578
35.3344
29.8291
24.4773
19.5923
15.9683
13.2362
11.0198
10.0129
10.1047
10.9868
13.1578
15.9297
19.358
23.9714
28.3965
33.328
38.7058
43.2796
48.1744
52.8705
57.1026
61.6488
66.0922
70.6675
75.2448
79.8577
84.3223
87.8644
90.1307
90.6371
89.153
85.3533
78.8949
70.0056
60.0771
50.8722
42.951
35.8248
30.1536
25.4546
21.6409
19.115
18.0719
18.5997
20.0391
21.7668
24.5223
28.2972
32.1353
36.3441
41.3623
46.0144
49.6625
52.9159
55.8165
57.9506
59.4678
60.6726
61.37
61.4181
60.8875
60.1286
59.4333
58.5999
57.3035
55.326
52.5904
48.872
43.5881
36.7037
29.1173
21.5364
14.8374
9.34262
4.76149
1.91715
2.15675
4.52373
7.41455
10.4254
14.2116
18.8027
23.8187
29.0746
34.2111
38.3768
41.497
43.4805
44.6001
45.0979
45.1568
45.2155
45.4671
45.8581
46.3743
47.3526
48.3944
49.6218
51.0014
52.9412
54.9327
57.0062
59.0423
61.1537
63.2381
65.1498
66.662
68.2101
69.6071
70.9055
71.9875
72.803
73.3392
73.8855
74.1337
74.5517
74.655
74.7064
74.5856
74.1381
73.6673
73.2265
72.5447
71.7187
70.7894
69.7115
68.6626
67.8376
66.8119
65.4967
63.9419
61.7698
58.5539
53.7877
49.3061
46.4985
44.486
43.9587
41.1298
-0.851203
16.1195
16.325
19.9329
23.0337
20.3756
14.1548
10.8592
14.335
19.0689
19.0733
19.8771
24.9103
26.2961
19.1602
3.95775
-13.2427
-33.7743
-10.0861
5.17644
5.70675
16.1463
16.5404
19.8973
23.2177
20.5394
14.0769
10.6297
14.1554
19.1826
19.1215
19.6741
24.8077
26.5117
19.4401
3.80631
-13.797
-35.0506
-11.6723
4.99599
10.6534
16.5633
16.8567
19.955
23.5416
20.732
13.8526
10.2221
13.9294
19.4202
19.1508
19.3505
24.6597
26.7308
19.4832
3.29603
-14.9697
-36.9477
-14.6113
4.56027
14.9847
17.3948
17.3429
20.1541
23.9436
20.8823
13.4963
9.78948
13.5987
19.7038
19.2586
19.0402
24.4548
26.8918
19.1921
2.68596
-15.8441
-39.325
-18.3717
3.68566
18.9713
18.6182
18.0352
20.5149
24.3365
20.9692
13.031
8.19979
13.0969
19.8926
19.3561
18.7484
24.1613
26.8158
18.6852
2.36686
-15.8765
-39.9326
-21.8766
2.33857
22.5887
20.1677
18.9272
21.0513
24.7287
20.9864
12.6608
7.71392
12.8304
20.1224
19.3207
18.3419
23.7514
26.4703
18.1151
2.57188
-14.8939
-37.7806
-23.8437
0.714693
25.6505
21.8348
19.8867
21.625
25.1286
21.0785
12.5616
7.81296
12.7284
20.4414
19.0929
17.7536
23.2823
26.042
17.6605
3.37706
-13.0442
-33.4523
-23.6912
-0.885916
28.1986
23.4047
20.8698
22.2755
25.4847
21.2267
12.5598
7.42219
12.4272
20.608
18.6723
17.0673
22.7945
25.6382
17.4516
4.75924
-10.5531
-27.6201
-21.4691
-2.1796
30.3248
24.7279
21.936
22.9784
25.6938
21.3097
12.8701
7.68496
12.3328
20.4696
18.2514
16.5957
22.276
25.0746
17.4912
6.63344
-7.54776
-20.8028
-17.4163
-2.91084
31.7286
25.7082
23.1168
23.7278
25.8839
21.6026
13.7471
8.68619
12.4751
20.0379
18.0086
16.4197
21.6798
24.135
17.675
8.86656
-4.01315
-13.5028
-12.0164
-2.94768
32.4784
26.4047
24.456
24.4974
26.0269
22.19
14.9641
9.75204
12.4344
19.286
17.9212
16.2712
20.9516
22.9742
17.8233
11.2027
0.0281502
-6.19497
-5.8718
-2.37531
32.6414
26.9494
25.9521
25.4918
26.1487
22.9131
16.3055
10.7243
12.1484
18.2515
17.9875
16.1139
20.0718
21.8218
17.896
13.4851
4.47223
0.735277
0.349584
-1.4586
32.3332
27.3666
27.6874
26.9264
26.2323
23.6705
17.9502
11.7105
11.6707
16.8564
18.2685
16.1811
19.0599
20.757
17.8425
15.6744
10.3194
7.1384
6.06437
-0.420864
31.9773
27.7782
29.5822
28.179
26.2481
24.6399
20.1346
12.7536
11.0729
15.5203
18.6719
16.5753
17.9858
19.8594
17.7354
17.8076
15.4092
12.8907
10.8984
0.599158
31.808
28.3143
31.301
29.1618
26.4294
25.96
22.1932
13.8205
10.4943
14.6037
19.2454
17.1339
17.4318
19.1812
17.78
19.9476
19.7899
17.8014
14.6716
1.52879
31.9588
29.0659
32.6486
29.9255
26.859
27.3406
23.8779
14.8825
10.0806
14.1389
19.3668
17.5122
17.1748
18.7048
18.0767
21.9645
23.0641
21.6236
17.369
2.33298
32.3618
29.9678
33.4769
30.6181
27.4609
28.4415
25.147
15.8164
9.94258
13.914
19.2415
17.6518
17.0269
18.4473
18.6099
23.518
25.1613
24.1711
19.0579
2.98046
32.8581
30.8357
33.8543
31.0115
27.9601
28.98
25.8296
16.455
10.1418
13.8297
19.0141
17.6825
17.0054
18.3814
19.148
24.3318
26.2178
25.4668
19.828
3.42875
33.6377
31.4016
33.8931
31.1578
28.1281
28.967
25.9469
16.7632
10.5064
13.935
18.8119
17.6783
17.1077
18.4363
19.5059
24.4464
26.3796
25.7573
19.9107
3.64788
33.9011
31.6029
33.7894
30.9499
28.1202
28.9259
25.7739
16.8291
10.7883
14.1108
18.6646
17.6379
17.2154
18.4453
19.5694
24.3536
26.1161
25.5203
19.6726
3.62611
)
;

boundaryField
{
    inlet
    {
        type            zeroGradient;
    }
    outlet
    {
        type            fixedValue;
        value           uniform 0;
    }
    walls
    {
        type            zeroGradient;
    }
    frontAndBack
    {
        type            empty;
    }
}


// ************************************************************************* //
