/*--------------------------------*- C++ -*----------------------------------*\
| =========                 |                                                 |
| \\      /  F ield         | OpenFOAM: The Open Source CFD Toolbox           |
|  \\    /   O peration     | Version:  2.4.0                                 |
|   \\  /    A nd           | Web:      www.OpenFOAM.org                      |
|    \\/     M anipulation  |                                                 |
\*---------------------------------------------------------------------------*/
FoamFile
{
    version     2.0;
    format      ascii;
    class       volScalarField;
    location    "1.96";
    object      p;
}
// * * * * * * * * * * * * * * * * * * * * * * * * * * * * * * * * * * * * * //

dimensions      [0 2 -2 0 0 0 0];

internalField   nonuniform List<scalar> 
8800
(
62.4789
50.1204
42.7162
39.2018
37.2984
35.9061
34.6997
33.6104
32.5843
31.6024
30.6543
29.7541
28.8375
27.9552
27.1118
26.3484
25.5118
24.8218
24.1179
23.3213
59.3683
49.7657
42.8857
39.3156
37.3588
35.9309
34.707
33.6109
32.583
31.5996
30.6511
29.7523
28.8361
27.9521
27.1108
26.3483
25.5145
24.8106
24.1172
23.2467
57.404
49.8375
43.4915
39.6914
37.5278
36.0089
34.7532
33.643
32.608
31.616
30.6618
29.7571
28.8383
27.9492
27.1116
26.3469
25.5257
24.8066
24.1365
23.2307
55.8686
49.8947
44.0844
40.112
37.7125
36.0944
34.8167
33.6966
32.6584
31.6536
30.6933
29.7717
28.8519
27.9502
27.1204
26.3412
25.5543
24.8342
24.2735
23.2662
54.6155
49.8633
44.5705
40.5195
37.8828
36.1591
34.8677
33.748
32.7161
31.7018
30.7346
29.7933
28.8693
27.9562
27.1303
26.3367
25.5827
24.8943
24.4025
23.2878
53.6268
49.7676
44.9463
40.8629
38.0377
36.1987
34.9009
33.7873
32.7711
31.7511
30.7806
29.8134
28.8869
27.9613
27.134
26.3242
25.5968
24.9267
24.5145
23.3983
52.8696
49.6497
45.2237
41.1448
38.1781
36.2225
34.9124
33.8157
32.8135
31.7912
30.8182
29.8357
28.8978
27.9699
27.132
26.3174
25.5813
24.9088
24.5668
23.852
52.3141
49.5555
45.4015
41.3576
38.3004
36.2478
34.9007
33.8426
32.8383
31.8295
30.8404
29.859
28.8983
27.9807
27.107
26.3123
25.5359
24.8523
24.3189
24.3553
51.9549
49.4842
45.5122
41.504
38.39
36.265
34.8885
33.8594
32.8556
31.8528
30.8582
29.8737
28.9023
27.9864
27.1059
26.2964
25.501
24.8212
24.3648
24.9
51.7796
49.4499
45.5638
41.5754
38.4381
36.2743
34.8806
33.8665
32.8806
31.8666
30.8678
29.8775
28.906
27.9873
27.1007
26.2805
25.4927
24.8097
24.4229
24.9966
51.7761
49.4536
45.5616
41.5828
38.4369
36.2776
34.8748
33.8676
32.8782
31.869
30.8684
29.8797
28.906
27.9887
27.1006
26.2751
25.4869
24.8144
24.439
25.1182
51.9492
49.499
45.5066
41.5058
38.3932
36.2738
34.8806
33.8596
32.8672
31.8582
30.8603
29.8747
28.9061
27.9906
27.1044
26.2741
25.4919
24.8174
24.4545
25.1789
52.3041
49.5744
45.3912
41.3639
38.3045
36.2626
34.8874
33.846
32.8448
31.8362
30.8435
29.8656
28.9026
27.9927
27.1104
26.2834
25.5023
24.8289
24.4456
25.1612
52.8534
49.678
45.2092
41.1462
38.1796
36.2464
34.8908
33.8223
32.8151
31.8038
30.8178
29.8509
28.8963
27.994
27.1205
26.2976
25.522
24.8506
24.4206
25.05
53.6116
49.7892
44.939
40.8643
38.04
36.2154
34.8858
33.7889
32.7756
31.7625
30.7849
29.8286
28.8863
27.9917
27.1308
26.3172
25.5533
24.8836
24.4098
24.8474
54.5949
49.8884
44.5744
40.5091
37.8846
36.1751
34.8596
33.741
32.7297
31.7113
30.7458
29.8034
28.8762
27.9861
27.1433
26.3351
25.5919
24.9287
24.4313
24.5678
55.8456
49.9138
44.0939
40.1036
37.717
36.1085
34.812
33.6856
32.6758
31.6599
30.7082
29.7767
28.8654
27.9787
27.1533
26.3486
25.6329
24.9733
24.4856
24.2814
57.3817
49.8509
43.5094
39.6775
37.5308
36.0233
34.7521
33.6282
32.6284
31.6209
30.6802
29.7584
28.859
27.9749
27.1615
26.3597
25.6625
25.0079
24.5426
24.1362
59.3493
49.7717
42.905
39.302
37.3647
35.9441
34.7064
33.5963
32.6038
31.6038
30.6701
29.7531
28.859
27.9777
27.1671
26.3687
25.6765
25.0285
24.5361
24.0557
62.4629
50.1252
42.7356
39.1882
37.3055
35.9177
34.6995
33.5968
32.6043
31.6067
30.6734
29.7548
28.8617
27.9801
27.1699
26.3722
25.6798
25.0339
24.5366
24.1781
23.3715
23.3003
23.1613
23.0989
23.1533
23.304
23.4936
23.6747
23.8208
23.9092
23.9179
23.835
23.6608
23.467
23.3164
23.2207
23.1435
23.0639
22.9785
22.8826
22.7628
22.6301
22.5037
22.3661
22.1818
21.9521
21.7151
21.5242
21.4342
21.4428
21.5613
21.7704
22.0418
22.3472
22.6432
22.9168
23.1392
23.314
23.4235
23.4642
23.4597
23.3663
23.1975
22.9263
22.5825
22.1385
21.5085
20.7433
19.8949
18.9765
18.0659
17.241
16.5893
16.142
15.9008
15.9076
16.1015
16.4459
16.8744
17.3228
17.7924
18.2802
18.8036
19.3519
19.9373
20.5899
21.233
21.8685
22.4863
22.9915
23.3603
23.6221
23.706
23.6531
23.4797
23.1861
22.824
22.3404
21.8051
21.2268
20.6323
20.0119
19.4671
18.8414
18.0904
17.2555
16.2281
14.9653
13.5764
12.0833
10.3455
8.58797
6.6864
4.7951
2.96248
1.11627
-0.440358
-1.94581
-3.27367
-4.26289
-5.18002
-5.72374
-5.93545
-6.03968
-5.65119
-4.95646
-4.07659
-2.75833
-1.26324
0.353957
2.15248
3.99443
5.75676
7.57087
9.21873
10.8881
12.6006
14.1301
15.8036
17.4996
18.9987
20.7472
22.3629
23.8809
25.4184
26.9515
28.1232
29.6814
30.7695
31.8944
33.1382
33.8971
34.9587
35.4869
36.1364
36.8856
36.7984
36.8123
36.6552
36.1746
35.1054
33.437
31.5504
29.5608
27.1153
24.3218
21.7877
19.4099
16.976
14.8022
12.813
11.7117
11.2629
11.0816
13.0637
15.8575
17.8107
18.753
19.7441
21.2904
23.4935
26.2855
28.5618
30.4136
31.7529
32.6551
33.4293
33.8289
33.8595
33.0471
31.196
28.292
24.3378
19.9914
15.1911
11.067
6.87094
1.70321
0.882422
-5.4033
-5.51504
-8.60377
-9.32911
-9.97244
-9.7381
-8.66706
-7.76471
-5.92486
-3.73676
-0.453608
2.73555
6.2059
10.1452
13.0523
18.1
21.5551
27.5207
31.8587
38.2868
38.2319
23.0533
23.0266
23.0625
23.1315
23.2396
23.3703
23.4978
23.6204
23.7225
23.7992
23.8309
23.7832
23.6662
23.503
23.3452
23.226
23.1315
23.049
22.9639
22.8648
22.7453
22.6172
22.4735
22.3299
22.1623
21.9686
21.7787
21.6109
21.5318
21.5344
21.6284
21.8089
22.0433
22.3167
22.5936
22.8543
23.0763
23.2504
23.3657
23.4174
23.3845
23.2919
23.1114
22.8402
22.4806
22.0221
21.4514
20.7307
19.9302
19.0812
18.24
17.4614
16.8562
16.4305
16.1565
16.1073
16.2337
16.5049
16.8567
17.2618
17.6971
18.1736
18.6952
19.2599
19.8518
20.4846
21.1384
21.7761
22.384
22.9098
23.3295
23.5814
23.7172
23.7058
23.567
23.293
22.9721
22.5086
21.961
21.4281
20.7999
20.1402
19.5322
18.8412
18.0619
17.166
16.1215
14.9086
13.532
12.0633
10.3823
8.67742
6.87866
5.01115
3.29387
1.54731
0.057699
-1.33319
-2.59618
-3.4799
-4.27436
-4.75402
-4.88195
-4.84678
-4.43878
-3.661
-2.67607
-1.39165
0.154984
1.73462
3.48015
5.25519
6.96739
8.72877
10.3953
12.0282
13.7133
15.2229
16.9237
18.5147
20.0531
21.6799
23.1837
24.6995
26.1309
27.4776
28.7893
30.1357
31.1159
32.2791
33.4267
34.1115
35.2613
35.7133
36.4292
37.3036
37.2792
37.2957
37.0965
36.5787
35.5228
33.6916
31.4332
29.1185
26.2293
22.9972
19.6232
16.4849
13.6159
10.5347
8.39409
6.90351
6.14171
6.09277
8.30692
11.726
14.8011
16.6505
18.051
19.4849
21.9984
24.7694
27.1907
28.7697
30.0572
30.9445
31.5738
32.1336
32.0765
31.5902
30.3574
27.313
23.3479
20.0817
14.8189
9.65066
8.5392
1.08492
1.245
-3.83448
-5.39458
-7.14747
-8.60208
-8.91689
-8.98683
-7.59344
-6.69719
-4.56197
-3.0784
-0.263934
1.06781
3.60073
6.96382
10.6028
14.4457
19.0985
22.5788
27.6467
29.3563
31.3945
23.1446
23.1104
23.144
23.2479
23.377
23.4787
23.5275
23.5568
23.5862
23.6318
23.6805
23.6696
23.6135
23.5046
23.3664
23.2422
23.1204
23.0165
22.926
22.8252
22.7141
22.5975
22.4415
22.2983
22.1429
21.9808
21.8496
21.7111
21.655
21.6458
21.7175
21.8664
22.0552
22.2961
22.5362
22.7826
22.9856
23.1566
23.2592
23.2979
23.2648
23.1568
22.9764
22.6989
22.341
21.8825
21.3517
20.6983
19.9666
19.1871
18.4313
17.7151
17.1508
16.7292
16.4549
16.3802
16.4314
16.6433
16.9313
17.3064
17.7015
18.1617
18.6679
19.208
19.8149
20.4008
21.0517
21.6897
22.2785
22.7857
23.2363
23.4769
23.6136
23.65
23.5087
23.3017
22.9621
22.549
22.0014
21.4542
20.8805
20.1885
19.514
18.8051
18.0119
17.1073
16.0603
14.8741
13.5371
12.0707
10.4706
8.84378
7.14303
5.39055
3.78164
2.16363
0.747899
-0.528127
-1.67014
-2.44872
-3.1294
-3.50122
-3.57935
-3.42102
-2.93012
-2.18461
-1.10616
0.125994
1.60138
3.21504
4.83689
6.49588
8.22784
9.91584
11.548
13.1781
14.7921
16.2893
17.9753
19.4973
21.0192
22.5749
23.9585
25.4472
26.7982
28.0889
29.3553
30.5788
31.507
32.7295
33.7407
34.3683
35.6584
36.0769
36.8662
37.761
37.8363
38.0862
37.6706
36.9718
36.007
34.2845
32.0183
29.1069
25.5999
21.3146
16.8886
12.8556
9.81823
6.65137
4.2271
2.92944
1.7946
2.36517
4.95285
8.54412
11.7513
13.9212
15.9333
18.1113
21.1601
23.8022
26.0797
27.4968
28.4502
29.3872
30.092
30.7962
31.1724
30.3955
29.6905
27.8711
23.2237
19.3568
16.6318
8.48767
9.7653
3.40665
1.6921
-1.64113
-4.35001
-5.77041
-7.14856
-7.1747
-7.28114
-6.03981
-5.05133
-3.27235
-1.86036
0.38252
1.96801
3.56044
6.28754
9.67491
12.3981
18.3888
20.8835
26.6392
27.3427
29.374
22.4208
22.5865
23.1815
23.5984
23.7636
23.7238
23.5823
23.4663
23.41
23.4288
23.5021
23.5358
23.5486
23.5022
23.3962
23.2788
23.1428
23.0169
22.904
22.7929
22.6753
22.5669
22.4137
22.2854
22.1489
22.0147
21.9296
21.8172
21.7857
21.7732
21.8206
21.9363
22.0788
22.2738
22.477
22.6896
22.8644
23.0197
23.0926
23.1314
23.0822
22.9741
22.7892
22.5102
22.1777
21.7283
21.2507
20.6522
20.0189
19.3183
18.6465
18.0184
17.4797
17.0985
16.8168
16.7339
16.7256
16.8819
17.1225
17.455
17.8217
18.2332
18.7177
19.2211
19.815
20.3679
20.9802
21.5671
22.1161
22.594
22.999
23.2666
23.3929
23.4508
23.3272
23.1641
22.8488
22.4649
21.9758
21.4048
20.8488
20.1821
19.4642
18.7555
17.9612
17.0555
16.0362
14.8498
13.5809
12.2076
10.6696
9.17718
7.5832
5.96196
4.46407
2.9601
1.65043
0.552706
-0.500405
-1.1921
-1.7061
-2.03203
-2.00218
-1.79445
-1.28529
-0.540159
0.464251
1.70813
3.10828
4.64306
6.19522
7.78435
9.39863
11.0521
12.6387
14.2332
15.79
17.285
18.9031
20.3937
21.8678
23.4276
24.7131
26.1628
27.4501
28.6268
29.8326
31.026
31.8869
33.0423
34.0451
34.7753
36.0223
36.498
37.4691
38.2715
38.4506
38.894
38.4565
37.6932
36.702
35.0954
32.7111
29.0144
24.6552
19.4137
14.0532
9.62083
5.99567
3.22769
0.601499
-0.86531
-1.52913
-1.14504
1.84805
6.12084
9.7765
12.131
14.0557
16.9962
20.2456
23.25
25.1411
26.4687
27.3893
28.2361
29.1263
29.6631
30.9818
30.6136
28.7876
28.5555
24.9549
18.1211
19.5765
10.8383
10.1448
5.9973
2.86565
0.290641
-2.35673
-3.78116
-4.96905
-4.99309
-5.00612
-4.39571
-3.58714
-2.07687
-0.582074
1.00339
2.85975
4.50825
5.99244
10.1868
12.1301
18.1495
21.1326
26.0854
27.5543
28.7591
22.2559
22.5935
23.5479
24.0746
24.1687
23.9387
23.5884
23.3247
23.1898
23.18
23.2734
23.3533
23.44
23.4571
23.3967
23.2988
23.1643
23.0274
22.8789
22.7522
22.6255
22.524
22.382
22.2693
22.1617
22.0487
21.9988
21.9047
21.8965
21.8904
21.9203
22.0123
22.1094
22.2563
22.4079
22.5723
22.7035
22.8334
22.8797
22.9145
22.8636
22.7516
22.5734
22.2969
21.9982
21.5721
21.1462
20.6135
20.0667
19.478
18.8869
18.3623
17.8676
17.5353
17.2638
17.1531
17.1212
17.2107
17.4191
17.6943
18.0297
18.3946
18.8358
19.3013
19.8375
20.3501
20.878
21.3981
21.8858
22.3325
22.6788
22.9529
23.0835
23.1264
23.0617
22.8849
22.622
22.2786
21.8365
21.3197
20.7409
20.1289
19.4539
18.7439
17.9796
17.0688
16.0997
14.9864
13.7827
12.5367
11.0773
9.71291
8.27013
6.75582
5.37754
4.02197
2.84155
1.84679
0.904314
0.289642
-0.13986
-0.351687
-0.335356
-0.106259
0.393373
1.07246
2.03158
3.19899
4.48931
5.91818
7.43585
8.93889
10.4453
12.0717
13.6368
15.2291
16.8095
18.2674
19.9094
21.2977
22.7063
24.2336
25.4832
26.7979
28.1005
29.2422
30.3439
31.4525
32.3699
33.4331
34.3723
35.2198
36.4763
37.0144
38.1561
38.9161
39.2924
39.8965
39.4435
38.7214
37.826
36.3074
33.0274
28.7544
23.1624
17.3214
11.2869
6.5822
3.0573
0.215744
-2.16251
-3.9542
-4.20623
-3.04981
-0.105009
4.249
7.96326
10.8789
13.4508
16.8993
20.1014
23.0741
24.6772
25.7214
26.6035
27.2827
28.7508
29.678
30.5945
31.9679
29.8858
27.7711
27.7637
18.3697
20.656
14.7644
11.6505
8.03088
4.58299
2.50651
0.13959
-1.15648
-2.974
-3.08548
-3.29973
-2.95076
-2.50043
-1.1477
0.0106094
1.73119
2.7703
4.86882
5.48009
9.64149
12.295
16.8794
20.7372
23.9525
25.7211
25.2054
22.3268
22.7743
23.7884
24.292
24.3084
23.9692
23.5137
23.1694
23.0163
23.0314
23.1417
23.2557
23.37
23.4148
23.3858
23.2983
23.1791
23.0471
22.875
22.7408
22.6055
22.495
22.3663
22.2566
22.1761
22.0891
22.0535
21.9859
21.9915
21.9923
22.0169
22.0786
22.1373
22.2412
22.3376
22.4663
22.5406
22.6421
22.6627
22.679
22.6452
22.4992
22.3546
22.0872
21.8141
21.4518
21.0512
20.6045
20.1342
19.6597
19.1485
18.7192
18.2904
17.9936
17.7645
17.5928
17.5743
17.6005
17.7753
18.0022
18.2758
18.6186
18.9782
19.4024
19.8585
20.3121
20.7691
21.2196
21.6409
22.0362
22.3431
22.5688
22.7134
22.7725
22.718
22.5623
22.3464
22.0424
21.6546
21.1977
20.6383
20.0694
19.4652
18.7737
18.0591
17.2026
16.2884
15.3096
14.2069
13.0799
11.8509
10.4663
9.16519
7.79034
6.515
5.30525
4.18421
3.27874
2.43
1.8345
1.47354
1.27598
1.25829
1.49665
1.92466
2.53108
3.4168
4.42597
5.67009
7.03223
8.49576
10.019
11.4679
13.0585
14.6502
16.1654
17.7263
19.2012
20.7501
22.1434
23.5616
25.0143
26.2663
27.5366
28.7827
29.84
30.9137
31.9622
32.8851
33.8359
34.7307
35.598
36.7033
37.5086
38.8731
39.6925
40.3316
41.0052
40.599
40.0781
39.2363
37.2292
33.1754
28.1765
21.7034
14.9396
8.70567
3.68867
0.670531
-2.26542
-4.47198
-5.74491
-6.09027
-3.88635
-0.50321
3.14341
6.66973
10.107
13.5584
17.3097
20.7213
22.9011
24.4317
25.1664
26.1468
27.1825
28.8664
30.4634
30.7821
33.1399
33.0746
27.2495
30.9582
22.792
22.1754
17.9525
13.8098
10.5378
6.87164
5.06533
2.26565
1.02821
-0.926167
-1.44227
-1.97869
-1.94273
-1.62549
-0.741349
0.166189
1.7266
2.74433
4.41599
5.82478
8.78559
12.1129
15.3564
18.9803
21.4934
23.0582
23.2185
23.0354
23.2827
23.7703
23.891
23.7436
23.4673
23.1874
22.9757
22.9382
23.0036
23.1052
23.2279
23.3368
23.3797
23.364
23.275
23.1735
23.0429
22.856
22.7307
22.5892
22.4769
22.3639
22.2483
22.1962
22.123
22.0924
22.0459
22.0444
22.0624
22.0747
22.1251
22.1519
22.2187
22.2777
22.3593
22.4026
22.4534
22.4765
22.4498
22.4416
22.2751
22.1439
21.9236
21.648
21.3673
20.9874
20.6161
20.2196
19.8346
19.4042
19.0382
18.6872
18.4167
18.2225
18.0265
17.9924
18.0088
18.1237
18.3164
18.5312
18.8304
19.1262
19.4725
19.8666
20.2529
20.6531
21.0475
21.4058
21.7513
22.0207
22.214
22.3626
22.4352
22.3907
22.2599
22.0803
21.809
21.4779
21.0848
20.5821
20.0528
19.5092
18.8672
18.2214
17.4518
16.5986
15.7447
14.7558
13.6585
12.5514
11.3429
10.1221
8.92975
7.72946
6.58403
5.57519
4.66441
3.88491
3.31985
2.87947
2.72365
2.68802
2.82647
3.24768
3.7089
4.56504
5.57438
6.65919
8.07207
9.4894
10.9362
12.4321
13.9053
15.4721
17.0326
18.5617
20.133
21.6755
23.081
24.432
25.7913
27.0081
28.2175
29.393
30.462
31.4584
32.4715
33.4443
34.2867
35.0305
35.8594
36.8609
37.767
39.3058
40.3968
41.3127
42.0093
41.8078
41.562
40.6307
37.6245
33.2466
27.5332
20.6438
12.9682
6.59697
1.65405
-1.25285
-4.11587
-5.87609
-6.62597
-5.94965
-3.98668
-0.301699
3.34875
6.87031
10.3029
14.3857
18.0344
21.4312
23.2571
24.421
25.2415
26.2845
27.8433
28.9724
32.0426
33.2994
33.6719
36.7724
29.5461
34.243
28.3113
24.6971
20.6594
16.1607
13.4895
9.59081
7.60426
4.3459
3.05528
0.844423
-0.25312
-0.794622
-1.40647
-1.31625
-0.441766
0.501746
1.59381
2.82038
4.43636
6.13864
8.46665
11.6883
14.4853
16.9545
19.1038
20.1569
20.0781
25.4937
25.1376
24.003
23.1331
22.6168
22.4729
22.5265
22.63
22.8538
23.044
23.1533
23.2648
23.3488
23.3668
23.3217
23.2254
23.1323
23.0002
22.8202
22.7061
22.5762
22.4677
22.3642
22.245
22.2078
22.1457
22.118
22.0853
22.0758
22.1064
22.11
22.1544
22.1557
22.1971
22.226
22.2626
22.2868
22.2888
22.3105
22.2634
22.2473
22.0972
21.9563
21.7931
21.5258
21.3091
20.9713
20.6482
20.3311
19.9944
19.6435
19.3148
19.0214
18.7587
18.5916
18.4251
18.3534
18.3795
18.4415
18.583
18.7701
18.9879
19.2494
19.5191
19.8571
20.2028
20.5314
20.8968
21.2029
21.4885
21.7581
21.9077
22.0735
22.1328
22.0918
22.0235
21.8291
21.6377
21.3427
21.0109
20.5992
20.0764
19.6219
19.004
18.4302
17.7598
16.9685
16.2143
15.2593
14.2854
13.2924
12.2173
11.1391
9.98441
8.9102
7.83019
6.82637
5.98848
5.1393
4.58395
4.16886
3.8666
3.93121
3.95391
4.30943
4.85045
5.55948
6.57683
7.60811
8.87874
10.3102
11.7219
13.2152
14.7309
16.2971
17.8875
19.4061
21.0152
22.5159
23.8626
25.2658
26.5167
27.7328
29.0112
30.0815
31.121
32.0451
32.9846
33.8335
34.598
35.3392
36.0677
36.9641
38.0438
39.6415
40.77
41.82
42.7054
42.9768
43.0315
41.6434
37.9633
33.1043
27.1499
19.6157
11.9987
5.85195
1.16841
-1.90774
-4.78867
-6.08541
-6.40269
-5.30079
-3.14112
-0.0970715
3.63569
7.62449
11.5302
15.8945
19.5277
22.1602
23.8377
24.6891
25.8138
26.6443
28.9731
30.8468
34.2061
37.39
34.2783
41.339
35.1026
36.9082
32.3784
27.1727
23.9614
19.2479
16.5683
12.2997
10.0563
6.27314
4.38021
2.40234
1.0185
0.0107263
-0.563581
-0.34721
-0.0119457
1.00343
2.15699
3.12037
4.74957
6.55654
8.59951
11.2515
13.482
15.1506
16.8872
17.7323
17.2342
26.3679
25.8453
24.0867
22.7118
21.9636
21.8592
22.1263
22.4492
22.8167
23.1032
23.2346
23.3505
23.405
23.3867
23.2948
23.1861
23.0921
22.9507
22.7866
22.676
22.5622
22.4638
22.3606
22.2527
22.2234
22.1761
22.1456
22.1179
22.0978
22.1295
22.1251
22.1538
22.146
22.1642
22.1868
22.1792
22.2002
22.1675
22.172
22.1293
22.0771
21.9668
21.8112
21.688
21.4516
21.2594
20.9811
20.6808
20.4433
20.1271
19.8465
19.5471
19.2945
19.0771
18.9037
18.7763
18.6782
18.7015
18.7195
18.8131
18.971
19.113
19.3476
19.5607
19.8335
20.1547
20.4162
20.7515
21.0325
21.2644
21.5389
21.6642
21.8141
21.8916
21.8293
21.8372
21.6455
21.5029
21.2719
20.9512
20.6641
20.1288
19.7525
19.1983
18.6477
18.0904
17.2507
16.6775
15.7995
14.9278
14.0767
13.0082
12.0818
10.9769
9.94671
8.98599
7.95339
7.11765
6.30418
5.69227
5.3015
4.91231
4.96441
5.05259
5.25594
5.80816
6.43086
7.32547
8.36145
9.54092
10.985
12.4843
13.9276
15.5264
17.0452
18.5936
20.2156
21.7065
23.2986
24.7102
26.0343
27.3742
28.5037
29.7297
30.8095
31.7543
32.6409
33.455
34.2114
34.8519
35.5179
36.1529
36.9017
38.2746
39.8947
40.8836
41.9007
43.0041
43.8879
44.2859
42.4995
38.376
33.1109
26.9524
18.6528
12.1747
6.3498
2.02748
-1.05212
-4.24269
-5.19579
-4.86709
-3.80023
-1.73105
1.81992
5.25438
9.14571
13.4955
17.7564
21.0682
23.0378
24.5845
25.3525
26.7158
28.3857
31.1944
34.81
35.382
42.2633
37.956
46.4083
41.8113
39.5769
36.5118
30.4815
27.7139
22.5551
19.1059
14.6135
11.7609
8.324
6.07035
3.98095
2.51212
1.33561
0.87233
0.780215
0.867688
2.12897
3.00601
3.75402
5.42851
6.95361
8.53737
10.7889
12.3603
13.39
14.6768
15.2049
14.7138
26.7097
26.2558
24.3243
22.7503
21.8455
21.6155
21.8839
22.2789
22.7196
23.0789
23.2636
23.3982
23.4303
23.3955
23.2746
23.146
23.0504
22.8913
22.7444
22.6316
22.5376
22.4551
22.3536
22.2575
22.2356
22.1976
22.1639
22.1364
22.1082
22.1408
22.1262
22.137
22.1291
22.1289
22.1493
22.1033
22.1192
22.0622
22.0533
22.0177
21.9358
21.8534
21.7
21.597
21.4058
21.2248
20.9945
20.7352
20.5346
20.2561
20.0148
19.7467
19.5283
19.345
19.18
19.0669
18.9604
18.9597
18.9508
19.0112
19.1224
19.2367
19.4272
19.5987
19.8322
20.0983
20.333
20.622
20.8738
21.0952
21.3249
21.4596
21.5801
21.6558
21.6358
21.6394
21.5259
21.3854
21.2131
20.9463
20.6955
20.2722
19.8769
19.4359
18.8765
18.4021
17.7206
17.1324
16.3892
15.5845
14.781
13.7793
12.9483
11.91
10.9372
10.0044
9.01251
8.18188
7.36123
6.76802
6.25975
5.92966
5.83325
5.93354
6.05836
6.45092
7.1599
7.89409
8.96677
10.1877
11.5222
13.1511
14.5029
16.1157
17.738
19.1702
20.9683
22.4654
24.001
25.5465
26.7403
28.0908
29.3035
30.4326
31.5613
32.3998
33.279
34.0022
34.5854
35.1279
35.4852
35.9277
36.6229
38.1093
39.9437
40.905
41.7245
43.0346
44.5344
44.9927
42.995
38.9346
33.6548
27.0997
18.5667
12.9494
7.22048
3.4425
0.471533
-2.60001
-3.75341
-4.20998
-2.80751
-0.106319
3.61258
7.5599
11.7793
15.4668
19.9815
22.0093
24.5501
25.3478
27.5721
28.6181
32.0973
33.0668
39.5101
37.5518
48.3357
45.0236
50.1194
47.193
41.9885
40.9012
34.4842
31.0882
25.7986
21.6622
17.382
13.9403
10.7837
8.05807
5.81876
4.50936
2.61342
2.60487
2.4372
2.05335
3.3634
3.98159
4.74173
6.36404
7.43374
8.64451
10.5633
11.3342
11.8098
12.7184
12.7879
11.9788
26.9269
26.5063
24.5436
22.8464
21.8219
21.4729
21.7019
22.1373
22.6225
23.0324
23.2609
23.4149
23.437
23.3899
23.2557
23.1079
23.0109
22.8462
22.7091
22.5969
22.5149
22.4556
22.3478
22.2679
22.2467
22.2175
22.1817
22.1449
22.1146
22.1416
22.1237
22.1085
22.099
22.094
22.1058
22.0514
22.0396
21.9966
21.9618
21.9337
21.8379
21.7566
21.6286
21.5279
21.3765
21.2015
21.0095
20.7868
20.6096
20.3713
20.1509
19.9385
19.7335
19.5797
19.43
19.3044
19.2136
19.1771
19.1595
19.1891
19.2618
19.3597
19.5025
19.6411
19.8367
20.0402
20.2594
20.4958
20.7087
20.942
21.1056
21.27
21.3881
21.4378
21.5076
21.4611
21.4286
21.3187
21.1455
21.0075
20.7206
20.4612
20.0791
19.6609
19.2696
18.7179
18.2434
17.6077
16.928
16.2991
15.4051
14.5824
13.7856
12.8191
11.9331
10.9219
10.0455
9.20634
8.28662
7.77026
7.08708
6.75335
6.58312
6.46892
6.76037
6.93937
7.6939
8.48233
9.35543
10.7088
11.921
13.4762
15.0561
16.5394
18.323
19.8564
21.5178
23.208
24.6259
26.1928
27.5102
28.749
30.127
31.1609
32.1565
33.0611
33.7492
34.4575
34.9729
35.2877
35.3724
35.4764
36.1323
37.6862
39.5489
40.7012
41.6505
42.9089
44.6949
45.1296
43.2785
39.5454
34.7335
27.7628
18.657
13.6112
8.26886
5.11837
2.38585
-0.206533
-2.35078
-0.216108
-0.149008
3.1949
6.03181
9.75041
14.7905
17.4979
22.3544
22.5141
27.018
25.9341
30.7271
29.9351
36.1888
35.0113
45.4074
43.3053
53.6351
52.0659
52.4259
52.2438
45.6919
45.3425
38.8739
34.7199
29.246
24.6536
20.5972
16.407
13.4443
10.4959
8.08728
6.69516
4.40221
4.56989
4.42668
3.61846
4.69714
5.23912
5.90975
7.36265
8.45492
9.3134
10.4185
10.5562
10.5932
10.7834
10.2707
9.37114
27.001
26.5818
24.6171
22.8816
21.8211
21.4341
21.6387
22.1005
22.5882
23.0094
23.2595
23.412
23.4305
23.3646
23.2315
23.0746
22.9714
22.814
22.681
22.5672
22.4944
22.4507
22.3428
22.2742
22.2525
22.2317
22.1987
22.1492
22.1204
22.135
22.1175
22.0785
22.0606
22.0597
22.0566
22.0018
21.9655
21.921
21.8899
21.8544
21.7572
21.6816
21.5714
21.4799
21.3577
21.1846
21.0332
20.8372
20.6819
20.4859
20.2717
20.1099
19.9131
19.7781
19.6465
19.5038
19.4341
19.3724
19.3462
19.3571
19.3887
19.4694
19.5644
19.6736
19.8302
19.9871
20.1837
20.3735
20.5585
20.7816
20.913
21.0879
21.2097
21.254
21.3667
21.3322
21.3292
21.2796
21.1299
21.0642
20.8125
20.6344
20.3371
19.9075
19.6798
19.1236
18.7099
18.1804
17.4809
17.026
16.1049
15.3861
14.6542
13.6721
12.8923
11.8296
10.998
10.1521
9.14597
8.58825
7.84099
7.36426
7.22856
6.94011
7.26099
7.42653
7.96006
8.88415
9.56669
10.9462
12.2355
13.665
15.4759
16.9321
18.6807
20.4215
21.952
23.7761
25.329
26.708
28.2172
29.4001
30.6402
31.8591
32.7109
33.6242
34.3508
34.7914
35.1439
35.2341
34.9848
34.9341
35.6669
37.2358
38.9593
40.2627
41.3599
42.5941
44.3717
45.0118
43.3865
39.9422
35.4742
28.068
18.661
14.3982
9.97202
7.20309
4.61791
1.2665
-0.137787
-0.657706
2.72321
5.88658
9.67819
13.0634
17.6123
18.9582
23.4302
23.1917
29.008
27.0999
33.365
31.8478
40.8755
39.6045
50.9475
50.7066
57.0361
57.3244
55.3319
57.4019
51.0048
49.4227
43.1655
38.6548
32.7737
27.9964
24.1182
19.4762
16.3544
13.197
10.6109
9.27048
6.92066
6.39305
5.99348
5.70354
6.29896
6.82411
7.59881
8.5217
9.54108
10.2277
10.7039
10.1725
9.73887
9.27827
8.02219
6.91195
26.9609
26.5185
24.5851
22.8914
21.8678
21.5154
21.7129
22.1763
22.6324
23.0253
23.2695
23.3951
23.4011
23.3157
23.1886
23.0347
22.9259
22.7809
22.659
22.5522
22.4829
22.4547
22.3509
22.2877
22.2637
22.2399
22.2081
22.1473
22.1167
22.1175
22.1024
22.0479
22.0228
22.0195
22.0062
21.9574
21.9041
21.8674
21.838
21.7903
21.7007
21.6259
21.5275
21.4521
21.3437
21.1846
21.0627
20.8905
20.7545
20.5876
20.3904
20.262
20.0791
19.9548
19.8359
19.6922
19.6318
19.5568
19.5122
19.509
19.5047
19.5547
19.6234
19.6972
19.8172
19.9418
20.0971
20.2576
20.4139
20.6129
20.745
20.9043
21.0404
21.0993
21.2271
21.2396
21.2548
21.2528
21.1677
21.126
20.9572
20.8354
20.5906
20.2526
20.0304
19.5984
19.2095
18.7559
18.1649
17.6709
16.9126
16.222
15.481
14.561
13.7661
12.7551
11.9054
10.9626
9.99072
9.29664
8.48209
8.01056
7.6666
7.41814
7.54177
7.70295
8.1578
8.94676
9.78735
11.0103
12.4045
13.8623
15.5939
17.2407
18.9155
20.798
22.4767
24.1429
25.889
27.1504
28.5559
30.0514
30.9845
32.2279
33.3436
33.8694
34.786
35.2721
35.0418
34.9503
34.6674
34.3732
34.8981
36.5471
38.3429
39.777
40.8621
42.0129
43.6586
44.451
42.5621
39.1975
34.4752
27.7152
20.5063
16.19
12.4856
10.0957
7.76659
5.70121
4.25196
3.32072
5.66947
8.56952
13.0176
14.1658
18.1314
19.6029
25.1543
24.4858
31.42
29.9639
37.3355
36.4273
45.6861
46.3932
54.642
56.1969
59.5992
62.2615
60.0457
62.0054
56.9493
53.574
47.6659
43.0939
37.107
31.9439
27.6414
22.9198
19.304
15.8802
13.1314
11.2824
9.49012
8.48607
7.86768
7.99014
8.02574
8.6732
9.57244
10.0096
10.7066
10.9257
11.134
10.5539
9.3813
8.12706
6.57381
5.13159
26.7732
26.3188
24.4703
22.909
21.9828
21.7206
21.9279
22.353
22.7482
23.07
23.2756
23.3529
23.3399
23.2445
23.1283
22.9918
22.8746
22.7549
22.641
22.546
22.479
22.4478
22.3591
22.2979
22.2687
22.2403
22.2054
22.1433
22.1112
22.0982
22.0778
22.0227
21.983
21.9798
21.9519
21.9112
21.8513
21.8108
21.7865
21.7288
21.6567
21.5788
21.4983
21.429
21.3314
21.1986
21.0857
20.9506
20.8233
20.6862
20.5217
20.3902
20.2444
20.1168
20.0007
19.8783
19.7988
19.7186
19.6677
19.6369
19.6146
19.6362
19.6724
19.7166
19.7945
19.8938
20.0008
20.1419
20.2784
20.4391
20.5886
20.7308
20.8743
20.9597
21.0944
21.1577
21.1974
21.2554
21.2198
21.2024
21.124
21.042
20.8525
20.6093
20.424
20.0711
19.7509
19.3259
18.8536
18.3377
17.6736
17.0667
16.273
15.4587
14.5971
13.6205
12.7605
11.6916
10.7665
9.94207
9.05192
8.57518
7.97557
7.73511
7.76607
7.79313
8.40981
8.97303
9.944
11.1487
12.3751
14.0783
15.6042
17.3825
19.2183
20.8854
22.843
24.4473
26.0172
27.5524
28.6947
30.2584
31.4391
32.2382
33.6078
34.2643
34.7278
35.558
35.3202
34.5581
33.8602
33.5479
34.3355
35.9608
37.7419
39.0844
40.0948
41.0517
42.2241
42.4435
40.4692
36.6538
31.8659
27.0961
23.0858
19.073
16.3254
13.2488
10.3661
9.18399
7.74862
7.33168
10.0812
11.8011
14.0429
15.2386
20.5907
21.6316
26.35
26.789
32.7981
33.1304
41.397
41.6229
49.91
52.6809
57.9624
61.6575
63.2201
68.6837
66.0532
66.5695
62.8732
58.148
52.4439
47.377
41.4311
35.6135
30.7395
26.2274
22.128
18.7624
15.8364
13.4894
12.2292
10.679
9.96474
10.3844
10.0396
10.3399
10.8891
11.692
12.3644
11.8636
11.6303
10.9739
9.44987
7.46544
5.67269
4.19121
26.3281
25.8886
24.2811
22.9805
22.241
22.0747
22.2686
22.6087
22.9098
23.13
23.2694
23.2918
23.2548
23.1594
23.0503
22.9387
22.8259
22.7317
22.631
22.5453
22.4845
22.4371
22.3689
22.3106
22.2732
22.2395
22.2001
22.1398
22.1076
22.0756
22.0466
21.9958
21.9483
21.939
21.8981
21.8611
21.8047
21.7618
21.7408
21.6818
21.6259
21.5489
21.4819
21.4173
21.3251
21.2243
21.1144
21.0173
20.8913
20.7696
20.6385
20.5042
20.3903
20.262
20.1513
20.0448
19.9462
19.8673
19.802
19.75
19.7112
19.7048
19.7117
19.7262
19.7782
19.8443
19.9167
20.0364
20.1502
20.2777
20.4355
20.5684
20.7116
20.8374
20.9818
21.0927
21.1657
21.2743
21.2876
21.3205
21.3059
21.24
21.1463
20.9572
20.8231
20.5433
20.2259
19.9019
19.464
19.0008
18.3859
17.7692
17.0276
16.228
15.3578
14.3685
13.446
12.3712
11.4162
10.4717
9.55516
8.95132
8.30657
8.03113
8.00373
8.02104
8.58073
9.14485
10.0285
11.2819
12.454
14.1213
15.718
17.39
19.3503
20.9931
22.917
24.6651
26.0141
27.609
28.8482
30.0049
31.4632
32.3828
33.2582
34.3876
35.1047
35.3353
35.0735
34.1158
32.8647
31.986
32.4052
34.4983
36.8867
38.725
39.3126
39.8569
40.0381
39.5681
37.6385
33.3361
29.0056
27.2642
25.6799
23.1562
20.1888
16.5752
13.9916
11.3768
8.68393
9.48804
11.9836
14.5035
15.4116
17.3536
22.695
24.8114
28.334
29.0542
34.3429
35.628
43.1188
44.5267
53.6648
57.5289
61.992
68.272
68.9482
75.2847
72.3866
71.3136
67.7979
62.7297
56.878
50.8664
45.3477
39.4038
34.0537
29.6457
25.256
21.7157
18.4833
15.9298
14.5942
13.1239
12.1452
11.9032
12.1195
12.5033
12.2764
12.8943
13.483
13.1896
12.6466
11.3014
9.62235
7.34863
5.29077
3.84466
25.5475
25.2247
24.0788
23.1691
22.6655
22.5678
22.695
22.8971
23.0768
23.1816
23.2428
23.2223
23.1651
23.0785
22.9765
22.888
22.7893
22.7105
22.6262
22.5521
22.4945
22.4357
22.3759
22.322
22.2729
22.2309
22.1877
22.1307
22.0986
22.0555
22.0152
21.9739
21.9252
21.9036
21.858
21.8187
21.7709
21.7278
21.6973
21.6397
21.5925
21.525
21.4703
21.4054
21.3243
21.2519
21.1472
21.0617
20.9568
20.8425
20.7362
20.613
20.5043
20.3913
20.2778
20.1769
20.0781
19.9861
19.9137
19.845
19.7889
19.7597
19.7338
19.7305
19.7507
19.7892
19.8451
19.9352
20.0404
20.1531
20.3015
20.4443
20.5896
20.7437
20.9074
21.0374
21.1575
21.2926
21.362
21.4173
21.4418
21.4399
21.3719
21.2434
21.141
20.9246
20.6345
20.3296
19.975
19.5282
18.9306
18.3047
17.6019
16.8054
15.9273
14.9469
13.9651
12.9084
11.8893
10.906
10.0008
9.30846
8.67355
8.36692
8.24786
8.31593
8.80224
9.34184
10.25
11.42
12.6204
14.1823
15.7513
17.4189
19.2709
21.0227
22.8641
24.5563
25.987
27.4894
28.7812
29.7867
30.9385
32.2247
33.1983
34.008
34.8138
35.2784
34.9621
33.656
32.0531
30.8832
31.3765
33.7783
36.3125
38.4836
38.6974
38.6531
37.9771
36.7128
35.5899
31.0888
28.267
28.591
28.2394
27.6263
24.4425
20.4429
17.5659
14.4169
11.9289
12.1856
14.8779
18.6551
16.1314
20.9808
24.478
25.1114
30.9884
30.1784
37.7109
38.9145
44.6056
48.1338
56.7387
62.718
66.2018
75.019
75.6472
80.0464
77.9636
75.9542
71.8891
67.0042
61.0149
54.6047
49.0101
43.1286
37.4454
32.3608
28.0994
24.3839
20.7837
18.382
16.4701
15.3224
14.8633
13.5229
13.0961
13.8052
14.1575
14.2958
13.866
14.0192
13.7268
12.0825
10.0591
7.51943
5.25637
3.57559
24.7046
24.5344
23.9689
23.4934
23.2065
23.1053
23.1093
23.1561
23.2038
23.2122
23.2027
23.1548
23.0904
23.0134
22.9298
22.8565
22.7718
22.6994
22.6231
22.5541
22.4944
22.4307
22.3779
22.3276
22.2751
22.2282
22.1814
22.1293
22.0908
22.0407
21.9944
21.9538
21.9061
21.8714
21.8243
21.7859
21.7445
21.7043
21.669
21.6188
21.5751
21.5171
21.4641
21.4018
21.3291
21.2645
21.173
21.0946
21.0011
20.8982
20.8064
20.6917
20.5891
20.4832
20.3688
20.2708
20.1678
20.0675
19.9875
19.9068
19.8383
19.7924
19.7502
19.7308
19.7342
19.7547
19.7954
19.8701
19.9661
20.0672
20.2103
20.3627
20.5064
20.6806
20.8538
20.9986
21.1513
21.3039
21.4063
21.4784
21.5428
21.5673
21.5083
21.4285
21.3531
21.1586
20.8982
20.6139
20.2849
19.8349
19.2538
18.6693
17.9783
17.1872
16.3052
15.3289
14.3455
13.2905
12.2645
11.2835
10.376
9.64775
9.03634
8.68208
8.54773
8.63972
9.06044
9.61784
10.4837
11.5928
12.7879
14.2576
15.7951
17.4466
19.2269
20.9484
22.6838
24.2706
25.7016
27.2395
28.6201
29.7885
30.8255
31.7805
32.8949
33.9056
34.7025
35.0759
34.8531
33.7487
32.2076
31.1275
31.8716
33.9872
36.1555
37.8727
38.2574
37.8958
36.9224
35.34
34.293
31.7503
30.2866
30.2192
29.8014
30.5338
27.9
24.1756
21.0708
18.1757
16.4848
15.778
16.6612
19.061
18.5939
22.7991
24.5157
25.8619
30.6374
32.5918
39.6448
42.5568
48.5516
53.1889
60.4062
69.3334
70.5468
80.4384
81.1547
83.4742
82.4117
79.7831
75.3787
70.5543
64.5226
58.0737
51.9156
46.0652
40.5326
34.9566
30.4018
26.8351
23.2707
20.6534
18.7756
16.8819
15.8771
15.5882
14.7921
13.9628
14.0284
14.9152
15.2429
14.8346
13.7503
12.5171
10.5607
7.86334
5.80081
4.01992
23.966
23.9726
23.9537
23.8373
23.6769
23.5344
23.4239
23.3446
23.2904
23.2345
23.1825
23.1163
23.0451
22.9737
22.9
22.8358
22.7634
22.696
22.6269
22.5585
22.4973
22.4341
22.3802
22.3299
22.2748
22.225
22.1765
22.1245
22.0807
22.0294
21.9829
21.9419
21.8948
21.856
21.8101
21.7712
21.7315
21.688
21.6502
21.6028
21.5602
21.508
21.4561
21.3984
21.3327
21.2711
21.192
21.1154
21.0293
20.9351
20.8454
20.7394
20.6388
20.5341
20.4237
20.3237
20.2183
20.1165
20.029
19.9428
19.8672
19.81
19.7609
19.7312
19.7257
19.7375
19.7716
19.8402
19.9273
20.0299
20.1695
20.3172
20.469
20.6432
20.8193
20.9779
21.1382
21.2975
21.4115
21.4991
21.5807
21.6021
21.566
21.5044
21.4283
21.2548
21
20.7283
20.4073
19.9766
19.4392
18.8453
18.1668
17.3882
16.514
15.5654
14.5823
13.5595
12.5491
11.5731
10.6802
9.94186
9.35388
8.99113
8.85687
8.95999
9.33214
9.90363
10.7253
11.7587
12.9401
14.2948
15.751
17.3773
19.1625
20.9458
22.6781
24.2332
25.6356
27.0164
28.3285
29.5401
30.7121
31.7973
32.8042
33.7282
34.4371
34.8868
34.8758
34.2389
33.2973
32.9921
33.5531
34.6493
35.9999
37.3608
37.5053
37.0776
36.472
35.4515
34.6729
33.4827
32.3929
31.6654
31.6522
31.6553
29.1409
26.4625
23.9641
21.4492
20.1264
19.1109
18.3909
19.7018
20.597
21.3592
22.5159
27.3247
31.9157
37.064
41.4919
45.9829
51.869
58.9687
62.4298
75.263
75.5343
83.5066
84.9326
86.1524
85.3995
82.6014
78.258
73.1845
67.2357
60.8043
54.5601
48.5887
42.8515
37.4906
32.367
28.1866
25.0441
22.379
20.4539
18.8509
16.7665
15.2077
14.9441
15.3833
15.2084
14.6931
14.7616
14.8382
14.1665
12.7004
10.6791
8.38199
6.28496
4.53661
23.986
23.998
24.0015
23.939
23.8186
23.6816
23.5505
23.4348
23.337
23.2475
23.1698
23.0948
23.0229
22.9546
22.8877
22.825
22.7581
22.692
22.6244
22.5586
22.4968
22.4348
22.3801
22.3284
22.2745
22.2234
22.1731
22.1224
22.0761
22.0263
21.9787
21.9348
21.8894
21.8474
21.8036
21.7636
21.7237
21.6832
21.6423
21.5982
21.5543
21.5046
21.454
21.3969
21.3345
21.2721
21.1975
21.122
21.0391
20.9486
20.8585
20.7581
20.6571
20.5536
20.4458
20.3433
20.2388
20.1369
20.0461
19.9591
19.8818
19.8202
19.7691
19.7374
19.7278
19.7373
19.7705
19.8329
19.9178
20.0206
20.1552
20.3013
20.4546
20.6285
20.8035
20.9652
21.1282
21.282
21.4009
21.4912
21.5581
21.5928
21.5613
21.506
21.4219
21.2515
21.0047
20.7285
20.4114
19.9932
19.4694
18.8815
18.2168
17.46
16.6096
15.6813
14.7116
13.7137
12.7201
11.7674
10.8957
10.1602
9.59177
9.23322
9.10354
9.21923
9.57794
10.1538
10.9601
11.9551
13.113
14.4273
15.8719
17.4242
19.106
20.8272
22.5062
24.0861
25.5752
26.9874
28.3071
29.5226
30.6634
31.7267
32.7416
33.7013
34.4434
34.8681
34.9412
34.5893
34.353
34.6513
35.1174
35.5884
35.9247
36.2591
36.1052
36.1054
36.3808
35.8809
34.9667
33.5049
32.5594
32.7357
33.2149
33.2313
30.4019
27.6761
25.0765
22.6804
21.5879
21.1326
19.7598
20.3464
22.0387
22.4719
24.1077
31.7927
33.6648
39.982
43.5673
49.8124
54.5609
64.4075
62.5359
78.5687
79.7838
85.1331
87.2401
87.9906
87.0376
84.4354
80.2271
74.9548
69.1663
62.8735
56.4413
50.4022
44.6801
39.1643
33.8747
29.3152
25.5047
22.7547
20.9494
19.3288
17.8789
16.4729
15.1481
14.1522
14.4097
14.8299
14.8931
14.6535
13.9106
12.6091
10.7511
8.60826
6.68227
5.00452
24.1332
24.0924
24.0253
23.9378
23.8319
23.713
23.5872
23.4655
23.3545
23.2543
23.1677
23.0894
23.017
22.9488
22.8834
22.8206
22.7551
22.6891
22.6227
22.5578
22.4955
22.4347
22.3793
22.3269
22.2739
22.2222
22.1713
22.1216
22.0745
22.0256
21.9781
21.9336
21.8895
21.8472
21.8042
21.7628
21.7223
21.6816
21.6402
21.5964
21.5519
21.5034
21.4522
21.3957
21.3344
21.2703
21.1979
21.1214
21.0384
20.9499
20.8584
20.7601
20.6594
20.5557
20.45
20.3466
20.2432
20.143
20.0509
19.9648
19.8885
19.8261
19.7769
19.7461
19.7362
19.7466
19.7807
19.8418
19.9255
20.0323
20.1611
20.3052
20.46
20.6283
20.7993
20.9631
21.1229
21.2703
21.3888
21.4804
21.5446
21.5696
21.5442
21.4793
21.3829
21.2193
20.9854
20.7041
20.3701
19.9541
19.4465
18.8629
18.2013
17.4541
16.6211
15.7141
14.7592
13.7801
12.8039
11.8681
11.0152
10.2908
9.73225
9.37784
9.24902
9.35975
9.71004
10.2846
11.0756
12.047
13.1717
14.4744
15.927
17.5103
19.1926
20.8897
22.5343
24.0811
25.5451
26.9354
28.2497
29.4888
30.6403
31.7053
32.726
33.6996
34.4479
34.8458
34.8976
34.7546
34.932
35.6119
35.917
36.0364
36.3912
36.6369
36.0116
35.9187
36.8003
36.4674
35.6219
34.4566
33.9428
34.1757
34.9301
34.0392
30.7116
28.0727
25.6995
23.6169
22.6041
22.0949
20.7665
21.1672
22.9796
26.8656
29.4098
36.2681
34.8386
41.1872
43.982
52.1338
55.6862
66.1076
63.5028
79.7755
81.5009
85.7871
88.1048
88.5972
87.5322
85.0013
80.8398
75.5699
69.6946
63.4656
57.283
51.2266
45.6028
40.1349
34.8188
30.1064
26.1708
23.1499
20.9356
19.031
17.1831
15.9687
15.2696
14.9632
14.7345
14.7136
14.6868
14.5212
13.7432
12.3985
10.6933
8.72808
6.82439
5.1714
23.289
23.2854
23.2929
23.3255
23.3426
23.3348
23.3256
23.3271
23.3337
23.3225
23.3058
23.3074
23.321
23.2861
23.2397
23.1992
23.1528
23.1268
23.0971
23.0504
22.9938
22.9475
22.9024
22.8695
22.8451
22.821
22.7926
22.7385
22.6389
22.468
22.2309
21.9758
21.8135
21.814
21.9866
22.2184
22.3213
22.3418
22.3133
22.1126
21.9864
21.8609
21.6777
21.4644
21.1581
20.7689
20.4367
20.1237
19.8968
19.832
19.8499
19.9376
20.0676
20.2556
20.4518
20.5493
20.6717
20.5517
20.2337
19.7243
19.192
18.8483
18.9023
19.4663
20.2327
20.4973
20.3649
20.1854
19.7596
19.6775
20.425
21.4921
22.3088
22.5332
22.1922
21.4347
20.3113
18.811
16.9824
14.857
12.4508
9.91062
7.49378
5.46003
3.98492
3.17382
3.00323
3.26409
3.69808
4.07878
4.38413
4.61177
4.70192
4.73986
4.71221
4.59191
4.34972
3.92075
3.61576
3.54257
3.4571
3.58401
3.99924
3.69582
2.1762
0.745896
0.968924
3.20997
5.23383
6.03689
6.16416
6.06999
6.05289
6.28673
6.81695
7.66174
8.83945
10.3348
12.0801
14.0242
16.1687
18.4626
20.8288
23.253
25.6894
28.045
30.3219
32.5169
34.5576
36.4292
38.1515
39.7113
41.102
42.3415
43.4276
44.3937
45.2632
46.0339
46.7363
47.3885
48.0116
48.6251
49.243
49.8799
50.5427
51.2235
51.8997
52.54
53.1256
53.6407
54.0761
54.4396
54.7216
54.8888
54.9484
54.9734
54.8497
54.3085
53.5128
52.9759
52.9851
53.1239
53.0665
52.9621
53.0953
53.8156
54.9874
56.9781
59.4056
61.3993
62.1331
61.921
61.5926
61.1482
60.4479
59.4701
57.8766
55.4102
52.0373
48.0779
43.9256
39.9083
36.2324
33.0304
30.372
28.2621
26.6103
25.436
24.6824
24.2182
23.9665
23.9483
24.0237
24.1134
24.2985
24.5725
24.9552
25.4685
26.0021
26.2993
23.2807
23.2763
23.2841
23.3124
23.3258
23.3164
23.3045
23.3039
23.312
23.3101
23.3017
23.2958
23.3051
23.2859
23.2394
23.1956
23.1486
23.1259
23.1031
23.0672
22.9947
22.9302
22.8942
22.8666
22.8446
22.8167
22.7902
22.7539
22.6513
22.4628
22.1892
21.874
21.6667
21.6646
21.8506
22.141
22.3223
22.3797
22.3238
22.145
22.0126
21.8845
21.6832
21.4747
21.171
20.7536
20.446
20.1177
19.8262
19.7494
19.761
19.8919
20.0684
20.2634
20.4255
20.577
20.6575
20.5154
20.1614
19.5686
18.9503
18.4758
18.428
19.013
19.9108
20.5175
20.2289
19.801
19.1873
19.1177
19.9279
21.0743
21.9707
22.2136
21.8911
21.1597
20.0781
18.6256
16.7975
14.6297
12.1499
9.50793
6.97319
4.83671
3.27388
2.43671
2.33922
2.75064
3.39299
3.99309
4.43914
4.7236
4.85176
4.89408
4.76284
4.58129
4.33073
4.04659
3.7621
3.46245
2.90313
2.86918
4.30796
5.42879
3.72783
1.29752
0.416227
1.8431
3.56658
4.57181
4.93497
5.04526
5.20423
5.58638
6.23855
7.18274
8.43625
10.0047
11.8037
13.7737
15.9323
18.2537
20.6469
23.0919
25.5525
27.9366
30.2238
32.4205
34.4824
36.3682
38.0813
39.6478
41.0464
42.2783
43.3646
44.3219
45.1843
45.9533
46.6397
47.2824
47.8891
48.4887
49.0927
49.7176
50.3756
51.062
51.7509
52.4062
53.0081
53.5432
53.9919
54.3538
54.6254
54.7908
54.9027
54.989
54.8223
54.1976
53.2267
52.4902
52.4378
52.8414
53.1468
53.2019
53.5762
54.0607
54.6772
56.1677
58.5986
60.8004
61.571
61.2553
61.1368
61.2396
60.8298
59.5722
57.5752
54.7739
51.2073
47.2467
43.1671
39.2311
35.6373
32.517
29.9166
27.8389
26.2193
25.0505
24.3747
23.9884
23.7803
23.7919
23.9242
24.0402
24.2121
24.4664
24.8156
25.3074
25.8371
26.1437
23.2785
23.2844
23.2726
23.2774
23.2619
23.2299
23.2088
23.212
23.242
23.2779
23.2983
23.3045
23.3234
23.3022
23.2513
23.1937
23.141
23.1298
23.1048
23.0512
22.9847
22.9168
22.8736
22.8473
22.8376
22.8374
22.814
22.7566
22.6516
22.4415
22.1256
21.7631
21.5164
21.4824
21.6781
22.0416
22.3209
22.433
22.3741
22.2283
22.1077
21.9431
21.7334
21.5317
21.1904
20.7397
20.3443
19.8826
19.6658
19.6539
19.6667
19.7059
19.8378
20.0578
20.2462
20.399
20.4757
20.3353
19.956
19.3599
18.7184
18.0739
17.9312
18.32
19.2053
20.0247
19.942
19.4256
18.6172
18.5833
19.5645
20.7131
21.5138
21.714
21.4203
20.7612
19.7448
18.3472
16.5209
14.2563
11.5998
8.73144
5.93877
3.56696
1.87218
1.0197
1.0575
1.78379
2.83496
3.84628
4.65248
5.18296
5.39894
5.41734
5.29538
4.84109
4.03489
3.03595
3.22268
4.01655
4.06953
3.35307
3.07072
3.23801
2.76754
1.64007
0.913159
1.13041
1.89093
2.59605
3.07379
3.45824
3.89378
4.48417
5.33291
6.4381
7.76873
9.38329
11.2745
13.3157
15.4954
17.8423
20.282
22.7674
25.2708
27.6957
30.0017
32.2114
34.2966
36.2061
37.9261
39.4985
40.9086
42.1328
43.2127
44.1701
45.0168
45.7782
46.4396
47.0632
47.6399
48.2046
48.7809
49.3769
50.0117
50.6943
51.3905
52.0539
52.6638
53.1993
53.6466
54.0485
54.3702
54.5076
54.5355
54.5783
54.5058
53.9746
53.1424
52.7566
53.2801
53.7173
53.4628
53.0595
53.1984
53.8594
54.8161
56.4444
58.7462
60.5831
61.1152
60.7586
60.5416
60.5277
60.069
58.7282
56.4686
53.448
49.8445
45.9171
41.9307
38.1059
34.6168
31.5898
29.0798
27.0857
25.5609
24.4678
23.7899
23.4633
23.3699
23.5057
23.7758
23.9183
24.04
24.2546
24.5503
24.9694
25.4791
25.816
23.2746
23.2776
23.2455
23.1936
23.1243
23.0573
23.0238
23.0386
23.1054
23.2034
23.293
23.3553
23.3766
23.3391
23.2759
23.2009
23.1441
23.129
23.1066
23.0446
22.9515
22.868
22.8419
22.8373
22.8171
22.7801
22.7465
22.6726
22.5565
22.3608
22.0293
21.667
21.4274
21.3654
21.5683
21.9656
22.2939
22.4408
22.4107
22.2934
22.1693
22.0087
21.8093
21.6112
21.2404
20.786
20.3934
19.9555
19.5529
19.3544
19.3075
19.3498
19.4014
19.4941
19.6808
19.8618
19.9439
19.8714
19.5592
19.0652
18.4768
17.8711
17.684
17.9098
18.7183
19.4327
19.5473
19.1674
18.6761
18.8179
19.7236
20.736
21.3233
21.4264
21.1653
20.5831
19.6194
18.2417
16.3794
13.9862
11.1036
7.92363
4.79703
2.16194
0.298986
-0.577955
-0.371905
0.687038
2.14798
3.59707
4.77952
5.63192
5.99332
5.87926
5.25712
4.84891
4.75948
3.62358
2.86958
2.6692
2.85168
2.6667
2.13005
1.57127
0.992476
0.458158
0.13101
0.141135
0.435395
0.898908
1.4178
1.99229
2.64024
3.42263
4.4532
5.70419
7.11424
8.77044
10.7203
12.8209
15.0212
17.3855
19.8621
22.3799
24.9011
27.3475
29.6904
31.9246
34.0152
35.9403
37.6864
39.2621
40.6765
41.9094
42.9818
43.931
44.7728
45.5205
46.1783
46.7786
47.3271
47.8432
48.3721
48.9294
49.5265
50.1835
50.876
51.5405
52.1358
52.6701
53.1276
53.5004
53.8115
54.0094
54.037
54.0272
54.0623
53.7796
53.0219
52.5033
52.7681
53.3024
53.2739
52.8859
53.3846
54.4894
55.9343
57.5618
59.4506
60.8978
61.2507
60.9212
60.442
59.987
59.0733
57.3841
54.8039
51.6477
48.0501
44.1821
40.2772
36.5542
33.1707
30.2548
27.8792
26.0198
24.6521
23.6794
23.0902
22.8678
22.9425
23.1899
23.5205
23.6952
23.7847
23.9958
24.1859
24.4516
24.9309
25.3262
23.2763
23.2517
23.1772
23.0516
22.9081
22.7953
22.7468
22.7816
22.9013
23.0769
23.2474
23.3751
23.4265
23.3818
23.3062
23.227
23.1692
23.1413
23.1054
23.0275
22.9134
22.8268
22.7956
22.7655
22.727
22.6444
22.5041
22.3933
22.2994
22.1252
21.8446
21.5908
21.3911
21.3239
21.5444
21.961
22.2998
22.4698
22.4682
22.3834
22.2824
22.1099
21.9194
21.7213
21.3563
20.909
20.4119
19.8867
19.5049
19.1814
18.8179
18.5329
18.407
18.4309
18.5359
18.7227
18.9334
19.007
18.899
18.6379
18.2325
17.8227
17.6905
17.925
18.5611
19.3356
19.8212
19.765
19.6371
19.8766
20.4994
21.1421
21.4335
21.4182
21.1645
20.6234
19.6789
18.3015
16.4267
13.9671
10.918
7.45119
3.98051
1.02056
-1.06083
-1.96836
-1.63368
-0.34679
1.45026
3.29999
4.83467
5.85727
6.30275
6.54131
6.68063
5.2989
4.14189
3.36483
2.66708
2.00249
1.59953
1.18662
0.599337
-0.0711408
-0.691515
-1.07488
-1.18584
-1.10095
-0.866923
-0.447896
0.120078
0.788609
1.58406
2.52172
3.63988
4.97301
6.48095
8.18593
10.1552
12.2944
14.5317
16.9046
19.3867
21.9173
24.4654
26.9394
29.2916
31.5288
33.6435
35.5889
37.3392
38.9189
40.3456
41.5916
42.6617
43.5994
44.4377
45.1829
45.8321
46.4141
46.9449
47.4241
47.8988
48.4071
48.948
49.5524
50.2266
50.9029
51.4558
51.899
52.3585
52.7895
53.072
53.2111
53.1876
53.1967
53.4589
53.3926
52.4768
51.7783
52.2865
53.2566
53.3911
52.9275
53.0759
54.6668
56.4437
58.2221
60.0873
61.4769
61.867
61.4416
60.5803
59.4853
57.9335
55.8372
52.6915
49.465
45.8168
41.9372
38.073
34.4313
31.1623
28.4052
26.2173
24.5343
23.3268
22.5572
22.108
22.0221
22.2549
22.6296
23.0598
23.473
23.662
23.8099
23.8468
24.0035
24.5053
24.9513
23.2638
23.2047
23.063
22.8484
22.6233
22.4623
22.4017
22.462
22.642
22.8994
23.1565
23.3492
23.4301
23.3957
23.3281
23.2481
23.1849
23.145
23.0969
22.9922
22.846
22.7463
22.7311
22.6666
22.5037
22.3016
22.0836
21.8952
21.8052
21.719
21.584
21.4895
21.3837
21.3818
21.6515
22.0579
22.3717
22.5287
22.546
22.4789
22.3885
22.2412
22.0683
21.8457
21.5073
21.1085
20.6306
20.0054
19.3794
18.7654
18.0768
17.3534
16.7783
16.6226
16.7953
17.0777
17.4538
17.799
18.0322
18.0928
18.0321
17.9147
17.9283
18.2134
18.7665
19.7774
20.6149
20.9897
21.1314
21.2486
21.47
21.6726
21.7002
21.5728
21.3045
20.7785
19.8569
18.4835
16.5918
14.118
11.0228
7.44363
3.78264
0.58232
-1.70078
-2.68739
-2.37958
-1.03133
0.890419
2.90734
4.64002
5.99792
6.7297
6.50558
5.94273
5.07075
3.86992
2.84505
1.97058
1.08011
0.291967
-0.402502
-1.06096
-1.67608
-2.19152
-2.4649
-2.47148
-2.298
-1.98613
-1.50545
-0.875427
-0.144112
0.750128
1.79926
2.97562
4.3668
5.94729
7.66474
9.62141
11.7868
14.0565
16.4128
18.8911
21.4431
23.9913
26.4558
28.8143
31.0648
33.1827
35.1315
36.8897
38.4717
39.903
41.1695
42.248
43.1731
44.0041
44.7494
45.3931
45.9589
46.468
46.9098
47.3343
47.7984
48.2755
48.7847
49.3786
50.0682
50.6608
51.0097
51.3134
51.663
51.9878
52.2397
52.2308
52.1138
52.3497
52.4824
51.7766
51.1183
51.6924
52.8701
53.2269
53.0453
53.5674
55.1649
57.1208
59.0521
60.8917
62.2442
62.6439
62.0389
60.7031
58.8986
56.65
53.8963
50.5733
46.9744
43.1311
39.1543
35.2741
31.7027
28.5732
26.006
24.0391
22.5648
21.5817
21.0266
20.7958
20.9287
21.2919
21.7954
22.4002
23.062
23.4535
23.8012
24.0137
24.2228
24.6382
24.9912
23.2202
23.1247
22.9092
22.6068
22.3094
22.1055
22.0358
22.121
22.3568
22.6931
23.024
23.2727
23.3889
23.3764
23.3189
23.2477
23.1872
23.146
23.0976
22.9875
22.8339
22.7155
22.6419
22.4916
22.1772
21.8117
21.4912
21.241
21.1337
21.1462
21.2264
21.3173
21.3932
21.5509
21.887
22.265
22.5198
22.6358
22.6544
22.5932
22.507
22.3627
22.2033
22.0093
21.7161
21.3665
20.8859
20.1696
19.2727
18.1726
16.9147
15.676
14.7673
14.4494
14.6112
15.1098
15.7748
16.458
17.0737
17.5249
17.8658
18.0842
18.3072
18.6779
19.308
20.2661
21.1852
21.7736
22.0336
22.0822
22.0682
22.0264
21.9134
21.7332
21.4455
20.8923
19.9367
18.5723
16.7725
14.4087
11.3881
7.89367
4.25272
0.931451
-1.5076
-2.6774
-2.59162
-1.37489
0.476855
2.54857
4.36383
5.52977
6.02252
5.91534
5.30083
4.37872
3.22135
2.04063
0.967905
-0.0589347
-1.0091
-1.85043
-2.55075
-3.08914
-3.48524
-3.64734
-3.56722
-3.31113
-2.91689
-2.35571
-1.63597
-0.832582
0.118009
1.24764
2.48474
3.8949
5.51515
7.25604
9.20399
11.3559
13.6369
15.9921
18.452
20.9921
23.5145
25.9724
28.3238
30.5625
32.6628
34.6068
36.3748
37.9469
39.3691
40.6573
41.7553
42.6724
43.5011
44.237
44.8616
45.4173
45.9176
46.3079
46.6419
47.047
47.5086
47.9423
48.3755
48.95
49.5127
49.7919
50.047
50.4335
50.68
50.7253
50.7083
50.7295
51.0498
51.3678
50.9437
50.3997
51.0032
52.2965
52.9447
53.097
53.951
55.6023
57.5049
59.4302
61.3179
62.7004
63.0735
62.2756
60.5308
58.0964
55.212
51.712
47.949
43.9222
39.8149
35.7086
31.793
28.3315
25.3981
23.0612
21.3713
20.1708
19.4192
19.1002
19.1833
19.5556
20.0568
20.7785
21.5847
22.439
23.1445
23.7265
24.0939
24.3481
24.7557
25.0056
23.1525
23.0299
22.7519
22.3807
22.0335
21.8034
21.7242
21.821
22.0891
22.483
22.8726
23.1713
23.316
23.3268
23.2805
23.2226
23.1656
23.1271
23.0866
23.0136
22.9035
22.7896
22.6334
22.3094
21.8052
21.261
20.8133
20.4657
20.3392
20.4824
20.7671
21.0716
21.4117
21.7678
22.2028
22.5815
22.7432
22.8011
22.7941
22.7384
22.6473
22.5311
22.3908
22.1946
21.9117
21.5608
21.1012
20.3445
19.1552
17.5122
15.5584
13.7389
12.532
12.1759
12.4967
13.3036
14.3397
15.3674
16.2882
17.0797
17.7482
18.2723
18.715
19.1941
19.8175
20.6412
21.4647
22.033
22.2947
22.3643
22.2813
22.1801
22.0368
21.804
21.4334
20.8515
19.9216
18.6204
16.9521
14.7837
12.0582
8.87957
5.46722
2.26853
-0.204835
-1.63847
-1.80161
-0.945625
0.573903
2.34091
3.89177
4.92495
5.32911
5.14554
4.50357
3.50557
2.3292
1.09514
-0.0984818
-1.20301
-2.21376
-3.09168
-3.78796
-4.26487
-4.56049
-4.62799
-4.45906
-4.12531
-3.64972
-3.00215
-2.19724
-1.31559
-0.302726
0.885451
2.18316
3.61587
5.26534
7.01554
8.95379
11.0835
13.3469
15.6909
18.1052
20.6068
23.101
25.5181
27.8425
30.0559
32.1266
34.0498
35.8192
37.388
38.7853
40.0761
41.1878
42.095
42.9295
43.6787
44.2561
44.7624
45.2686
45.6371
45.8676
46.1503
46.537
46.9292
47.2165
47.5694
48.1641
48.4016
48.3741
48.6091
48.8862
49.016
49.0862
49.1044
49.377
49.7546
49.6788
49.5093
50.2515
51.559
52.4254
52.9418
54.0284
55.7452
57.5555
59.4606
61.3589
62.7641
63.0034
61.9246
59.7662
56.822
53.3188
49.2218
44.8901
40.3528
35.8965
31.6711
27.7776
24.4028
21.6596
19.561
18.1318
17.2476
16.7766
16.7709
17.1938
17.809
18.6318
19.621
20.5869
21.665
22.6286
23.4227
23.9729
24.3529
24.7838
24.9881
23.1011
22.9631
22.6412
22.2212
21.8395
21.5919
21.5078
21.609
21.8968
22.3162
22.7347
23.0615
23.2266
23.255
23.2244
23.1781
23.1264
23.0885
23.0743
23.0604
23.0188
22.9226
22.6818
22.1621
21.4413
20.6985
20.0755
19.5811
19.448
19.7513
20.2737
20.8316
21.4141
21.9514
22.4638
22.8818
23.0471
23.0214
22.957
22.8825
22.7925
22.6862
22.5591
22.3992
22.1875
21.8792
21.3118
20.3631
18.9089
16.8336
14.2459
11.9228
10.5475
10.2428
10.773
11.8995
13.287
14.6319
15.8279
16.8565
17.744
18.4962
19.0969
19.6627
20.2826
20.964
21.5951
22.0301
22.3022
22.3887
22.3605
22.2618
22.0703
21.7533
21.2855
20.6198
19.6948
18.5255
17.1049
15.2936
13.0219
10.362
7.48282
4.68153
2.44258
0.958516
0.50059
0.905078
1.85301
3.08768
4.16867
4.81547
4.95378
4.55928
3.79481
2.7303
1.48117
0.18759
-1.06932
-2.21543
-3.23388
-4.10905
-4.77122
-5.1901
-5.41879
-5.40795
-5.15148
-4.75084
-4.18324
-3.43783
-2.57277
-1.60776
-0.502783
0.719808
2.06824
3.53298
5.20665
6.93403
8.86252
10.9679
13.1724
15.4929
17.8744
20.2889
22.7299
25.113
27.3834
29.5553
31.5912
33.4701
35.2226
36.782
38.149
39.4418
40.5762
41.4434
42.2293
43.0265
43.6115
43.9932
44.4394
44.831
44.9475
45.0613
45.3876
45.7009
45.8426
45.9498
46.3307
46.6144
46.491
46.6088
46.8548
46.9461
46.9558
47.0589
47.4076
47.9448
48.2001
48.3951
49.2838
50.5888
51.659
52.4978
53.6731
55.3083
57.1963
59.1889
61.1113
62.3253
62.2845
60.8249
58.2709
54.9484
50.9163
46.1205
41.2742
36.3216
31.5523
27.2443
23.4063
20.1236
17.5545
15.6524
14.4015
13.8512
13.7445
14.0928
14.8183
15.7359
16.95
18.2213
19.5166
20.8432
22.0777
23.1146
23.9121
24.4662
24.8938
25.1591
23.1056
22.9628
22.6094
22.154
21.7513
21.4912
21.3983
21.5024
21.8039
22.2244
22.6464
22.9701
23.1408
23.1805
23.1671
23.1346
23.1016
23.079
23.0947
23.1225
23.1221
23.0456
22.7432
22.0731
21.1207
20.1643
19.3628
18.7521
18.6309
19.0977
19.8635
20.6537
21.4221
22.0846
22.6577
23.0962
23.3136
23.3017
23.1816
23.0376
22.9507
22.8446
22.7309
22.5992
22.4159
22.1679
21.6337
20.4355
18.5944
16.1392
13.2294
10.5557
9.03625
8.76008
9.38238
10.7114
12.4308
14.14
15.6171
16.8454
17.8847
18.7641
19.5004
20.1367
20.7322
21.3068
21.7836
22.1072
22.3324
22.4151
22.3742
22.2825
22.1012
21.7257
21.1286
20.3803
19.4559
18.4332
17.2285
15.7935
14.0935
12.0791
9.86706
7.73558
5.94856
4.76792
4.16611
4.13011
4.45065
4.95672
5.36329
5.38312
5.05561
4.34564
3.32748
2.1446
0.830282
-0.556993
-1.88772
-3.0405
-4.04941
-4.91382
-5.54082
-5.91079
-6.07695
-6.01744
-5.68344
-5.20318
-4.55855
-3.72591
-2.76799
-1.72485
-0.544747
0.70949
2.12471
3.61699
5.27292
7.00166
8.90074
10.975
13.1281
15.3998
17.7395
20.0836
22.4441
24.7786
26.994
29.1045
31.0914
32.8986
34.6118
36.1615
37.4565
38.6996
39.9045
40.7701
41.4405
42.224
42.8503
43.1294
43.4427
43.8119
43.895
43.8101
43.9701
44.1484
44.1465
44.1379
44.3006
44.4694
44.3251
44.2593
44.4981
44.6373
44.7484
44.9029
45.2677
45.8365
46.3347
46.9555
48.13
49.429
50.4162
51.5277
53.1099
54.7458
56.359
58.224
60.043
61.1952
60.9858
59.1806
56.2504
52.4456
47.891
42.4271
37.1647
31.9499
26.9937
22.5953
18.8524
15.719
13.2911
11.5736
10.5096
10.1493
10.3637
11.0345
12.1336
13.4662
15.046
16.668
18.342
19.9196
21.4867
22.7955
23.8386
24.6322
25.1543
25.4486
23.1822
23.0358
22.6618
22.1841
21.7732
21.5083
21.4125
21.5188
21.8162
22.2164
22.6195
22.9183
23.0743
23.1172
23.114
23.097
23.0796
23.0823
23.1101
23.161
23.1873
23.1314
22.8
22.0384
20.9299
19.8059
18.8969
18.2392
18.1425
18.7154
19.6415
20.5781
21.4384
22.1788
22.7896
23.2318
23.4883
23.5525
23.4114
23.2751
23.1358
22.9896
22.8804
22.7642
22.5751
22.2786
21.7319
20.522
18.4712
15.6816
12.5462
9.73752
8.08582
7.67775
8.34023
9.79653
11.8192
13.8561
15.5828
16.9788
18.1073
19.0695
19.8942
20.5756
21.161
21.6639
22.052
22.3014
22.4581
22.5283
22.5023
22.3927
22.1662
21.7017
20.9518
20.0854
19.2869
18.3908
17.4109
16.3586
15.1332
13.7241
12.2176
10.741
9.44543
8.53368
7.90765
7.53011
7.34747
7.16535
6.90718
6.36792
5.50436
4.44002
3.14937
1.7696
0.359845
-1.09436
-2.50054
-3.70336
-4.70198
-5.52458
-6.11362
-6.48173
-6.5761
-6.48269
-6.08259
-5.52646
-4.77714
-3.88832
-2.84149
-1.70869
-0.462143
0.828351
2.313
3.81322
5.45123
7.18445
9.04236
11.072
13.1797
15.4022
17.6702
19.9661
22.2652
24.5085
26.6683
28.7149
30.6569
32.391
33.9964
35.5513
36.8145
37.9249
39.1492
40.0744
40.5936
41.3438
42.0639
42.2332
42.3319
42.6606
42.6518
42.441
42.3982
42.4797
42.2165
42.0234
42.0692
42.0845
41.9832
41.9301
42.101
42.1681
42.2899
42.5709
43.1039
43.7344
44.381
45.1854
46.5229
47.9803
49.0774
50.2601
51.8753
53.7505
55.4452
57.0362
58.492
59.368
58.8451
56.933
53.7042
49.3944
44.4576
38.3295
32.665
27.2911
22.3272
17.9249
14.2799
11.3594
9.11378
7.55845
6.66217
6.47562
6.90754
7.82488
9.25101
10.9867
12.9156
14.9013
16.9837
18.9281
20.8566
22.4961
23.8317
24.9027
25.561
25.9034
23.3294
23.1756
22.7942
22.31
21.9015
21.6389
21.5503
21.6619
21.9452
22.3066
22.6642
22.9176
23.0419
23.0756
23.076
23.0634
23.0542
23.0833
23.1325
23.178
23.1912
23.13
22.8318
22.0599
20.9132
19.7039
18.733
18.076
18.0008
18.6138
19.6053
20.5969
21.4872
22.2516
22.8689
23.3052
23.5681
23.6788
23.6286
23.4832
23.3061
23.1489
23.0104
22.8716
22.6759
22.3278
21.6844
20.4472
18.3502
15.5674
12.4466
9.67823
7.96413
7.43162
8.02288
9.49488
11.6582
13.8752
15.7481
17.2135
18.3471
19.2939
20.124
20.8445
21.4457
21.9226
22.2937
22.5096
22.6098
22.6504
22.6228
22.518
22.2528
21.7254
20.9403
20.0743
19.2543
18.4438
17.6931
16.9226
16.0408
15.1596
14.2308
13.2444
12.3969
11.6832
11.0083
10.3972
9.80663
9.10834
8.31099
7.34721
6.04718
4.62736
3.12791
1.55965
0.0343757
-1.47491
-2.94169
-4.20224
-5.19645
-5.99645
-6.51906
-6.91674
-6.92565
-6.85556
-6.35209
-5.73116
-4.93354
-3.93604
-2.80715
-1.61408
-0.257691
1.06658
2.57503
4.10981
5.73058
7.4391
9.245
11.2417
13.2998
15.476
17.6743
19.8932
22.1673
24.3243
26.4166
28.3903
30.2503
31.9781
33.4631
34.9348
36.2377
37.2099
38.364
39.4356
39.8429
40.3353
41.2107
41.4026
41.1799
41.4162
41.4871
40.9871
40.6643
40.5863
40.2851
39.9081
39.8425
39.7429
39.5144
39.438
39.587
39.8069
39.8377
40.1774
40.5658
41.3887
42.3819
43.3548
44.585
46.1164
47.5875
49
50.5111
52.0703
53.6815
55.2849
56.6368
57.0876
56.254
54.0509
50.4626
45.8448
40.2353
33.9804
28.0098
22.5542
17.769
13.5963
10.1081
7.35072
5.23796
3.79719
3.00107
2.90056
3.53233
4.67354
6.3955
8.47621
10.6888
13.0697
15.5421
17.8974
20.1817
22.2453
23.9078
25.2296
26.1299
26.5667
23.5169
23.3554
22.9758
22.5062
22.1175
21.8727
21.8053
21.9248
22.1891
22.5009
22.7899
22.9777
23.0538
23.0637
23.0604
23.034
23.0345
23.0739
23.132
23.1745
23.1652
23.0826
22.7952
22.1153
21.0801
19.9147
18.943
18.3329
18.2656
18.8272
19.7853
20.7432
21.5805
22.3099
22.9087
23.3321
23.5761
23.6948
23.6941
23.6072
23.4513
23.2713
23.1004
22.9394
22.7076
22.3083
21.6161
20.4161
18.4255
15.8339
12.9959
10.4474
8.75706
8.13185
8.51248
9.87802
11.9511
14.1108
15.9473
17.431
18.5901
19.4865
20.2458
20.9627
21.5708
22.0389
22.414
22.6288
22.7278
22.7877
22.7713
22.6776
22.4125
21.8657
21.0586
20.1981
19.4324
18.723
18.0589
17.4347
16.8518
16.3278
15.7526
15.165
14.5851
13.9685
13.3058
12.5146
11.6123
10.574
9.37696
8.07273
6.49847
4.77815
3.10119
1.42768
-0.195888
-1.75876
-3.24225
-4.57227
-5.56935
-6.38251
-6.77492
-7.25886
-7.20159
-7.07682
-6.57646
-5.83767
-5.01076
-3.92839
-2.66052
-1.42527
-0.0100755
1.40806
2.94091
4.48982
6.07137
7.76597
9.53879
11.4842
13.489
15.6178
17.776
19.9148
22.1397
24.2159
26.2327
28.1789
29.8797
31.5699
33.056
34.3324
35.6713
36.6596
37.5927
38.706
39.1923
39.4652
40.2529
40.5605
40.1154
40.0044
40.134
39.6229
38.9873
38.6086
38.2627
37.8307
37.5542
37.3059
37.0613
36.9636
37.0001
37.1175
37.2758
37.5914
38.1952
38.9429
39.9465
41.3081
42.8209
44.228
45.5236
47.0369
48.8405
50.5049
51.8341
53.2208
54.3869
54.5928
53.4033
50.6701
46.7662
41.7733
35.9334
29.7118
23.7659
18.4427
13.8798
9.93304
6.62357
3.92896
1.85414
0.409165
-0.342975
-0.413308
0.322061
1.64459
3.73733
6.1291
8.69119
11.4342
14.1797
16.888
19.5363
22.067
24.1516
25.8781
26.9753
27.476
23.6828
23.5158
23.1621
22.7289
22.378
22.1754
22.1406
22.2757
22.5137
22.7722
22.9854
23.0988
23.1176
23.0955
23.08
23.0293
23.0287
23.0645
23.1018
23.1328
23.1076
23.0088
22.7332
22.1931
21.3813
20.4281
19.5853
19.0574
18.96
19.3718
20.1425
20.9491
21.6835
22.3598
22.914
23.3056
23.5501
23.6511
23.6679
23.6329
23.5234
23.3493
23.1493
22.9371
22.6556
22.2325
21.5198
20.3657
18.6256
16.3636
13.8733
11.5967
9.98641
9.27359
9.52044
10.7087
12.5653
14.5696
16.2411
17.5413
18.6291
19.5536
20.2999
20.9732
21.565
22.0387
22.4407
22.6797
22.8255
22.9281
22.9372
22.8507
22.609
22.0992
21.3606
20.5303
19.7439
19.0022
18.4074
17.9556
17.5751
17.2496
16.9033
16.489
15.9987
15.464
14.7858
13.8815
12.7707
11.4948
10.0598
8.50516
6.7519
4.85643
3.03312
1.27675
-0.39721
-1.97579
-3.45633
-4.87733
-5.82071
-6.6741
-7.02095
-7.48189
-7.44094
-7.1723
-6.7525
-5.89558
-4.95957
-3.8462
-2.48374
-1.1182
0.344803
1.82443
3.38549
4.96721
6.51415
8.19008
9.93745
11.801
13.7853
15.8586
17.9302
20.0579
22.2166
24.1778
26.0878
28.0587
29.6079
31.1372
32.7404
33.8492
35.0421
36.1949
36.9555
37.9897
38.5844
38.6848
39.209
39.6468
39.111
38.7267
38.688
38.1471
37.256
36.6212
36.1912
35.7304
35.2678
34.8066
34.3415
34.155
34.1617
34.2196
34.4586
34.6533
35.3062
36.2668
37.503
38.8251
40.4628
42.2763
43.7958
45.1218
46.7734
48.4297
49.7223
50.6708
51.463
51.5588
50.1859
47.2749
43.1893
38.0099
32.0639
25.8703
20.0557
14.932
10.5282
6.80097
3.57216
0.970996
-1.06017
-2.51421
-3.24775
-3.41048
-2.57881
-1.12178
1.33559
4.1092
7.07709
10.1151
13.0717
16.0925
18.9987
21.9724
24.5878
26.6638
28.0763
28.7078
23.7531
23.5931
23.2942
22.9269
22.6418
22.5031
22.5199
22.6631
22.8765
23.0846
23.2187
23.2569
23.2184
23.1591
23.1278
23.0677
23.0458
23.0521
23.0604
23.0526
23.0101
22.9063
22.6746
22.2575
21.6582
20.9401
20.2788
19.8526
19.7448
19.973
20.514
21.1675
21.8039
22.373
22.8807
23.2453
23.4842
23.5879
23.618
23.5888
23.524
23.3762
23.1882
22.9397
22.5967
22.1103
21.3864
20.311
18.8
16.9009
14.8062
12.8681
11.4684
10.797
10.9341
11.8891
13.4216
15.086
16.5312
17.7345
18.7251
19.4218
20.1217
20.8554
21.4325
21.8986
22.3451
22.6761
22.8877
23.0444
23.1088
23.0277
22.8162
22.3821
21.7319
20.9544
20.2048
19.5458
18.955
18.5268
18.243
17.9914
17.7179
17.3459
16.9055
16.3557
15.633
14.6556
13.427
12.0239
10.4526
8.70943
6.84509
4.88444
2.95229
1.12858
-0.558877
-2.16338
-3.61104
-5.06461
-5.98749
-6.87195
-7.24656
-7.56494
-7.66709
-7.24536
-6.81016
-5.93566
-4.86241
-3.64586
-2.24273
-0.752835
0.809805
2.32938
3.91523
5.53923
7.06023
8.68251
10.4605
12.2101
14.1424
16.2559
18.1709
20.2603
22.4221
24.2372
26.0166
27.9892
29.4749
30.7792
32.4471
33.5083
34.5035
35.7882
36.5407
37.2381
38.0075
38.0708
38.3468
38.6622
38.0853
37.3984
37.2496
36.715
35.6665
34.7959
34.0501
33.3525
32.7004
32.0522
31.5054
31.1663
30.9407
31.0334
31.3823
31.6511
31.9533
33.0014
34.6413
36.4673
38.1524
39.8231
41.636
43.244
44.708
46.0997
47.3618
48.2961
48.6879
48.2813
46.7365
44.0186
39.7688
34.4089
28.3421
22.2003
16.6738
11.7935
7.63552
4.07012
0.959493
-1.4894
-3.492
-4.93572
-5.65596
-5.95192
-5.06535
-3.65827
-0.797961
2.44471
5.85408
9.24047
12.3655
15.6187
18.7137
22.0917
25.1552
27.4988
29.3218
30.1855
23.7021
23.5707
23.3079
23.0412
22.8608
22.8032
22.8688
23.0313
23.2282
23.3927
23.4586
23.4248
23.3302
23.2368
23.174
23.1159
23.075
23.053
23.028
22.9965
22.9232
22.8184
22.6306
22.3128
21.8628
21.3192
20.7989
20.4353
20.3132
20.4556
20.839
21.3517
21.8818
22.4031
22.8558
23.1813
23.3941
23.5189
23.5582
23.5567
23.4897
23.3812
23.2149
22.9744
22.6013
22.0535
21.3072
20.3015
18.9741
17.3971
15.6931
14.1117
12.9535
12.3539
12.3965
13.1018
14.2769
15.5962
16.8028
17.8048
18.6694
19.4271
19.9929
20.5323
21.1631
21.6847
22.125
22.539
22.8911
23.1983
23.2907
23.1455
22.9478
22.6385
22.1208
21.4856
20.8121
20.1612
19.5693
19.1011
18.7867
18.5117
18.2292
17.8906
17.4587
16.8896
16.1088
15.0618
13.7758
12.2905
10.6182
8.7875
6.85626
4.83946
2.8841
1.01127
-0.684066
-2.31562
-3.72332
-5.17213
-6.11381
-6.93589
-7.4846
-7.60455
-7.776
-7.37041
-6.77565
-5.89229
-4.75761
-3.37753
-1.89214
-0.333148
1.36258
2.93565
4.55741
6.22456
7.71449
9.26036
11.0958
12.7629
14.5814
16.7534
18.5855
20.5228
22.7283
24.4251
26.0497
28.0309
29.427
30.5452
32.296
33.3594
34.0807
35.461
36.2857
36.7647
37.5167
37.6301
37.5895
37.7407
37.2087
36.296
35.891
35.1405
34.0828
33.1453
32.0351
30.8455
29.7995
29.0506
28.5656
28.1341
27.7943
27.9073
28.3671
28.7069
28.9033
29.8263
31.4065
33.5612
35.7129
37.607
39.3121
41.0441
42.4963
43.7682
44.8576
45.7304
46.0117
45.342
43.5753
40.5535
36.2074
30.7399
24.875
19.0976
13.8028
9.20334
5.18186
1.75178
-1.27428
-3.75195
-5.58442
-7.05414
-7.63082
-8.02667
-7.21999
-5.74456
-2.77726
1.05242
5.00192
8.80032
12.1648
15.4189
18.894
22.5122
26.1756
28.9632
31.1413
32.301
23.5683
23.3832
23.1802
23.051
23.001
23.0308
23.1488
23.3348
23.5267
23.6607
23.6833
23.582
23.4326
23.3094
23.2197
23.1526
23.0976
23.0546
23.0021
22.9284
22.831
22.7634
22.6232
22.3873
22.036
21.6132
21.1958
20.8879
20.7591
20.8461
21.1163
21.5288
21.9812
22.428
22.7998
23.1055
23.3205
23.4471
23.4945
23.5106
23.4776
23.3841
23.2332
23.0127
22.647
22.0971
21.3541
20.4006
19.2181
17.8837
16.4879
15.1849
14.1972
13.6709
13.6541
14.1424
14.9916
15.9985
16.9586
17.8095
18.5859
19.1653
19.7283
20.4172
20.9525
21.412
21.9418
22.4569
22.8425
23.109
23.234
23.2742
23.1723
22.915
22.477
21.9218
21.3289
20.7245
20.1296
19.6478
19.2941
18.9561
18.6101
18.2026
17.7241
17.1139
16.2812
15.2016
13.8806
12.3563
10.6515
8.77075
6.80216
4.78951
2.82425
0.936029
-0.772877
-2.45506
-3.81929
-5.15607
-6.25008
-6.94327
-7.56744
-7.67919
-7.7159
-7.42959
-6.73691
-5.7278
-4.57496
-3.04833
-1.46011
0.158577
2.0169
3.66799
5.24241
6.98154
8.50097
9.94828
11.8486
13.4603
15.1559
17.3363
19.1305
20.9316
23.0856
24.7726
26.1948
28.1488
29.5639
30.5467
32.1741
33.3482
34.021
35.262
36.1358
36.4792
37.0671
37.3312
37.1868
37.0817
36.3226
35.51
34.876
33.6158
32.202
31.2078
30.0927
28.447
27.0079
26.2154
25.8322
25.4498
25.1827
25.376
25.9348
26.0783
26.1853
27.1356
28.7457
30.5704
32.7524
35.0973
37.0541
38.7505
40.226
41.615
42.6538
43.2076
43.2454
42.5158
40.7034
37.3835
33.0186
27.6723
21.8905
16.2102
11.223
7.02666
2.91469
-0.399405
-3.34029
-5.79647
-7.22704
-8.72036
-8.90702
-9.34836
-8.63805
-7.27713
-4.2561
0.00100503
4.53639
8.62288
12.2497
15.5347
19.3239
23.2942
27.46
31.0379
33.7635
35.4865
23.3775
23.2123
23.0297
22.98
23.0155
23.1335
23.3298
23.555
23.7508
23.8649
23.8665
23.723
23.5294
23.3701
23.2591
23.1803
23.1109
23.0474
22.9854
22.8998
22.8061
22.7147
22.6139
22.437
22.1693
21.8386
21.5065
21.2522
21.1382
21.1748
21.3643
21.6764
22.051
22.4259
22.7645
23.035
23.2456
23.3913
23.4619
23.4934
23.4602
23.3622
23.2381
23.0194
22.676
22.1545
21.457
20.5763
19.5065
18.3371
17.1667
16.0651
15.205
14.7212
14.6454
14.9449
15.5352
16.2952
17.0557
17.758
18.3816
18.9742
19.5758
20.0823
20.6139
21.2092
21.7536
22.2857
22.7764
23.1418
23.3629
23.4047
23.2862
23.0663
22.7447
22.3132
21.7988
21.2319
20.628
20.0894
19.6908
19.3102
18.9177
18.4599
17.9257
17.2655
16.3799
15.2343
13.8815
12.3548
10.6119
8.72555
6.73649
4.74702
2.8014
0.882754
-0.866703
-2.49458
-3.90115
-5.11858
-6.27244
-6.94132
-7.47708
-7.71786
-7.59446
-7.28277
-6.57188
-5.40712
-4.2656
-2.6005
-0.843969
0.795318
2.69611
4.44566
6.05023
7.78559
9.40669
10.7875
12.6261
14.3137
15.9018
18.0201
19.7874
21.4758
23.5167
25.1873
26.5237
28.4272
29.7572
30.7293
32.332
33.4066
34.1532
35.1792
36.0307
36.4204
36.7345
36.9508
36.8741
36.5686
35.6956
34.984
34.2171
32.3665
30.1146
28.8399
27.8208
26.2569
24.7842
23.8271
23.2938
23.0238
23.0281
23.2415
23.64
24.0584
24.1495
24.6102
26.1805
28.1493
30.2984
32.5325
34.7378
36.413
37.8563
39.0431
40.1944
40.8562
40.9582
40.0795
37.7914
34.605
30.2025
24.6777
19.2021
14.0941
9.1951
5.11425
1.28056
-2.05016
-4.7049
-7.34555
-8.19876
-9.85572
-9.52773
-9.95239
-9.23031
-8.07198
-4.76667
-0.527908
4.54245
8.79025
12.4989
15.6683
19.6644
23.9631
28.6575
32.9061
37.0604
39.711
23.3789
23.2056
23.0103
22.9527
23.0571
23.2708
23.4747
23.6681
23.8457
23.957
23.9721
23.831
23.6058
23.4246
23.3015
23.2123
23.1348
23.064
22.9915
22.8878
22.7382
22.6585
22.6164
22.4534
22.2102
21.9266
21.6395
21.4224
21.3122
21.3306
21.4834
21.7372
22.0658
22.4001
22.7173
22.9813
23.1994
23.366
23.4335
23.497
23.4806
23.387
23.2262
22.9877
22.6906
22.1847
21.5084
20.7011
19.7211
18.6626
17.6402
16.6904
15.9286
15.46
15.3187
15.473
15.8714
16.422
17.0298
17.6188
18.2007
18.7513
19.2399
19.7941
20.4
20.9726
21.5334
22.1268
22.6658
23.0703
23.3694
23.492
23.4612
23.3127
23.0427
22.6626
22.1982
21.6442
21.0666
20.5282
20.0458
19.6129
19.1694
18.645
18.0483
17.3482
16.4099
15.2026
13.8341
12.3022
10.5326
8.63873
6.65357
4.68659
2.73232
0.824738
-0.924405
-2.49853
-3.90727
-5.02336
-6.11326
-6.80325
-7.24703
-7.45807
-7.21951
-6.82178
-6.11434
-4.7851
-3.57205
-1.88669
0.00993078
1.6438
3.60245
5.39366
7.00082
8.77839
10.3887
11.8096
13.5971
15.35
16.8626
18.853
20.6452
22.158
24.107
25.7674
26.9773
28.7894
30.1408
31.0621
32.6099
33.5333
34.3944
35.2895
35.9929
36.4241
36.5347
36.5913
36.6419
36.1875
35.1727
34.3065
33.6013
31.6386
28.6771
26.5518
25.3682
24.1104
22.7563
21.6804
20.7479
20.2706
20.4802
20.9552
21.1718
21.8483
22.5754
23.0545
23.9246
25.5059
27.7523
30.0679
32.3973
34.2796
35.82
37.0398
37.8794
38.4479
38.342
37.3562
35.1334
31.7989
27.5573
22.5518
17.1766
12.4487
7.80384
3.86166
0.202703
-3.43248
-5.38904
-8.79847
-8.73466
-10.673
-9.95386
-10.0192
-9.02848
-8.10926
-4.70593
-0.445234
4.62716
8.91675
12.6857
15.7758
19.8465
24.3946
29.5374
34.9035
40.3168
43.9294
23.4235
23.3176
23.1168
23.0553
23.1132
23.2347
23.406
23.6328
23.8641
23.9923
23.9997
23.8828
23.6448
23.4432
23.3098
23.2247
23.1463
23.0656
22.9875
22.8895
22.7715
22.6676
22.5565
22.3975
22.1875
21.9322
21.6667
21.4596
21.3589
21.3739
21.5057
21.744
22.0348
22.3664
22.6742
22.9531
23.1819
23.3572
23.4512
23.4975
23.494
23.394
23.2272
22.9599
22.6565
22.1919
21.5271
20.7486
19.8437
18.8539
17.8973
17.0284
16.3277
15.8476
15.6324
15.7083
15.9873
16.4252
16.9418
17.4471
17.9495
18.4821
19.0049
19.5479
20.1453
20.7482
21.3501
21.9786
22.5671
23.0341
23.3894
23.5878
23.6089
23.526
23.2894
22.9588
22.5386
22.0398
21.4826
20.9166
20.3792
19.8359
19.339
18.7605
18.0855
17.3358
16.3499
15.0902
13.7077
12.1757
10.4126
8.56135
6.60233
4.68765
2.74568
0.896178
-0.775363
-2.34707
-3.68569
-4.80748
-5.79039
-6.39253
-6.72154
-6.91318
-6.57943
-6.01712
-5.26307
-3.87961
-2.48736
-0.904297
1.04474
2.77579
4.57571
6.50544
8.0826
9.77805
11.5069
12.9928
14.6577
16.4402
17.9786
19.779
21.5411
23.0544
24.7695
26.3617
27.5762
29.2706
30.4732
31.4753
32.9242
33.74
34.6741
35.3598
35.9983
36.6488
36.5375
36.4883
36.4536
36.021
35.011
33.6794
32.4875
30.6112
27.9372
25.305
23.3651
21.6922
20.1178
18.7029
17.2398
16.5322
16.4635
17.2219
17.8549
19.0889
20.1001
21.1445
22.0447
23.5756
25.6691
28.2186
30.3475
32.1748
33.5169
34.8228
35.7228
36.2207
35.8995
34.8342
33.0595
29.7703
25.721
21.072
15.6781
11.295
6.95181
2.99103
-0.140011
-4.89987
-5.34732
-9.46567
-9.18039
-10.6807
-9.73469
-9.46873
-8.51755
-7.16333
-4.28851
-0.317053
4.22199
8.15336
12.2275
15.0641
20.1362
23.5366
30.0686
35.6889
43.4955
48.2954
14.0074
13.5757
9.01403
4.7089
-0.657759
-4.86393
-10.6604
-14.8868
-11.3154
-5.85834
1.59651
0.795582
3.55379
3.50562
2.53906
8.44417
10.4303
14.7457
11.4811
1.18295
18.2932
13.9979
9.15332
4.6606
-0.662138
-4.92088
-10.6334
-15.1869
-11.5998
-5.90432
1.58038
0.835789
3.45529
3.64297
2.35756
8.36148
10.414
14.8191
11.6396
1.16001
21.0562
14.6202
9.1171
4.5327
-0.799551
-4.99937
-10.638
-15.5526
-12.0329
-6.02803
1.58707
0.776483
3.21743
3.7513
2.03383
8.23161
10.2091
14.8074
11.7403
1.00843
22.6016
14.8176
8.95536
4.30169
-1.0646
-5.08517
-10.5277
-15.8229
-12.3049
-6.11777
1.56573
0.584445
2.77534
3.83832
1.69746
8.04683
9.79284
14.5403
11.5705
0.781569
21.4526
14.3193
8.565
4.10498
-1.19869
-5.02409
-10.1867
-15.7827
-12.3478
-6.10514
1.51553
0.235279
2.06322
3.85245
1.4401
7.78673
9.18982
13.8539
11.0715
0.646913
20.1827
13.4723
7.97714
4.02099
-0.930109
-4.56262
-9.4333
-15.7664
-12.143
-6.14677
1.26119
-0.261422
1.19575
3.73673
1.27678
7.39441
8.46617
12.7036
10.2732
0.679673
17.9956
12.269
7.27575
4.09237
-0.186954
-3.64069
-8.17827
-14.3391
-11.4104
-6.17474
0.511931
-1.09099
0.386029
3.52608
1.23828
6.86403
7.72335
11.155
9.26424
0.855276
15.344
10.6388
6.40333
4.31954
0.927794
-2.41456
-6.59124
-11.8606
-10.1416
-5.96444
-0.684187
-2.25382
-0.322562
3.20585
1.30972
6.21353
7.05998
9.42629
8.18268
1.09249
13.0225
8.99682
5.58228
4.61441
2.06593
-1.23719
-5.09279
-9.24154
-8.70265
-5.60309
-2.0597
-3.50502
-0.990728
2.76803
1.44119
5.43752
6.37293
7.72833
7.11271
1.32753
10.1336
7.06757
4.74842
4.88579
3.06903
-0.220044
-3.80884
-7.02223
-7.50582
-5.34182
-3.19788
-4.50625
-1.69041
2.22585
1.60227
4.54959
5.61957
6.2289
6.06043
1.52948
7.44829
5.12456
3.9368
5.06094
3.95077
0.698723
-2.65764
-5.13303
-6.60191
-5.21239
-3.93318
-5.15561
-2.38424
1.72381
1.81281
3.65052
4.90699
4.9689
5.03463
1.719
5.02341
3.35865
3.19285
5.19646
4.92733
1.69409
-1.61971
-3.5455
-5.82357
-5.10202
-4.37659
-5.60823
-2.94932
1.46228
2.03409
2.84739
4.37215
3.93866
4.04706
1.89409
3.00969
1.85204
2.50584
5.30463
6.01847
2.83598
-0.665395
-2.2172
-5.08771
-4.96915
-4.72435
-5.99701
-3.35883
1.52831
2.3061
2.1925
4.05013
3.16669
3.15081
2.03305
1.8269
0.848934
2.03362
5.51297
6.99841
3.84697
0.215864
-1.20995
-4.41085
-4.78251
-5.07534
-6.37896
-3.61702
1.83019
2.66583
1.75882
3.86027
2.63582
2.46642
2.15238
1.2786
0.246369
1.85696
5.87168
7.66539
4.65533
1.01131
-0.482922
-3.8484
-4.60431
-5.365
-6.5971
-3.68977
2.0116
2.98057
1.60978
3.62552
2.18222
2.1694
2.31901
1.07064
0.0634744
1.98879
6.26295
8.07886
5.2686
1.63046
0.0515359
-3.39939
-4.51484
-5.51579
-6.21758
-3.62445
1.83703
3.1451
1.63437
3.24701
1.80832
2.39287
2.52244
1.2674
0.239907
2.37145
6.61602
8.34684
5.66856
2.043
0.406629
-3.03702
-4.4487
-5.59974
-6.11824
-3.58051
1.44292
3.03728
1.69054
2.88777
1.62534
2.81773
2.67592
1.79618
0.501688
2.70728
6.80012
8.45502
5.90592
2.30786
0.595013
-2.79784
-4.3968
-5.63037
-6.02849
-3.59832
1.11119
2.92849
1.73657
2.68417
1.59153
3.03817
2.6776
2.17992
0.665128
2.87914
6.84179
8.41206
5.92238
2.4112
0.602207
-2.6827
-4.34512
-5.64354
-5.91442
-3.50631
0.949384
2.81171
1.79751
2.60819
1.62885
3.03578
2.58013
2.36061
0.737424
2.92597
6.75297
8.254
5.84931
2.45701
0.571491
-2.65729
-4.31394
-5.65248
-5.8196
-3.40664
0.888764
2.71571
1.84175
2.58748
1.62796
3.04983
2.52902
)
;

boundaryField
{
    inlet
    {
        type            zeroGradient;
    }
    outlet
    {
        type            fixedValue;
        value           uniform 0;
    }
    walls
    {
        type            zeroGradient;
    }
    frontAndBack
    {
        type            empty;
    }
}


// ************************************************************************* //
