/*--------------------------------*- C++ -*----------------------------------*\
| =========                 |                                                 |
| \\      /  F ield         | OpenFOAM: The Open Source CFD Toolbox           |
|  \\    /   O peration     | Version:  2.4.0                                 |
|   \\  /    A nd           | Web:      www.OpenFOAM.org                      |
|    \\/     M anipulation  |                                                 |
\*---------------------------------------------------------------------------*/
FoamFile
{
    version     2.0;
    format      ascii;
    class       volScalarField;
    location    "1.35";
    object      p;
}
// * * * * * * * * * * * * * * * * * * * * * * * * * * * * * * * * * * * * * //

dimensions      [0 2 -2 0 0 0 0];

internalField   nonuniform List<scalar> 
8800
(
81.7307
69.375
61.9683
58.4541
56.5438
55.1613
53.9583
52.8491
51.8298
50.8749
49.9038
48.988
48.1101
47.2117
46.3425
45.5922
44.781
44.0474
43.2767
42.6075
78.62
69.0206
62.138
58.5679
56.6039
55.1858
53.9665
52.8492
51.8274
50.8737
49.901
48.9841
48.1101
47.2096
46.34
45.5918
44.7853
44.0407
43.2711
42.5606
76.6563
69.0927
62.743
58.9439
56.7736
55.2635
54.0125
52.8811
51.8521
50.8908
49.9115
48.988
48.114
47.207
46.3398
45.59
44.798
44.0396
43.2928
42.5698
75.1207
69.15
63.3361
59.3643
56.9585
55.3481
54.0763
52.9357
51.9039
50.9285
49.942
49.0029
48.1273
47.2068
46.3497
45.5858
44.8269
44.0721
43.4419
42.6238
73.8688
69.1175
63.8201
59.775
57.1324
55.409
54.1248
52.9898
51.9624
50.974
49.9847
49.0296
48.1439
47.2118
46.3618
45.5806
44.8538
44.1367
43.5814
42.6856
72.8802
69.0214
64.1939
60.117
57.2891
55.4491
54.1583
53.0301
52.0203
51.0204
50.0269
49.0524
48.1572
47.2154
46.3738
45.5733
44.864
44.1747
43.7019
42.7633
72.1215
68.9041
64.4718
60.3994
57.4288
55.4694
54.171
53.061
52.0623
51.0578
50.0685
49.0782
48.1654
47.2223
46.3729
45.5647
44.8451
44.1691
43.7712
43.2208
71.567
68.8101
64.6478
60.6142
57.553
55.4937
54.1584
53.0874
52.0904
51.0931
50.0885
49.1049
48.1596
47.2335
46.3576
45.5657
44.7946
44.112
43.5352
43.712
71.2058
68.7396
64.7609
60.7622
57.641
55.5085
54.1463
53.1072
52.1092
51.1123
50.1091
49.1221
48.162
47.24
46.3523
45.5471
44.7604
44.0807
43.604
44.2104
71.0312
68.7021
64.8105
60.8372
57.6902
55.5157
54.1377
53.1161
52.1211
51.123
50.1194
49.1272
48.163
47.241
46.3529
45.53
44.7528
44.0671
43.6721
44.2886
71.0254
68.7061
64.8092
60.8402
57.6887
55.5186
54.1316
53.1203
52.1212
51.1212
50.1212
49.13
48.1604
47.2451
46.353
45.5239
44.7486
44.0712
43.6819
44.3685
71.201
68.749
64.7499
60.7669
57.6482
55.5124
54.1369
53.114
52.1089
51.1084
50.1176
49.1247
48.1567
47.248
46.3605
45.5242
44.7513
44.0735
43.7073
44.4125
71.5536
68.8282
64.6356
60.62
57.5607
55.5022
54.1416
53.1041
52.0885
51.0827
50.1022
49.1185
48.1505
47.2521
46.3678
45.5298
44.7647
44.0846
43.7082
44.3841
72.1063
68.9272
64.45
60.405
57.4377
55.4831
54.1459
53.0844
52.054
51.0489
50.0839
49.1006
48.1384
47.259
46.3806
45.545
44.7838
44.1064
43.691
44.262
72.8612
69.042
64.1845
60.1175
57.297
55.4547
54.138
53.0553
52.0152
51.0024
50.0543
49.0792
48.1262
47.2603
46.3918
45.5613
44.8152
44.1435
43.6867
44.0674
73.8485
69.1355
63.8138
59.7683
57.147
55.4091
54.111
53.0156
51.9623
50.9466
50.0265
49.0512
48.1073
47.26
46.4079
45.577
44.8559
44.1903
43.7127
43.795
75.0958
69.1631
63.3411
59.3565
56.9754
55.3433
54.0618
52.9634
51.9088
50.8911
49.9923
49.0256
48.0943
47.2549
46.4188
45.5895
44.8965
44.2375
43.7709
43.5165
76.6351
69.0992
62.7506
58.9318
56.7939
55.2572
53.9994
52.9092
51.8611
50.8491
49.9667
49.0088
48.0859
47.2507
46.4281
45.6012
44.9257
44.2746
43.8266
43.3709
78.6009
69.0207
62.1499
58.5562
56.6254
55.1788
53.9538
52.8763
51.8373
50.833
49.955
49.004
48.0873
47.252
46.4335
45.6116
44.9391
44.2963
43.8189
43.2948
81.7162
69.3739
61.9794
58.4425
56.566
55.1531
53.9477
52.8747
51.8384
50.8381
49.956
49.0053
48.0924
47.2531
46.4355
45.6164
44.9421
44.3021
43.8171
43.4125
42.645
42.6566
42.622
42.5526
42.4997
42.4681
42.446
42.4359
42.4175
42.4107
42.3953
42.3657
42.3191
42.2283
42.1259
42.0211
41.9478
41.9476
42.0049
42.1325
42.2961
42.4662
42.6471
42.8029
42.9485
43.0591
43.0962
43.0613
42.8973
42.6115
42.2299
41.7862
41.3725
41.0315
40.8029
40.6828
40.6525
40.7401
40.8654
40.9945
41.1229
41.213
41.3192
41.4022
41.4105
41.3539
41.2285
41.0967
41.0063
40.936
40.9597
41.057
41.2539
41.5685
41.9652
42.451
42.9906
43.54
44.05
44.46
44.6819
44.7015
44.4548
43.968
43.2644
42.4035
41.4698
40.534
39.624
38.7824
37.9905
37.3046
36.7294
36.2785
36.0133
35.8842
35.9508
36.0948
36.3696
36.6236
36.8851
37.0861
37.1916
37.2471
37.2053
37.1455
36.9548
36.7755
36.5344
36.2538
36.0419
35.8183
35.6805
35.5989
35.6489
35.7439
35.8995
36.2596
36.6493
37.1076
37.6796
38.255
38.9115
39.552
40.2142
40.7925
41.2605
41.6719
41.7748
41.6582
41.23
40.4459
39.5277
38.4454
37.3594
36.4126
35.6039
34.9352
34.6158
34.4685
34.3473
34.5768
34.6098
34.6729
35.0324
34.976
35.0342
35.0533
34.7613
34.8078
34.6763
34.5397
34.7234
34.6455
34.568
34.755
34.6159
34.4684
34.479
34.2385
34.004
33.7875
33.4192
33.1735
32.8541
32.4766
32.1802
31.8793
31.6223
31.4318
31.3636
31.3974
31.6836
32.2312
33.1048
34.3943
36.0542
38.1997
40.6932
43.5822
46.6986
49.8281
52.8816
55.6712
58.1162
60.2266
61.8692
63.2334
64.0485
64.3618
64.2634
63.6459
62.7335
61.2438
59.4098
58.033
56.1529
54.2146
52.1825
49.9899
48.2262
46.8849
46.0397
45.9964
46.6012
47.3903
48.6913
50.1716
51.2961
52.2254
52.7284
53.1229
53.0483
52.5085
51.4843
49.8852
46.4687
41.1414
33.988
5.89642
42.4166
42.4002
42.4338
42.4679
42.4894
42.4799
42.4445
42.4244
42.3866
42.381
42.3679
42.3361
42.31
42.2236
42.1483
42.0642
41.9957
42.0047
42.0364
42.1489
42.2969
42.4413
42.6222
42.7547
42.8845
42.981
42.9901
42.9584
42.7939
42.5444
42.2182
41.8149
41.4593
41.1304
40.903
40.7967
40.733
40.8006
40.8989
41.0003
41.1408
41.1972
41.289
41.3461
41.3396
41.3241
41.2117
41.1026
41.0376
40.9755
41.0303
41.142
41.3356
41.6647
42.034
42.5006
43.0118
43.5038
43.9693
44.3299
44.5083
44.5264
44.2828
43.8341
43.1797
42.3757
41.4918
40.5827
39.7044
38.879
38.1225
37.4319
36.8819
36.4291
36.1522
35.9973
36.0101
36.1194
36.3007
36.521
36.7442
36.9162
37.0143
37.0845
37.0455
37.0241
36.8659
36.6901
36.5715
36.308
36.184
36.0511
35.9089
35.9115
35.9685
36.0871
36.2688
36.5963
36.9601
37.4153
37.9398
38.442
39.0673
39.6117
40.1897
40.7618
41.1004
41.4986
41.588
41.3994
41.1168
40.3701
39.4941
38.6056
37.5279
36.6691
35.9713
35.2616
34.9311
34.7042
34.4661
34.6003
34.5931
34.5795
34.8465
34.8587
34.8802
34.9478
34.7678
34.8263
34.8307
34.7025
34.9174
34.9311
34.9117
35.1002
35.112
35.0512
35.0661
35.0015
34.8413
34.7477
34.4886
34.313
34.0786
33.7529
33.4806
33.1696
32.8397
32.5653
32.3708
32.3002
32.3851
32.7738
33.4679
34.4705
35.9464
37.948
40.2971
43.0624
46.0942
49.234
52.3063
55.1457
57.8168
59.9986
61.7711
63.146
63.8938
64.1728
63.9482
63.1248
62.1184
60.1785
58.3624
56.7031
54.7709
52.4002
50.1416
47.5585
45.2421
43.2002
42.0519
41.5125
42.0881
43.0719
44.3575
46.0953
47.677
48.917
49.4814
49.6987
49.3051
48.5349
46.9444
44.4337
40.3158
31.5869
22.4765
-3.18524
42.4792
42.4378
42.4392
42.4873
42.5554
42.5453
42.4581
42.3975
42.3128
42.3101
42.3088
42.2836
42.3032
42.2249
42.1865
42.1233
42.0493
42.0766
42.0724
42.171
42.2993
42.4026
42.5859
42.6784
42.7919
42.8772
42.847
42.8379
42.6708
42.4574
42.2059
41.8331
41.5549
41.2449
41.0155
40.9274
40.8171
40.8757
40.939
41.0004
41.1551
41.1741
41.2617
41.31
41.2744
41.3041
41.2052
41.1232
41.1038
41.0332
41.1241
41.2421
41.4238
41.7608
42.091
42.5219
42.9876
43.4114
43.8168
44.1262
44.2476
44.2666
44.0249
43.6193
43.0292
42.2778
41.4871
40.6077
39.7865
38.9971
38.2618
37.6179
37.0637
36.6265
36.3409
36.1518
36.1196
36.1894
36.3006
36.4949
36.6659
36.8184
36.9302
36.9836
36.9751
36.9617
36.8455
36.7092
36.6183
36.4499
36.3691
36.2956
36.2104
36.2435
36.3205
36.4544
36.6528
36.9703
37.2887
37.7072
38.2007
38.6245
39.1917
39.6665
40.1535
40.6677
40.949
41.2541
41.3646
41.1692
40.9401
40.2867
39.4646
38.7396
37.7427
36.941
36.365
35.6876
35.2943
35.0395
34.7598
34.7388
34.7466
34.7206
34.8354
34.8725
34.8825
34.9453
34.8443
34.9014
34.9455
34.8952
35.1092
35.1819
35.2639
35.4549
35.556
35.6328
35.735
35.7729
35.7714
35.7386
35.6274
35.4941
35.3355
35.0601
34.7452
34.3716
34.0157
33.596
33.2392
33.0089
32.882
32.9841
33.4446
34.2372
35.499
37.2528
39.4938
42.1548
45.1646
48.3842
51.6017
54.6441
57.4628
59.8383
61.7191
63.1172
63.7565
64.0554
63.6843
62.7002
61.4012
59.1667
57.4371
55.6141
53.3128
51.043
48.4718
45.525
42.8312
40.3036
38.6544
37.7521
37.6511
38.812
40.5802
42.374
44.09
45.5241
46.2854
46.4176
45.9123
44.9058
42.8452
39.0766
35.311
24.6241
13.6996
-3.84913
41.796
41.8804
42.4409
42.8002
42.8963
42.761
42.5102
42.3528
42.1942
42.1965
42.2238
42.2204
42.303
42.2412
42.2474
42.2043
42.1135
42.1602
42.1197
42.1966
42.3033
42.3472
42.5365
42.5763
42.6726
42.755
42.6885
42.7107
42.5403
42.3679
42.186
41.841
41.6455
41.3626
41.1354
41.0798
40.9076
40.9678
40.9951
41.0074
41.1812
41.1503
41.2428
41.2976
41.2274
41.3046
41.211
41.1578
41.197
41.1066
41.2327
41.3467
41.5004
41.8478
42.1108
42.4998
42.9112
43.2464
43.5939
43.8399
43.9229
43.9388
43.706
43.3326
42.8312
42.1378
41.4492
40.636
39.8745
39.1534
38.4357
37.8618
37.3194
36.8841
36.6061
36.3967
36.3166
36.3549
36.421
36.5613
36.7132
36.8358
36.9429
36.9956
37.0045
36.9841
36.8926
36.8114
36.7183
36.6279
36.5942
36.5369
36.5667
36.5782
36.667
36.8651
37.0035
37.3201
37.6264
37.9748
38.4382
38.8073
39.3024
39.7198
40.1086
40.5656
40.7874
41.0142
41.1459
40.9418
40.7239
40.2389
39.4805
38.8544
38.0428
37.2824
36.7672
36.1909
35.7505
35.4644
35.2148
35.0757
35.0471
34.9734
34.9772
34.9847
34.9609
34.9892
34.9015
35.0026
35.0568
35.0688
35.3096
35.4246
35.6029
35.8798
36.0495
36.265
36.448
36.588
36.6994
36.7387
36.7682
36.6526
36.5269
36.3407
35.9831
35.529
35.0983
34.5474
33.9335
33.4498
33.0684
32.9232
33.1329
33.7082
34.7304
36.2444
38.2363
40.818
43.8897
47.2127
50.613
54.012
57.0393
59.5753
61.5035
62.9563
63.5843
63.8389
63.2829
61.9837
60.3217
58.1746
56.3063
54.473
51.801
49.6308
46.648
43.652
40.573
38.1683
35.7394
34.5446
34.1579
34.8877
36.9016
38.9879
41.0593
42.525
43.1828
43.4659
42.9048
41.4512
39.9321
34.7781
31.2629
21.0924
9.60423
-2.87106
41.5479
41.7921
42.748
43.2436
43.2842
42.967
42.5341
42.2755
42.0458
42.0434
42.1013
42.1443
42.2896
42.2511
42.3079
42.2797
42.1847
42.2358
42.1659
42.2255
42.2903
42.292
42.4626
42.4637
42.533
42.6014
42.5181
42.571
42.3947
42.2748
42.1452
41.8426
41.7054
41.4582
41.2605
41.2105
41.0205
41.0579
41.0649
41.0334
41.207
41.1376
41.2309
41.2863
41.2121
41.3156
41.2214
41.2125
41.2788
41.1938
41.3402
41.4268
41.5723
41.8944
42.0822
42.4397
42.7645
43.0307
43.3314
43.4831
43.5782
43.5661
43.3317
43.0317
42.5812
41.9664
41.3901
40.6597
39.9669
39.3397
38.676
38.1515
37.6579
37.2331
36.957
36.7302
36.6197
36.6034
36.6554
36.747
36.8614
36.9605
37.0634
37.1073
37.1059
37.1211
37.0096
36.9621
36.9109
36.8216
36.834
36.8182
36.8738
36.9144
37.0154
37.2084
37.3521
37.6285
37.9415
38.2434
38.6485
38.9968
39.383
39.791
40.0702
40.4533
40.6876
40.7837
40.9595
40.7744
40.5366
40.2369
39.5593
39.01
38.3951
37.6882
37.1829
36.725
36.2747
35.9681
35.7038
35.4858
35.3485
35.1981
35.159
35.0446
35.0191
35.0564
34.9688
35.0977
35.1826
35.2257
35.5136
35.714
35.9298
36.304
36.5715
36.8638
37.1886
37.4096
37.6411
37.8023
37.9189
37.8766
37.7167
37.5921
37.1879
36.6307
36.0775
35.3424
34.4841
33.7395
33.0685
32.7035
32.6541
32.8981
33.5455
34.752
36.5343
38.9551
42.054
45.6125
49.38
53.1002
56.3556
58.9852
61.0344
62.506
63.1731
63.3133
62.5927
61.0673
59.21
57.1451
55.2842
53.1288
50.5224
48.1118
44.7928
41.6779
38.6884
35.8637
33.4027
31.6674
31.3145
32.1003
33.9159
36.1142
38.2272
39.753
40.3359
40.6523
40.5621
38.1245
37.664
32.5055
27.9815
19.8982
9.67439
-0.221449
41.5953
41.9495
42.9868
43.4771
43.4349
43.0159
42.4948
42.1859
41.965
41.9718
42.0508
42.1328
42.2859
42.2898
42.3654
42.3415
42.2547
42.2838
42.2164
42.2497
42.2638
42.2475
42.38
42.3565
42.4156
42.4472
42.3924
42.4431
42.2824
42.1919
42.0977
41.8511
41.7509
41.5289
41.3727
41.3317
41.1291
41.1514
41.1262
41.0972
41.2172
41.1621
41.232
41.2798
41.2461
41.3164
41.2519
41.2743
41.3287
41.2984
41.4071
41.4902
41.6395
41.8822
42.0547
42.3318
42.5867
42.809
43.0448
43.1507
43.2134
43.1822
42.9878
42.7209
42.3213
41.8248
41.3027
40.6932
40.0858
39.5223
38.9627
38.4766
38.0267
37.6612
37.3657
37.1405
37.0132
36.9368
36.9931
37.0267
37.0929
37.1893
37.244
37.2718
37.285
37.2736
37.1858
37.1515
37.1101
37.0694
37.0713
37.1122
37.181
37.2337
37.3678
37.5075
37.6772
37.9256
38.2034
38.4953
38.8281
39.1677
39.4557
39.8487
40.0795
40.3555
40.6461
40.6518
40.8167
40.7138
40.4456
40.2653
39.7095
39.1943
38.7523
38.0883
37.6072
37.2281
36.7797
36.448
36.1128
35.8394
35.5725
35.3602
35.28
35.0807
35.0722
35.0655
34.9745
35.1222
35.2445
35.3445
35.6667
35.9622
36.2267
36.7339
37.1301
37.5068
37.9914
38.3011
38.6086
38.8647
39.0711
39.0845
38.9746
38.8418
38.3289
37.7202
37.0424
36.0844
35.0359
33.9951
33.061
32.3128
31.8547
31.645
31.9117
32.7006
34.1954
36.5689
39.7712
43.5698
47.682
51.7895
55.3691
58.0717
60.179
61.746
62.3321
62.3256
61.4901
60.0087
58.2771
56.09
54.4647
51.9106
49.3289
46.5911
43.4309
39.6828
37.175
33.5944
31.4351
29.4776
29.126
29.9416
31.9015
34.2299
35.9816
37.34
38.5117
37.9198
38.9421
36.1604
35.5938
31.534
26.384
20.3686
11.7848
3.18348
42.2693
42.4339
42.9527
43.0924
42.9131
42.5689
42.2061
42.0088
41.9302
41.9742
42.0897
42.1821
42.2974
42.3406
42.4061
42.3818
42.3085
42.3044
42.2493
42.2606
42.2196
42.2168
42.2868
42.2666
42.3047
42.3101
42.2824
42.323
42.1849
42.123
42.0399
41.8836
41.7763
41.5858
41.4702
41.377
41.2428
41.2213
41.1868
41.1667
41.2289
41.1904
41.2425
41.273
41.2885
41.3297
41.2691
41.3395
41.3599
41.3726
41.4645
41.5049
41.6847
41.8435
41.9901
42.2285
42.3946
42.6013
42.7853
42.8371
42.89
42.8352
42.6858
42.44
42.0951
41.7045
41.2312
40.7386
40.2253
39.6983
39.2502
38.8028
38.3768
38.0802
37.7519
37.5484
37.3998
37.3035
37.3426
37.3189
37.3676
37.4495
37.4401
37.495
37.4943
37.4366
37.4244
37.3413
37.3
37.3262
37.2838
37.3507
37.4718
37.506
37.6599
37.8006
37.9552
38.2084
38.4405
38.7201
39.0367
39.3104
39.5847
39.91
40.1188
40.3616
40.5888
40.6433
40.7268
40.6993
40.4822
40.2876
39.9334
39.4078
39.0613
38.522
37.9918
37.6886
37.2232
36.8178
36.4521
36.1005
35.7725
35.5326
35.3694
35.1118
35.0733
34.9729
34.9068
35.0958
35.2023
35.4183
35.7888
36.1774
36.5771
37.1479
37.6748
38.1569
38.7193
39.2033
39.5763
39.9684
40.2809
40.3318
40.3197
40.1721
39.6201
38.9114
38.0648
36.9185
35.6011
34.1897
32.8867
31.7321
30.7786
30.1204
29.8355
30.2496
31.4424
33.6524
36.9757
41.0714
45.6721
50.1398
53.8847
56.7951
59.0389
60.5054
61.0077
60.9684
60.1565
58.8584
57.1253
55.2326
53.5033
51.0326
48.384
45.3142
41.9658
38.1629
35.5721
31.8827
29.6725
28.0572
27.714
28.7797
31.3743
32.3778
34.3534
34.5507
36.9976
35.7691
37.046
35.1309
34.0977
31.7495
27.1153
22.3869
15.4433
7.93619
44.7489
44.3044
43.1286
42.253
41.76
41.5721
41.568
41.7175
41.8837
42.041
42.2118
42.294
42.356
42.4008
42.4292
42.3961
42.3204
42.2948
42.2458
42.2354
42.1789
42.1771
42.2151
42.1899
42.2175
42.2003
42.1982
42.1854
42.1196
42.0573
41.9933
41.8836
41.7667
41.6219
41.5277
41.437
41.3363
41.2759
41.2363
41.2451
41.2371
41.234
41.253
41.2712
41.3388
41.3201
41.2963
41.3858
41.3748
41.4331
41.4839
41.512
41.703
41.7894
41.9223
42.1268
42.2258
42.4349
42.5555
42.5633
42.6347
42.5423
42.4325
42.2259
41.9068
41.6203
41.1942
40.786
40.3687
39.8649
39.512
39.1036
38.6976
38.4472
38.1123
37.9248
37.7996
37.6457
37.6702
37.6237
37.6119
37.6968
37.6507
37.679
37.6929
37.601
37.6165
37.5364
37.4718
37.5721
37.4957
37.5823
37.744
37.7655
37.9184
38.0733
38.2226
38.4202
38.6728
38.9074
39.2155
39.4615
39.7097
40.0176
40.1852
40.4404
40.5996
40.6895
40.7687
40.7208
40.6059
40.3828
40.141
39.6889
39.3261
38.926
38.352
38.0418
37.577
37.0764
36.735
36.3182
35.9814
35.7024
35.3734
35.129
35.0273
34.8858
34.857
35.0477
35.1562
35.4527
35.8906
36.2943
36.8391
37.4605
38.1204
38.7687
39.4467
40.1362
40.6309
41.1416
41.5906
41.7046
41.7274
41.5936
41.1071
40.285
39.2215
37.8206
36.1273
34.3438
32.5748
31.0952
29.7319
28.5149
27.7252
27.5769
28.4282
30.496
33.8497
38.2358
43.2662
48.1468
52.1428
55.2134
57.4992
59.0039
59.3554
59.388
58.7044
57.5299
55.789
54.2106
52.5366
50.2746
47.3687
44.545
40.1133
36.927
33.9807
30.5902
28.3532
26.742
27.5378
28.7727
32.8865
29.6736
34.4518
31.9529
35.3192
34.354
35.0006
34.702
33.6222
32.4589
28.9257
25.1519
19.4198
12.7823
45.5747
44.9953
43.22
41.8606
41.1404
41.0074
41.1956
41.5421
41.8724
42.111
42.3378
42.4321
42.454
42.4773
42.4534
42.39
42.3217
42.2749
42.2372
42.2021
42.1392
42.1387
42.1509
42.1302
42.1504
42.1384
42.1355
42.1197
42.0681
42.0092
41.9493
41.8835
41.7686
41.6556
41.5754
41.4799
41.4147
41.3214
41.2908
41.3018
41.2623
41.2713
41.2711
41.2839
41.3706
41.3254
41.3187
41.416
41.382
41.4638
41.4873
41.5093
41.7006
41.7303
41.8608
42.0263
42.0727
42.2989
42.3402
42.3468
42.4329
42.2945
42.246
42.0662
41.7559
41.5792
41.1747
40.8294
40.5046
40.006
39.7444
39.3648
38.9722
38.788
38.4456
38.2801
38.1781
37.9479
37.9849
37.9129
37.837
37.9374
37.8538
37.8373
37.8958
37.7731
37.7862
37.7484
37.6511
37.7761
37.7095
37.7915
37.962
37.985
38.156
38.2999
38.4557
38.6436
38.8811
39.1264
39.376
39.6605
39.8432
40.1391
40.3143
40.4872
40.7168
40.7346
40.8554
40.8362
40.688
40.5956
40.3167
39.977
39.6532
39.2316
38.7781
38.3507
37.8914
37.4177
37.0096
36.5673
36.1417
35.776
35.3511
35.0983
34.9272
34.7597
34.7536
34.8727
35.04
35.3467
35.8454
36.3386
36.9884
37.7803
38.5451
39.3759
40.2164
41.0265
41.7215
42.3399
42.9256
43.189
43.2765
43.1475
42.6672
41.8155
40.4619
38.7462
36.6451
34.5153
32.4527
30.5426
28.9554
27.252
25.8414
25.229
25.5757
27.511
30.8518
35.4554
40.8111
45.9686
50.2219
53.422
55.767
57.2413
57.7097
57.6597
57.1395
56.1658
54.581
53.1717
51.6189
49.4967
46.2421
43.4467
38.3691
35.4909
33.1286
29.9225
27.854
26.0759
27.6433
31.1767
33.6186
25.256
32.0336
28.1198
32.8646
31.8156
33.8704
35.6942
35.2503
34.6426
31.801
28.2671
23.3439
17.5745
45.9441
45.4459
43.5304
41.9425
41.0119
40.7704
40.9822
41.3901
41.8385
42.1542
42.4098
42.5288
42.5261
42.5423
42.4703
42.3701
42.3049
42.2317
42.1815
42.1456
42.0927
42.0948
42.0925
42.0805
42.0956
42.0791
42.0785
42.0556
42.0249
41.9715
41.9006
41.8823
41.7534
41.6733
41.6075
41.4967
41.4752
41.3657
41.3194
41.3614
41.2807
41.3084
41.3006
41.2831
41.4037
41.3171
41.3396
41.4313
41.3845
41.4754
41.489
41.494
41.6855
41.6736
41.7911
41.9351
41.9301
42.1604
42.1677
42.1546
42.2507
42.1039
42.0777
41.9392
41.6398
41.5312
41.1682
40.8699
40.6111
40.1534
39.9391
39.6064
39.2412
39.0807
38.7671
38.6035
38.4934
38.2497
38.2616
38.1739
38.0742
38.1596
38.0479
38.0223
38.0796
37.9378
37.9565
37.9376
37.8216
37.9588
37.9272
37.9617
38.1893
38.1894
38.3755
38.5289
38.6439
38.8778
39.0511
39.3108
39.5456
39.8125
40.019
40.2551
40.4862
40.6069
40.846
40.9014
40.9402
41.03
40.8215
40.7743
40.5707
40.187
40.0047
39.5263
39.1344
38.7224
38.1971
37.837
37.2642
36.7832
36.3025
35.7748
35.3952
35.0081
34.7499
34.5434
34.4506
34.5641
34.7568
35.1366
35.7221
36.3342
37.1132
38.0266
38.9212
39.9167
40.9225
41.8689
42.7794
43.5851
44.2534
44.746
44.9268
44.7196
44.2649
43.3616
41.7437
39.6792
37.2765
34.822
32.5439
30.3659
28.4709
26.5808
24.669
23.5398
23.6908
25.1754
28.4323
33.1437
38.5138
43.7145
48.2146
51.6178
54.0678
55.594
56.1814
56.0281
55.5461
54.8001
53.7074
52.3287
50.8293
48.5617
45.6435
42.2391
37.0546
34.6719
32.3025
29.7735
28.026
26.7006
27.9877
33.5362
29.242
23.9527
28.7735
20.7769
28.4554
26.0939
33.7504
37.167
37.5651
37.5381
35.2516
31.9153
27.5
22.2398
46.153
45.7463
43.7828
42.0525
40.9854
40.6355
40.8319
41.2804
41.7759
42.1397
42.4247
42.5745
42.5756
42.5874
42.4885
42.3722
42.2959
42.2075
42.1409
42.1002
42.0617
42.0523
42.0496
42.0373
42.0474
42.0355
42.0284
42.0116
41.992
41.9298
41.8747
41.8609
41.75
41.6792
41.6294
41.5229
41.5218
41.409
41.3541
41.4116
41.3013
41.3465
41.3189
41.3021
41.4195
41.3234
41.3561
41.449
41.3722
41.4877
41.4715
41.4795
41.6629
41.6058
41.7358
41.8367
41.8178
42.0318
42.0229
41.9944
42.1006
41.9473
41.9438
41.8269
41.5662
41.4803
41.1839
40.9177
40.6977
40.3205
40.103
39.8276
39.4845
39.3412
39.0728
38.9072
38.7735
38.5521
38.5313
38.4107
38.318
38.3553
38.2241
38.218
38.2373
38.0996
38.1521
38.0989
37.9982
38.1588
38.0931
38.1323
38.3761
38.3676
38.5308
38.7477
38.8174
39.0608
39.272
39.4514
39.7587
39.9728
40.1909
40.4397
40.6236
40.7991
40.9691
41.0877
41.1044
41.1888
41.0971
40.9532
40.8765
40.524
40.3081
39.9354
39.4833
39.1363
38.5532
38.1296
37.5183
36.9135
36.4475
35.784
35.3504
34.8497
34.4332
34.2592
34.0517
34.2106
34.4364
34.838
35.5164
36.1789
37.1265
38.1325
39.1918
40.3937
41.5428
42.6659
43.7553
44.7291
45.5512
46.1804
46.4332
46.2896
45.8212
44.7525
42.9973
40.6463
37.8681
35.1961
32.8373
30.5421
28.4153
26.2863
24.217
22.8726
22.828
24.2006
27.294
31.7391
36.8632
41.954
46.4007
49.8854
52.5537
54.1869
54.9148
54.7487
54.3636
53.7076
52.7989
51.5297
50.0974
48.1009
45.3839
41.896
37.0997
34.6744
31.5907
29.3286
27.7
27.042
27.785
34.0983
28.131
28.2748
25.4119
16.6384
27.1509
22.359
35.5547
38.4023
39.6124
40.203
38.3361
35.3351
31.6089
26.8167
46.235
45.8369
43.8458
42.0952
41.0095
40.628
40.8133
41.256
41.7712
42.1387
42.4392
42.6106
42.606
42.6162
42.494
42.3631
42.2806
42.1852
42.1219
42.0576
42.0384
42.0272
42.0156
42.0132
42.0022
42.0095
41.986
41.9786
41.9612
41.8946
41.8496
41.8379
41.7512
41.6787
41.6407
41.5448
41.542
41.4422
41.3889
41.4348
41.3443
41.3607
41.3498
41.3188
41.4242
41.3286
41.3658
41.4454
41.3656
41.4801
41.4448
41.4702
41.6164
41.5547
41.675
41.7469
41.7104
41.9096
41.8706
41.872
41.9505
41.8191
41.8294
41.7261
41.52
41.4366
41.2053
40.9776
40.7826
40.4723
40.282
40.0297
39.7593
39.6106
39.3458
39.2023
39.0476
38.8293
38.7928
38.6499
38.5449
38.556
38.4236
38.3889
38.3967
38.2594
38.2959
38.2529
38.1537
38.3087
38.246
38.3017
38.5265
38.5386
38.7026
38.9117
39.0174
39.2155
39.462
39.6329
39.9014
40.1771
40.3415
40.6218
40.8106
40.9611
41.1796
41.2612
41.3463
41.4065
41.3603
41.2719
41.1563
40.9495
40.6513
40.3524
39.9496
39.4892
38.9656
38.3887
37.7891
37.1358
36.5191
35.8328
35.1959
34.637
34.1527
33.8868
33.7207
33.7725
34.037
34.4762
35.1518
35.9801
36.999
38.1489
39.3772
40.7105
42.0686
43.2995
44.5472
45.7104
46.601
47.3805
47.6945
47.5318
47.1621
45.9081
43.888
41.4845
38.4082
35.4435
33.2386
31.0405
28.7263
26.4648
24.3262
22.9246
22.7726
24.1035
27.1108
31.358
36.177
40.9232
45.131
48.6266
51.3341
53.0828
53.818
53.863
53.5358
52.9726
52.1048
50.9361
49.5613
47.8292
45.2588
42.2717
37.8686
35.0728
31.7232
29.3907
26.1239
26.2169
26.7716
29.8359
23.0215
25.026
22.4282
19.7053
28.6328
29.327
39.9768
40.3105
41.7316
42.6205
40.6447
38.7223
35.9165
31.2612
46.1815
45.7677
43.8179
42.1062
41.0831
40.7366
40.9148
41.3495
41.846
42.1933
42.4763
42.6296
42.611
42.6014
42.474
42.346
42.2594
42.166
42.1071
42.0265
42.0191
42.0034
41.9931
41.9959
41.9685
41.9877
41.9503
41.9389
41.9302
41.8536
41.8205
41.8066
41.7394
41.6797
41.6401
41.5746
41.5527
41.4898
41.4216
41.4653
41.3827
41.3804
41.378
41.3375
41.425
41.338
41.3747
41.4328
41.3716
41.455
41.4267
41.4463
41.5592
41.4998
41.6063
41.6584
41.6464
41.7884
41.7523
41.7669
41.8159
41.7248
41.7248
41.6524
41.4873
41.4069
41.2322
41.0488
40.8656
40.6337
40.4637
40.2289
40.0286
39.8504
39.6139
39.4832
39.3055
39.1056
39.0458
38.8853
38.7706
38.7517
38.6117
38.5569
38.5473
38.426
38.424
38.4124
38.3112
38.4168
38.4217
38.4262
38.6451
38.69
38.8274
39.0517
39.1688
39.3855
39.6102
39.834
40.0704
40.3426
40.5702
40.769
41.0294
41.1711
41.3615
41.514
41.564
41.6806
41.6397
41.6037
41.512
41.2952
41.0933
40.7397
40.3793
39.8927
39.3241
38.7699
38.0587
37.3743
36.608
35.8336
35.1463
34.4359
33.9237
33.5204
33.3125
33.3698
33.5897
34.1464
34.8337
35.7443
36.8986
38.0617
39.4454
40.8862
42.3184
43.7421
45.0095
46.2638
47.3136
48.1191
48.5946
48.4332
47.9181
46.7342
44.4623
41.8144
38.9099
35.8414
33.4835
31.6233
29.4524
27.0656
24.9983
23.6849
23.5505
24.8974
27.7899
31.8123
36.2664
40.6463
44.5158
47.84
50.3218
51.9574
52.7716
52.978
52.7863
52.4233
51.5875
50.609
49.3358
47.506
45.0978
42.5383
38.4232
35.3896
31.8415
29.1353
25.7573
24.0165
23.4681
23.64
16.41
21.2868
18.6576
24.1163
32.4635
37.9196
42.3015
42.416
43.6251
43.3441
41.8092
41.7773
39.452
34.9237
45.9662
45.5885
43.726
42.1473
41.2367
40.9569
41.1563
41.5551
41.9872
42.2859
42.4936
42.6137
42.5799
42.5509
42.4375
42.3125
42.2306
42.1409
42.0913
42.013
42.0029
41.9893
41.9708
41.9748
41.9388
41.9555
41.9186
41.9002
41.8977
41.819
41.8001
41.7728
41.7274
41.6818
41.638
41.5986
41.5654
41.5143
41.4638
41.4689
41.4194
41.4015
41.3903
41.3728
41.4044
41.3599
41.3749
41.4087
41.3715
41.4195
41.3993
41.4266
41.4887
41.4632
41.5407
41.5611
41.5715
41.6569
41.651
41.657
41.6919
41.6409
41.6343
41.5825
41.4749
41.3903
41.2728
41.1253
40.9559
40.7982
40.6225
40.4476
40.2677
40.0758
39.8942
39.7456
39.5642
39.399
39.2839
39.1193
39.0134
38.9223
38.7934
38.7294
38.6573
38.5758
38.5449
38.5076
38.4656
38.511
38.5453
38.5794
38.7348
38.8365
38.9582
39.1711
39.3213
39.5269
39.7632
39.9851
40.2377
40.494
40.7443
40.9563
41.2013
41.3978
41.5644
41.7482
41.8435
41.9265
41.9708
41.9293
41.8358
41.6881
41.4562
41.1211
40.7396
40.2658
39.6955
39.0653
38.3342
37.5634
36.7494
35.9224
35.1246
34.3489
33.7368
33.2826
33.0386
33.082
33.3274
33.8703
34.6151
35.5669
36.7669
37.9902
39.3902
40.9194
42.3885
43.8636
45.2128
46.4226
47.4574
48.291
48.8817
48.9126
48.2905
46.9856
44.8218
42.0344
39.1604
36.4676
34.0868
32.1261
30.2569
28.1955
26.3075
25.1115
25.2269
26.5457
29.3077
33.1614
37.2773
41.3171
44.778
47.4979
49.4739
50.7241
51.5797
51.9321
52.0152
51.8436
51.1728
50.3176
49.3623
47.5071
45.0927
42.58
39.4851
36.3138
32.0517
30.3954
26.5702
25.5202
25.194
23.6972
11.183
18.4161
21.6576
31.451
39.4405
42.5658
43.0745
43.4126
44.025
42.5604
42.5659
43.2951
40.491
36.4072
45.4818
45.1357
43.5515
42.2335
41.5277
41.3285
41.5305
41.8496
42.1517
42.3773
42.4968
42.568
42.539
42.4806
42.3852
42.274
42.1941
42.1245
42.0731
42.0137
41.9967
41.978
41.9606
41.9527
41.9206
41.922
41.8848
41.8686
41.8502
41.7916
41.778
41.7411
41.7161
41.681
41.6319
41.6191
41.5697
41.5361
41.5043
41.4692
41.4591
41.4189
41.4091
41.4046
41.392
41.3818
41.3839
41.3784
41.3795
41.382
41.3677
41.4044
41.4063
41.4204
41.4643
41.4724
41.5128
41.5481
41.5534
41.5923
41.5799
41.5828
41.5679
41.5188
41.4733
41.3852
41.31
41.2
41.0653
40.9403
40.7967
40.6444
40.4816
40.3124
40.1509
39.9832
39.8105
39.6516
39.4919
39.3404
39.2231
39.075
38.9817
38.8847
38.7725
38.735
38.6493
38.6074
38.6045
38.5932
38.6411
38.7025
38.8039
38.9224
39.0715
39.2473
39.4358
39.6633
39.8788
40.1457
40.3928
40.6428
40.9195
41.1255
41.3742
41.582
41.7575
41.9427
42.0595
42.1645
42.2052
42.195
42.1164
41.9674
41.7532
41.429
41.0582
40.567
39.967
39.3018
38.5344
37.7281
36.8748
36.0123
35.1778
34.3754
33.7334
33.252
32.997
33.0172
33.2556
33.7903
34.5325
35.4786
36.6584
37.8976
39.2897
40.814
42.2842
43.6388
44.942
46.2086
47.301
48.0869
48.5382
48.6656
48.1928
47.0013
45.0147
42.3851
39.5222
37.0492
35.0275
33.1522
31.3277
29.5836
28.157
27.5117
27.7111
29.1062
31.8065
35.422
39.1493
42.7094
45.5057
47.3244
48.5108
49.3244
50.07
50.8467
51.2789
51.3062
50.8055
50.1068
49.2567
47.697
45.5181
43.046
40.5184
37.8467
33.4799
32.9883
28.7632
28.3449
27.7025
25.3801
17.4224
22.782
28.2553
35.8364
42.5555
42.9211
41.5078
43.0859
43.9065
42.1633
42.8363
42.4119
39.8233
36.7338
44.7235
44.4674
43.3695
42.4515
41.9885
41.8509
41.9709
42.1564
42.3143
42.4476
42.4911
42.5148
42.4837
42.4129
42.3327
42.2432
42.172
42.1074
42.0592
42.0099
41.9889
41.9683
41.9474
41.9384
41.9062
41.8951
41.8643
41.837
41.8156
41.7651
41.7528
41.7181
41.6951
41.6813
41.6328
41.6318
41.5889
41.5523
41.5367
41.483
41.4758
41.444
41.4149
41.4226
41.3881
41.3869
41.3857
41.3558
41.3723
41.3547
41.3453
41.3771
41.3523
41.3799
41.4012
41.375
41.4509
41.4398
41.4748
41.5204
41.4925
41.5315
41.5151
41.4787
41.4736
41.3977
41.3446
41.2764
41.161
41.0787
40.9393
40.7972
40.6712
40.5058
40.3548
40.1966
40.0178
39.8605
39.6899
39.5248
39.3854
39.2274
39.1075
38.9942
38.8734
38.8143
38.7302
38.6831
38.6887
38.6693
38.7262
38.7998
38.8775
39.0191
39.1635
39.333
39.5389
39.7571
39.9848
40.2437
40.4991
40.7458
41.0212
41.2469
41.4822
41.715
41.8918
42.0812
42.2213
42.3181
42.3768
42.3657
42.2893
42.1434
41.9294
41.6141
41.2234
40.7375
40.1413
39.4705
38.7034
37.8802
37.0191
36.1426
35.2946
34.493
33.8348
33.3588
33.1025
33.1109
33.3564
33.8632
34.6007
35.5071
36.601
37.8218
39.1946
40.6559
42.0874
43.4198
44.6405
45.8018
46.8394
47.6029
48.0643
48.1428
47.6553
46.5816
44.8748
42.6932
40.1975
37.8536
35.9216
34.2458
32.6833
31.2893
30.3271
30.1098
30.6827
32.2078
34.7137
37.9855
41.2281
44.0467
45.9949
47.0576
47.7641
48.3803
49.2978
50.2268
50.9389
51.1136
50.5548
49.9391
49.1711
47.7806
45.6543
43.2676
40.6609
38.1911
34.6824
34.655
28.1443
28.4434
28.0966
29.1168
22.97
28.2125
32.9361
40.0218
42.9652
43.2329
41.5745
43.2398
43.6848
42.0942
42.3264
40.4574
38.9394
36.2269
43.8745
43.7623
43.2609
42.7952
42.5374
42.3962
42.3885
42.4271
42.4535
42.497
42.4854
42.4656
42.4247
42.3511
42.2838
42.2143
42.1538
42.1016
42.0597
42.0199
41.9911
41.9638
41.9375
41.9175
41.8868
41.8681
41.8408
41.8146
41.7895
41.7535
41.7381
41.7056
41.6881
41.6761
41.6398
41.6327
41.5974
41.5653
41.5466
41.4979
41.4864
41.4584
41.4309
41.4288
41.3976
41.3917
41.3813
41.3515
41.3555
41.3369
41.3257
41.341
41.3195
41.3436
41.3564
41.3556
41.4037
41.4034
41.4273
41.4669
41.4522
41.4878
41.4821
41.4591
41.466
41.4115
41.3742
41.3257
41.2337
41.159
41.0413
40.9186
40.7989
40.6426
40.4953
40.3363
40.1583
39.9984
39.8218
39.6454
39.4997
39.3324
39.1975
39.0807
38.9528
38.8792
38.8009
38.7485
38.7445
38.7384
38.7838
38.8573
38.9429
39.0745
39.2274
39.3997
39.6052
39.8292
40.06
40.3163
40.5702
40.8206
41.0827
41.3156
41.5492
41.7719
41.961
42.14
42.2834
42.3837
42.4397
42.4308
42.3521
42.2099
41.9918
41.6842
41.299
40.8214
40.2414
39.571
38.8177
38.0052
37.1551
36.2916
35.4459
34.6622
34.0104
33.5437
33.3068
33.3134
33.5586
34.028
34.7259
35.6214
36.6635
37.825
39.1541
40.5701
41.9443
43.219
44.3906
45.4558
46.3522
46.9949
47.3385
47.2993
46.8837
45.9606
44.5629
42.7203
40.7015
38.6598
36.8242
35.2812
33.9667
32.9636
32.4403
32.7564
33.7073
35.3201
37.4377
40.1713
43.083
45.0134
46.5323
47.2029
47.6464
48.4366
49.2765
49.9797
50.5538
50.9212
50.6286
49.8769
49.162
48.146
46.393
43.9
41.1127
38.3858
35.3301
34.6315
29.3333
32.0518
27.4953
31.5194
32.9508
37.9737
41.2365
43.7584
44.4136
44.5701
43.2443
44.0879
43.1863
42.1551
41.9279
39.3403
37.9039
35.1318
43.1497
43.2077
43.2466
43.1505
43.0061
42.8348
42.7071
42.622
42.5557
42.524
42.4777
42.4333
42.3864
42.3213
42.2596
42.2012
42.146
42.0998
42.0607
42.0217
41.9903
41.9584
41.9304
41.9066
41.8776
41.8559
41.8278
41.8016
41.7761
41.7455
41.7272
41.699
41.6827
41.6717
41.6439
41.634
41.6051
41.5751
41.5541
41.511
41.4927
41.4668
41.4379
41.4304
41.4008
41.3879
41.3761
41.3471
41.3459
41.3287
41.3154
41.3242
41.3075
41.3224
41.3339
41.3327
41.3717
41.3751
41.3972
41.4332
41.4308
41.4618
41.4656
41.4535
41.4599
41.4231
41.3902
41.349
41.273
41.201
41.1003
40.9842
40.8645
40.719
40.5711
40.4114
40.2393
40.0726
39.8926
39.7182
39.559
39.3924
39.2526
39.1258
39.0026
38.9215
38.8459
38.7962
38.7899
38.7903
38.8323
38.9064
38.9934
39.121
39.2737
39.4454
39.6477
39.8679
40.0983
40.3465
40.5968
40.845
41.0974
41.3318
41.5602
41.7783
41.969
42.1437
42.2869
42.3869
42.4374
42.4248
42.343
42.1933
41.9739
41.675
41.2962
40.8303
40.2686
39.6163
38.8816
38.0867
37.2554
36.4133
35.5933
34.8391
34.2145
33.7742
33.5607
33.5838
33.8482
34.3507
34.9942
35.828
36.8348
37.9563
39.2439
40.5737
41.8895
43.1226
44.2331
45.1988
45.9733
46.5039
46.7544
46.6527
46.2045
45.391
44.2237
42.67
40.922
39.0735
37.4813
36.2055
35.1766
34.5259
34.4826
34.9486
36.0815
37.784
39.6446
41.717
44.2887
45.9629
47.094
47.4972
47.7947
48.461
49.3317
49.8583
50.167
50.4729
50.2228
49.6839
49.0103
47.9904
46.5429
44.5493
42.2399
39.4658
35.7798
36.2301
30.4006
32.6894
28.077
35.9727
41.4412
45.9104
43.5003
46.1818
46.1485
45.8564
43.7883
44.1396
43.1107
42.833
42.0948
39.7662
37.555
34.7625
43.1998
43.244
43.2917
43.2476
43.1316
42.9752
42.8376
42.7207
42.6187
42.5452
42.4756
42.4153
42.3615
42.3017
42.2457
42.1931
42.1436
42.0998
42.06
42.0219
41.9874
41.9545
41.9251
41.8986
41.8713
41.8465
41.8205
41.7954
41.7697
41.7434
41.7228
41.6993
41.6829
41.6687
41.6474
41.632
41.6066
41.5786
41.5534
41.5184
41.4949
41.4698
41.4447
41.4288
41.4039
41.388
41.3716
41.3491
41.3401
41.3249
41.3146
41.3149
41.3071
41.3164
41.3235
41.3309
41.3572
41.3691
41.3905
41.4178
41.4269
41.4498
41.4568
41.4527
41.452
41.4255
41.3942
41.3517
41.2856
41.211
41.115
41.0035
40.8819
40.7413
40.5932
40.4336
40.2642
40.095
39.9183
39.7448
39.5821
39.4205
39.2772
39.1491
39.0327
38.9455
38.8746
38.829
38.8165
38.8232
38.8637
38.9338
39.0252
39.1494
39.2999
39.4721
39.6699
39.8861
40.1146
40.3562
40.6018
40.847
41.0911
41.3235
41.5466
41.7568
41.9452
42.1125
42.2503
42.347
42.3939
42.3799
42.2991
42.1498
41.9288
41.6319
41.2561
40.795
40.2459
39.6107
38.8989
38.1293
37.3217
36.509
35.7219
35.0063
34.4157
34.0014
33.8008
33.8261
34.0922
34.577
35.2352
36.064
37.044
38.1575
39.3923
40.6704
41.9282
43.1054
44.1537
45.0394
45.7269
46.1777
46.3548
46.2221
45.7717
45.0076
43.9461
42.5844
41.0429
39.3221
37.925
36.8602
36.0634
35.5935
35.6543
36.3256
37.5599
39.3008
41.1072
42.8109
44.8246
46.4057
47.5184
47.8449
47.6353
48.0507
49.1391
49.8391
50.1077
50.177
49.9111
49.4056
48.7007
47.7969
46.5308
44.7871
42.6411
39.7727
36.669
35.9075
31.4947
34.1495
28.2564
39.6381
40.4161
48.7781
45.3609
49.9939
47.7347
47.4225
44.9373
44.187
43.6167
43.4032
42.0524
39.6635
37.3298
34.8576
43.3613
43.3447
43.3118
43.2432
43.1422
43.0114
42.8779
42.7523
42.6403
42.5514
42.4751
42.4115
42.3554
42.2978
42.2424
42.1905
42.1421
42.0985
42.0584
42.0203
41.9853
41.9526
41.9231
41.8959
41.8692
41.8441
41.8185
41.7935
41.7683
41.7435
41.7219
41.7002
41.683
41.6671
41.6476
41.6297
41.6059
41.5794
41.5524
41.5211
41.4959
41.4709
41.4468
41.4275
41.4054
41.388
41.3707
41.3514
41.3395
41.3261
41.3168
41.3141
41.3097
41.3159
41.3233
41.3334
41.3544
41.3698
41.3904
41.4133
41.4273
41.4454
41.4529
41.4515
41.4462
41.423
41.3908
41.3461
41.2824
41.2049
41.1108
41.0012
40.8788
40.7407
40.5925
40.4339
40.267
40.0974
39.9234
39.7522
39.5884
39.4304
39.2871
39.1589
39.046
38.9572
38.8883
38.8445
38.83
38.8394
38.8791
38.9474
39.0406
39.1633
39.3121
39.484
39.6792
39.8926
40.1195
40.3577
40.6006
40.8439
41.0844
41.3158
41.5369
41.7439
41.9304
42.0931
42.224
42.3134
42.3524
42.3318
42.2462
42.0929
41.8689
41.5706
41.1951
40.7345
40.1931
39.5717
38.8788
38.1297
37.3441
36.553
35.7907
35.1014
34.5359
34.1422
33.9561
34.005
34.2701
34.7319
35.3736
36.1911
37.1635
38.2658
39.4722
40.7235
41.9529
43.0993
44.1169
44.9658
45.6153
46.0328
46.1835
46.0319
45.5671
44.8086
43.7675
42.4643
41.0014
39.4838
38.175
37.1877
36.4232
35.9871
36.0715
36.7812
38.1015
39.884
41.6894
43.2758
44.9982
46.4747
47.5948
48.0988
48.0157
48.0743
48.8147
49.5385
49.9206
50.0035
49.8034
49.3567
48.7455
48.0368
47.0693
45.5757
43.5302
40.742
38.153
36.4432
33.6466
36.0394
32.5408
50.3433
48.0835
52.2814
47.581
51.0194
47.9938
49.7963
46.6419
44.8538
43.8427
43.0074
41.6588
39.4843
37.2179
34.7916
42.453
42.4554
42.4638
42.4601
42.4448
42.427
42.4141
42.4057
42.404
42.3986
42.3839
42.3762
42.3675
42.3573
42.3594
42.3379
42.2837
42.2014
42.1104
42.0342
41.9954
42.0056
42.0609
42.1428
42.2148
42.2622
42.2855
42.2845
42.2774
42.2482
42.2223
42.1847
42.2639
42.2779
42.1947
42.1101
42.0804
42.1018
42.1465
42.2169
42.3325
42.4859
42.6337
42.7828
42.8938
42.9183
42.8456
42.61
42.28
41.8995
41.4884
41.1016
40.738
40.3788
40.0193
39.6233
39.2609
39.0168
38.9137
38.9442
39.0902
39.324
39.6123
39.8848
40.0499
40.0792
40.0866
40.1274
40.1361
40.0672
39.9575
39.8624
39.8311
39.8353
39.827
39.7787
39.6679
39.4217
39.1469
39.0106
38.9366
38.7156
38.3118
37.7841
37.5144
37.3457
37.2266
37.1883
37.1741
37.0835
36.9799
36.9935
37.0691
37.0605
37.0403
37.2324
37.7567
38.6534
39.8753
41.262
42.513
43.2764
43.4634
42.8512
41.8435
40.7946
39.362
37.8201
36.4122
34.9704
34.2771
34.6188
35.4666
35.0678
32.7335
32.0138
31.6673
31.8288
32.0717
31.914
31.5124
31.0729
30.5811
30.3757
30.9702
31.4305
31.7143
32.3102
32.8333
33.1817
33.198
33.0533
33.1025
33.1391
33.642
34.2658
33.1596
31.6169
32.3492
34.6549
35.3385
34.4029
32.9951
31.5099
30.1376
28.9872
28.1145
27.5469
27.3013
27.4109
27.9318
28.8879
30.2905
32.1808
34.5994
37.5075
40.8798
44.679
48.8802
53.3847
58.0401
62.7153
67.2629
71.5278
75.3613
78.6729
81.4216
83.6161
85.2848
86.4599
87.26
87.7436
87.9796
88.0223
87.9182
87.7041
87.4063
87.0379
86.6238
86.1501
85.6105
85.0064
84.3521
83.665
82.9732
82.3134
81.7213
81.1762
80.6325
80.0572
79.5297
79.0834
78.6768
78.2643
77.8571
77.521
77.2628
77.0923
76.8858
76.8448
42.447
42.4524
42.4602
42.4538
42.4389
42.4192
42.4065
42.3979
42.3966
42.3904
42.3827
42.3808
42.3669
42.3509
42.3451
42.3185
42.2602
42.1756
42.0796
41.9946
41.9485
41.9557
42.0135
42.1086
42.202
42.2691
42.3039
42.302
42.285
42.2368
42.2438
42.1992
42.1515
42.1593
42.0849
42.0286
42.0088
42.0377
42.0871
42.1602
42.2864
42.4298
42.5674
42.7202
42.8112
42.8331
42.7317
42.4774
42.1544
41.7877
41.3962
41.0468
40.7021
40.3246
39.9543
39.551
39.1678
38.9073
38.7961
38.8317
38.9935
39.2468
39.5537
39.8446
40.0267
40.0906
40.1191
40.1604
40.1657
40.0648
39.9152
39.7871
39.7395
39.7725
39.8358
39.8374
39.6837
39.4049
39.1134
38.9814
38.9
38.6672
38.2202
37.7211
37.4645
37.3103
37.1737
37.1546
37.1925
37.1726
36.9939
36.7965
36.6891
36.5993
36.5748
36.7986
37.3666
38.2402
39.3872
40.6887
41.884
42.6733
42.8348
42.2356
41.4011
40.4616
39.0382
37.5634
35.8743
34.2331
33.3297
33.2477
33.7509
33.5474
32.8384
32.0455
31.3795
31.3819
31.6312
31.4311
30.9743
30.7305
30.178
29.9336
30.9167
31.4125
31.7105
32.3513
32.8314
33.0806
33.107
33.2525
33.4444
32.7939
32.9406
35.2857
35.2454
32.1327
31.3523
32.8662
33.6292
33.0781
31.9396
30.6462
29.4241
28.3917
27.5958
27.0801
26.8662
26.9733
27.4808
28.4323
29.8239
31.658
34.0069
36.9096
40.3124
44.1391
48.3596
52.9091
57.6187
62.3504
66.9749
71.3338
75.2596
78.6383
81.4385
83.6784
85.3915
86.5457
87.3619
87.8413
88.0695
88.1042
87.9897
87.762
87.4561
87.0904
86.6612
86.1803
85.6369
85.0279
84.3673
83.6683
82.9635
82.2885
81.6867
81.1301
80.5706
79.9767
79.4328
79.0101
78.664
78.2699
77.8454
77.5167
77.2261
77.0328
76.8345
76.7987
42.4451
42.4447
42.4537
42.4413
42.4242
42.4027
42.3887
42.3801
42.3778
42.3799
42.3818
42.3855
42.3771
42.3587
42.3393
42.2988
42.2292
42.1336
42.0224
41.922
41.8608
41.8644
41.9333
42.0548
42.1812
42.2726
42.3207
42.3293
42.2992
42.2539
42.1926
42.1442
42.0724
42.0047
41.9356
41.8968
41.8889
41.923
41.9829
42.0642
42.1888
42.3169
42.4461
42.5806
42.6523
42.6434
42.5157
42.2647
41.9654
41.6233
41.2915
41.0286
40.6955
40.2934
39.9082
39.5142
39.0978
38.7348
38.5439
38.5488
38.7171
39.0019
39.3575
39.7344
40.0353
40.2335
40.3694
40.4139
40.3003
40.085
39.8198
39.5819
39.4639
39.5005
39.6573
39.7578
39.6863
39.453
39.1778
39.0074
38.8771
38.5996
38.1106
37.6369
37.414
37.265
37.1425
37.1229
37.0974
36.9808
36.704
36.3186
35.9837
35.7288
35.6619
35.8658
36.3536
37.1534
38.2189
39.4371
40.6299
41.4869
41.7216
41.3501
40.6919
39.8416
38.6212
37.1019
35.0891
33.3399
32.3988
32.1065
32.3395
33.0199
33.378
32.7736
32.2334
31.8928
31.3637
30.4832
29.3409
28.7689
28.5784
28.8937
30.3854
31.5963
32.2561
32.8227
33.1577
33.1252
32.5149
31.885
33.3887
34.3125
33.2427
33.4408
33.9858
32.863
31.8694
31.7566
31.692
31.2025
30.3623
29.3748
28.4027
27.56
26.8816
26.4233
26.2417
26.3395
26.7843
27.6779
29.0189
30.8049
33.0993
35.97
39.3707
43.1995
47.4259
52.0282
56.8266
61.651
66.4049
70.9358
75.0273
78.5314
81.4134
83.7339
85.4838
86.7055
87.5108
87.9671
88.173
88.1912
88.0558
87.8095
87.5143
87.1467
86.7346
86.2722
85.7309
85.1017
84.3889
83.6292
82.8605
82.1401
81.5198
80.9823
80.4618
79.8849
79.3495
78.9356
78.512
78.0697
77.6403
77.2893
77.0605
76.8804
76.7352
76.7134
42.4497
42.4395
42.4409
42.4239
42.4023
42.3793
42.3638
42.3568
42.3573
42.3656
42.3795
42.4034
42.4095
42.3929
42.3555
42.2936
42.2009
42.0794
41.9377
41.8091
41.7289
41.7228
41.8083
41.9698
42.1403
42.2632
42.3317
42.3597
42.3206
42.2434
42.1362
42.0258
41.9243
41.8336
41.7681
41.7428
41.75
41.785
41.856
41.9462
42.0633
42.1711
42.2866
42.387
42.4419
42.4105
42.2898
42.0765
41.8168
41.5315
41.2639
41.0878
40.7807
40.3674
39.9402
39.4635
38.9362
38.452
38.1797
38.1442
38.3188
38.667
39.1262
39.6168
40.0611
40.4017
40.5862
40.5915
40.4318
40.1016
39.7126
39.3392
39.1039
39.0997
39.3097
39.5486
39.5888
39.3923
39.1265
38.9803
38.8619
38.5617
38.0865
37.6785
37.4587
37.2582
37.1165
37.0797
36.9397
36.5869
36.0718
35.4964
35.0275
34.6979
34.6015
34.7796
35.1813
35.8478
36.7637
37.8483
38.9933
39.9217
40.3299
40.2438
39.8211
39.1366
38.0332
36.461
34.3156
32.6272
31.7036
31.3652
31.6233
33.222
35.0783
35.6892
35.0922
33.5112
31.3979
29.0912
26.8925
25.9162
26.0273
27.287
29.5308
31.7309
33.2294
34.1142
33.593
32.9619
33.0615
32.3723
32.2435
32.9545
33.1408
32.8467
32.5755
31.9762
31.3549
30.7884
30.2882
29.7128
29.0206
28.2481
27.4636
26.7721
26.194
25.7663
25.5887
25.67
26.0408
26.8446
28.0977
29.8018
31.983
34.7614
38.1209
41.9202
46.1375
50.7851
55.6805
60.6249
65.5201
70.2711
74.5783
78.2398
81.2608
83.674
85.4857
86.7543
87.574
88.0409
88.257
88.2776
88.1444
87.8911
87.537
87.1612
86.7497
86.27
85.7055
85.0556
84.329
83.5679
82.8252
82.1182
81.466
80.8909
80.4188
79.9052
79.3748
78.8725
78.3559
77.8545
77.4462
77.1166
76.8738
76.6917
76.6259
76.582
42.4589
42.4395
42.4228
42.3998
42.3728
42.3477
42.3294
42.3227
42.3289
42.3465
42.3783
42.4255
42.453
42.4416
42.3883
42.3021
42.1773
42.0158
41.826
41.6505
41.5342
41.5201
41.6235
41.8307
42.0574
42.2227
42.3224
42.3582
42.3227
42.194
42.012
41.8503
41.7285
41.636
41.5763
41.5614
41.5807
41.626
41.7106
41.8117
41.9245
42.0322
42.1379
42.2144
42.2567
42.2232
42.1238
41.9624
41.7469
41.4977
41.3242
41.181
40.8782
40.4656
39.9441
39.3267
38.6605
38.0663
37.7302
37.6712
37.8503
38.2478
38.8223
39.4834
40.072
40.4966
40.7383
40.7831
40.614
40.1662
39.6399
39.1116
38.7653
38.7066
38.9094
39.213
39.3412
39.2224
39.0065
38.8647
38.7701
38.531
38.1693
37.8483
37.6332
37.4237
37.2462
37.0882
36.7272
36.0595
35.2692
34.5641
34.04
33.6984
33.6077
33.752
34.0841
34.6536
35.4341
36.3657
37.3946
38.3367
38.9348
39.1246
38.9547
38.4866
37.504
35.8982
33.8876
32.3532
31.4671
31.0859
31.5354
33.8792
36.7918
37.9598
37.28
34.9074
31.4087
27.6852
24.2938
22.7397
23.3276
25.1808
28.6081
31.8904
33.9365
34.8795
35.0292
33.5849
32.847
32.6672
32.5019
32.4578
32.4283
32.1192
31.6195
31.0593
30.5283
29.9399
29.3225
28.6811
28.0257
27.3564
26.6781
26.0686
25.567
25.1504
24.9169
24.9544
25.254
25.8816
27.0169
28.6489
30.714
33.3563
36.6438
40.3751
44.5353
49.2171
54.2048
59.2784
64.2896
69.2727
73.8097
77.6741
80.8553
83.3833
85.2668
86.5794
87.4144
87.8715
88.0805
88.1127
87.981
87.7883
87.5259
87.1643
86.7287
86.2119
85.6249
84.9947
84.2841
83.5529
82.8202
82.1069
81.4681
80.9356
80.4781
79.9927
79.4475
78.8341
78.2216
77.6842
77.2558
76.9067
76.6617
76.4928
76.4296
76.4136
42.458
42.4312
42.3999
42.3686
42.3359
42.3066
42.2853
42.2811
42.2964
42.3275
42.3786
42.447
42.4956
42.4831
42.4226
42.318
42.1688
41.9736
41.7416
41.5256
41.371
41.3313
41.4372
41.6759
41.9473
42.152
42.2765
42.3168
42.2607
42.0754
41.8336
41.6387
41.5035
41.4135
41.3595
41.3548
41.3867
41.45
41.546
41.6641
41.7834
41.9008
42.0007
42.0733
42.1038
42.0737
42.002
41.8942
41.7198
41.514
41.3857
41.2491
40.9257
40.4703
39.8345
39.0812
38.2595
37.5433
37.1969
37.1422
37.3487
37.7962
38.4554
39.2595
39.9975
40.5436
40.8623
40.9269
40.7103
40.2387
39.6063
38.9564
38.4956
38.3739
38.5473
38.8422
38.9801
38.8855
38.7227
38.6612
38.6458
38.5448
38.3671
38.1796
38.0041
37.7995
37.5413
37.161
36.4923
35.5439
34.5313
33.7446
33.2383
32.9292
32.8449
32.967
33.2509
33.7454
34.4372
35.2535
36.1694
37.0795
37.8154
38.2559
38.3673
38.0798
37.2466
35.8535
34.1409
32.7588
31.8394
31.5384
32.3469
34.8142
37.7516
39.0676
38.3286
35.6488
31.454
26.8512
22.9149
21.0816
21.5896
23.9887
27.9266
31.6481
34.4502
35.2977
34.9465
34.1166
33.2912
32.8418
32.4978
32.1484
31.8447
31.4625
30.9605
30.4346
29.8963
29.3021
28.6682
28.0064
27.3424
26.7104
26.0934
25.515
25.0337
24.6295
24.3427
24.2916
24.5006
25.0085
25.9727
27.4875
29.4447
31.9204
35.0951
38.7317
42.7659
47.4388
52.4633
57.6911
62.8044
67.9167
72.6952
76.7613
80.088
82.7363
84.6872
86.0447
86.915
87.3997
87.6539
87.7055
87.6028
87.4381
87.1717
86.8199
86.4577
86.0876
85.5755
84.902
84.1967
83.4733
82.7821
82.1175
81.4887
80.9207
80.42
79.9224
79.3616
78.6987
78.0138
77.4138
76.9511
76.5963
76.3404
76.253
76.2019
76.2156
42.4473
42.4143
42.3729
42.3332
42.2924
42.2566
42.2331
42.2339
42.2604
42.3081
42.3798
42.4656
42.5266
42.5118
42.4524
42.3384
42.1771
41.9576
41.6955
41.4512
41.2646
41.2041
41.3073
41.5613
41.8524
42.0724
42.1936
42.2209
42.1323
41.9026
41.6344
41.4157
41.2616
41.1676
41.1187
41.1243
41.1693
41.2509
41.361
41.4976
41.6295
41.7616
41.8681
41.9445
41.9684
41.9361
41.8843
41.8186
41.6797
41.4963
41.3831
41.219
40.8795
40.3984
39.7021
38.8594
37.9266
37.1735
36.8435
36.8062
36.9892
37.4241
38.1235
39.0289
39.8677
40.4882
40.8452
40.9235
40.7055
40.2025
39.5186
38.8258
38.3089
38.1428
38.2857
38.5605
38.6865
38.5977
38.4566
38.4425
38.5355
38.6233
38.6341
38.5781
38.4887
38.3078
37.9474
37.3171
36.3623
35.1381
33.956
33.1401
32.6495
32.3679
32.2916
32.3851
32.6229
33.0699
33.7158
34.4866
35.3454
36.2297
37.0533
37.6953
38.0612
38.0021
37.3979
36.3194
34.9919
33.7653
32.8573
32.6298
33.5366
35.6529
38.019
39.0745
38.3193
35.6749
31.5693
26.9076
22.831
20.8635
21.2455
23.6926
27.6314
31.4278
33.7625
34.7129
34.6398
34.0883
33.4207
32.8398
32.3633
31.918
31.4964
31.0655
30.5843
30.0689
29.5193
28.9111
28.2563
27.5941
26.9345
26.2986
25.7033
25.1459
24.6546
24.2543
23.9437
23.7731
23.8814
24.3117
25.0971
26.4446
28.2968
30.5847
33.6232
37.159
41.0045
45.6382
50.6963
55.9154
61.1097
66.2998
71.2953
75.5436
78.9655
81.7095
83.7123
85.0903
85.9831
86.5196
86.8138
86.8868
86.8709
86.7475
86.5486
86.3164
86.0073
85.6415
85.1174
84.5638
84.0374
83.3895
82.6771
81.9943
81.3875
80.7898
80.2419
79.6939
79.0901
78.4512
77.7314
77.1138
76.6393
76.2551
76.0328
75.9884
75.9245
75.9601
42.4294
42.3928
42.3447
42.2962
42.2455
42.2036
42.1818
42.1909
42.2316
42.2936
42.3802
42.4747
42.5352
42.5251
42.4663
42.3504
42.1906
41.9686
41.696
41.4392
41.2401
41.1668
41.2618
41.5096
41.7891
41.9994
42.1004
42.1073
41.9782
41.7069
41.4306
41.1923
41.0084
40.9044
40.8595
40.8743
40.9376
41.0356
41.1634
41.3147
41.4682
41.619
41.7375
41.8232
41.8622
41.8482
41.8136
41.7564
41.6014
41.3798
41.2248
41.051
40.7447
40.2821
39.6223
38.7755
37.7985
37.0638
36.7632
36.7463
36.9057
37.306
37.9903
38.8731
39.7003
40.3211
40.6892
40.748
40.4818
39.9558
39.3058
38.6475
38.1557
37.9945
38.1348
38.4248
38.6004
38.5493
38.4257
38.4208
38.5523
38.7535
38.9222
39.0315
38.9793
38.7916
38.3674
37.5168
36.321
34.9116
33.5948
32.7189
32.2439
31.9869
31.8967
31.9447
32.1279
32.5175
33.1386
33.9277
34.8266
35.765
36.6761
37.4805
38.0609
38.2708
37.9907
37.2639
36.2671
35.212
34.3685
34.1876
34.843
36.2789
37.6908
38.1966
37.451
35.3318
31.8943
27.7845
24.1496
22.2825
22.4745
24.5435
27.8375
30.9213
32.9907
34.0237
34.1871
33.8399
33.3127
32.7592
32.2554
31.788
31.339
30.9042
30.4376
29.9241
29.3613
28.745
28.0774
27.4035
26.743
26.1025
25.4997
24.9568
24.4651
24.0259
23.7053
23.4577
23.4657
23.8237
24.4503
25.6527
27.3942
29.4839
32.3302
35.7482
39.459
43.9138
48.9207
54.1693
59.4082
64.547
69.6768
74.0781
77.5529
80.3275
82.3847
83.7535
84.6691
85.2497
85.5735
85.7273
85.7393
85.6732
85.5869
85.4087
85.1488
84.8443
84.4729
84.0504
83.5575
82.9577
82.3484
81.7846
81.1723
80.5311
79.9484
79.3403
78.7045
78.0552
77.3767
76.7646
76.2893
75.946
75.7355
75.6628
75.5944
75.6846
42.4095
42.3726
42.3212
42.2644
42.2039
42.1577
42.1393
42.1569
42.2107
42.2853
42.3771
42.4672
42.5151
42.5122
42.4564
42.3503
42.1956
41.9807
41.7291
41.4931
41.3108
41.2494
41.3368
41.552
41.7909
41.9644
42.0292
42.0037
41.8423
41.535
41.2378
40.9673
40.7402
40.6183
40.5781
40.6115
40.7046
40.8258
40.9744
41.1383
41.3168
41.4877
41.6263
41.7325
41.7953
41.8049
41.7759
41.6843
41.4646
41.1614
40.958
40.7884
40.5462
40.1859
39.6311
38.8395
37.9445
37.2804
36.9963
36.9731
37.1392
37.5252
38.1367
38.8954
39.6037
40.1292
40.3712
40.288
39.9108
39.4007
38.8734
38.3553
37.9723
37.8487
37.9943
38.3102
38.588
38.6691
38.6186
38.5892
38.7049
38.9218
39.1575
39.3204
39.3337
39.1359
38.6437
37.7068
36.367
34.8433
33.4406
32.5036
32.002
31.7543
31.6553
31.6676
31.8144
32.1678
32.7863
33.6093
34.5625
35.5696
36.5799
37.5202
38.3124
38.8417
38.9418
38.5787
37.8733
36.9797
36.1739
35.8313
36.0052
36.6021
37.2291
37.3176
36.4986
34.8299
32.3865
29.3822
26.7749
25.4635
25.5393
26.997
29.2818
31.4907
33.0325
33.8418
33.9968
33.7148
33.2488
32.7184
32.2102
31.7618
31.3289
30.901
30.459
29.9611
29.3896
28.7629
28.0903
27.4057
26.7243
26.0853
25.4767
24.9212
24.4352
23.9623
23.6115
23.3693
23.3059
23.6172
24.1531
25.1622
26.7921
28.7147
31.283
34.5617
38.1453
42.3589
47.2823
52.4889
57.7829
62.8574
67.9169
72.4617
75.9122
78.6548
80.7023
82.1096
83.047
83.6348
83.9948
84.2341
84.2897
84.2752
84.229
84.1499
83.9776
83.7636
83.4747
83.1149
82.6918
82.243
81.7709
81.2825
80.6811
80.1048
79.5135
78.8951
78.1956
77.5675
76.9203
76.3662
75.9146
75.6092
75.4293
75.3531
75.3404
75.4358
42.3981
42.3635
42.3108
42.2479
42.1806
42.1351
42.1225
42.1463
42.2038
42.2827
42.3689
42.4404
42.477
42.4818
42.4322
42.3332
42.1904
41.9982
41.7751
41.5771
41.4457
41.4228
41.5207
41.6968
41.88
42.001
42.0341
41.9672
41.751
41.3965
41.0617
40.7394
40.4498
40.3011
40.2666
40.3315
40.4749
40.6347
40.8084
40.9856
41.1829
41.3789
41.5432
41.6704
41.7583
41.7958
41.7653
41.6098
41.308
40.9248
40.6529
40.4963
40.375
40.1539
39.7297
39.1148
38.4038
37.8198
37.5415
37.4956
37.633
37.993
38.5199
39.1028
39.5977
39.9001
39.8992
39.6247
39.2239
38.7996
38.3712
37.9585
37.6446
37.5585
37.7281
38.0629
38.4095
38.6232
38.6985
38.7313
38.8194
39.0096
39.2519
39.4461
39.4995
39.3162
38.7912
37.8437
36.4746
34.9398
33.5099
32.5056
31.9487
31.6898
31.5897
31.6018
31.7717
32.1345
32.7451
33.5622
34.5329
35.5771
36.6544
37.6828
38.5998
39.3611
39.7934
39.7835
39.3743
38.693
37.9424
37.3597
36.9873
36.8075
36.683
36.437
35.7827
34.6025
33.0199
31.2572
29.8827
29.3209
29.6223
30.6274
31.9828
33.2176
34.0005
34.3187
34.2212
33.8406
33.3314
32.7871
32.2756
31.8289
31.4224
31.0242
30.6065
30.1237
29.5518
28.9193
28.2386
27.5637
26.8797
26.226
25.6043
25.0211
24.5473
24.082
23.7195
23.4717
23.3552
23.6632
24.1691
24.9898
26.4864
28.2762
30.5628
33.6405
37.1391
41.1053
45.8805
51.0631
56.2772
61.3411
66.2204
70.7373
74.1882
76.8054
78.7833
80.205
81.1682
81.8092
82.2132
82.4942
82.6531
82.6313
82.5944
82.5353
82.4486
82.2822
82.0626
81.7953
81.5145
81.1875
80.8295
80.3457
79.8962
79.4157
78.878
78.236
77.6044
76.9865
76.3962
75.8819
75.5082
75.2662
75.129
75.1255
75.0985
75.1593
42.4046
42.3728
42.3206
42.2533
42.1837
42.1417
42.1356
42.1627
42.2166
42.2862
42.3536
42.3997
42.4252
42.4333
42.3904
42.2926
42.1533
41.9921
41.8214
41.6803
41.617
41.6434
41.7527
41.9014
42.0336
42.103
42.1063
42.0097
41.7289
41.3037
40.916
40.5299
40.1594
39.9673
39.9285
40.0298
40.2475
40.4717
40.6786
40.8636
41.0702
41.2913
41.483
41.6262
41.7265
41.7778
41.7552
41.6058
41.2102
40.7231
40.4162
40.3308
40.2978
40.1781
39.9686
39.6002
39.0882
38.6428
38.3809
38.2723
38.3809
38.664
39.0679
39.4583
39.7306
39.7733
39.5702
39.1878
38.7702
38.3558
37.9281
37.5359
37.2506
37.171
37.2948
37.5745
37.9351
38.2734
38.5308
38.688
38.8368
39.0194
39.2267
39.4019
39.4683
39.3136
38.7989
37.9017
36.624
35.1514
33.7627
32.7308
32.1208
31.8261
31.731
31.7708
31.9504
32.3255
32.9235
33.7185
34.6795
35.7372
36.8634
37.9611
38.9731
39.8336
40.4062
40.6405
40.4712
39.9408
39.2087
38.4319
37.6903
37.0216
36.4308
35.8705
35.2396
34.4962
33.695
32.9023
32.4978
32.5585
33.0505
33.8077
34.5363
35.0918
35.2802
35.1401
34.7282
34.1615
33.5523
32.982
32.4553
31.9871
31.5944
31.2216
30.8319
30.3705
29.7967
29.1778
28.5224
27.8689
27.1694
26.4881
25.8584
25.2488
24.7749
24.2958
23.9544
23.769
23.6016
23.8517
24.3874
25.1117
26.4458
28.112
30.2256
33.0411
36.4255
40.3059
44.8038
49.9301
55.0594
60.0292
64.7769
69.0361
72.4684
74.9492
76.8267
78.1676
79.169
79.8
80.3066
80.6453
80.8222
80.9234
80.8153
80.7122
80.6285
80.4594
80.271
80.0947
79.91
79.6979
79.4333
79.1024
78.7853
78.3276
77.9507
77.354
76.8503
76.2643
75.7779
75.3326
75.0312
74.8706
74.8031
74.856
74.9143
74.9891
42.4309
42.4019
42.3514
42.2818
42.2126
42.1737
42.1704
42.1976
42.246
42.3021
42.3457
42.3637
42.3724
42.3801
42.3402
42.2181
42.0672
41.9385
41.8311
41.7708
41.7789
41.8531
41.9789
42.1168
42.2191
42.2625
42.2342
42.1012
41.7709
41.2788
40.8274
40.3675
39.915
39.669
39.6081
39.7318
40.0368
40.3467
40.5954
40.7826
40.9893
41.2244
41.4429
41.5994
41.6994
41.7388
41.6947
41.529
41.1626
40.685
40.4096
40.3206
40.3065
40.3117
40.312
40.1809
39.9475
39.7097
39.5294
39.4442
39.4943
39.6665
39.8873
40.0572
40.0673
39.8461
39.4477
38.9971
38.5385
38.064
37.5831
37.1345
36.7862
36.648
36.7357
37.0164
37.4055
37.7822
38.0874
38.3895
38.7058
38.9721
39.1657
39.2915
39.3045
39.2001
38.7069
37.8829
36.7491
35.4307
34.1617
33.16
32.5096
32.1447
32.0073
32.0516
32.26
32.6545
33.242
34.0148
34.9545
36.0012
37.1157
38.265
39.3854
40.3409
40.9745
41.2921
41.2495
40.8147
40.0552
39.1158
38.1124
37.1494
36.2869
35.5815
34.9825
34.4613
34.1597
34.0432
34.2634
34.7677
35.4
36.0086
36.378
36.5082
36.3035
35.8498
35.2108
34.5279
33.8437
33.2234
32.6932
32.2179
31.8224
31.4595
31.0947
30.6865
30.1272
29.518
28.8906
28.2363
27.5461
26.8639
26.1831
25.5654
25.1455
24.6565
24.2675
24.1453
24.0311
24.1985
24.711
25.4338
26.6474
28.1762
30.1886
32.8278
35.9702
39.8613
44.2394
49.1251
54.1744
58.9953
63.5865
67.5484
70.8
73.2021
74.9259
76.2669
77.1841
77.8754
78.34
78.7019
78.9383
79.0158
78.9858
78.8399
78.5822
78.4249
78.2059
78.0309
77.9089
77.7324
77.6083
77.4643
77.2327
76.9777
76.6006
76.2763
75.8341
75.3815
75.0218
74.6737
74.4604
74.373
74.4034
74.5126
74.5764
74.5175
42.4754
42.4491
42.4007
42.3312
42.2654
42.231
42.225
42.2436
42.2804
42.3218
42.3467
42.34
42.3234
42.3055
42.2376
42.0839
41.927
41.822
41.7879
41.8259
41.9195
42.0455
42.1876
42.3203
42.4109
42.4517
42.4209
42.2658
41.8864
41.3217
40.8023
40.2862
39.797
39.515
39.4076
39.5305
39.8854
40.2689
40.5604
40.7485
40.9434
41.1757
41.4121
41.5846
41.6766
41.696
41.6312
41.4679
41.189
40.8296
40.5228
40.4091
40.4361
40.5336
40.6425
40.7256
40.8374
40.8684
40.8357
40.8613
40.9367
41.0252
41.0466
40.9446
40.6358
40.123
39.5185
38.9602
38.4114
37.8396
37.2667
36.7299
36.3075
36.1206
36.1665
36.4148
36.7644
37.215
37.6987
38.1544
38.5461
38.8446
39.086
39.2185
39.1961
39.0069
38.5648
37.8421
36.8621
35.7253
34.6107
33.676
33.0111
32.61
32.4654
32.5199
32.7295
33.1105
33.6813
34.4189
35.2988
36.2956
37.3777
38.5057
39.6389
40.6552
41.3808
41.7362
41.7354
41.3469
40.5497
39.4999
38.3431
37.2116
36.211
35.391
34.8274
34.4722
34.4142
34.6722
35.2207
35.9307
36.6493
37.2013
37.4054
37.3236
36.9058
36.3101
35.5747
34.8417
34.1078
33.4784
32.9706
32.4844
32.0705
31.7499
31.4065
31.0235
30.5001
29.8872
29.3094
28.667
27.9609
27.3595
26.6687
25.9599
25.5538
25.1444
24.7263
24.5641
24.5405
24.726
25.1439
25.8709
27.0371
28.4605
30.3512
32.9538
35.9595
39.7057
44.0703
48.7908
53.6452
58.3306
62.6442
66.3268
69.2542
71.5254
73.156
74.399
75.3705
76.0336
76.519
76.8761
77.017
77.0874
77.0753
76.8067
76.5726
76.205
75.8994
75.7409
75.5332
75.4644
75.3757
75.2786
75.3303
75.1886
75.0451
74.8398
74.4485
74.3926
74.0137
73.856
73.747
73.8185
73.9008
74.0372
74.1815
74.5519
42.5323
42.5073
42.4605
42.3929
42.3335
42.3012
42.2912
42.2958
42.3129
42.3373
42.3528
42.3369
42.2925
42.2264
42.0938
41.8728
41.6608
41.6146
41.6875
41.8507
42.038
42.2116
42.3717
42.5078
42.6047
42.6541
42.6322
42.4796
42.0798
41.4678
40.9002
40.3613
39.8837
39.579
39.4217
39.4891
39.8399
40.2545
40.5694
40.7547
40.9295
41.1461
41.3851
41.5688
41.6558
41.655
41.5717
41.4108
41.1881
40.9198
40.6847
40.606
40.6313
40.7495
40.9472
41.2676
41.6218
41.8536
42.0374
42.2101
42.3435
42.3756
42.2389
41.8801
41.2814
40.522
39.7343
39.064
38.4263
37.7498
37.0827
36.4568
35.931
35.6334
35.6041
35.8017
36.2546
36.7869
37.3269
37.8265
38.3097
38.7553
39.0271
39.0703
39.0533
38.8564
38.4408
37.804
36.98
36.0221
35.0622
34.2204
33.598
33.2031
33.0299
33.0606
33.2627
33.6228
34.1646
34.8651
35.6831
36.6043
37.6256
38.7101
39.8155
40.8131
41.5407
41.9472
42.007
41.655
40.7993
39.664
38.4438
37.1953
36.1163
35.2407
34.6585
34.4125
34.4772
34.8915
35.5959
36.3764
37.1242
37.6769
37.7513
37.5912
37.1334
36.5285
35.7642
35.031
34.3634
33.7236
33.2302
32.7971
32.3773
32.0765
31.717
31.3523
30.9194
30.2891
29.7443
29.1856
28.4543
27.841
27.2286
26.5004
26.0141
25.6727
25.3319
25.1155
25.0885
25.3515
25.7301
26.3941
27.5378
28.9307
30.7905
33.2735
36.2953
39.9204
44.2224
48.7983
53.4081
57.8862
61.916
65.2701
67.9127
69.909
71.511
72.6367
73.55
74.2719
74.7892
75.0048
75.1408
75.1288
74.8523
74.7204
74.3492
73.8435
73.5327
73.23
72.929
72.8461
72.713
72.9067
72.9379
72.889
73.1204
72.9675
73.0665
72.8288
72.7832
72.8411
72.8476
73.0614
73.1517
73.3341
73.6281
73.858
42.5922
42.5652
42.5177
42.4496
42.3932
42.3617
42.3499
42.3449
42.3451
42.3522
42.3637
42.3553
42.2979
42.1818
41.9872
41.7129
41.5145
41.5089
41.6527
41.8906
42.1361
42.3484
42.5277
42.6711
42.7789
42.8516
42.8531
42.7221
42.3344
41.7285
41.1194
40.5596
40.0861
39.7659
39.5639
39.5757
39.8922
40.2969
40.6104
40.7887
40.9433
41.1408
41.3734
41.5473
41.6295
41.6142
41.5215
41.3607
41.175
40.993
40.8367
40.7774
40.8274
40.982
41.2868
41.7237
42.1428
42.5476
42.9289
43.2532
43.4618
43.4575
43.2093
42.6738
41.864
40.9445
40.0447
39.2646
38.5487
37.7923
37.0402
36.3421
35.7533
35.4018
35.337
35.5358
35.9282
36.444
37.0163
37.6009
38.1493
38.5449
38.7501
38.9247
38.8878
38.6602
38.2898
37.7594
37.0903
36.3088
35.5149
34.7815
34.2066
33.8197
33.6204
33.642
33.8397
34.1716
34.6631
35.3194
36.0859
36.9212
37.8686
38.8673
39.866
40.8218
41.6137
42.0699
42.0766
41.6615
40.874
39.756
38.4769
37.1306
35.9707
35.0493
34.4311
34.2615
34.3795
34.833
35.5675
36.3417
36.9884
37.6719
37.6278
37.5416
37.094
36.508
35.8439
35.1256
34.5347
33.9509
33.4791
33.1309
32.697
32.4143
32.0929
31.6926
31.369
30.7579
30.1907
29.7085
28.9989
28.3712
27.8084
27.1352
26.6267
26.2611
25.9737
25.7958
25.7221
25.9667
26.4088
27.0588
28.143
29.5449
31.4125
33.8095
36.8909
40.4752
44.6252
49.0549
53.377
57.5611
61.2696
64.2635
66.6284
68.4611
69.9019
70.9751
71.8187
72.4899
72.8696
73.0589
73.0973
72.8997
72.5494
72.2062
71.6359
71.3435
70.9411
70.3945
70.2755
69.9852
69.8728
69.9778
70.1567
70.4959
70.6093
70.8901
71.0205
71.0771
71.3231
71.3135
71.7605
71.8019
72.0119
72.3662
72.616
73.538
42.6483
42.6187
42.5676
42.5023
42.4477
42.4146
42.3962
42.3843
42.3737
42.3705
42.3803
42.3733
42.3055
42.1747
41.9732
41.705
41.5254
41.5379
41.6997
41.955
42.2285
42.4742
42.654
42.7872
42.9059
43.0056
43.0367
42.9411
42.607
42.0449
41.4129
40.8243
40.3447
40.0247
39.8134
39.7839
40.0369
40.3879
40.6691
40.8371
40.9778
41.1591
41.3835
41.5433
41.598
41.5649
41.4674
41.3155
41.1432
41.0051
40.9114
40.9048
41.0059
41.2023
41.5322
41.9397
42.4424
42.9803
43.4746
43.8909
44.1611
44.1779
43.8866
43.2641
42.3412
41.3299
40.3772
39.5169
38.7184
37.9112
37.1163
36.3798
35.7719
35.3823
35.2537
35.3885
35.763
36.2646
36.8274
37.3992
37.9191
38.3322
38.5905
38.6504
38.5527
38.4042
38.0955
37.6348
37.0732
36.434
35.8118
35.2282
34.7382
34.4256
34.2471
34.2183
34.3821
34.7004
35.1548
35.7425
36.4473
37.2265
38.1046
39.0133
39.909
40.7517
41.4463
41.8951
41.988
41.6857
40.9507
39.7752
38.4322
37.0843
35.8461
34.8974
34.2672
34.0399
34.1908
34.6377
35.2841
36.0459
36.6424
37.1984
37.3202
37.1893
36.863
36.3348
35.7725
35.1264
34.6155
34.1444
33.6921
33.4137
33.0423
32.7578
32.5143
32.0928
31.7903
31.2964
30.6553
30.2406
29.6278
28.9565
28.424
27.7945
27.3388
26.9712
26.6224
26.4774
26.5036
26.6819
27.1198
27.8358
28.8429
30.2498
32.1885
34.6435
37.619
41.2374
45.199
49.4801
53.4771
57.3334
60.6442
63.3235
65.4641
67.1104
68.3822
69.3483
70.1797
70.5778
70.8487
70.885
70.687
70.3652
69.9169
69.2111
68.6749
68.2649
67.7782
67.511
67.1999
66.8831
66.8888
66.904
67.1504
67.4837
67.8955
68.3541
68.5932
69.1127
69.1825
69.5932
69.7431
69.9132
70.4661
70.6632
71.4552
71.7083
42.6893
42.6386
42.5934
42.5322
42.4861
42.4543
42.4323
42.4137
42.3965
42.3847
42.3897
42.385
42.3202
42.1973
42.0175
41.8048
41.6652
41.6798
41.8264
42.0523
42.2846
42.4885
42.6704
42.8461
42.9971
43.1058
43.1575
43.0981
42.842
42.3662
41.77
41.1813
40.6931
40.3642
40.1465
40.0737
40.2254
40.4897
40.7239
40.8811
41.0109
41.1795
41.3947
41.5505
41.5902
41.5315
41.4099
41.2641
41.1177
41.0079
40.937
40.9505
41.0845
41.3145
41.6638
42.1033
42.6523
43.1849
43.7266
44.227
44.5492
44.5856
44.2878
43.6458
42.713
41.6738
40.689
39.7688
38.9086
38.067
37.2565
36.5157
35.8999
35.4799
35.2984
35.3738
35.7111
36.1717
36.7081
37.2474
37.7337
38.0953
38.2932
38.3725
38.3447
38.1572
37.8572
37.4176
36.9494
36.4536
35.9138
35.4196
35.0377
34.7577
34.6012
34.6245
34.7911
35.1044
35.5393
36.0847
36.7524
37.4934
38.3069
39.1343
39.9685
40.7071
41.3467
41.7847
41.8719
41.6816
40.9403
39.8656
38.5592
37.1883
35.9528
34.9248
34.2411
33.9353
34.0014
34.4182
34.9382
35.579
36.1574
36.5876
36.7907
36.6823
36.4456
36.0184
35.5509
35.0004
34.5833
34.2444
33.8371
33.6435
33.3754
33.0776
32.9023
32.5378
32.1982
31.8436
31.228
30.755
30.2711
29.6315
29.102
28.5089
28.0371
27.7491
27.4222
27.2308
27.3508
27.5032
27.8799
28.6528
29.6752
31.1097
33.0754
35.5594
38.5599
42.0897
45.8815
49.8947
53.6686
57.0916
60.0809
62.459
64.3889
65.9309
67.0464
67.8771
68.5745
68.7958
68.7423
68.5851
68.1271
67.5127
66.794
66.0877
65.333
64.6314
64.1096
64.0106
63.621
63.531
63.5118
63.7083
64.0502
64.2123
64.8958
65.3997
65.9924
66.3783
66.6799
67.0944
67.2303
67.8241
68.1498
68.5958
68.0876
67.6848
42.7194
42.6651
42.6015
42.5356
42.4949
42.4719
42.4544
42.4344
42.415
42.3977
42.3908
42.3821
42.3273
42.2248
42.0833
41.9268
41.8225
41.8221
41.9258
42.1037
42.3043
42.4972
42.6759
42.8455
42.9799
43.1276
43.2104
43.1766
42.9801
42.5847
42.0512
41.4939
41.004
40.655
40.4216
40.3082
40.3822
40.5714
40.7649
40.9215
41.0527
41.2049
41.3927
41.529
41.559
41.4969
41.3768
41.224
41.0684
40.961
40.9254
40.9688
41.1293
41.3844
41.7579
42.2253
42.7686
43.344
43.906
44.3769
44.6681
44.7182
44.4611
43.8748
42.9884
41.9681
40.9673
40.0087
39.1086
38.2498
37.4328
36.6951
36.0868
35.6569
35.444
35.4839
35.7552
36.1681
36.6368
37.0943
37.5327
37.8384
38.0041
38.0512
37.9755
37.8572
37.5909
37.2387
36.8342
36.3769
35.916
35.494
35.1899
35.0019
34.8456
34.9153
35.1011
35.3952
35.8327
36.3502
37.0086
37.6871
38.4663
39.2433
40.0189
40.7407
41.3448
41.809
42.0062
41.7556
41.1432
40.1246
38.9019
37.5511
36.2442
35.2325
34.4429
34.0658
34.053
34.2794
34.6692
35.1427
35.5697
35.9715
36.1581
36.1292
36.025
35.6481
35.3002
34.9101
34.4734
34.3193
34.0124
33.8041
33.7246
33.4258
33.2732
33.0247
32.6666
32.3309
31.8577
31.3597
30.8913
30.3829
29.8366
29.2943
28.818
28.5999
28.3042
28.0954
28.1981
28.3833
28.7817
29.516
30.6225
32.0764
34.0083
36.5186
39.5212
42.8964
46.5119
50.1999
53.7303
56.8397
59.5795
61.6956
63.4417
64.8789
65.8827
66.6
67.0934
67.1143
66.7504
66.3383
65.5689
64.6005
63.6398
62.7666
61.7392
60.757
60.1857
59.787
59.6211
59.7049
59.7638
60.1993
60.5872
61.0655
61.6921
62.133
62.9407
63.2965
63.8023
64.1082
64.3962
64.4904
64.5108
64.1476
63.1511
62.0872
42.7617
42.6701
42.5928
42.5288
42.4944
42.4754
42.4598
42.4404
42.419
42.4035
42.3926
42.3846
42.3317
42.2383
42.1149
41.984
41.8888
41.8852
41.9675
42.1202
42.3042
42.4888
42.6672
42.8399
42.9965
43.1272
43.2029
43.1764
43.0054
42.6674
42.1947
41.6782
41.2083
40.8542
40.6172
40.4984
40.5183
40.6473
40.8076
40.9552
41.0823
41.2163
41.3759
41.4876
41.5015
41.4309
41.3022
41.1636
41.0363
40.9496
40.9314
40.9751
41.1371
41.4246
41.8162
42.3091
42.8725
43.4578
44.0216
44.49
44.7647
44.7936
44.5374
43.9888
43.1708
42.1979
41.2131
40.2452
39.3229
38.4618
37.6499
36.93
36.336
35.9153
35.6838
35.6621
35.8523
36.1763
36.562
36.9672
37.3304
37.5667
37.7046
37.7654
37.7186
37.5804
37.3515
37.0519
36.677
36.3065
35.9383
35.5974
35.3006
35.1981
35.1068
35.1309
35.366
35.6647
36.0896
36.5903
37.2244
37.8896
38.6052
39.3727
40.1034
40.7993
41.3843
41.8097
42.0109
41.84
41.3176
40.4032
39.235
37.9888
36.7319
35.6706
34.8745
34.3121
34.1873
34.2818
34.433
34.8184
35.0816
35.407
35.6708
35.6133
35.6355
35.3762
35.024
34.853
34.4773
34.3514
34.2559
34.0017
34.0308
33.8856
33.6307
33.5078
33.2488
32.8768
32.5316
32.0825
31.6117
31.1612
30.7134
30.2143
29.7806
29.5527
29.2631
29.0893
29.1606
29.3327
29.7745
30.4875
31.5568
33.0234
34.9357
37.4268
40.2455
43.4783
46.9208
50.3645
53.5915
56.5071
59.0354
61.058
62.6932
64.038
64.9646
65.5211
65.8594
65.5373
65.0912
64.2211
63.17
61.8898
60.7367
59.4824
58.2289
56.8762
55.9666
55.4041
55.2501
55.213
55.6373
56.4311
56.7827
57.6185
58.3141
58.9726
59.5984
59.9096
60.4872
60.6515
60.4955
60.0205
59.3226
57.6983
55.3558
52.4976
42.6249
42.6368
42.5884
42.5161
42.4814
42.4683
42.4563
42.4419
42.4207
42.4086
42.3973
42.3798
42.3291
42.236
42.1171
41.9932
41.9042
41.8993
41.9745
42.1182
42.2949
42.4778
42.6589
42.8273
42.9836
43.1108
43.1774
43.149
42.9798
42.6687
42.2405
41.755
41.3062
40.9609
40.7283
40.598
40.5888
40.6925
40.8348
40.9755
41.1008
41.2119
41.3445
41.444
41.4573
41.3878
41.26
41.1252
41.0117
40.9228
40.9172
40.9985
41.1839
41.4894
41.8945
42.3855
42.9402
43.5161
44.0646
44.5116
44.7786
44.8051
44.5487
44.0314
43.2703
42.3518
41.3835
40.4329
39.5054
38.6504
37.853
37.1499
36.5665
36.138
35.8879
35.8091
35.9274
36.1615
36.4796
36.7976
37.0839
37.3
37.4356
37.4662
37.4234
37.3307
37.1285
36.9023
36.5748
36.2636
35.9604
35.6782
35.4658
35.3675
35.3612
35.3961
35.6209
35.9524
36.3602
36.8455
37.4375
38.0858
38.7472
39.4779
40.1871
40.7939
41.3727
41.7502
41.9145
41.7885
41.3119
40.5079
39.4404
38.2873
37.1397
36.0875
35.287
34.6381
34.372
34.3435
34.3375
34.6359
34.7563
34.968
35.3029
35.2131
35.2893
35.1731
34.8633
34.8238
34.5466
34.4209
34.5058
34.3158
34.2766
34.3736
34.1016
33.9623
33.8855
33.5162
33.2444
32.8722
32.4587
32.0986
31.7404
31.2839
30.9316
30.6312
30.4046
30.2203
30.2562
30.3814
30.7683
31.4367
32.4372
33.8714
35.6849
38.0172
40.6981
43.7229
46.9583
50.2115
53.3065
56.1198
58.5424
60.5661
62.1687
63.5152
64.3336
64.7819
64.854
64.413
63.6854
62.5069
61.0355
59.683
58.1179
56.6165
54.9159
53.3025
51.8632
51.0545
50.5837
50.6002
51.1252
52.0298
52.9873
53.9604
54.7166
55.6929
56.2322
56.5695
56.8465
56.7093
56.1045
55.1261
53.1388
50.0132
45.6482
33.4563
-84.7335
-34.0716
-35.8641
-19.0564
-15.3412
-8.9906
-12.8943
-23.8811
-40.1252
-46.8367
-38.6321
-21.8501
-9.26722
-2.20176
0.739344
1.52608
1.63154
1.8945
1.58549
0.454622
-66.4543
-35.0047
-36.7047
-19.3404
-15.0128
-8.61492
-12.495
-23.9387
-40.6732
-47.7776
-39.5442
-22.0783
-9.25624
-2.20378
0.743845
1.5033
1.59025
1.89803
1.63305
0.465557
-52.5939
-35.6999
-37.4722
-19.9568
-14.445
-7.63323
-11.822
-23.9031
-41.5854
-49.1635
-40.7097
-22.4212
-9.25504
-2.25379
0.650568
1.37901
1.45738
1.85932
1.6678
0.469038
-40.9847
-35.3647
-37.0304
-20.3332
-13.5855
-6.77723
-10.9894
-23.9693
-42.4377
-50.5416
-41.8152
-22.8903
-9.3298
-2.42811
0.404306
1.11673
1.20576
1.7219
1.64253
0.45371
-30.6779
-32.8975
-35.0383
-20.2692
-12.4797
-6.03928
-10.2181
-23.9829
-43.1259
-52.1032
-42.7563
-23.3533
-9.60931
-2.86313
-0.0836075
0.657556
0.815927
1.45137
1.51292
0.41232
-21.3744
-28.2113
-31.3471
-19.142
-11.1291
-5.49798
-9.68447
-23.9438
-43.4597
-52.6592
-43.3338
-23.7615
-10.1389
-3.67882
-0.889848
-0.0621757
0.257019
1.03093
1.25088
0.34053
-12.7405
-21.9992
-26.1403
-17.0233
-9.71343
-5.19128
-9.44287
-23.8805
-43.3131
-52.4222
-43.3257
-24.1219
-10.9045
-4.88667
-2.04256
-1.06328
-0.505023
0.437528
0.846123
0.243234
-4.84546
-15.2119
-19.8796
-14.2557
-8.47613
-5.10543
-9.49146
-23.7637
-42.5633
-51.2113
-42.5189
-24.4215
-11.8873
-6.39052
-3.49107
-2.30668
-1.45864
-0.314118
0.317761
0.122117
2.20294
-8.28275
-13.053
-11.1034
-7.41242
-5.14773
-9.78677
-23.4887
-41.0194
-48.9805
-40.885
-24.6077
-13.0777
-8.0128
-5.08251
-3.65895
-2.50071
-1.27537
-0.261894
-0.0125518
8.25157
-1.61997
-6.26218
-7.70203
-6.45088
-5.26523
-10.252
-22.8682
-38.3806
-45.6529
-38.561
-24.632
-14.4447
-9.65767
-6.68574
-4.99343
-3.52296
-2.05976
-0.788282
-0.128384
13.3843
4.48815
0.261088
-3.99864
-5.3788
-5.45869
-10.8493
-21.7506
-34.5923
-41.4097
-35.8422
-24.5841
-15.9208
-11.2824
-8.258
-6.29458
-4.51387
-2.77982
-1.2339
-0.210434
17.582
10.1873
6.57872
0.0156476
-4.14867
-5.79751
-11.5046
-20.1437
-30.1037
-36.7155
-33.0293
-24.5401
-17.423
-12.8471
-9.77177
-7.57163
-5.48625
-3.47605
-1.61587
-0.266822
20.9584
15.6315
12.4324
3.82321
-2.7144
-6.18866
-12.1083
-18.3112
-25.5565
-32.1233
-30.3899
-24.5289
-18.8681
-14.2918
-11.2023
-8.84035
-6.43104
-4.15383
-1.95718
-0.298358
23.3268
20.365
17.3164
7.21316
-1.18944
-6.51235
-12.4682
-16.4938
-21.6163
-28.1009
-28.0746
-24.5013
-20.1928
-15.6074
-12.5072
-10.0461
-7.31939
-4.80698
-2.2518
-0.290488
24.836
24.1134
21.0813
10.1154
0.211395
-6.78093
-12.5995
-14.9191
-18.6543
-24.8213
-26.1092
-24.3969
-21.303
-16.7541
-13.6145
-11.0714
-8.07962
-5.36442
-2.45779
-0.241326
25.5557
26.9075
23.8242
12.3714
1.27663
-7.05406
-12.6599
-13.7001
-16.2984
-22.1957
-24.4982
-24.2123
-22.086
-17.656
-14.4326
-11.8014
-8.63944
-5.75094
-2.53484
-0.175288
25.94
28.9007
25.6926
13.9268
2.02079
-7.32013
-12.7303
-12.8271
-14.5396
-20.2194
-23.29
-23.9768
-22.4782
-18.2304
-14.941
-12.2025
-8.96319
-5.92669
-2.51949
-0.137612
27.0771
30.6405
27.1241
14.982
2.55958
-7.44624
-12.7027
-12.2715
-13.5736
-19.0336
-22.5285
-23.7126
-22.5236
-18.4842
-15.1778
-12.3459
-9.08714
-5.95706
-2.47954
-0.144357
28.5595
31.9882
27.9897
15.5851
2.86827
-7.39802
-12.5566
-12.0589
-13.3581
-18.5692
-22.163
-23.4921
-22.3799
-18.5311
-15.2615
-12.3564
-9.09909
-5.92264
-2.44849
-0.171346
28.8413
32.5005
28.0609
15.5767
2.94362
-7.30364
-12.4002
-12.0697
-13.536
-18.5177
-22.0582
-23.3955
-22.2797
-18.5157
-15.3048
-12.3414
-9.0848
-5.88912
-2.42776
-0.189098
)
;

boundaryField
{
    inlet
    {
        type            zeroGradient;
    }
    outlet
    {
        type            fixedValue;
        value           uniform 0;
    }
    walls
    {
        type            zeroGradient;
    }
    frontAndBack
    {
        type            empty;
    }
}


// ************************************************************************* //
