/*--------------------------------*- C++ -*----------------------------------*\
| =========                 |                                                 |
| \\      /  F ield         | OpenFOAM: The Open Source CFD Toolbox           |
|  \\    /   O peration     | Version:  2.4.0                                 |
|   \\  /    A nd           | Web:      www.OpenFOAM.org                      |
|    \\/     M anipulation  |                                                 |
\*---------------------------------------------------------------------------*/
FoamFile
{
    version     2.0;
    format      ascii;
    class       volScalarField;
    location    "74";
    object      p;
}
// * * * * * * * * * * * * * * * * * * * * * * * * * * * * * * * * * * * * * //

dimensions      [0 2 -2 0 0 0 0];

internalField   nonuniform List<scalar> 
4400
(
-0.103542
-0.113405
-0.117466
-0.10016
-0.10845
-0.118057
-0.109941
-0.117057
-0.112768
-0.110109
-0.121381
-0.112457
-0.117453
-0.119136
-0.1138
-0.124148
-0.117036
-0.120389
-0.125995
-0.121106
-0.103412
-0.113404
-0.118044
-0.0999942
-0.108211
-0.118485
-0.109786
-0.117097
-0.112932
-0.109591
-0.121651
-0.112509
-0.117347
-0.119455
-0.113516
-0.124306
-0.117146
-0.120142
-0.126474
-0.120625
-0.103236
-0.113474
-0.118652
-0.0996606
-0.108049
-0.119097
-0.109468
-0.117279
-0.113084
-0.109118
-0.12209
-0.112453
-0.117289
-0.119785
-0.113118
-0.124659
-0.117141
-0.119861
-0.126814
-0.120059
-0.103118
-0.113555
-0.119127
-0.0993559
-0.108082
-0.119528
-0.109093
-0.11751
-0.113153
-0.108766
-0.122452
-0.11231
-0.117324
-0.120058
-0.112755
-0.125027
-0.116949
-0.119741
-0.126965
-0.119321
-0.10315
-0.113609
-0.119348
-0.0993164
-0.108414
-0.119625
-0.108745
-0.11769
-0.113197
-0.108745
-0.122595
-0.112178
-0.117421
-0.12027
-0.112577
-0.125335
-0.116703
-0.119832
-0.126862
-0.118443
-0.103408
-0.113617
-0.119304
-0.0998217
-0.109106
-0.119498
-0.108603
-0.117742
-0.113372
-0.109218
-0.122473
-0.112234
-0.11755
-0.12055
-0.1128
-0.125504
-0.116624
-0.120074
-0.126695
-0.11766
-0.103991
-0.113507
-0.118813
-0.101131
-0.110155
-0.119163
-0.108901
-0.117524
-0.113802
-0.110284
-0.122008
-0.112649
-0.117679
-0.120937
-0.11355
-0.125314
-0.116903
-0.120452
-0.12655
-0.117305
-0.104963
-0.113159
-0.117635
-0.103383
-0.111447
-0.118472
-0.10974
-0.116882
-0.11447
-0.111923
-0.121069
-0.113502
-0.117756
-0.121286
-0.114833
-0.124526
-0.117611
-0.120957
-0.126282
-0.117615
-0.106279
-0.11247
-0.115664
-0.106507
-0.112779
-0.117229
-0.111089
-0.115763
-0.115254
-0.113949
-0.119572
-0.11477
-0.117692
-0.12133
-0.116522
-0.12311
-0.118682
-0.12151
-0.125655
-0.118536
-0.107795
-0.111419
-0.11302
-0.110215
-0.113899
-0.11531
-0.11277
-0.114243
-0.115948
-0.116037
-0.117558
-0.116307
-0.117421
-0.120853
-0.118379
-0.121227
-0.119913
-0.121975
-0.12449
-0.119918
-0.109317
-0.110081
-0.110032
-0.114061
-0.114578
-0.112783
-0.114487
-0.112498
-0.116359
-0.11782
-0.115251
-0.117875
-0.116921
-0.119856
-0.120109
-0.119093
-0.121053
-0.122228
-0.122802
-0.121494
-0.110672
-0.108622
-0.107103
-0.117564
-0.11474
-0.109961
-0.115911
-0.110797
-0.116443
-0.119015
-0.112963
-0.119227
-0.116276
-0.118547
-0.121454
-0.117072
-0.121934
-0.122205
-0.120832
-0.122952
-0.111744
-0.107262
-0.104572
-0.120339
-0.114531
-0.107255
-0.116796
-0.109429
-0.116294
-0.119578
-0.110981
-0.120197
-0.115678
-0.11721
-0.122288
-0.115469
-0.12252
-0.121963
-0.118916
-0.124071
-0.112486
-0.106207
-0.102655
-0.122202
-0.114196
-0.105038
-0.117098
-0.108564
-0.116065
-0.119699
-0.109517
-0.120722
-0.115293
-0.116096
-0.122655
-0.114395
-0.122824
-0.121686
-0.117342
-0.124775
-0.112901
-0.10558
-0.101458
-0.123185
-0.113924
-0.103538
-0.116989
-0.108215
-0.11587
-0.119628
-0.108671
-0.120856
-0.115172
-0.115343
-0.122714
-0.113825
-0.122895
-0.121521
-0.116263
-0.125086
-0.113052
-0.105368
-0.100948
-0.123487
-0.113785
-0.102792
-0.116699
-0.108272
-0.115744
-0.119512
-0.108394
-0.12073
-0.115262
-0.114956
-0.12262
-0.11372
-0.122798
-0.121495
-0.115707
-0.125141
-0.113013
-0.105391
-0.100985
-0.123303
-0.113684
-0.102689
-0.116269
-0.108509
-0.115674
-0.119327
-0.108558
-0.120457
-0.115412
-0.114865
-0.122429
-0.11387
-0.122615
-0.121495
-0.115589
-0.124911
-0.11286
-0.105463
-0.10139
-0.122801
-0.113429
-0.103053
-0.115774
-0.108721
-0.115654
-0.118979
-0.108959
-0.120132
-0.115463
-0.11499
-0.122096
-0.114145
-0.122421
-0.121387
-0.115773
-0.124561
-0.112677
-0.105481
-0.101937
-0.122227
-0.113014
-0.103619
-0.115318
-0.108818
-0.11569
-0.118537
-0.109419
-0.119857
-0.115378
-0.115229
-0.121701
-0.114415
-0.122286
-0.12117
-0.116092
-0.124208
-0.112565
-0.105433
-0.102472
-0.121925
-0.112634
-0.104096
-0.115095
-0.108796
-0.115776
-0.118099
-0.109726
-0.119763
-0.115236
-0.115483
-0.121414
-0.114555
-0.122274
-0.120936
-0.116409
-0.124013
-0.125753
-0.122877
-0.11735
-0.126077
-0.118852
-0.140038
-0.14911
-0.147697
-0.161868
-0.132253
-0.145838
-0.147148
-0.133179
-0.124871
-0.111724
-0.134351
-0.154774
-0.122055
-0.0934365
-0.120719
-0.126578
-0.0886926
-0.0748974
-0.116234
-0.168281
-0.191741
-0.182447
-0.138463
-0.109731
-0.0766356
-0.0182914
-0.0791011
-0.168652
-0.179589
-0.152886
-0.106103
-0.0429504
-0.0073089
-0.0183824
-0.0453594
-0.0753484
-0.105938
-0.107391
-0.0725982
-0.0343012
-0.012126
-0.00924108
-0.0187017
-0.0292929
-0.0306703
-0.015503
7.53596e-05
0.000949873
-0.0162373
-0.0340135
-0.0341187
-0.0183238
-0.00842355
-0.0120293
-0.0167639
-0.0123496
-0.00263114
0.00185262
0.000252429
-0.00112361
-0.0030442
-0.00898921
-0.0131864
-0.0103219
-0.00520444
-0.00276268
-0.00248742
-0.00255408
-0.00229531
-0.0015875
-0.000569516
0.000484605
0.00143438
0.00228523
0.00304303
0.00367316
0.00413939
0.00442877
0.00455261
0.00453853
0.00442015
0.00422859
0.00398833
0.00371664
0.00342495
0.00312048
0.00280763
0.00248905
0.00216625
0.00184012
0.00151113
0.00117953
0.000845448
0.000508949
0.000170049
-0.12589
-0.123119
-0.115818
-0.126426
-0.118419
-0.13905
-0.15109
-0.146944
-0.16251
-0.133113
-0.142868
-0.146648
-0.133939
-0.126743
-0.112151
-0.131384
-0.153261
-0.122625
-0.0919601
-0.109734
-0.110521
-0.0769467
-0.0700497
-0.115715
-0.171393
-0.197425
-0.18793
-0.142783
-0.112328
-0.0753578
-0.0123471
-0.0819063
-0.174884
-0.186577
-0.15988
-0.11084
-0.0446799
-0.00712911
-0.0162387
-0.0415369
-0.0707129
-0.100806
-0.102841
-0.0703392
-0.0335326
-0.0120826
-0.0105069
-0.0217468
-0.0329837
-0.0337912
-0.0176724
-0.000537576
0.00252082
-0.012649
-0.0291991
-0.0300527
-0.0166393
-0.00938451
-0.0145888
-0.0196566
-0.0143017
-0.00278517
0.00359034
0.00269706
0.000482059
-0.003228
-0.0107869
-0.015267
-0.0113361
-0.00493691
-0.00175372
-0.0013897
-0.00172777
-0.00185833
-0.00150142
-0.00070558
0.000269526
0.00124154
0.00215806
0.00298023
0.00365292
0.00413894
0.00443379
0.00455692
0.00454076
0.00442076
0.00422837
0.0039878
0.0037161
0.00342451
0.00312017
0.00280742
0.00248891
0.00216616
0.00184008
0.00151109
0.00117952
0.000845435
0.000508948
0.000170047
-0.126038
-0.123244
-0.11475
-0.126844
-0.118591
-0.137589
-0.152896
-0.14571
-0.161426
-0.134566
-0.139452
-0.145519
-0.134761
-0.128143
-0.113426
-0.128773
-0.150315
-0.122896
-0.0910485
-0.0991523
-0.094879
-0.0655758
-0.064879
-0.11332
-0.1715
-0.200888
-0.192409
-0.147601
-0.116089
-0.0754798
-0.00742638
-0.0859208
-0.181327
-0.193254
-0.165938
-0.114444
-0.0457147
-0.00640072
-0.0133584
-0.0371052
-0.0656087
-0.0950728
-0.0976393
-0.0676669
-0.032545
-0.0117932
-0.0115038
-0.0244806
-0.0363404
-0.036653
-0.0195287
-0.000770881
0.00432983
-0.00889412
-0.024244
-0.0258651
-0.0147677
-0.0101308
-0.0168834
-0.0222774
-0.0160478
-0.00282169
0.00534658
0.00510332
0.00207016
-0.00334906
-0.0124251
-0.0171916
-0.0122625
-0.00464235
-0.000728426
-0.000268581
-0.000882444
-0.00141533
-0.00141872
-0.000846848
5.18009e-05
0.00104869
0.00203203
0.00291859
0.00363343
0.00413912
0.00443941
0.00456181
0.00454351
0.00442181
0.00422848
0.00398752
0.00371574
0.00342419
0.00311992
0.00280724
0.0024888
0.00216609
0.00184003
0.00151107
0.0011795
0.000845427
0.000508943
0.000170046
-0.12609
-0.122858
-0.114092
-0.127218
-0.119058
-0.135744
-0.154015
-0.143923
-0.158591
-0.136421
-0.136268
-0.143749
-0.135414
-0.128977
-0.115376
-0.126874
-0.146349
-0.122705
-0.0906177
-0.0894461
-0.0802907
-0.0550463
-0.0597698
-0.10981
-0.169253
-0.202191
-0.195713
-0.152511
-0.12051
-0.0766843
-0.00403517
-0.0901956
-0.187518
-0.199591
-0.171114
-0.11695
-0.0460072
-0.00505702
-0.00971649
-0.0321071
-0.0601139
-0.0888173
-0.091883
-0.0646366
-0.0313753
-0.0112834
-0.0122262
-0.0268855
-0.039339
-0.039217
-0.021027
-0.000626369
0.00633373
-0.00502041
-0.0192312
-0.0216234
-0.012745
-0.0106546
-0.0188879
-0.024599
-0.0175633
-0.00273711
0.0070876
0.00749013
0.00361205
-0.0034082
-0.0138816
-0.0189259
-0.0130819
-0.00432426
0.000293891
0.000853738
-3.4965e-05
-0.000976039
-0.0013426
-0.000992082
-0.00016518
0.000859433
0.00190977
0.00285948
0.00361527
0.0041401
0.00444564
0.00456725
0.00454676
0.00442329
0.00422893
0.0039875
0.00371556
0.00342399
0.00311975
0.00280712
0.00248871
0.00216603
0.00183999
0.00151105
0.00117949
0.000845421
0.00050894
0.000170045
-0.126163
-0.122238
-0.114235
-0.127518
-0.11959
-0.133602
-0.153825
-0.142383
-0.154591
-0.138243
-0.13379
-0.141523
-0.13568
-0.12925
-0.117746
-0.125799
-0.141846
-0.122024
-0.090559
-0.0809497
-0.0672149
-0.045745
-0.0550499
-0.105881
-0.165677
-0.201735
-0.197685
-0.157074
-0.125024
-0.0783843
-0.00254786
-0.0938844
-0.192703
-0.205292
-0.17535
-0.11842
-0.0455375
-0.00304903
-0.00532487
-0.02661
-0.0543049
-0.0821187
-0.0856849
-0.0613173
-0.0300698
-0.0105876
-0.0126755
-0.0289493
-0.041965
-0.0414463
-0.0221301
-0.000120444
0.00848995
-0.00107818
-0.0142361
-0.0173872
-0.0106099
-0.0109537
-0.0205847
-0.0266011
-0.0188276
-0.00253046
0.00877663
0.00965828
0.00508133
-0.00340629
-0.0151391
-0.0204427
-0.0137779
-0.0039859
0.00129471
0.0019559
0.000797717
-0.000549978
-0.0012759
-0.00113978
-0.00037796
0.000677391
0.00179365
0.00280433
0.00359913
0.00414207
0.0044525
0.00457322
0.00455049
0.00442518
0.0042297
0.00398772
0.00371554
0.0034239
0.00311965
0.00280703
0.00248865
0.00216599
0.00183997
0.00151103
0.00117948
0.000845415
0.000508937
0.000170044
-0.126257
-0.121721
-0.114367
-0.127581
-0.120194
-0.131335
-0.152115
-0.140931
-0.150159
-0.139544
-0.13218
-0.139171
-0.13544
-0.129028
-0.120273
-0.125497
-0.137257
-0.120951
-0.0907847
-0.0738725
-0.0559998
-0.0379608
-0.0509287
-0.101928
-0.161588
-0.200119
-0.198449
-0.161012
-0.129153
-0.0801806
-0.00302227
-0.0971168
-0.196662
-0.21004
-0.178496
-0.118901
-0.0443022
-0.000346219
-0.000219276
-0.0207018
-0.0482533
-0.0750578
-0.0791616
-0.0577854
-0.0286843
-0.00974965
-0.0128612
-0.030664
-0.0442119
-0.0433098
-0.0228128
0.000719363
0.0107538
0.00288663
-0.00921524
-0.0132122
-0.00840343
-0.0110309
-0.0219641
-0.0282709
-0.0198254
-0.0022041
0.0103805
0.0116476
0.00645665
-0.00334538
-0.0161861
-0.0217216
-0.014338
-0.00363063
0.00225723
0.0030178
0.00159916
-0.000146013
-0.00122087
-0.00128812
-0.000583089
0.000505977
0.00168644
0.00275446
0.00358562
0.00414525
0.00446001
0.00457969
0.00455466
0.00442746
0.00423079
0.00398817
0.00371568
0.00342391
0.00311961
0.00280699
0.00248861
0.00216596
0.00183995
0.00151102
0.00117947
0.000845411
0.000508934
0.000170043
-0.126195
-0.121373
-0.114729
-0.127302
-0.12082
-0.129116
-0.149013
-0.139566
-0.145926
-0.140032
-0.131346
-0.136983
-0.134654
-0.128393
-0.12276
-0.125826
-0.132968
-0.119659
-0.0912239
-0.0683369
-0.0469054
-0.0318664
-0.0475199
-0.0980843
-0.15726
-0.197765
-0.198321
-0.164274
-0.132588
-0.0820512
-0.00547391
-0.100259
-0.199572
-0.213674
-0.18038
-0.118436
-0.0423088
0.00305939
0.00552318
-0.0144913
-0.0420354
-0.0676564
-0.0724243
-0.0541195
-0.0272843
-0.00882355
-0.0128026
-0.0320261
-0.0460799
-0.044782
-0.0230622
0.00185315
0.0130845
0.00682915
-0.00448894
-0.00915679
-0.00616867
-0.0108959
-0.023023
-0.0296017
-0.020546
-0.00176288
0.0118692
0.0134328
0.0077204
-0.00322807
-0.0170171
-0.0227502
-0.014754
-0.00326201
0.00316674
0.00402108
0.00235429
0.000228139
-0.00117889
-0.00143492
-0.00077715
0.000348208
0.00159016
0.00271109
0.00357528
0.00414978
0.00446816
0.00458658
0.00455919
0.00443004
0.00423212
0.0039888
0.00371596
0.00342401
0.00311964
0.00280698
0.00248859
0.00216595
0.00183993
0.00151101
0.00117946
0.000845408
0.000508932
0.000170043
-0.125778
-0.12116
-0.115362
-0.126445
-0.121363
-0.127128
-0.144874
-0.138156
-0.142219
-0.139675
-0.1311
-0.135152
-0.133388
-0.127442
-0.125082
-0.126625
-0.129263
-0.118324
-0.0918321
-0.0643816
-0.0400996
-0.0275367
-0.0449028
-0.0943812
-0.152605
-0.194759
-0.197507
-0.16688
-0.135138
-0.0840029
-0.00978764
-0.103287
-0.201496
-0.216213
-0.180881
-0.117076
-0.0395817
0.00715096
0.0118014
-0.00809116
-0.0357308
-0.0600273
-0.065583
-0.0504005
-0.0259381
-0.00787371
-0.0125311
-0.033038
-0.0475724
-0.0458426
-0.0228794
0.00322981
0.0154486
0.0107085
-3.30211e-05
-0.00527425
-0.00395076
-0.0105662
-0.023764
-0.0305916
-0.0209833
-0.00121497
0.0132147
0.014993
0.00885972
-0.00305696
-0.0176325
-0.0235237
-0.0150223
-0.00288373
0.00401073
0.00494972
0.00304997
0.000566275
-0.00115034
-0.00157758
-0.000956831
0.000206662
0.00150638
0.00267511
0.00356842
0.00415568
0.00447684
0.00459375
0.00456394
0.00443282
0.00423363
0.00398957
0.00371633
0.00342418
0.00311971
0.002807
0.00248859
0.00216594
0.00183993
0.001511
0.00117946
0.000845406
0.000508931
0.000170043
-0.12495
-0.12098
-0.116261
-0.125038
-0.121701
-0.125473
-0.140113
-0.13654
-0.139159
-0.138642
-0.131195
-0.13374
-0.131771
-0.12628
-0.127166
-0.127751
-0.126321
-0.117104
-0.0925984
-0.0619334
-0.0356163
-0.0249496
-0.043126
-0.0908399
-0.147614
-0.191069
-0.196009
-0.168744
-0.136673
-0.0858935
-0.0156537
-0.106243
-0.202414
-0.217711
-0.17998
-0.11491
-0.0361579
0.0118904
0.0184791
-0.00163222
-0.0294152
-0.0523917
-0.0587477
-0.0467161
-0.0247112
-0.00697073
-0.012092
-0.0337107
-0.048694
-0.0464765
-0.0222802
0.00479015
0.0178182
0.0144827
0.00409393
-0.00161351
-0.00179626
-0.0100669
-0.0241965
-0.0312432
-0.0211371
-0.000573476
0.0143944
0.0163155
0.00986603
-0.00283573
-0.0180372
-0.024045
-0.0151445
-0.0024998
0.00477928
0.00579043
0.0036753
0.000864065
-0.00113442
-0.00171306
-0.00111907
8.33908e-05
0.00143618
0.00264697
0.00356509
0.00416281
0.00448583
0.00460097
0.00456873
0.00443565
0.00423518
0.00399038
0.00371674
0.00342438
0.00311979
0.00280704
0.00248861
0.00216594
0.00183992
0.001511
0.00117946
0.000845405
0.000508931
0.000170042
-0.123785
-0.120688
-0.117344
-0.123209
-0.121728
-0.124145
-0.13514
-0.134625
-0.136708
-0.137186
-0.131394
-0.132691
-0.129982
-0.125024
-0.128948
-0.129077
-0.124215
-0.116111
-0.0935398
-0.0608389
-0.0333015
-0.0239746
-0.042201
-0.0875622
-0.142503
-0.186613
-0.193725
-0.169668
-0.137084
-0.0873876
-0.0226556
-0.109214
-0.202315
-0.218233
-0.177811
-0.112065
-0.0320971
0.0172059
0.025397
0.00475387
-0.023141
-0.044797
-0.0520236
-0.0431638
-0.0236637
-0.00618357
-0.0115428
-0.0340607
-0.0494463
-0.0466726
-0.0212932
0.00646849
0.0201705
0.0180988
0.00784141
0.00177955
0.000246912
-0.00942961
-0.0243391
-0.0315639
-0.0210139
0.000143615
0.015392
0.0173959
0.0107351
-0.00256987
-0.0182412
-0.0243248
-0.0151273
-0.00211491
0.00546536
0.00653265
0.00422211
0.00111938
-0.00112909
-0.0018378
-0.00126113
-2.02231e-05
0.00137995
0.00262656
0.00356499
0.00417081
0.00449477
0.00460794
0.00457328
0.00443831
0.00423664
0.00399114
0.00371712
0.00342456
0.00311988
0.00280708
0.00248862
0.00216595
0.00183992
0.001511
0.00117946
0.000845404
0.00050893
0.000170043
-0.122413
-0.120171
-0.118476
-0.121115
-0.121393
-0.123074
-0.130317
-0.132418
-0.134744
-0.13557
-0.131535
-0.131896
-0.128203
-0.123785
-0.13035
-0.130467
-0.12292
-0.115418
-0.0946623
-0.0608999
-0.0328437
-0.0243912
-0.042088
-0.084732
-0.137396
-0.181457
-0.190503
-0.169445
-0.136239
-0.088441
-0.0308052
-0.111285
-0.200884
-0.217559
-0.174635
-0.108679
-0.027479
0.0230041
0.0323798
0.0109421
-0.0169538
-0.0373723
-0.0455083
-0.0398478
-0.0228472
-0.00557504
-0.010945
-0.0341053
-0.0498207
-0.0464255
-0.0199617
0.0081999
0.0224836
0.0214895
0.0111759
0.00486061
0.00213115
-0.0086934
-0.0242204
-0.0315664
-0.0206296
0.000912809
0.0161989
0.0182383
0.0114663
-0.00226676
-0.0182612
-0.024382
-0.0149833
-0.00173405
0.00606483
0.00716829
0.0046853
0.00133253
-0.00113095
-0.00194786
-0.00138073
-0.000103647
0.00133733
0.00261319
0.00356747
0.00417912
0.0045032
0.00461427
0.0045773
0.00444061
0.00423785
0.00399176
0.00371742
0.0034247
0.00311995
0.0028071
0.00248863
0.00216595
0.00183992
0.001511
0.00117946
0.000845404
0.00050893
0.000170043
-0.121015
-0.119406
-0.119504
-0.118981
-0.120714
-0.122174
-0.125934
-0.13002
-0.133148
-0.134011
-0.131541
-0.131249
-0.126592
-0.122678
-0.13129
-0.131726
-0.122315
-0.115043
-0.0958714
-0.0618487
-0.0338017
-0.0259045
-0.0426791
-0.0824467
-0.132372
-0.175715
-0.186372
-0.16786
-0.134026
-0.0888955
-0.0398649
-0.111369
-0.197406
-0.215175
-0.170785
-0.104877
-0.0224115
0.0291546
0.0392134
0.0168238
-0.0108959
-0.0302798
-0.0392935
-0.0368616
-0.0222961
-0.00519967
-0.0103575
-0.0338587
-0.0497939
-0.0457392
-0.0183474
0.00992635
0.0247333
0.0245755
0.0140828
0.00758783
0.00381228
-0.0079054
-0.023877
-0.0312676
-0.0200136
0.00170451
0.0168147
0.0188558
0.0120625
-0.00193572
-0.0181203
-0.0242454
-0.0147311
-0.00136215
0.00657557
0.00769168
0.00506357
0.00150622
-0.00113547
-0.00203914
-0.00147623
-0.000167245
0.00130713
0.00260567
0.00357155
0.00418699
0.00451055
0.00461954
0.0045805
0.00444234
0.00423871
0.00399215
0.00371759
0.00342477
0.00311997
0.00280711
0.00248863
0.00216595
0.00183992
0.001511
0.00117946
0.000845404
0.000508929
0.000170043
-0.11979
-0.118491
-0.120296
-0.117079
-0.119781
-0.12137
-0.122178
-0.127592
-0.131823
-0.132645
-0.131395
-0.130682
-0.125273
-0.12181
-0.131713
-0.132615
-0.122224
-0.114948
-0.0969353
-0.0630317
-0.0355304
-0.0281724
-0.0438002
-0.0807105
-0.127582
-0.169605
-0.181426
-0.164844
-0.130591
-0.0886523
-0.0492785
-0.109104
-0.191583
-0.210603
-0.166483
-0.100746
-0.0170372
0.0355109
0.0456919
0.0223122
-0.00501639
-0.0236977
-0.0334742
-0.0342682
-0.0220072
-0.00509696
-0.00984499
-0.0333294
-0.0493324
-0.044636
-0.0165352
0.0115983
0.026894
0.0272675
0.016563
0.00992296
0.00525184
-0.00711793
-0.0233557
-0.0306929
-0.0192134
0.00248419
0.0172493
0.0192693
0.0125298
-0.0015883
-0.017848
-0.0239531
-0.0143943
-0.00100378
0.0069963
0.00810023
0.00535993
0.0016449
-0.0011374
-0.00210799
-0.00154692
-0.000212387
0.00128745
0.00260234
0.00357605
0.00419361
0.00451628
0.0046234
0.00458267
0.00444338
0.00423913
0.00399229
0.00371761
0.00342476
0.00311995
0.0028071
0.00248862
0.00216594
0.00183992
0.001511
0.00117945
0.000845403
0.000508929
0.000170043
-0.118879
-0.117587
-0.120804
-0.115585
-0.118732
-0.120663
-0.119154
-0.125297
-0.130697
-0.131533
-0.13112
-0.130159
-0.12432
-0.121249
-0.131663
-0.132995
-0.122454
-0.114977
-0.0976763
-0.0640893
-0.0375576
-0.0308396
-0.0452323
-0.0795509
-0.123159
-0.163377
-0.175869
-0.160538
-0.126114
-0.0876681
-0.0582529
-0.10527
-0.183907
-0.203964
-0.161963
-0.0963458
-0.0115232
0.0418983
0.051581
0.0273213
0.0006041
-0.0177741
-0.0281583
-0.0320962
-0.0219247
-0.00527366
-0.00948616
-0.0325356
-0.0484125
-0.0431727
-0.014647
0.0131799
0.0289392
0.0294761
0.0186248
0.0118342
0.00642033
-0.00638262
-0.022715
-0.0298522
-0.0182944
0.0032153
0.0175217
0.0195068
0.0128763
-0.00123798
-0.0174785
-0.0235459
-0.0139979
-0.000663151
0.00732487
0.00839602
0.00558086
0.00175401
-0.00113165
-0.00215209
-0.00159283
-0.000241303
0.00127589
0.00260137
0.00357974
0.00419823
0.00451996
0.00462562
0.00458371
0.0044437
0.00423912
0.00399217
0.0037175
0.00342467
0.0031199
0.00280706
0.0024886
0.00216593
0.00183991
0.00151099
0.00117945
0.000845402
0.000508929
0.000170043
-0.118319
-0.116831
-0.121055
-0.114561
-0.117702
-0.120038
-0.11693
-0.1233
-0.129723
-0.130678
-0.130766
-0.129681
-0.123732
-0.120996
-0.131285
-0.132908
-0.122784
-0.114934
-0.097761
-0.0647223
-0.0395274
-0.0335662
-0.0469769
-0.0787226
-0.119215
-0.157333
-0.170053
-0.155356
-0.12088
-0.0861225
-0.0658812
-0.101122
-0.175519
-0.195961
-0.157577
-0.0916722
-0.00607141
0.0481373
0.0567053
0.0318207
0.00581992
-0.01259
-0.0234759
-0.0303476
-0.02195
-0.00568237
-0.00935022
-0.0315539
-0.0470836
-0.0414564
-0.0128485
0.0146509
0.0308337
0.0311362
0.020277
0.013303
0.00730132
-0.00574434
-0.0220226
-0.0288109
-0.0173377
0.00386401
0.0176592
0.0196027
0.0131108
-0.000902305
-0.0170458
-0.0230564
-0.0135643
-0.000346342
0.00755759
0.00858754
0.00573474
0.00183901
-0.00111476
-0.00217138
-0.0016169
-0.000256961
0.00126988
0.00260101
0.00358163
0.00420036
0.00452142
0.00462622
0.00458369
0.00444339
0.00423876
0.00399186
0.00371727
0.00342453
0.00311981
0.00280701
0.00248857
0.00216591
0.0018399
0.00151099
0.00117945
0.000845401
0.000508928
0.000170043
-0.118059
-0.116305
-0.121095
-0.113984
-0.116817
-0.119494
-0.115524
-0.121754
-0.128884
-0.130052
-0.130405
-0.129272
-0.123444
-0.120997
-0.130779
-0.132486
-0.123011
-0.114686
-0.0972963
-0.064809
-0.0411765
-0.0360026
-0.0488427
-0.0781233
-0.115865
-0.151799
-0.164425
-0.149889
-0.115467
-0.0841534
-0.0713441
-0.0973507
-0.167434
-0.187957
-0.153557
-0.0867888
-0.000894114
0.0540457
0.06097
0.0358172
0.0103696
-0.00817414
-0.0195875
-0.028994
-0.021968
-0.00622519
-0.0094497
-0.030575
-0.0455755
-0.0397227
-0.0113147
0.0159872
0.0325104
0.0322484
0.0215257
0.0143333
0.00789495
-0.00523595
-0.021347
-0.0277936
-0.0164302
0.00440394
0.0176954
0.0195958
0.0132433
-0.000604484
-0.0165865
-0.0225102
-0.013121
-6.7943e-05
0.00769407
0.00868956
0.0058303
0.00190409
-0.00108625
-0.00216861
-0.00162315
-0.000262739
0.00126712
0.00260003
0.00358123
0.00419999
0.00452084
0.00462544
0.00458283
0.00444261
0.00423814
0.00399142
0.00371698
0.00342434
0.0031197
0.00280695
0.00248853
0.00216589
0.00183989
0.00151098
0.00117945
0.000845399
0.000508927
0.000170042
-0.117983
-0.116042
-0.12097
-0.113779
-0.116186
-0.119054
-0.114862
-0.12075
-0.128183
-0.129617
-0.130108
-0.128948
-0.123357
-0.121179
-0.130295
-0.13186
-0.123026
-0.114139
-0.0964508
-0.0644685
-0.0423843
-0.0378599
-0.0504248
-0.0778579
-0.113234
-0.147097
-0.159423
-0.144758
-0.11062
-0.0819197
-0.0745376
-0.0940364
-0.159663
-0.180537
-0.149924
-0.0820691
0.00396093
0.0593106
0.0642625
0.0392695
0.0139537
-0.00458103
-0.0166663
-0.0279794
-0.0218868
-0.00680805
-0.00970581
-0.0297966
-0.0442499
-0.0382267
-0.0101042
0.0171755
0.0338355
0.0329067
0.0223749
0.0149591
0.00822218
-0.00487517
-0.0207464
-0.0270031
-0.0156497
0.00481952
0.0176673
0.0195245
0.0132862
-0.000369973
-0.0161474
-0.0219632
-0.0127167
0.00014908
0.00774411
0.00872006
0.00587683
0.00195154
-0.00104968
-0.0021495
-0.00161634
-0.000261818
0.00126609
0.002598
0.00357879
0.00419762
0.00451877
0.00462372
0.00458147
0.00444159
0.00423741
0.00399093
0.00371667
0.00342415
0.00311958
0.00280688
0.0024885
0.00216587
0.00183988
0.00151098
0.00117944
0.000845398
0.000508926
0.000170042
-0.117957
-0.116029
-0.120702
-0.113797
-0.115858
-0.118723
-0.114766
-0.120272
-0.127653
-0.129348
-0.129911
-0.128717
-0.123385
-0.121451
-0.129935
-0.131166
-0.122735
-0.113479
-0.0955193
-0.0639581
-0.0431476
-0.0391384
-0.0515912
-0.0778093
-0.111436
-0.14358
-0.155555
-0.140892
-0.107005
-0.079931
-0.0758667
-0.0912826
-0.152049
-0.173818
-0.146434
-0.0777648
0.00820694
0.0634588
0.0666901
0.0420277
0.0164379
-0.00198821
-0.0148145
-0.027259
-0.021687
-0.00727356
-0.0100156
-0.0292322
-0.0432068
-0.0369973
-0.00916539
0.0181778
0.0346677
0.0332251
0.022846
0.0152525
0.00832961
-0.00466726
-0.0202669
-0.0263941
-0.0150478
0.0051088
0.0176089
0.019385
0.0132562
-0.000222071
-0.0157835
-0.0215024
-0.0124026
0.000291934
0.00772979
0.00869924
0.00588558
0.00198152
-0.00101247
-0.00212222
-0.00160194
-0.000256856
0.00126615
0.00259548
0.00357535
0.00419432
0.00451608
0.00462168
0.00457999
0.00444055
0.0042367
0.00399047
0.00371637
0.00342397
0.00311947
0.00280682
0.00248846
0.00216585
0.00183987
0.00151097
0.00117944
0.000845396
0.000508925
0.000170042
-0.1179
-0.116187
-0.1204
-0.113916
-0.115801
-0.118484
-0.114951
-0.120193
-0.127329
-0.129218
-0.129817
-0.128586
-0.123453
-0.121745
-0.129733
-0.130592
-0.122567
-0.112964
-0.0947361
-0.0635293
-0.0435308
-0.039867
-0.0522996
-0.0779418
-0.110472
-0.141508
-0.153205
-0.138733
-0.105016
-0.0785683
-0.0759364
-0.0896584
-0.14593
-0.168372
-0.143126
-0.0744698
0.0113835
0.0661628
0.0683608
0.0438682
0.017868
-0.000634724
-0.0139792
-0.0268164
-0.0214427
-0.0075651
-0.0103233
-0.0289219
-0.0424668
-0.0360835
-0.00844643
0.018844
0.0349878
0.0332928
0.0230156
0.0153294
0.00828867
-0.00461211
-0.0199739
-0.0259399
-0.0146447
0.00528741
0.0175479
0.0192871
0.0131757
-0.000182178
-0.0155493
-0.0211904
-0.0122016
0.000379799
0.00768558
0.00865602
0.00586949
0.00199208
-0.000985518
-0.00209712
-0.00158686
-0.000249929
0.00126773
0.00259407
0.00357275
0.00419168
0.00451391
0.00462008
0.00457886
0.00443978
0.00423619
0.00399013
0.00371616
0.00342384
0.0031194
0.00280677
0.00248844
0.00216584
0.00183986
0.00151097
0.00117944
0.000845395
0.000508925
0.000170042
-0.117801
-0.116413
-0.12019
-0.113994
-0.115925
-0.118361
-0.115276
-0.120363
-0.127229
-0.129212
-0.129818
-0.128552
-0.123548
-0.122031
-0.129692
-0.130305
-0.122439
-0.112633
-0.0940888
-0.0633095
-0.0435923
-0.0401405
-0.0526346
-0.0782203
-0.110401
-0.140895
-0.152353
-0.138059
-0.104431
-0.0778731
-0.0756576
-0.089941
-0.143392
-0.165689
-0.140783
-0.0727986
0.0131258
0.0674951
0.0692323
0.0446545
0.0182551
-0.000618121
-0.0140642
-0.0266592
-0.0211977
-0.0076554
-0.010671
-0.0289263
-0.0421384
-0.0355393
-0.00802077
0.0191406
0.0350286
0.0330915
0.0229739
0.0152856
0.0081404
-0.00472077
-0.0198985
-0.0257147
-0.0143873
0.00540259
0.0175348
0.0192308
0.0130412
-0.000279175
-0.0154908
-0.0210187
-0.0121089
0.000469923
0.00766782
0.00862438
0.00583647
0.00197724
-0.000981387
-0.00208625
-0.00157652
-0.000241329
0.00127301
0.00259677
0.00357379
0.00419186
0.00451376
0.00461985
0.00457865
0.00443961
0.00423607
0.00399005
0.00371611
0.00342381
0.00311937
0.00280676
0.00248843
0.00216584
0.00183986
0.00151096
0.00117944
0.000845395
0.000508925
0.000170042
-0.126145
-0.12699
-0.126797
-0.13055
-0.129982
-0.136334
-0.13666
-0.140389
-0.139878
-0.137882
-0.140136
-0.135444
-0.137307
-0.130049
-0.128221
-0.131646
-0.131998
-0.130372
-0.141931
-0.183612
-0.179019
-0.1003
0.00610684
0.0648914
0.0417734
-0.00800426
-0.0557282
-0.110325
-0.126529
-0.10051
-0.0846682
-0.072617
-0.0604427
-0.0512797
-0.0466248
-0.0399697
-0.0195971
-0.00884813
-0.0160341
-0.0407343
-0.0732731
-0.0942884
-0.0868513
-0.0527552
-0.0179582
0.0105662
0.0374804
0.046059
0.0318408
0.0163982
0.0180421
0.0247919
0.0136652
-0.019086
-0.0464005
-0.0404976
-0.0055311
0.0230965
0.0309949
0.0263019
0.0190595
0.00845985
-0.00707687
-0.0160854
-0.00831801
0.00618234
0.0128496
0.00984568
0.00239879
-0.00445126
-0.00807032
-0.00856858
-0.00716403
-0.0047032
-0.00191218
0.000503217
0.00212179
0.00296994
0.00337135
0.00363699
0.00391227
0.00419409
0.00441989
0.00453927
0.00453805
0.00443069
0.00424365
0.00400287
0.00372831
0.00343332
0.00312603
0.00281113
0.00249114
0.00216747
0.0018408
0.0015115
0.00117972
0.000845553
0.000508994
0.000170064
-0.126166
-0.126967
-0.126745
-0.13056
-0.129896
-0.136375
-0.136669
-0.140388
-0.139925
-0.13789
-0.140196
-0.13556
-0.137324
-0.130054
-0.128034
-0.131777
-0.132492
-0.129879
-0.141795
-0.185628
-0.182314
-0.1029
0.00442986
0.0645752
0.0421065
-0.00807295
-0.0557809
-0.11106
-0.127561
-0.100654
-0.0845882
-0.0726092
-0.0603841
-0.0511565
-0.0466559
-0.0401718
-0.0200293
-0.0087829
-0.0156045
-0.0405257
-0.0736311
-0.0950524
-0.0876921
-0.0532283
-0.0182225
0.010097
0.0369387
0.0460756
0.0319053
0.0163011
0.0179135
0.0249188
0.0140638
-0.0191866
-0.0469375
-0.0412006
-0.00603465
0.0228982
0.0310258
0.0263569
0.0191572
0.00858739
-0.00710448
-0.0162509
-0.00847421
0.00611993
0.0129143
0.00993437
0.0024424
-0.00445663
-0.00809328
-0.00858961
-0.00718433
-0.00472038
-0.00192389
0.000499261
0.00212217
0.00297092
0.00337099
0.00363543
0.00391055
0.00419291
0.00441937
0.00453922
0.00453821
0.0044309
0.00424382
0.00400299
0.00372838
0.00343336
0.00312606
0.00281114
0.00249115
0.00216748
0.0018408
0.0015115
0.00117972
0.000845554
0.000508994
0.000170064
-0.126171
-0.126932
-0.126636
-0.130549
-0.129821
-0.136413
-0.136747
-0.140495
-0.140033
-0.137888
-0.140279
-0.13579
-0.137417
-0.130042
-0.127975
-0.131992
-0.13301
-0.129807
-0.143128
-0.190215
-0.188509
-0.10742
0.00192463
0.0639179
0.0426866
-0.00886577
-0.0563288
-0.112786
-0.129763
-0.101063
-0.084337
-0.0726559
-0.0604644
-0.0511585
-0.0466719
-0.0403632
-0.0203794
-0.0083689
-0.0153437
-0.0411246
-0.0748829
-0.0966782
-0.0892518
-0.0539986
-0.0186781
0.00915836
0.0355693
0.0457543
0.0316158
0.0160468
0.0178592
0.0252777
0.014052
-0.0200097
-0.0482513
-0.0425461
-0.0069981
0.0224161
0.0309585
0.0262716
0.0191165
0.00856066
-0.00729225
-0.0165839
-0.00874255
0.00607704
0.0130356
0.0100053
0.002433
-0.00452188
-0.00815763
-0.00863231
-0.00721141
-0.00473733
-0.00193009
0.00050277
0.00212867
0.00297507
0.0033715
0.0036341
0.00390945
0.0041929
0.00442029
0.00454053
0.00453945
0.00443186
0.00424448
0.00400339
0.00372862
0.00343349
0.00312613
0.00281118
0.00249117
0.00216748
0.0018408
0.00151151
0.00117972
0.000845554
0.000508994
0.000170064
-0.126168
-0.126883
-0.12651
-0.130502
-0.129733
-0.136446
-0.136884
-0.140691
-0.140212
-0.137894
-0.140442
-0.136255
-0.13757
-0.13001
-0.128109
-0.132488
-0.133286
-0.129646
-0.145495
-0.196204
-0.196738
-0.113667
-0.000993288
0.0622049
0.0425565
-0.0107017
-0.0575031
-0.115224
-0.132084
-0.101563
-0.0839368
-0.0727325
-0.0608743
-0.0514173
-0.0466892
-0.0404583
-0.0205185
-0.00748449
-0.0150156
-0.0423121
-0.0766496
-0.0987834
-0.0912593
-0.0550233
-0.019158
0.00793112
0.0334169
0.0448634
0.0309997
0.0156452
0.0178434
0.0255342
0.0136538
-0.0214262
-0.050069
-0.0443564
-0.00834282
0.0214992
0.0306597
0.0260064
0.0189044
0.00837731
-0.00761454
-0.0170525
-0.00916002
0.00598776
0.0131512
0.0100418
0.00237265
-0.00463059
-0.00824751
-0.00868778
-0.00724411
-0.00475697
-0.00193701
0.000506359
0.00213485
0.00297814
0.00337082
0.00363215
0.00390845
0.00419349
0.004422
0.00454256
0.00454125
0.0044332
0.00424536
0.00400393
0.00372893
0.00343367
0.00312622
0.00281123
0.0024912
0.0021675
0.00184081
0.00151151
0.00117973
0.000845555
0.000508995
0.000170064
-0.126156
-0.12682
-0.126357
-0.130438
-0.129612
-0.136499
-0.137066
-0.140949
-0.140489
-0.137905
-0.140785
-0.137047
-0.137659
-0.129911
-0.128474
-0.133356
-0.133248
-0.129065
-0.147501
-0.201812
-0.204779
-0.121707
-0.00492257
0.0595206
0.04071
-0.0138574
-0.0593764
-0.117985
-0.134421
-0.101985
-0.0833622
-0.072752
-0.0617436
-0.0521819
-0.0468044
-0.0403565
-0.0203003
-0.00614189
-0.0147711
-0.0436933
-0.0786336
-0.101255
-0.0937527
-0.0564198
-0.0196403
0.00674699
0.0309022
0.04325
0.0300656
0.0150234
0.0177482
0.0256513
0.0128361
-0.0232151
-0.0520444
-0.0462373
-0.00988111
0.0202243
0.030064
0.0255225
0.018476
0.00802126
-0.00804018
-0.0176191
-0.00972696
0.0057943
0.0132123
0.0100073
0.00225443
-0.00476899
-0.00834914
-0.0087484
-0.00727937
-0.00477943
-0.00194764
0.000505405
0.00213609
0.00297673
0.00336705
0.00362873
0.00390715
0.00419433
0.00442405
0.00454486
0.0045432
0.0044346
0.00424627
0.00400448
0.00372924
0.00343384
0.00312632
0.00281128
0.00249122
0.00216751
0.00184082
0.00151151
0.00117973
0.000845555
0.000508995
0.000170064
-0.126132
-0.126742
-0.126174
-0.130368
-0.129444
-0.136605
-0.137285
-0.141251
-0.140898
-0.137909
-0.141499
-0.138201
-0.137523
-0.129725
-0.129028
-0.134611
-0.132873
-0.127871
-0.148227
-0.206098
-0.212522
-0.130461
-0.0107577
0.0552966
0.0364446
-0.0184929
-0.0619825
-0.120882
-0.13666
-0.102191
-0.0826519
-0.0727476
-0.0631738
-0.0537228
-0.0471988
-0.0401517
-0.019745
-0.0044908
-0.0146291
-0.0451495
-0.0807232
-0.104052
-0.0967291
-0.0582487
-0.0203418
0.00561877
0.0282418
0.0408912
0.0287728
0.0141086
0.0174717
0.0255047
0.0116408
-0.0252266
-0.0539693
-0.0480646
-0.0115902
0.0186922
0.0291147
0.0247869
0.0178052
0.00749436
-0.00851271
-0.0181999
-0.0103803
0.00545793
0.0131711
0.00986763
0.0020705
-0.00492731
-0.00845251
-0.00880809
-0.00731405
-0.00480371
-0.00196296
0.000497608
0.00212971
0.00296847
0.0033585
0.00362281
0.00390493
0.00419495
0.00442605
0.00454705
0.00454498
0.00443583
0.00424704
0.00400493
0.0037295
0.00343398
0.0031264
0.00281132
0.00249124
0.00216752
0.00184082
0.00151151
0.00117973
0.000845556
0.000508995
0.000170065
-0.12609
-0.126647
-0.125958
-0.130303
-0.129214
-0.136796
-0.137538
-0.141586
-0.141471
-0.137879
-0.142719
-0.139743
-0.137188
-0.12937
-0.129618
-0.136182
-0.132189
-0.126072
-0.147537
-0.208489
-0.218456
-0.137793
-0.0186154
0.0487197
0.0294417
-0.0248814
-0.0654255
-0.123926
-0.138878
-0.102197
-0.0817935
-0.0727757
-0.0653179
-0.0563008
-0.0481112
-0.0400085
-0.0189836
-0.00286261
-0.0145947
-0.0466932
-0.0828373
-0.107019
-0.0999888
-0.0603781
-0.0213321
0.00448835
0.0254795
0.0379242
0.0270552
0.0128569
0.0169262
0.0250039
0.0101584
-0.0272362
-0.0557819
-0.0498126
-0.0133834
0.0169743
0.0277943
0.02376
0.0168834
0.00682333
-0.00894601
-0.0186651
-0.0110131
0.00497505
0.0129786
0.00959105
0.00181235
-0.00509786
-0.00854853
-0.00887349
-0.00734379
-0.00482727
-0.00198227
0.000482269
0.00211439
0.00295193
0.00334383
0.00361331
0.00390101
0.00419482
0.00442758
0.0045488
0.00454633
0.00443668
0.00424751
0.00400518
0.00372963
0.00343405
0.00312643
0.00281134
0.00249126
0.00216753
0.00184083
0.00151152
0.00117973
0.000845556
0.000508995
0.000170065
-0.126028
-0.126533
-0.125707
-0.130248
-0.128915
-0.1371
-0.137823
-0.141949
-0.14223
-0.137777
-0.144412
-0.141519
-0.136635
-0.128747
-0.130071
-0.137951
-0.131454
-0.123896
-0.145833
-0.208696
-0.221172
-0.143218
-0.0279782
0.0393316
0.0195028
-0.0332271
-0.0698294
-0.127022
-0.140849
-0.102082
-0.0806883
-0.0728446
-0.0683706
-0.0601356
-0.0497975
-0.0401377
-0.0181967
-0.00140868
-0.0146818
-0.0483404
-0.0848696
-0.109977
-0.103322
-0.0626563
-0.0225922
0.00329076
0.0226479
0.0344863
0.0248505
0.0112432
0.0160496
0.0241116
0.008488
-0.0291028
-0.0573772
-0.0514097
-0.015179
0.0151185
0.0261116
0.0224063
0.0157114
0.00605066
-0.00926426
-0.0189083
-0.0115283
0.00437086
0.0125906
0.00914825
0.00147073
-0.00527392
-0.0086266
-0.00890611
-0.00736182
-0.00484562
-0.00200341
0.000459657
0.00208951
0.00292634
0.00332224
0.00359942
0.00389468
0.0041934
0.00442827
0.00454984
0.00454703
0.00443699
0.00424758
0.00400515
0.00372957
0.00343401
0.00312641
0.00281133
0.00249125
0.00216753
0.00184083
0.00151152
0.00117973
0.000845556
0.000508996
0.000170065
-0.125946
-0.126395
-0.125418
-0.130206
-0.128542
-0.137531
-0.138138
-0.142336
-0.143182
-0.137555
-0.146518
-0.143331
-0.135864
-0.127764
-0.130259
-0.139745
-0.131064
-0.121553
-0.143381
-0.207457
-0.222151
-0.147249
-0.0381115
0.0266827
0.00655793
-0.0435047
-0.075264
-0.12992
-0.142323
-0.101923
-0.0792043
-0.0729262
-0.0725011
-0.0653699
-0.0524918
-0.0407637
-0.0176537
-0.000264261
-0.0149471
-0.0500014
-0.08674
-0.112783
-0.106589
-0.0649586
-0.0240581
0.0019823
0.0197704
0.0306875
0.0221311
0.00925711
0.0148101
0.0228345
0.00672122
-0.0307178
-0.0586526
-0.0527721
-0.0169076
0.013164
0.0240871
0.0207013
0.0142978
0.00521969
-0.00942256
-0.0188766
-0.0118677
0.00368197
0.0119724
0.00851438
0.00103682
-0.00544861
-0.00867401
-0.00891009
-0.00735948
-0.00485297
-0.00202356
0.000430221
0.00205446
0.00289106
0.00329332
0.00358079
0.00388561
0.0041904
0.00442791
0.00455003
0.00454698
0.00443666
0.00424714
0.00400475
0.00372929
0.00343383
0.0031263
0.00281127
0.00249122
0.00216751
0.00184082
0.00151151
0.00117973
0.000845555
0.000508995
0.000170065
-0.125849
-0.126205
-0.125107
-0.130171
-0.128096
-0.138089
-0.138491
-0.142739
-0.144319
-0.137191
-0.148967
-0.14518
-0.134943
-0.126408
-0.130057
-0.141341
-0.131169
-0.119104
-0.140024
-0.205131
-0.22212
-0.149818
-0.0481307
0.0110562
-0.00917727
-0.0554726
-0.0817631
-0.132367
-0.14308
-0.101751
-0.0772177
-0.0729843
-0.0778141
-0.072042
-0.0563694
-0.0420967
-0.0174871
0.000478027
-0.0154007
-0.0515438
-0.0884497
-0.115314
-0.109586
-0.067302
-0.0256538
0.000562404
0.0168701
0.0266141
0.0189127
0.00690551
0.0132101
0.0212115
0.00494184
-0.0319924
-0.0595209
-0.0538135
-0.0185056
0.0111414
0.0217502
0.0185341
0.0126568
0.00436483
-0.00940271
-0.0185575
-0.0120032
0.00294502
0.0111031
0.00766967
0.000503677
-0.00561436
-0.00867565
-0.00887236
-0.00732668
-0.00484303
-0.00204009
0.000394019
0.00200822
0.00284528
0.00325682
0.00355747
0.00387386
0.00418587
0.00442653
0.00454937
0.00454618
0.00443567
0.00424618
0.00400397
0.00372873
0.00343347
0.00312609
0.00281115
0.00249116
0.00216748
0.0018408
0.00151151
0.00117972
0.000845553
0.000508995
0.000170065
-0.12574
-0.125979
-0.124756
-0.130128
-0.127582
-0.138756
-0.138896
-0.14315
-0.145625
-0.13669
-0.151548
-0.147059
-0.134019
-0.124762
-0.129235
-0.142428
-0.131613
-0.11656
-0.135414
-0.201232
-0.220558
-0.150979
-0.057438
-0.00636218
-0.0269996
-0.0687235
-0.0893603
-0.134143
-0.142837
-0.10154
-0.0746478
-0.0730036
-0.0843369
-0.0801134
-0.0615204
-0.0443197
-0.0178271
0.000782844
-0.0160327
-0.0529163
-0.0898578
-0.117506
-0.112258
-0.0695643
-0.0273026
-0.000947535
0.0139748
0.0223444
0.0152424
0.00421345
0.0112756
0.0193013
0.00322914
-0.0328579
-0.059909
-0.0544564
-0.0199175
0.00907706
0.0191388
0.0161287
0.0108077
0.00350899
-0.00920272
-0.0179577
-0.0119231
0.00219169
0.00997853
0.00660052
-0.000132582
-0.00576304
-0.00861535
-0.00877727
-0.00725208
-0.00480936
-0.00205079
0.000350571
0.00194936
0.00278788
0.00321243
0.00352972
0.00385984
0.00418011
0.00442433
0.00454804
0.00454474
0.00443411
0.00424473
0.00400282
0.00372791
0.00343293
0.00312576
0.00281096
0.00249105
0.00216742
0.00184077
0.00151149
0.00117972
0.00084555
0.000508993
0.000170065
-0.125626
-0.125721
-0.12436
-0.130053
-0.127007
-0.139492
-0.139376
-0.14355
-0.147079
-0.136072
-0.153856
-0.148814
-0.133177
-0.123009
-0.127545
-0.142881
-0.13235
-0.114211
-0.129757
-0.195664
-0.217336
-0.150837
-0.0655854
-0.0243984
-0.0459668
-0.0827585
-0.0980073
-0.135112
-0.141226
-0.101158
-0.0714511
-0.073027
-0.092014
-0.0894408
-0.0679659
-0.047575
-0.0187606
0.00066003
-0.0168225
-0.0540595
-0.090871
-0.119273
-0.114547
-0.0716445
-0.0289312
-0.00251523
0.0111175
0.0179484
0.0111907
0.00121924
0.00904566
0.0171735
0.00165685
-0.0332652
-0.0597592
-0.0546381
-0.0210978
0.00699855
0.0162913
0.0134097
0.00877291
0.00266622
-0.00882467
-0.0170883
-0.0116252
0.00144663
0.00860971
0.00530166
-0.000871936
-0.00588665
-0.00847736
-0.0086085
-0.00712382
-0.00474547
-0.00205366
0.000299101
0.00187622
0.00271758
0.00315974
0.00349784
0.00384411
0.00417365
0.00442172
0.00454631
0.00454288
0.00443213
0.00424291
0.00400135
0.00372685
0.00343223
0.00312532
0.0028107
0.0024909
0.00216734
0.00184073
0.00151147
0.0011797
0.000845544
0.000508991
0.000170064
-0.125517
-0.125433
-0.123919
-0.129919
-0.126381
-0.14023
-0.139947
-0.143933
-0.148639
-0.13537
-0.155438
-0.150148
-0.132434
-0.121151
-0.124986
-0.142572
-0.133907
-0.112645
-0.124005
-0.189203
-0.212441
-0.149344
-0.0723763
-0.0419422
-0.0651226
-0.0971168
-0.107564
-0.135254
-0.138053
-0.100394
-0.0675653
-0.0731561
-0.100703
-0.099787
-0.0756696
-0.0519363
-0.020311
0.000149496
-0.0177247
-0.0549149
-0.0914299
-0.120536
-0.116392
-0.0734595
-0.0304729
-0.00410156
0.00832689
0.0134847
0.00683916
-0.00202816
0.00656705
0.0149029
0.000289064
-0.0331834
-0.0590348
-0.0543138
-0.0220103
0.00493236
0.0132515
0.0104096
0.00657722
0.00184711
-0.00826919
-0.0159598
-0.0111122
0.00072785
0.00701997
0.00377739
-0.00171022
-0.00597806
-0.00824744
-0.00835082
-0.00693084
-0.00464527
-0.00204687
0.000238875
0.00178724
0.00263312
0.00309824
0.00346201
0.00382721
0.00416707
0.00441915
0.00454452
0.00454085
0.00442991
0.00424084
0.00399967
0.00372562
0.0034314
0.00312479
0.00281038
0.00249072
0.00216724
0.00184067
0.00151144
0.00117969
0.000845537
0.000508987
0.000170063
-0.125422
-0.125123
-0.123431
-0.129692
-0.125715
-0.140872
-0.140616
-0.144335
-0.150235
-0.134626
-0.155931
-0.150786
-0.13184
-0.119443
-0.12187
-0.142449
-0.136712
-0.112441
-0.118557
-0.182241
-0.206059
-0.14652
-0.077799
-0.0581803
-0.0835978
-0.111423
-0.117801
-0.13465
-0.133454
-0.0990597
-0.0629893
-0.0735001
-0.110171
-0.110842
-0.0845109
-0.0573757
-0.0224442
-0.000683731
-0.018667
-0.0554319
-0.0914862
-0.121224
-0.117724
-0.07494
-0.0318651
-0.00565984
0.00562114
0.00901265
0.00226741
-0.00547543
0.00389218
0.0125661
-0.000819244
-0.0326013
-0.0577201
-0.0534576
-0.0226276
0.00290176
0.0100672
0.00717808
0.00425259
0.00106241
-0.00753728
-0.0145831
-0.0103914
4.84742e-05
0.00524157
0.00204163
-0.00263925
-0.00603138
-0.00791466
-0.00799164
-0.00666357
-0.00450354
-0.0020288
0.000169394
0.0016812
0.00253346
0.00302742
0.0034223
0.00380955
0.00416084
0.00441703
0.00454298
0.00453888
0.00442765
0.00423868
0.00399788
0.00372429
0.00343048
0.0031242
0.00281002
0.0024905
0.00216712
0.00184061
0.0015114
0.00117967
0.000845528
0.000508983
0.000170062
-0.125351
-0.124805
-0.122887
-0.12933
-0.125019
-0.141302
-0.141363
-0.144819
-0.151816
-0.133928
-0.155334
-0.150659
-0.131509
-0.117985
-0.119064
-0.142502
-0.140523
-0.113926
-0.113824
-0.175101
-0.198573
-0.142355
-0.0817522
-0.0726627
-0.10084
-0.125409
-0.128415
-0.133543
-0.127822
-0.0970226
-0.0577588
-0.0740999
-0.120085
-0.122243
-0.0942802
-0.0637664
-0.0250807
-0.00175387
-0.0195614
-0.05556
-0.0909941
-0.121271
-0.118469
-0.07603
-0.0330523
-0.00714285
0.00301687
0.00459097
-0.00243984
-0.00907136
0.00107617
0.0102382
-0.00162246
-0.0315241
-0.0558167
-0.0520634
-0.0229324
0.000930133
0.00678704
0.00377554
0.001838
0.000322538
-0.00663173
-0.0129705
-0.00947499
-0.000581307
0.0033136
0.000117601
-0.00364708
-0.00604235
-0.00747273
-0.00752205
-0.00631481
-0.00431654
-0.00199831
9.0445e-05
0.00155741
0.00241797
0.00294694
0.00337868
0.00379137
0.00415532
0.00441571
0.00454198
0.0045372
0.00442551
0.00423655
0.00399608
0.00372293
0.00342954
0.00312359
0.00280964
0.00249028
0.00216699
0.00184053
0.00151137
0.00117965
0.000845518
0.000508978
0.000170061
-0.125316
-0.124497
-0.122304
-0.128742
-0.124361
-0.141419
-0.142171
-0.14543
-0.153364
-0.133543
-0.153849
-0.149848
-0.131446
-0.117281
-0.116953
-0.142128
-0.144642
-0.116326
-0.109539
-0.167693
-0.190177
-0.136773
-0.0841594
-0.0851573
-0.116568
-0.138902
-0.139099
-0.132318
-0.121792
-0.0942343
-0.0519352
-0.0748995
-0.130024
-0.133587
-0.104682
-0.0708944
-0.0280989
-0.00296086
-0.0203125
-0.0552418
-0.0899169
-0.120621
-0.118553
-0.0766828
-0.0339907
-0.00850318
0.000534928
0.000263811
-0.00719765
-0.0127603
-0.00182335
0.00799094
-0.00208752
-0.0299671
-0.0533422
-0.0501438
-0.0229171
-0.000959268
0.00346303
0.000261752
-0.000627645
-0.000362975
-0.00555778
-0.0111392
-0.00838093
-0.00115376
0.00127869
-0.00196218
-0.00471815
-0.00600867
-0.00692027
-0.0069377
-0.00588074
-0.00408249
-0.00195497
2.0563e-06
0.00141585
0.00228659
0.00285672
0.00333112
0.00377275
0.00415068
0.00441539
0.00454171
0.00453596
0.00442362
0.00423455
0.00399434
0.0037216
0.0034286
0.00312297
0.00280925
0.00249004
0.00216685
0.00184046
0.00151132
0.00117963
0.000845506
0.000508973
0.000170059
-0.125322
-0.124224
-0.121664
-0.128021
-0.123606
-0.141319
-0.142974
-0.146194
-0.154858
-0.133136
-0.152108
-0.148886
-0.131589
-0.11768
-0.115441
-0.141446
-0.148084
-0.118337
-0.105493
-0.159764
-0.180691
-0.129715
-0.0849959
-0.0955602
-0.130655
-0.151769
-0.149534
-0.131439
-0.116227
-0.0907409
-0.0455972
-0.0757408
-0.139532
-0.144494
-0.115346
-0.0784687
-0.0313439
-0.00419804
-0.0208176
-0.0544236
-0.0882297
-0.119227
-0.11791
-0.0768624
-0.0346488
-0.00969493
-0.00180382
-0.00393053
-0.0119301
-0.0164836
-0.00474684
0.00589236
-0.00219422
-0.027956
-0.0503312
-0.0477281
-0.022583
-0.00274452
0.000148915
-0.00330026
-0.00310666
-0.000984572
-0.00432494
-0.00911262
-0.00713125
-0.00166331
-0.000820038
-0.00415821
-0.00583392
-0.00592984
-0.00626068
-0.00623927
-0.00536124
-0.00380177
-0.00189919
-9.55625e-05
0.00125715
0.0021399
0.00275704
0.00327968
0.00375368
0.00414696
0.00441615
0.00454226
0.00453527
0.00442208
0.00423277
0.00399274
0.00372034
0.00342771
0.00312237
0.00280887
0.00248981
0.00216672
0.00184038
0.00151128
0.0011796
0.000845495
0.000508967
0.000170057
-0.125377
-0.123975
-0.120965
-0.127182
-0.122593
-0.141155
-0.143813
-0.14699
-0.156406
-0.132547
-0.150554
-0.148155
-0.131865
-0.11898
-0.114203
-0.140541
-0.150902
-0.119656
-0.101691
-0.151187
-0.169672
-0.121154
-0.0843252
-0.103914
-0.143046
-0.163761
-0.159352
-0.131404
-0.111925
-0.086782
-0.0388387
-0.0764494
-0.148197
-0.154644
-0.125859
-0.0861401
-0.0346354
-0.00535761
-0.0209726
-0.0530609
-0.0859201
-0.117061
-0.116487
-0.0765461
-0.0350071
-0.0106786
-0.00397566
-0.00795531
-0.016566
-0.0201879
-0.00763496
0.0040028
-0.00193319
-0.0255288
-0.0468314
-0.0448593
-0.0219394
-0.00440383
-0.00310421
-0.00684586
-0.00555911
-0.00153215
-0.00294758
-0.00692126
-0.00575172
-0.00210701
-0.00293763
-0.00642685
-0.00697439
-0.00580719
-0.00550168
-0.00543239
-0.00476003
-0.0034771
-0.00183224
-0.000202065
0.0010826
0.00197917
0.00264863
0.00322456
0.00373412
0.00414409
0.00441797
0.00454367
0.00453519
0.00442094
0.00423126
0.00399132
0.0037192
0.00342688
0.00312181
0.00280851
0.00248959
0.00216659
0.00184031
0.00151124
0.00117958
0.000845484
0.000508961
0.000170055
-0.125504
-0.123639
-0.120139
-0.126376
-0.121239
-0.140972
-0.145056
-0.147608
-0.158185
-0.132071
-0.149467
-0.147629
-0.132186
-0.120769
-0.113083
-0.139225
-0.153241
-0.120603
-0.0983134
-0.141798
-0.156812
-0.111246
-0.0822882
-0.110242
-0.153652
-0.174615
-0.16821
-0.132559
-0.10938
-0.0827859
-0.0318422
-0.0770142
-0.155823
-0.163841
-0.135806
-0.0935292
-0.0377854
-0.0063307
-0.020676
-0.0511136
-0.0829904
-0.114111
-0.114256
-0.0757246
-0.0350612
-0.011423
-0.00595513
-0.0117786
-0.0210415
-0.023821
-0.0104286
0.00237504
-0.00130872
-0.0227313
-0.0429007
-0.0415924
-0.0210011
-0.005916
-0.00624813
-0.0103106
-0.0079433
-0.00199584
-0.00144346
-0.00460183
-0.00427079
-0.00248464
-0.00503059
-0.00872042
-0.00811796
-0.00564326
-0.00465501
-0.00452769
-0.00408446
-0.00311325
-0.00175615
-0.000316977
0.000894025
0.00180629
0.00253271
0.00316623
0.00371409
0.00414194
0.00442076
0.00454592
0.00453571
0.00442023
0.00423005
0.00399009
0.00371819
0.00342614
0.00312131
0.00280818
0.00248939
0.00216647
0.00184024
0.0015112
0.00117956
0.000845473
0.000508956
0.000170053
-0.125851
-0.123212
-0.118891
-0.125999
-0.119841
-0.140669
-0.146731
-0.147873
-0.160152
-0.131947
-0.148064
-0.147348
-0.132581
-0.122771
-0.112145
-0.137105
-0.154707
-0.121382
-0.0955376
-0.131549
-0.142265
-0.100287
-0.0790672
-0.114414
-0.162216
-0.18404
-0.175912
-0.134966
-0.108671
-0.0792416
-0.0248888
-0.0776841
-0.162492
-0.172098
-0.144865
-0.100277
-0.0406104
-0.00701299
-0.0198393
-0.0485525
-0.0794562
-0.110392
-0.111215
-0.0744028
-0.0348196
-0.0119077
-0.00771797
-0.0153698
-0.0252998
-0.0273314
-0.0130702
0.00105435
-0.000338859
-0.0196151
-0.0386051
-0.0379897
-0.0197878
-0.00726177
-0.00923701
-0.0136342
-0.0102193
-0.00236544
0.00016523
-0.00219574
-0.00271791
-0.00279677
-0.00705977
-0.0109894
-0.00924155
-0.00544114
-0.00373606
-0.00354008
-0.00334479
-0.00271666
-0.00167353
-0.000439699
0.000693781
0.00162371
0.0024109
0.0031054
0.00369368
0.00414039
0.00442441
0.00454892
0.00453683
0.00441997
0.00422916
0.00398909
0.00371733
0.00342549
0.00312086
0.00280789
0.0024892
0.00216636
0.00184017
0.00151117
0.00117954
0.000845462
0.000508951
0.000170052
)
;

boundaryField
{
    inlet
    {
        type            zeroGradient;
    }
    outlet
    {
        type            fixedValue;
        value           uniform 0;
    }
    walls
    {
        type            zeroGradient;
    }
    frontAndBack
    {
        type            empty;
    }
}


// ************************************************************************* //
