/*--------------------------------*- C++ -*----------------------------------*\
| =========                 |                                                 |
| \\      /  F ield         | OpenFOAM: The Open Source CFD Toolbox           |
|  \\    /   O peration     | Version:  2.4.0                                 |
|   \\  /    A nd           | Web:      www.OpenFOAM.org                      |
|    \\/     M anipulation  |                                                 |
\*---------------------------------------------------------------------------*/
FoamFile
{
    version     2.0;
    format      ascii;
    class       volScalarField;
    location    "0.59";
    object      pMean;
}
// * * * * * * * * * * * * * * * * * * * * * * * * * * * * * * * * * * * * * //

dimensions      [0 2 -2 0 0 0 0];

internalField   nonuniform List<scalar> 
8800
(
92.1099
79.652
72.1741
68.5688
66.6025
65.1226
63.8396
62.6454
61.5387
60.464
59.4335
58.4067
57.4158
56.4359
55.5008
54.5967
53.7417
52.9396
52.1698
51.3656
89.0065
79.2984
72.3425
68.6822
66.6618
65.1478
63.847
62.6458
61.5367
60.4615
59.4309
58.4045
57.4134
56.4339
55.4989
54.5938
53.7435
52.9369
52.1746
51.3601
87.0461
79.3735
72.9422
69.0559
66.8282
65.226
63.8929
62.6777
61.5603
60.4784
59.4408
58.4094
57.4146
56.4319
55.4964
54.5857
53.7427
52.9264
52.2382
51.4139
85.514
79.4333
73.5272
69.4774
67.011
65.3122
63.9547
62.7332
61.6084
60.5168
59.4678
58.4271
57.4246
56.4357
55.4954
54.5777
53.7308
52.914
52.2929
51.6386
84.2679
79.405
74.0025
69.8822
67.1793
65.3784
64.0025
62.7896
61.6638
60.5678
59.5034
58.4549
57.4375
56.4456
55.4913
54.5741
53.7044
52.8973
52.2179
51.9769
83.2858
79.308
74.3689
70.2288
67.3313
65.4224
64.0303
62.8343
61.7138
60.6173
59.5399
58.4831
57.4507
56.454
55.4868
54.5676
53.6807
52.8841
52.2338
52.4359
82.5309
79.1945
74.6368
70.5094
67.4698
65.451
64.0396
62.8669
61.7545
60.6587
59.5724
58.5067
57.4626
56.4584
55.4833
54.5583
53.6691
52.8866
52.3239
52.7521
81.9818
79.0941
74.8199
70.7212
67.5937
65.4699
64.0374
62.8886
61.7853
60.6907
59.5975
58.5245
57.4711
56.4605
55.4803
54.5537
53.6678
52.9057
52.4116
52.9766
81.6257
79.019
74.9346
70.8642
67.6809
65.4814
64.0327
62.9009
61.8066
60.7128
59.6154
58.5362
57.4772
56.462
55.4802
54.5541
53.6756
52.9296
52.4877
53.1363
81.4514
78.9779
74.9905
70.9362
67.7252
65.4871
64.0297
62.9063
61.8178
60.7246
59.625
58.5424
57.4814
56.4648
55.4838
54.56
53.6887
52.9545
52.5475
53.2442
81.4511
78.9783
74.9905
70.9363
67.7252
65.4873
64.0298
62.9066
61.8182
60.7254
59.626
58.5441
57.4839
56.469
55.4907
54.5706
53.705
52.9794
52.5876
53.3067
81.6251
79.0198
74.9347
70.8645
67.6811
65.4819
64.033
62.9016
61.8078
60.715
59.6184
58.541
57.485
56.4747
55.5011
54.5856
53.7247
53.0035
52.6073
53.3241
81.9808
79.0954
74.82
70.7218
67.5943
65.4706
64.0378
62.8898
61.7873
60.6944
59.6027
58.5325
57.4839
56.481
55.5144
54.6053
53.7495
53.0287
52.6067
53.2865
82.5292
79.1966
74.6363
70.5101
67.4702
65.4524
64.0396
62.869
61.7572
60.664
59.5792
58.5182
57.4799
56.4872
55.5295
54.6301
53.7811
53.0607
52.5913
53.1754
83.284
79.3101
74.3686
70.2293
67.3317
65.4238
64.0312
62.8367
61.7175
60.6237
59.5492
58.4975
57.4734
56.4899
55.5453
54.6567
53.8215
53.1026
52.5883
52.9824
84.2655
79.4078
74.0025
69.8827
67.1795
65.3797
64.0042
62.7924
61.6684
60.575
59.5148
58.4721
57.4653
56.4886
55.561
54.6809
53.8691
53.1543
52.6161
52.7261
85.5108
79.4365
73.5276
69.4785
67.0109
65.3138
63.9565
62.7369
61.6134
60.5254
59.4807
58.4473
57.4568
56.485
55.5745
54.6995
53.9156
53.2038
52.6737
52.457
87.0432
79.3761
72.9433
69.0569
66.8283
65.2276
63.8952
62.6815
61.5664
60.4873
59.4557
58.4306
57.4512
56.4838
55.5847
54.7137
53.9491
53.2418
52.7314
52.3154
89.0036
79.3005
72.3439
68.6833
66.6621
65.1494
63.8493
62.6498
61.543
60.4708
59.4463
58.4265
57.4517
56.4874
55.5916
54.7242
53.9651
53.264
52.7297
52.2366
92.1075
79.6539
72.1755
68.57
66.6029
65.1241
63.842
62.6496
61.545
60.4735
59.4491
58.4291
57.4543
56.4898
55.5948
54.7279
53.9688
53.2702
52.7319
52.3555
51.1582
50.8802
50.376
49.8696
49.4559
49.1425
48.9192
48.7608
48.6397
48.5495
48.48
48.4192
48.3588
48.2976
48.2271
48.1458
48.0472
47.9227
47.7737
47.6009
47.4178
47.2473
47.1008
46.9851
46.9035
46.8552
46.8297
46.8094
46.7756
46.7132
46.622
46.513
46.4042
46.3155
46.2541
46.219
46.2006
46.1831
46.1581
46.1273
46.0949
46.0657
46.0519
46.0622
46.1025
46.1714
46.2686
46.3885
46.5259
46.6677
46.7996
46.9076
46.9843
47.0269
47.0401
47.0329
47.0207
47.0163
47.0235
47.0374
47.0488
47.0454
47.019
46.965
46.8873
46.7974
46.7169
46.6685
46.6629
46.6928
46.7543
46.8372
46.9385
47.0505
47.1709
47.2897
47.4006
47.4898
47.5533
47.58
47.5799
47.5534
47.5265
47.4854
47.4668
47.4515
47.4566
47.4751
47.5054
47.5543
47.6207
47.7212
47.8542
48.0211
48.2176
48.4396
48.6825
48.9371
49.201
49.4639
49.7211
49.9624
50.1799
50.3535
50.5066
50.6278
50.7356
50.8176
50.8914
50.9445
50.988
51.0169
51.0318
51.0338
51.0197
51.0022
50.9788
50.9595
50.9393
50.9196
50.8964
50.8709
50.8391
50.8058
50.7711
50.7417
50.7228
50.7178
50.7369
50.7814
50.8549
50.954
51.0805
51.2317
51.411
51.6143
51.8414
52.0865
52.3424
52.6092
52.8795
53.1578
53.4403
53.7312
54.0294
54.3335
54.6487
54.9729
55.2995
55.6307
55.9479
56.2505
56.5412
56.8105
57.0568
57.2814
57.4971
57.6781
57.851
57.9948
58.1308
58.2258
58.3159
58.3689
58.4102
58.4147
58.412
58.3753
58.3491
58.2836
58.2654
58.2043
58.2148
58.1672
58.2278
58.2085
58.3459
58.3611
58.579
58.6493
58.9144
59.0503
59.3235
59.5074
59.7814
59.9711
60.2342
60.3845
60.6085
60.6765
60.8155
60.748
60.6775
60.2679
59.7104
58.5104
56.7509
52.9944
48.3087
26.9046
50.9907
50.807
50.4902
50.054
49.6225
49.2802
49.0461
48.9002
48.8072
48.7407
48.6854
48.6308
48.5729
48.5106
48.44
48.3571
48.2579
48.1392
48.0016
47.8469
47.6836
47.5287
47.3939
47.285
47.2046
47.1494
47.1123
47.081
47.0436
46.9886
46.9129
46.8218
46.728
46.6452
46.5816
46.5371
46.5066
46.4815
46.455
46.4245
46.3934
46.3668
46.3538
46.3607
46.3934
46.4511
46.5343
46.6367
46.7528
46.8714
46.9825
47.0749
47.1429
47.1826
47.1977
47.1935
47.1804
47.1666
47.1582
47.1524
47.1448
47.1252
47.0883
47.0287
46.9509
46.8627
46.7792
46.7165
46.6877
46.6915
46.7267
46.7838
46.862
46.9528
47.0509
47.1475
47.2329
47.2965
47.334
47.3369
47.3164
47.2711
47.2241
47.1721
47.1342
47.1079
47.0961
47.1042
47.122
47.1606
47.2203
47.3164
47.4468
47.6114
47.8083
48.0332
48.2818
48.5429
48.8181
49.0944
49.3683
49.6272
49.858
50.0472
50.2147
50.3569
50.4807
50.5856
50.675
50.7471
50.8038
50.8452
50.8661
50.8676
50.8485
50.8228
50.7901
50.76
50.7279
50.6947
50.6581
50.6162
50.5699
50.5204
50.4729
50.4309
50.401
50.384
50.3918
50.4205
50.4794
50.5614
50.6737
50.8097
50.9785
51.1688
51.3899
51.6285
51.8824
52.1447
52.4165
52.6922
52.9779
53.2662
53.5672
53.8659
54.185
54.5053
54.8365
55.1633
55.479
55.7774
56.0712
56.3277
56.5753
56.7921
57.0127
57.1807
57.3607
57.4973
57.6366
57.7278
57.8242
57.8654
57.9106
57.8932
57.8943
57.8303
57.8084
57.7107
57.6962
57.5941
57.6029
57.5051
57.5589
57.4868
57.6069
57.581
57.7628
57.8172
58.0312
58.1477
58.3824
58.5234
58.7753
58.8974
59.1409
59.2085
59.3903
59.3414
59.3691
59.1012
58.8333
58.067
57.1512
55.1329
52.9771
46.6421
40.5736
20.7117
50.9976
50.886
50.711
50.3343
49.855
49.4333
49.1498
48.9988
48.9332
48.9017
48.8729
48.8324
48.7789
48.714
48.6391
48.5523
48.4528
48.3389
48.2113
48.0721
47.9285
47.7905
47.6688
47.5677
47.49
47.4324
47.3903
47.3547
47.3176
47.2701
47.2091
47.1356
47.058
46.9847
46.9232
46.8739
46.8355
46.8033
46.7747
46.7463
46.7197
46.698
46.6879
46.6943
46.722
46.7703
46.8389
46.9224
47.0161
47.1106
47.199
47.2719
47.3258
47.3562
47.3664
47.3581
47.3394
47.3149
47.2911
47.2662
47.2393
47.2032
47.1556
47.0915
47.0149
46.9301
46.8492
46.781
46.7372
46.7205
46.7336
46.7696
46.8277
46.8995
46.9795
47.0555
47.1185
47.1584
47.1706
47.152
47.1105
47.0516
46.9864
46.9241
46.869
46.8294
46.8027
46.7963
46.7986
46.8215
46.8695
46.9559
47.0781
47.2375
47.4334
47.6626
47.9174
48.1888
48.4758
48.7666
49.0567
49.3353
49.5832
49.7945
49.9856
50.1543
50.3016
50.4315
50.5428
50.6383
50.714
50.77
50.7971
50.7961
50.7721
50.7384
50.6989
50.6586
50.6155
50.57
50.5217
50.464
50.4044
50.3403
50.2847
50.2331
50.195
50.168
50.1661
50.18
50.2277
50.294
50.3969
50.522
50.6857
50.8661
51.0829
51.3112
51.5613
51.8159
52.0866
52.3613
52.6506
52.9405
53.2422
53.5412
53.8643
54.1859
54.5195
54.8348
55.1438
55.4355
55.7254
55.9708
56.2207
56.4327
56.6464
56.8083
56.9921
57.1282
57.2657
57.3577
57.4567
57.4816
57.5276
57.4846
57.4892
57.3984
57.3813
57.262
57.2481
57.1083
57.1156
56.9719
57.0212
56.9072
56.9946
56.9471
57.0781
57.1051
57.2773
57.3418
57.5557
57.627
57.8547
57.8958
58.0952
58.0669
58.1785
58.0017
57.9234
57.4016
57
55.685
54.7809
51.4871
49.4649
41.5833
34.3499
20.7435
51.1829
51.0467
50.8007
50.3426
49.8237
49.4064
49.1552
49.0535
49.0444
49.065
49.0762
49.0601
49.0167
48.9507
48.8691
48.7751
48.6721
48.5603
48.4417
48.3167
48.1912
48.0703
47.963
47.872
47.8
47.7439
47.7012
47.6649
47.6301
47.5895
47.541
47.4828
47.4198
47.3557
47.2975
47.2461
47.2038
47.1675
47.1379
47.1116
47.0905
47.0739
47.0674
47.0721
47.0929
47.1283
47.179
47.2396
47.3073
47.3744
47.4371
47.4879
47.5247
47.5429
47.5446
47.5297
47.5041
47.4703
47.4339
47.3943
47.3524
47.3039
47.248
47.1819
47.1076
47.0288
46.9523
46.8844
46.8328
46.8027
46.7984
46.8168
46.8571
46.9114
46.973
47.0281
47.069
47.0866
47.0764
47.0403
46.9814
46.9096
46.8282
46.753
46.6823
46.6273
46.5835
46.5548
46.534
46.5349
46.5673
46.6415
46.7559
46.9111
47.1093
47.3424
47.6058
47.8873
48.1903
48.4966
48.8065
49.1033
49.3741
49.6069
49.826
50.0215
50.1972
50.3537
50.4925
50.6115
50.7089
50.7757
50.806
50.8007
50.774
50.7336
50.6914
50.6433
50.5959
50.5404
50.4824
50.4083
50.3388
50.2615
50.2017
50.1414
50.0975
50.0613
50.0529
50.0565
50.0984
50.1563
50.2538
50.3735
50.5345
50.7111
50.9257
51.1452
51.3918
51.6375
51.908
52.1775
52.4716
52.7612
53.0667
53.3679
53.6998
54.0166
54.3528
54.6461
54.957
55.2292
55.5176
55.7462
56.0057
56.2058
56.4182
56.5725
56.7671
56.8861
57.033
57.1061
57.217
57.2093
57.2689
57.1894
57.2145
57.0897
57.0867
56.9346
56.9322
56.7561
56.7636
56.592
56.6144
56.4866
56.5226
56.4609
56.5464
56.5295
56.667
56.678
56.8467
56.8583
57.0225
56.9833
57.1281
56.9491
57.0762
56.6136
56.658
55.5964
55.4399
53.2102
52.5089
48.1969
45.6676
38.2518
30.3398
21.3056
52.642
52.2135
51.0475
50.0611
49.4083
49.0763
48.9845
49.0297
49.1292
49.2251
49.2875
49.3033
49.2757
49.2127
49.1268
49.0262
48.9188
48.807
48.6947
48.5819
48.4731
48.37
48.2788
48.2002
48.137
48.0859
48.0459
48.0113
47.9794
47.9445
47.9051
47.8583
47.807
47.7526
47.7003
47.6514
47.6087
47.5711
47.5401
47.5139
47.4936
47.4778
47.4691
47.4677
47.4767
47.495
47.5234
47.5586
47.5993
47.6404
47.6787
47.7088
47.7283
47.734
47.7261
47.7046
47.673
47.6332
47.5887
47.54
47.4882
47.4316
47.3705
47.3039
47.2332
47.1606
47.0902
47.0273
46.9758
46.9411
46.9272
46.9352
46.962
47.001
47.0425
47.076
47.0945
47.0916
47.0634
47.0127
46.9401
46.8545
46.7588
46.6672
46.5784
46.5016
46.434
46.3766
46.328
46.3036
46.318
46.378
46.4868
46.6408
46.845
47.085
47.3587
47.6557
47.9756
48.2999
48.6323
48.9479
49.2428
49.4993
49.7485
49.971
50.1757
50.3595
50.5236
50.662
50.7733
50.8426
50.8732
50.8631
50.8359
50.7949
50.755
50.705
50.6574
50.5934
50.53
50.4474
50.376
50.294
50.2327
50.1663
50.1204
50.0778
50.0668
50.0641
50.1037
50.1566
50.2533
50.369
50.5316
50.7054
50.9232
51.1345
51.3833
51.6164
51.8892
52.1449
52.4469
52.7286
53.0464
53.3462
53.6944
53.9973
54.3397
54.6058
54.9266
55.1677
55.4644
55.671
55.9424
56.1163
56.3415
56.4766
56.687
56.7747
56.9415
56.98
57.1061
57.0591
57.1371
57.0213
57.0731
56.9122
56.9302
56.7451
56.7504
56.5515
56.5529
56.3712
56.3714
56.2174
56.2376
56.1231
56.1943
56.1128
56.2313
56.1603
56.3103
56.1887
56.3728
56.1049
56.3423
55.8107
56.1225
55.1713
55.4069
53.8017
53.6215
50.9489
49.7294
45.5333
42.0281
36.231
28.6084
22.0341
53.6519
53.0929
51.3635
49.9544
49.1023
48.7706
48.7927
48.9776
49.1971
49.3812
49.5045
49.5591
49.5527
49.4971
49.4095
49.3027
49.189
49.0744
48.9648
48.8606
48.7649
48.6777
48.602
48.537
48.484
48.4401
48.4046
48.3731
48.344
48.3132
48.2796
48.241
48.1985
48.1527
48.1067
48.0618
48.0201
47.9821
47.949
47.9204
47.8966
47.8769
47.8614
47.8507
47.8458
47.8468
47.854
47.8659
47.8814
47.898
47.9131
47.9233
47.9259
47.9187
47.9014
47.874
47.8378
47.7945
47.7451
47.691
47.6332
47.573
47.5102
47.4458
47.3805
47.3156
47.254
47.1991
47.154
47.1222
47.1089
47.1152
47.1353
47.1616
47.1853
47.1996
47.1984
47.1778
47.135
47.0721
46.9869
46.8871
46.7754
46.6625
46.5512
46.4494
46.3568
46.2715
46.1954
46.1414
46.1381
46.1857
46.2888
46.4447
46.658
46.9086
47.1926
47.5067
47.8439
48.1878
48.5408
48.8804
49.1998
49.4831
49.7597
50.0057
50.2376
50.4439
50.6274
50.7772
50.8955
50.9619
50.9894
50.9727
50.9479
50.9087
50.8739
50.8241
50.7781
50.7127
50.6533
50.576
50.514
50.4359
50.3791
50.3094
50.265
50.2193
50.2118
50.2066
50.248
50.2956
50.3952
50.508
50.6754
50.8482
51.0706
51.2763
51.527
51.7499
52.0199
52.2664
52.5762
52.8462
53.1833
53.4826
53.849
54.1428
54.4857
54.7335
55.052
55.2674
55.5684
55.7461
56.0301
56.1699
56.4107
56.5158
56.7427
56.7857
56.9867
56.9713
57.123
57.0253
57.1324
56.9773
57.0647
56.8507
56.9073
56.6821
56.7194
56.4811
56.5098
56.2765
56.324
56.0783
56.1403
55.9279
56.0278
55.833
55.9768
55.7541
55.9341
55.6161
55.8274
55.3404
55.5729
54.8474
55.0569
53.9618
53.8801
52.2261
51.4778
48.948
47.1093
43.5493
39.6557
35.3994
28.7796
23.3167
54.2772
53.7197
51.7324
50.055
49.0189
48.6126
48.6658
48.938
49.2537
49.5204
49.707
49.8064
49.8264
49.7815
49.693
49.5794
49.4578
49.3383
49.228
49.1291
49.043
48.9688
48.9068
48.8553
48.8135
48.7788
48.7496
48.7233
48.6979
48.671
48.6412
48.6074
48.5701
48.5297
48.488
48.4464
48.4062
48.3682
48.333
48.3009
48.2719
48.2457
48.2219
48.2008
48.1824
48.1675
48.1561
48.148
48.1421
48.1373
48.1316
48.1232
48.1101
48.0911
48.0655
48.033
47.9937
47.9484
47.8975
47.8424
47.784
47.7242
47.6632
47.6028
47.5435
47.4864
47.4334
47.3875
47.3525
47.3315
47.327
47.3381
47.3589
47.3778
47.3885
47.3869
47.3709
47.339
47.286
47.2114
47.1147
47.0012
46.8724
46.7358
46.6013
46.4763
46.3609
46.2484
46.1445
46.0617
46.0375
46.0749
46.1774
46.341
46.5659
46.8287
47.127
47.4584
47.8101
48.1762
48.5489
48.9108
49.2527
49.5661
49.8593
50.1217
50.3734
50.5943
50.7901
50.9447
51.067
51.1315
51.155
51.132
51.1071
51.0654
51.0347
50.9898
50.9476
50.8933
50.8477
50.7899
50.7467
50.6829
50.6368
50.5709
50.5307
50.4894
50.4883
50.4864
50.5312
50.5779
50.6785
50.7921
50.9603
51.1367
51.3624
51.5713
51.821
52.0426
52.308
52.5565
52.8672
53.1372
53.4869
53.7966
54.1757
54.4661
54.8003
55.0356
55.3443
55.548
55.8362
55.9812
56.2625
56.3742
56.6077
56.6994
56.9287
56.9378
57.165
57.1088
57.259
57.1323
57.2421
57.0818
57.172
56.9501
57.0026
56.7818
56.8215
56.5746
56.6086
56.3536
56.404
56.125
56.1583
55.914
55.9618
55.7118
55.7764
55.4739
55.5427
55.1473
55.1877
54.6556
54.6666
53.9567
53.8591
52.8482
52.4177
50.7983
49.8061
47.3841
45.408
42.5768
38.8566
35.6066
30.1346
25.2126
54.6545
54.138
52.0659
50.2484
49.089
48.5892
48.6173
48.9272
49.3076
49.6403
49.882
50.0242
50.0716
50.0402
49.9534
49.836
49.7082
49.5847
49.4733
49.378
49.2991
49.2357
49.1855
49.1463
49.1155
49.0906
49.069
49.0489
49.0278
49.0048
48.9783
48.9483
48.9145
48.8779
48.839
48.7996
48.7597
48.7211
48.6828
48.6464
48.6109
48.5773
48.5445
48.5132
48.4831
48.4548
48.4281
48.4034
48.3798
48.3571
48.3343
48.311
48.2855
48.2577
48.2261
48.1908
48.1507
48.1067
48.0578
48.0058
47.9501
47.8927
47.8346
47.7785
47.7248
47.6764
47.6342
47.6009
47.579
47.5723
47.5791
47.5983
47.6214
47.6371
47.6392
47.6277
47.602
47.5644
47.5069
47.4242
47.3167
47.1884
47.04
46.8793
46.7229
46.5739
46.44
46.3035
46.1747
46.07
46.0288
46.0607
46.1668
46.342
46.575
46.8487
47.1602
47.5051
47.8748
48.2618
48.6587
49.0473
49.4087
49.7424
50.0424
50.3203
50.5807
50.805
51.0019
51.1538
51.2759
51.3438
51.3659
51.3394
51.3092
51.2696
51.2435
51.2099
51.1819
51.1496
51.1277
51.0999
51.0815
51.042
51.0112
50.9584
50.9281
50.9003
50.9081
50.9136
50.9628
51.008
51.1071
51.2252
51.398
51.5765
51.8067
52.0209
52.2739
52.5015
52.7634
53.0176
53.3281
53.6037
53.9673
54.2869
54.6794
54.9611
55.2921
55.5044
55.8075
56.0085
56.2816
56.4011
56.6663
56.7432
56.9652
57.0348
57.2692
57.2506
57.4752
57.4072
57.5411
57.4172
57.5209
57.3718
57.4372
57.23
57.2597
57.0587
57.0677
56.8304
56.8484
56.6072
56.6365
56.353
56.3393
56.0821
56.057
55.7622
55.7153
55.3498
55.2702
54.8048
54.6739
54.0905
53.9205
53.2273
52.9703
52.0067
51.4677
49.8335
48.8148
46.5944
44.6228
42.4332
39.0884
36.3359
31.8198
27.2944
54.8895
54.4115
52.328
50.4465
49.216
48.6466
48.6384
48.9592
49.3788
49.7587
50.0425
50.2195
50.2915
50.274
50.1912
50.0728
49.9418
49.8162
49.7049
49.6128
49.5396
49.4845
49.4438
49.4149
49.3937
49.3778
49.3634
49.3495
49.3329
49.3139
49.2904
49.2635
49.2321
49.1982
49.1611
49.1228
49.0822
49.0415
48.9996
48.9582
48.9162
48.8749
48.8335
48.7927
48.7521
48.7122
48.6727
48.634
48.596
48.5596
48.5242
48.4903
48.4565
48.4235
48.3894
48.3541
48.3162
48.2755
48.2309
48.1835
48.1333
48.0816
48.0297
47.9805
47.9363
47.8997
47.8719
47.854
47.8472
47.8542
47.8731
47.8998
47.9236
47.937
47.9332
47.9143
47.8846
47.8454
47.7852
47.6982
47.5847
47.4444
47.2778
47.0927
46.9093
46.7359
46.5821
46.4221
46.2827
46.1637
46.1179
46.1517
46.269
46.4535
46.6921
46.9665
47.2883
47.6456
48.0368
48.4437
48.8669
49.2868
49.672
50.0183
50.3255
50.6127
50.8709
51.0879
51.2729
51.4159
51.5387
51.605
51.6314
51.6085
51.5794
51.5453
51.5314
51.5129
51.5061
51.4987
51.5101
51.5185
51.5324
51.5261
51.5144
51.4807
51.4695
51.456
51.4739
51.4862
51.5409
51.5858
51.69
51.8149
51.991
52.1714
52.4134
52.6227
52.8894
53.1194
53.3879
53.6567
53.965
54.2495
54.6205
54.952
55.3532
55.6166
55.9625
56.1464
56.4423
56.6338
56.8861
56.9827
57.2433
57.2673
57.5041
57.5276
57.7869
57.7261
57.953
57.8429
57.9885
57.8503
57.9771
57.8429
57.88
57.6541
57.685
57.498
57.4802
57.2624
57.2431
57.038
57.0341
56.7587
56.6996
56.4469
56.3472
56.041
55.8785
55.4771
55.2577
54.72
54.4659
53.8777
53.5833
53.0176
52.6969
51.778
51.191
49.5373
48.4558
46.4983
44.5231
42.7888
39.8932
37.3093
33.468
29.3379
55.0369
54.5852
52.5137
50.6141
49.3558
48.755
48.7275
49.0527
49.4937
49.9004
50.2083
50.4052
50.4916
50.4824
50.4028
50.2847
50.1537
50.0291
49.9203
49.8324
49.765
49.7171
49.6846
49.6642
49.6512
49.6427
49.6349
49.6262
49.6142
49.5986
49.5781
49.5535
49.5243
49.4917
49.4555
49.4168
49.3752
49.3319
49.2865
49.2398
49.1918
49.1431
49.0937
49.0438
48.9937
48.9438
48.8944
48.8458
48.7981
48.7523
48.7084
48.6675
48.6295
48.5946
48.5616
48.5296
48.4967
48.4613
48.4229
48.3824
48.3399
48.2962
48.2532
48.2148
48.1829
48.16
48.1488
48.1484
48.1585
48.1817
48.2137
48.245
48.2671
48.2776
48.2718
48.2476
48.214
48.1744
48.1165
48.0312
47.9155
47.7642
47.5831
47.3795
47.1723
46.9697
46.7951
46.6144
46.4715
46.3463
46.3073
46.3456
46.4829
46.6769
46.9225
47.1955
47.5301
47.8984
48.3042
48.7256
49.1788
49.6301
50.043
50.3996
50.7102
50.9929
51.2389
51.4403
51.6109
51.7452
51.8697
51.9387
51.9734
51.958
51.9378
51.9162
51.9157
51.92
51.9395
51.964
52.0138
52.0622
52.1176
52.1481
52.1614
52.1542
52.1633
52.1583
52.1858
52.2032
52.2622
52.3051
52.4185
52.5436
52.728
52.9068
53.1646
53.3673
53.6646
53.8962
54.1851
54.4607
54.7878
55.0773
55.4647
55.7924
56.2131
56.4399
56.7982
56.9435
57.2434
57.4074
57.6658
57.7122
57.977
57.9246
58.2127
58.1733
58.4823
58.3316
58.6204
58.4194
58.647
58.4413
58.6232
58.4679
58.5305
58.2458
58.3281
58.0975
58.1076
57.9026
57.8928
57.6823
57.6596
57.3731
57.3167
57.0484
56.9165
56.5923
56.3688
55.9108
55.6064
54.9931
54.6809
54.0896
53.755
53.287
52.9458
52.0292
51.3182
49.6926
48.4534
46.8008
44.9473
43.4334
40.8952
38.3529
34.9611
31.2336
55.1195
54.6805
52.6259
50.7408
49.4931
48.8994
48.8775
49.2087
49.6564
50.0689
50.381
50.5809
50.6692
50.6614
50.5838
50.4691
50.3429
50.2242
50.1222
50.0412
49.9812
49.9406
49.9157
49.9023
49.896
49.893
49.8901
49.8852
49.8765
49.8635
49.8455
49.8226
49.795
49.7631
49.7273
49.6876
49.6448
49.5986
49.5499
49.4983
49.4451
49.3899
49.3337
49.2765
49.2191
49.1618
49.105
49.0492
48.9955
48.9447
48.8968
48.8529
48.8132
48.7783
48.7481
48.7211
48.6952
48.668
48.6395
48.6096
48.5779
48.5458
48.5165
48.4928
48.4746
48.4661
48.4728
48.4913
48.5182
48.5547
48.5952
48.6281
48.6486
48.657
48.6482
48.6228
48.5903
48.5527
48.4997
48.4213
48.3083
48.152
47.9602
47.7384
47.5126
47.285
47.0926
46.898
46.7579
46.6324
46.6167
46.66
46.8219
47.0241
47.2797
47.5484
47.9016
48.2778
48.6984
49.1269
49.6124
50.0881
50.5246
50.8835
51.1897
51.4526
51.6805
51.8628
52.0259
52.1592
52.2862
52.3566
52.4081
52.4017
52.4041
52.3928
52.4212
52.4416
52.4991
52.5573
52.6553
52.7419
52.8452
52.9076
52.9647
52.9795
53.0174
53.0171
53.0526
53.061
53.1276
53.1594
53.2822
53.3942
53.5924
53.7667
54.045
54.2448
54.5793
54.8141
55.146
55.4298
55.7926
56.0668
56.4958
56.7793
57.2446
57.4016
57.8074
57.8686
58.2103
58.3092
58.6076
58.5571
58.8578
58.736
59.1
58.98
59.3507
59.0791
59.4395
59.1502
59.4926
59.2403
59.506
59.2762
59.4135
59.0421
59.2236
58.9436
59.0288
58.7225
58.777
58.5679
58.5494
58.2167
58.2005
57.9073
57.7844
57.3958
57.1514
56.62
56.2716
55.6639
55.3073
54.743
54.3857
53.971
53.5137
52.56
51.592
50.079
48.751
47.3631
45.7417
44.2313
41.8946
39.3908
36.3161
32.9564
55.1384
54.6996
52.6664
50.8258
49.626
49.0783
49.089
49.431
49.872
50.2695
50.5661
50.7523
50.8303
50.8172
50.7409
50.6322
50.5155
50.4072
50.3157
50.2444
50.1933
50.1603
50.1418
50.1336
50.1314
50.1318
50.1315
50.129
50.1224
50.1114
50.095
50.0736
50.0471
50.0155
49.9796
49.939
49.8947
49.8464
49.7953
49.7409
49.6837
49.624
49.5625
49.4999
49.4367
49.3741
49.3128
49.2537
49.198
49.1457
49.0971
49.0531
49.0149
48.9829
48.9565
48.935
48.917
48.9009
48.8853
48.869
48.8514
48.8348
48.8231
48.8173
48.8167
48.8258
48.851
48.8862
48.9246
48.9676
49.0116
49.0451
49.0629
49.064
49.0467
49.0194
48.9907
48.9616
48.9211
48.8562
48.7528
48.6025
48.4085
48.1763
47.9335
47.6867
47.4779
47.2789
47.1457
47.0365
47.0555
47.1045
47.2912
47.4939
47.7578
48.0137
48.3872
48.7671
49.2035
49.6342
50.1553
50.6479
51.1109
51.4674
51.7648
51.9868
52.203
52.3591
52.5273
52.659
52.7938
52.8665
52.9409
52.9435
52.9834
52.983
53.0535
53.0876
53.1995
53.2846
53.4387
53.5588
53.7209
53.8103
53.9119
53.9476
54.0194
54.0221
54.0689
54.0708
54.1338
54.1561
54.2866
54.3873
54.5937
54.7757
55.0559
55.281
55.644
55.8885
56.2649
56.5531
56.9524
57.2233
57.6705
57.9023
58.3789
58.488
58.8835
58.9024
59.3211
59.2864
59.6302
59.4452
59.7935
59.6342
60.0648
59.9131
60.2958
59.9777
60.4174
60.0883
60.4873
60.222
60.521
60.2791
60.4315
60.0445
60.2741
60.0193
60.1337
59.8225
59.9093
59.6416
59.6512
59.2961
59.3245
58.984
58.8417
58.4096
58.1256
57.5976
57.1956
56.661
56.2326
55.6897
55.3013
54.8513
54.1442
53.1897
52.0059
50.6452
49.387
48.099
46.6603
45.058
42.8277
40.3975
37.5689
34.5159
55.0734
54.6267
52.6368
50.8807
49.7697
49.3078
49.3728
49.7225
50.1388
50.4993
50.76
50.9152
50.9708
50.9472
50.8721
50.7728
50.6698
50.5763
50.4991
50.4403
50.3995
50.3745
50.3618
50.3574
50.3578
50.3598
50.3609
50.3594
50.354
50.3441
50.3289
50.3083
50.2824
50.2512
50.2153
50.1745
50.1298
50.081
50.0286
49.9724
49.9126
49.8499
49.7846
49.7189
49.653
49.5887
49.5271
49.4688
49.4139
49.3626
49.3163
49.2751
49.2408
49.2143
49.195
49.1816
49.1725
49.1674
49.166
49.1666
49.1661
49.1662
49.1728
49.1859
49.2052
49.2358
49.2794
49.3279
49.3761
49.4249
49.4691
49.4974
49.5065
49.4963
49.4709
49.4427
49.4175
49.3957
49.3701
49.3224
49.235
49.0995
48.914
48.6807
48.4278
48.1764
47.9612
47.7667
47.638
47.5565
47.6075
47.6741
47.8796
48.0739
48.3325
48.5833
48.9837
49.3593
49.8057
50.2394
50.803
51.3062
51.8029
52.1519
52.4416
52.6223
52.8232
52.9525
53.1351
53.26
53.4124
53.4877
53.5856
53.6031
53.6841
53.6981
53.814
53.8724
54.0457
54.1599
54.3772
54.525
54.7408
54.8504
55.003
55.0529
55.162
55.1673
55.2311
55.2148
55.2765
55.2846
55.4209
55.5211
55.7475
55.9434
56.2333
56.4955
56.8568
57.1316
57.529
57.8203
58.2315
58.5031
58.9427
59.1484
59.5626
59.6857
60.0338
60.0202
60.4452
60.3464
60.642
60.4494
60.8394
60.6605
61.0779
60.9779
61.267
60.9787
61.4566
61.1896
61.6008
61.3912
61.6816
61.5099
61.5971
61.2256
61.4779
61.1913
61.3424
60.9969
61.1073
60.9008
60.9308
60.5667
60.5516
60.219
60.0654
59.579
59.2452
58.7557
58.3133
57.8678
57.3813
56.8445
56.3603
55.7861
54.7681
53.865
52.6046
51.4009
50.2842
48.9705
47.5979
45.875
43.7171
41.3756
38.7549
35.946
54.8702
54.42
52.54
50.9423
49.9733
49.6287
49.7465
50.0829
50.4485
50.7485
50.9537
51.063
51.0886
51.0532
50.9816
50.8957
50.8106
50.7357
50.6754
50.6308
50.601
50.5833
50.5749
50.5725
50.5735
50.5753
50.5761
50.5742
50.5686
50.5584
50.5432
50.5227
50.4967
50.4656
50.4303
50.3906
50.3468
50.2989
50.2473
50.1915
50.1312
50.0676
50.0007
49.9339
49.8697
49.809
49.7505
49.6945
49.6423
49.5949
49.5527
49.5164
49.4885
49.4698
49.4589
49.456
49.4606
49.4729
49.4901
49.506
49.5211
49.54
49.5663
49.5985
49.6394
49.6903
49.7486
49.807
49.8626
49.9156
49.9591
49.9832
49.9839
49.9599
49.9218
49.8888
49.8667
49.8552
49.8452
49.8178
49.7544
49.6427
49.4738
49.2525
49.001
48.7582
48.5396
48.3601
48.244
48.202
48.2664
48.3425
48.55
48.7366
48.9877
49.2731
49.7061
50.0873
50.5404
50.9931
51.5791
52.0783
52.5929
52.9371
53.2246
53.374
53.5599
53.6695
53.8634
53.983
54.1491
54.2237
54.3413
54.3797
54.4946
54.5394
54.7017
54.7955
55.0234
55.1769
55.4483
55.6291
55.8903
56.0281
56.225
56.2922
56.4302
56.4432
56.5139
56.4867
56.5388
56.5401
56.6808
56.786
57.0395
57.2602
57.5722
57.869
58.2119
58.512
58.8893
59.2031
59.5885
59.8867
60.2354
60.4363
60.8056
60.9362
61.2205
61.2799
61.5868
61.4853
61.639
61.5867
61.8997
61.8299
62.119
62.1733
62.2446
62.0977
62.565
62.3247
62.8016
62.7545
62.984
62.8774
62.8852
62.5711
62.7347
62.4942
62.5369
62.1635
62.39
62.2512
62.2559
61.9238
61.8694
61.4778
61.2747
60.785
60.4488
60.0197
59.5478
59.1731
58.5759
58.0794
57.4019
56.7375
55.4323
54.6518
53.3288
52.3317
51.3064
49.9102
48.4987
46.6762
44.5626
42.3155
39.8615
37.2339
54.4152
53.9921
52.3799
51.0605
50.3018
50.0787
50.2165
50.5001
50.7821
50.9976
51.131
51.1873
51.1829
51.1387
51.0742
51.0044
50.9391
50.8837
50.8402
50.8085
50.7875
50.7747
50.7682
50.7656
50.7652
50.7651
50.7642
50.7608
50.7541
50.7431
50.7272
50.7064
50.6806
50.6502
50.6158
50.5778
50.5362
50.491
50.4423
50.3886
50.3302
50.2687
50.2058
50.1426
50.0815
50.0257
49.9755
49.9284
49.8829
49.84
49.8024
49.7739
49.7564
49.7482
49.7482
49.7589
49.7795
49.8087
49.8449
49.8833
49.921
49.9588
50.0021
50.0526
50.1111
50.1753
50.2433
50.3099
50.3721
50.4275
50.4687
50.4864
50.4769
50.4405
50.3894
50.3472
50.3266
50.326
50.3336
50.33
50.2971
50.2185
50.0769
49.8783
49.6466
49.4297
49.2164
49.0677
48.9642
48.9511
49.0169
49.1137
49.3126
49.4863
49.7383
50.0881
50.5418
50.935
51.3872
51.8862
52.465
52.9612
53.4662
53.8104
54.0922
54.2445
54.3964
54.5009
54.689
54.8131
54.9803
55.0629
55.1861
55.2551
55.3872
55.4885
55.6753
55.838
56.0929
56.3128
56.6066
56.8394
57.1271
57.3067
57.5312
57.6317
57.7798
57.8058
57.889
57.8553
57.9146
57.9315
58.0656
58.2053
58.4648
58.7096
59.0324
59.3413
59.6655
59.9878
60.3209
60.6351
60.9984
61.3195
61.5712
61.7706
62.0783
62.1996
62.4752
62.5952
62.6839
62.7197
62.7248
62.8235
62.9959
63.0811
63.2163
63.33
63.2983
63.3661
63.6226
63.7038
64.1055
64.087
64.3198
64.2056
64.1434
63.9601
64.0264
63.8617
63.7757
63.5132
63.6456
63.6077
63.4768
63.2503
63.1341
62.7453
62.5286
62.0884
61.7105
61.3338
60.8213
60.4519
59.7477
59.2937
58.3612
57.6999
56.1443
55.5051
54.2172
53.4316
52.3713
50.8951
49.3839
47.4934
45.4142
43.2526
40.9159
38.4282
53.6724
53.3441
52.204
51.2855
50.7759
50.6439
50.7449
50.9262
51.0937
51.2103
51.27
51.2796
51.2532
51.2061
51.1514
51.0979
51.0504
51.0113
50.9808
50.9581
50.9421
50.9312
50.9243
50.9201
50.9174
50.915
50.912
50.9072
50.8996
50.8879
50.8714
50.85
50.8243
50.7947
50.7614
50.7262
50.6895
50.6498
50.6056
50.5565
50.5035
50.4468
50.3896
50.3349
50.2831
50.2355
50.1942
50.1593
50.1271
50.0948
50.0662
50.05
50.0484
50.057
50.0734
50.0999
50.1378
50.1855
50.2376
50.2894
50.3436
50.4026
50.4661
50.5345
50.6068
50.6797
50.7518
50.8208
50.8854
50.9414
50.9788
50.9908
50.9734
50.9284
50.8689
50.8202
50.8016
50.8099
50.8296
50.8431
50.8346
50.7886
50.6838
50.5212
50.3227
50.1454
49.9448
49.8493
49.7687
49.7816
49.8412
49.9745
50.1484
50.3384
50.6103
50.9959
51.4303
51.8536
52.3242
52.8713
53.4166
53.9184
54.3891
54.7439
55.0043
55.1747
55.2878
55.4107
55.5589
55.7025
55.844
55.9631
56.0793
56.2044
56.342
56.5164
56.7089
56.9499
57.2085
57.5014
57.7885
58.0916
58.3677
58.5999
58.8173
58.9758
59.112
59.1979
59.2605
59.2806
59.3265
59.4069
59.5219
59.7196
59.9458
60.2371
60.5286
60.8561
61.1522
61.4902
61.7639
62.0922
62.3802
62.6906
62.8783
63.1459
63.3105
63.506
63.6712
63.807
63.7805
63.9309
63.8643
64.0609
64.105
64.2609
64.2909
64.4863
64.3114
64.699
64.8053
65.2472
65.3038
65.3998
65.5527
65.4463
65.3722
65.3497
65.2835
65.176
64.9362
64.9209
64.8838
64.8225
64.6493
64.5136
64.2403
64.0345
63.6763
63.362
62.9735
62.621
62.058
61.6608
60.8561
60.3561
59.2075
58.5705
56.9699
56.5519
55.245
54.5739
53.3485
51.8744
50.2621
48.3372
46.2889
44.1935
41.9456
39.5661
52.8547
52.6787
52.115
51.6333
51.3434
51.2319
51.2344
51.2829
51.3319
51.36
51.3609
51.3381
51.2998
51.2546
51.2095
51.1686
51.1337
51.1051
51.082
51.0637
51.0494
51.0384
51.0301
51.024
51.0194
51.0152
51.0105
51.0042
50.9955
50.9831
50.9659
50.944
50.9184
50.8913
50.8624
50.8304
50.7969
50.7629
50.7268
50.6848
50.6383
50.5917
50.5464
50.5016
50.4604
50.4284
50.4047
50.3857
50.3684
50.3528
50.3444
50.3485
50.3647
50.3901
50.4255
50.4713
50.5259
50.5873
50.6543
50.7233
50.7906
50.8574
50.928
51.0035
51.0807
51.1558
51.2283
51.297
51.3595
51.4092
51.4395
51.4493
51.4363
51.3978
51.3418
51.2938
51.2751
51.2838
51.3102
51.3356
51.345
51.3246
51.2523
51.1297
50.9778
50.8655
50.7087
50.6645
50.6011
50.6523
50.7209
50.9007
51.0442
51.2752
51.5345
51.9279
52.3222
52.8148
53.2903
53.8564
54.3482
54.8732
55.2939
55.6733
55.902
56.1088
56.1933
56.3408
56.4533
56.6237
56.7394
56.9037
56.9996
57.1886
57.3252
57.5767
57.7671
58.0784
58.3207
58.6718
58.9414
59.2964
59.5422
59.8218
60.0322
60.2597
60.3823
60.5491
60.5917
60.695
60.728
60.8799
60.9665
61.2168
61.405
61.7349
61.9859
62.3263
62.5766
62.9124
63.1226
63.435
63.6413
63.945
64.0464
64.3953
64.4459
64.7679
64.7306
64.9768
64.8356
65.0989
65.0053
65.2705
65.1765
65.4916
65.3836
65.6407
65.5054
66.0905
65.9449
66.4149
66.2177
66.6574
66.619
66.7038
66.5623
66.5952
66.3427
66.4674
66.1539
66.2297
66.0279
66.026
65.7733
65.6343
65.2401
65.2334
64.801
64.54
64.139
63.7975
63.1459
62.7338
61.7695
61.3659
59.9733
59.4655
57.7728
57.6414
56.3764
55.6686
54.2421
52.8475
51.1136
49.1716
47.1532
45.1056
42.921
40.6264
52.1663
52.1591
52.1178
51.9886
51.8296
51.6926
51.5946
51.531
51.4893
51.4541
51.416
51.3735
51.3291
51.2865
51.2481
51.2148
51.1865
51.1626
51.1423
51.125
51.1104
51.0983
51.0885
51.0808
51.0748
51.0697
51.0643
51.0571
51.0471
51.0338
51.0169
50.9965
50.9726
50.9462
50.9198
50.8942
50.8688
50.8418
50.812
50.779
50.7425
50.7055
50.6699
50.6381
50.6162
50.6043
50.5983
50.5965
50.5977
50.6027
50.6163
50.6418
50.6763
50.7183
50.7699
50.8316
50.9009
50.9746
51.0497
51.1243
51.1976
51.2694
51.3398
51.4097
51.4804
51.5518
51.6217
51.6862
51.7423
51.787
51.8178
51.8338
51.8292
51.8019
51.7609
51.7265
51.7161
51.7292
51.7537
51.7855
51.8062
51.7895
51.7375
51.662
51.5667
51.5153
51.4255
51.4523
51.4289
51.5341
51.5811
51.7998
51.9014
52.1986
52.4294
52.8481
53.1889
53.7295
54.1496
54.7324
55.1532
55.6943
56.0358
56.4839
56.6725
56.9548
57.0175
57.235
57.3098
57.5341
57.6009
57.82
57.8744
58.1353
58.2471
58.5734
58.7345
59.1112
59.3088
59.719
59.9372
60.3599
60.5476
60.913
61.0766
61.3884
61.4784
61.7272
61.749
61.9434
61.9638
62.189
62.2523
62.5479
62.6951
63.058
63.2378
63.5895
63.7666
64.1012
64.243
64.5595
64.6884
65.0304
65.0557
65.4571
65.401
65.8185
65.6691
66.06
65.7975
66.2613
66.0309
66.4769
66.24
66.7032
66.4222
66.8583
66.678
67.1802
66.9051
67.489
67.17
67.7626
67.515
67.8253
67.5335
67.7487
67.3543
67.6332
67.1274
67.2887
66.964
67.0817
66.6762
66.7088
66.1715
66.3482
65.6379
65.5214
65.0905
64.8583
64.058
63.6336
62.5476
62.281
60.5519
60.3446
58.6337
58.793
57.4288
56.6842
55.039
53.6758
51.8196
49.8954
47.9126
45.897
43.7689
41.563
52.161
52.1686
52.1704
52.1082
51.9936
51.865
51.748
51.6504
51.5697
51.501
51.4407
51.3868
51.3391
51.2974
51.2615
51.2308
51.2045
51.1818
51.162
51.1449
51.1301
51.1178
51.1078
51.0998
51.0933
51.0877
51.0822
51.0756
51.0663
51.0535
51.0369
51.0175
50.9964
50.9749
50.9536
50.9328
50.9124
50.8924
50.8713
50.848
50.8238
50.7999
50.7782
50.7623
50.7544
50.7541
50.7615
50.7774
50.7995
50.8265
50.8594
50.899
50.945
50.9993
51.0628
51.1341
51.2112
51.2906
51.3696
51.4463
51.5206
51.5934
51.6648
51.7346
51.8027
51.8686
51.9306
51.9881
52.0394
52.0822
52.1147
52.135
52.1385
52.1221
52.0955
52.0775
52.0777
52.0956
52.1189
52.1365
52.1381
52.1233
52.1105
52.0778
52.014
52.01
51.9937
52.12
52.1424
52.3117
52.3469
52.5885
52.6369
52.9694
53.1621
53.6247
53.9201
54.4705
54.8315
55.4282
55.7865
56.3447
56.63
57.1125
57.2795
57.6251
57.6849
57.9837
58.0378
58.3071
58.3344
58.5887
58.6203
58.9242
59.0231
59.3919
59.537
59.9492
60.1086
60.5574
60.7306
61.2048
61.341
61.7854
61.8952
62.2777
62.3365
62.6553
62.6579
62.9138
62.909
63.1834
63.2243
63.5568
63.6711
64.0407
64.1581
64.4953
64.6236
64.9641
65.0544
65.411
65.4726
65.8908
65.8609
66.3228
66.1797
66.7166
66.4405
67.0346
66.6564
67.2809
66.9003
67.5709
67.1356
67.7507
67.3468
67.8823
67.609
68.1332
67.7509
68.3891
67.9399
68.5806
68.1874
68.706
68.2164
68.727
68.1413
68.4638
67.8631
68.2408
67.7309
67.9101
67.4133
67.5903
66.9249
67.1484
66.3882
66.4756
65.865
65.7405
64.8056
64.4548
63.2771
62.9706
61.0436
61.3936
59.4997
59.8408
58.2719
57.6157
55.7147
54.3068
52.3171
50.4349
48.4589
46.4814
44.4006
42.3293
52.3102
52.2682
52.2016
52.1165
52.0152
51.9035
51.7909
51.6862
51.594
51.5149
51.4479
51.3909
51.3423
51.3007
51.2649
51.2341
51.2072
51.1838
51.1633
51.1454
51.13
51.117
51.1066
51.0985
51.0922
51.087
51.0819
51.0757
51.0675
51.0563
51.0421
51.0252
51.0066
50.9876
50.9694
50.9526
50.937
50.9221
50.9068
50.8903
50.8734
50.8577
50.8453
50.8391
50.8397
50.8474
50.8632
50.8869
50.9171
50.9526
50.9932
51.0391
51.0908
51.1505
51.2191
51.2951
51.3756
51.4575
51.5389
51.6187
51.6968
51.7723
51.8443
51.9117
51.9749
52.0348
52.0911
52.1432
52.1902
52.2306
52.2618
52.2811
52.2857
52.2738
52.2543
52.242
52.2455
52.265
52.2883
52.3014
52.2994
52.29
52.2781
52.2438
52.2152
52.2629
52.3139
52.5225
52.5729
52.7939
52.8179
53.0586
53.0808
53.4088
53.5822
54.0838
54.3631
54.9237
55.2475
55.8518
56.166
56.7393
56.9857
57.4708
57.6218
57.9854
58.0629
58.4216
58.4641
58.7557
58.7538
59.0197
59.0436
59.3667
59.4701
59.8618
60.0091
60.4328
60.5786
61.0394
61.1938
61.6847
61.797
62.271
62.3501
62.7666
62.8109
63.162
63.1572
63.4359
63.4149
63.6988
63.7335
64.0847
64.1893
64.5498
64.6478
64.9668
65.0767
65.4094
65.4767
65.8791
65.9196
66.4056
66.3358
66.92
66.7086
67.3372
66.9426
67.6975
67.192
67.9438
67.4533
68.1898
67.6862
68.3851
67.8832
68.4767
68.0905
68.6468
68.2437
68.9512
68.4284
69.146
68.6626
69.2566
68.6667
69.2623
68.5901
69.0978
68.4065
68.814
68.1883
68.518
67.9235
68.1421
67.3926
67.7578
66.9015
67.2018
66.3531
66.2697
65.2451
65.0619
63.8733
63.4814
61.7042
62.3486
60.2806
61.1293
59.0509
58.4388
56.1851
54.6789
52.5906
50.7055
48.7073
46.734
44.6452
42.5576
51.0208
51.0217
51.0489
50.8947
50.5529
50.1253
49.691
49.2914
48.9467
48.6624
48.4276
48.2509
48.1425
48.0862
48.0393
48.0219
48.0342
48.0385
48.041
48.0531
48.0783
48.1133
48.096
48.0205
47.9016
47.7376
47.5835
47.4941
47.4711
47.4541
47.3853
47.2753
47.162
47.0922
47.0878
47.1309
47.1872
47.245
47.2986
47.3289
47.3513
47.41
47.4638
47.5238
47.6228
47.6673
47.6516
47.6301
47.6373
47.7075
47.8737
48.1018
48.3398
48.5412
48.7003
48.8212
48.9086
48.9719
49.0584
49.1909
49.4033
49.6736
49.9509
50.2388
50.5218
50.8029
51.0763
51.374
51.7226
52.0976
52.5012
52.9081
53.3059
53.6782
54.0345
54.3625
54.6431
54.8906
55.1179
55.3527
55.6027
55.8754
56.1706
56.473
56.7652
57.0358
57.3131
57.6117
57.9249
58.2339
58.5111
58.7361
58.8983
58.9949
59.0442
59.0663
59.0906
59.1434
59.2493
59.4015
59.5713
59.7393
59.9118
60.0891
60.2666
60.433
60.5859
60.7333
60.8915
61.0878
61.3075
61.5371
61.7676
61.9867
62.1936
62.3816
62.5604
62.746
62.9473
63.1718
63.4224
63.6939
63.9656
64.2256
64.463
64.6815
64.8745
65.0404
65.1842
65.318
65.4617
65.6294
65.8226
66.0375
66.2679
66.512
66.771
67.0339
67.2902
67.5435
67.8046
68.0777
68.3643
68.667
68.9867
69.3206
69.6641
70.0089
70.3477
70.6728
70.979
71.2599
71.5124
71.7329
71.925
72.0912
72.2374
72.3648
72.4787
72.5789
72.6671
72.7428
72.8086
72.8645
72.9136
72.9588
73.0052
73.0549
73.1066
73.1559
73.2018
73.2392
73.2706
73.3032
73.3416
73.3854
73.4385
73.5043
73.5942
73.7215
73.8907
74.0926
74.301
74.4965
74.6943
74.9129
75.1491
75.3883
75.6156
75.8511
76.1215
76.4375
76.7976
77.2088
77.6902
78.2373
78.8135
79.3143
79.6438
79.7799
50.9536
50.9342
50.9221
50.7354
50.3709
49.9243
49.474
49.0662
48.721
48.4387
48.2167
48.0562
47.955
47.9059
47.8632
47.8333
47.8303
47.8314
47.8491
47.8896
47.9385
47.9713
47.9167
47.831
47.701
47.5191
47.3393
47.222
47.1831
47.1462
47.0705
46.9796
46.8842
46.8167
46.8117
46.8392
46.8884
46.9977
47.1188
47.1203
47.1027
47.1416
47.1684
47.1836
47.2337
47.2423
47.2062
47.1919
47.2288
47.3356
47.5243
47.7646
48.0123
48.2217
48.3771
48.4847
48.5512
48.605
48.7014
48.8416
49.048
49.2918
49.5746
49.8838
50.1768
50.4473
50.7127
51.0087
51.3564
51.732
52.132
52.553
52.9774
53.385
53.7566
54.084
54.3709
54.6217
54.8436
55.0796
55.3376
55.6171
55.9172
56.2282
56.5245
56.8059
57.1034
57.418
57.7378
58.048
58.3233
58.5458
58.7028
58.7931
58.8379
58.852
58.8716
58.9286
59.0374
59.1973
59.3824
59.5662
59.747
59.9226
60.092
60.2477
60.3968
60.5477
60.7115
60.9149
61.1494
61.394
61.6364
61.8589
62.0573
62.2305
62.3937
62.5669
62.7631
62.9917
63.2551
63.5404
63.8234
64.0883
64.3264
64.5427
64.7323
64.8894
65.0245
65.1566
65.3057
65.4802
65.6782
65.8965
66.1286
66.3654
66.615
66.8745
67.1322
67.3869
67.6472
67.9195
68.2078
68.5143
68.8386
69.1769
69.5242
69.8724
70.2146
70.5431
70.8517
71.134
71.3865
71.6064
71.7976
71.9636
72.1096
72.2367
72.3505
72.4505
72.5387
72.615
72.6819
72.7395
72.7892
72.8334
72.8798
72.9318
72.9877
73.0406
73.0863
73.1202
73.1491
73.1821
73.222
73.2665
73.3177
73.3792
73.4634
73.5855
73.7508
73.9496
74.1618
74.3579
74.5621
74.7993
75.0387
75.26
75.4736
75.6955
75.957
76.2614
76.6072
77.0014
77.4735
78.021
78.6015
79.1111
79.4642
79.6625
50.9257
50.8268
50.7071
50.4183
49.9866
49.4963
49.022
48.6101
48.277
48.0152
47.8244
47.7053
47.6404
47.6061
47.5751
47.542
47.5213
47.5199
47.5472
47.5921
47.6352
47.6536
47.6073
47.4941
47.3059
47.0877
46.8855
46.7485
46.6826
46.6103
46.532
46.4708
46.4152
46.379
46.3767
46.4073
46.4689
46.543
46.6288
46.6993
46.7325
46.7417
46.7227
46.6769
46.6584
46.5941
46.5136
46.4851
46.5435
46.6871
46.9208
47.2128
47.5015
47.7524
47.9259
48.0102
48.0304
48.0337
48.0782
48.1923
48.3927
48.6524
48.9891
49.3466
49.6567
49.9304
50.1977
50.4625
50.7599
51.1107
51.5214
51.9813
52.4522
52.8874
53.2629
53.6018
53.9051
54.1609
54.3928
54.642
54.9187
55.2189
55.5321
55.8519
56.1626
56.4539
56.747
57.0616
57.3952
57.722
58.0092
58.229
58.3655
58.43
58.4465
58.4312
58.4256
58.4737
58.5916
58.7839
59.0182
59.2511
59.4589
59.6376
59.7964
59.9364
60.0686
60.2128
60.3976
60.6261
60.8753
61.1247
61.3629
61.5805
61.7639
61.9134
62.0435
62.1831
62.3648
62.5995
62.8803
63.1923
63.5066
63.8014
64.0594
64.2729
64.4459
64.5862
64.7049
64.8283
64.9796
65.1637
65.3657
65.579
65.8093
66.0544
66.3087
66.5669
66.8233
67.0795
67.3401
67.612
67.901
68.2095
68.5362
68.8786
69.231
69.5848
69.9318
70.2635
70.5726
70.8537
71.1034
71.3209
71.5083
71.6722
71.8153
71.9413
72.0542
72.1547
72.2444
72.3236
72.3928
72.4529
72.5024
72.5464
72.5925
72.645
72.701
72.757
72.8064
72.8481
72.8864
72.9287
72.9733
73.0174
73.0647
73.1252
73.2073
73.3239
73.4775
73.6728
73.8966
74.1274
74.3596
74.5987
74.8203
75.0371
75.2578
75.479
75.7085
75.9703
76.2658
76.6168
77.0647
77.6112
78.2016
78.747
79.1687
79.4554
50.9005
50.6836
50.4143
50.0002
49.4826
48.9428
48.4432
48.0262
47.7057
47.4703
47.3201
47.2457
47.2142
47.1985
47.1781
47.1545
47.1405
47.1446
47.1787
47.231
47.2771
47.293
47.2266
47.0669
46.8373
46.5882
46.3818
46.2278
46.1222
46.0235
45.9497
45.9023
45.8671
45.8628
45.8692
45.8855
45.9286
45.9784
46.0499
46.1337
46.1926
46.205
46.1903
46.135
46.0784
45.965
45.8317
45.7599
45.7998
45.9695
46.2606
46.612
46.955
47.233
47.4005
47.447
47.4138
47.3718
47.3713
47.449
47.6337
47.9237
48.307
48.6994
49.0414
49.3691
49.6787
49.9313
50.1791
50.4768
50.8647
51.3315
51.8355
52.3171
52.7267
53.0731
53.3715
53.6325
53.8778
54.1435
54.4431
54.7651
55.0928
55.4163
55.7161
55.9855
56.2631
56.5763
56.9173
57.2566
57.5552
57.7756
57.9019
57.9409
57.9244
57.8845
57.861
57.9001
58.0255
58.2409
58.5137
58.794
59.0436
59.248
59.4094
59.5339
59.6465
59.7705
59.935
60.163
60.4426
60.732
60.9954
61.2046
61.3603
61.4663
61.5462
61.6344
61.7799
62.0063
62.3053
62.6528
63.0084
63.3394
63.6294
63.8611
64.0331
64.1622
64.2744
64.3959
64.5451
64.7234
64.9229
65.1361
65.3661
65.614
65.8756
66.1399
66.4021
66.6645
66.9324
67.2102
67.5055
67.8186
68.1499
68.4945
68.849
69.2027
69.5494
69.8794
70.186
70.4629
70.7092
70.9221
71.1059
71.2659
71.4043
71.5228
71.6271
71.719
71.8018
71.8765
71.9437
72.0031
72.0542
72.0996
72.1458
72.1965
72.2516
72.3064
72.358
72.4068
72.4594
72.5148
72.5733
72.6314
72.69
72.7554
72.8372
72.9497
73.1
73.2874
73.512
73.7586
74.0296
74.3103
74.5803
74.8297
75.0474
75.2364
75.428
75.6294
75.8605
76.1563
76.5761
77.1093
77.7266
78.312
78.8003
79.1444
50.8079
50.5102
50.0836
49.5558
48.9576
48.3678
47.8358
47.4029
47.084
46.8703
46.7613
46.7254
46.7219
46.7242
46.7149
46.7008
46.7003
46.726
46.7737
46.8338
46.8849
46.8982
46.8202
46.6327
46.3701
46.1041
45.8909
45.7193
45.5797
45.4634
45.3827
45.3247
45.2797
45.2684
45.2675
45.2794
45.3003
45.3331
45.3928
45.4779
45.5629
45.6171
45.6362
45.5892
45.5044
45.3573
45.1973
45.0996
45.1184
45.2955
45.6209
46.0117
46.3928
46.6843
46.8246
46.8229
46.7403
46.6634
46.6198
46.6615
46.8366
47.1524
47.5799
48.0263
48.4341
48.8244
49.1688
49.4235
49.6414
49.8904
50.2293
50.6642
51.1617
51.6578
52.086
52.4463
52.7561
53.028
53.2845
53.5636
53.8814
54.2217
54.5582
54.8817
55.1681
55.425
55.6898
55.9876
56.318
56.655
56.9542
57.1714
57.2952
57.3315
57.3075
57.2566
57.2318
57.2741
57.4077
57.6352
57.9271
58.2375
58.5187
58.7465
58.9178
59.0439
59.1387
59.2408
59.3957
59.6199
59.9064
60.2123
60.4908
60.7062
60.8491
60.9209
60.9546
61.001
61.1095
61.3114
61.6043
61.9608
62.3422
62.7063
63.0167
63.2633
63.4572
63.6096
63.7371
63.8697
64.0214
64.1943
64.3863
64.5955
64.8239
65.0731
65.3376
65.6089
65.8774
66.1467
66.4221
66.7101
67.0141
67.3358
67.6726
68.0219
68.3799
68.7352
69.081
69.4102
69.7116
69.9835
70.2252
70.4369
70.6178
70.7738
70.9042
71.0136
71.1056
71.1865
71.2552
71.3178
71.3734
71.4246
71.4698
71.5164
71.5635
71.6176
71.6743
71.7312
71.7866
71.8455
71.9119
71.9847
72.0589
72.1367
72.2146
72.296
72.3907
72.5152
72.6654
72.8423
73.0597
73.3263
73.6213
73.9392
74.2536
74.5431
74.7855
74.9808
75.1359
75.2842
75.4522
75.6929
76.0706
76.5956
77.2232
77.8583
78.3979
78.8022
50.6321
50.2998
49.7734
49.1638
48.5058
47.8767
47.3139
46.8579
46.5272
46.323
46.2391
46.2241
46.229
46.2306
46.226
46.2276
46.2487
46.2927
46.3551
46.4213
46.4692
46.4694
46.3774
46.1758
45.904
45.6381
45.4218
45.233
45.0663
44.9277
44.8236
44.7417
44.675
44.6317
44.6045
44.6024
44.6161
44.6532
44.7177
44.8142
44.9135
45.0009
45.0536
45.0438
44.962
44.8094
44.6377
44.5329
44.5632
44.7508
45.0865
45.4847
45.8536
46.1143
46.2177
46.182
46.0623
45.9537
45.8921
45.9317
46.1203
46.4611
46.9128
47.3961
47.8601
48.2985
48.6666
48.9314
49.132
49.3443
49.6308
50.0132
50.4649
50.9333
51.3593
51.7339
52.0582
52.3424
52.6118
52.9076
53.2424
53.6002
53.9475
54.2683
54.553
54.8129
55.0734
55.3581
55.6693
55.9832
56.2625
56.474
56.5975
56.6376
56.6348
56.6152
56.6131
56.6642
56.7993
57.0254
57.3184
57.6373
57.9366
58.1883
58.3785
58.5109
58.6065
58.6987
58.8354
59.0461
59.3252
59.6253
59.898
60.1099
60.242
60.303
60.3211
60.3468
60.4275
60.5978
60.8629
61.199
61.5718
61.9417
62.2717
62.5392
62.7487
62.9212
63.0761
63.2312
63.3951
63.5703
63.7602
63.9662
64.1916
64.4375
64.7016
64.9752
65.2507
65.5287
65.8148
66.1143
66.4328
66.764
67.108
67.4594
67.822
68.1797
68.5253
68.8529
69.1516
69.4179
69.6563
69.8667
70.0476
70.2005
70.3276
70.4297
70.513
70.5833
70.6403
70.6881
70.7283
70.7657
70.804
70.8472
70.8963
70.9522
71.0155
71.076
71.1385
71.2056
71.2843
71.3719
71.4682
71.5683
71.6717
71.775
71.8874
72.0159
72.166
72.3446
72.5708
72.8411
73.1566
73.5064
73.856
74.1827
74.4695
74.6758
74.8148
74.9248
75.0508
75.2597
75.6354
76.1525
76.8061
77.4648
78.0775
78.5227
50.4386
50.1084
49.5407
48.8823
48.1804
47.5181
46.9256
46.446
46.0983
45.8876
45.8028
45.7857
45.7787
45.7676
45.7607
45.7758
45.8174
45.8778
45.9453
45.9934
46.008
45.9765
45.8663
45.6679
45.4084
45.1555
44.9435
44.7461
44.5645
44.4019
44.2602
44.142
44.0526
43.9867
43.9417
43.9295
43.9446
43.9956
44.0796
44.1856
44.3012
44.4103
44.4907
44.5099
44.4566
44.3407
44.2036
44.1219
44.1657
44.3557
44.6742
45.0381
45.3606
45.5754
45.6371
45.5707
45.4475
45.3372
45.2754
45.3229
45.5292
45.887
46.351
46.8485
47.336
47.7809
48.1446
48.4082
48.6
48.7925
49.04
49.3715
49.7683
50.1901
50.604
50.9846
51.3211
51.6216
51.916
52.2278
52.5714
52.9352
53.2932
53.6221
53.9142
54.1843
54.4518
54.727
55.0136
55.2898
55.5295
55.7176
55.8488
55.9235
55.9592
55.9818
56.025
56.1085
56.2529
56.4736
56.7548
57.0619
57.3554
57.6081
57.8094
57.946
58.0459
58.1523
58.2971
58.4983
58.7499
59.0184
59.2635
59.4521
59.5724
59.6335
59.6569
59.678
59.7388
59.8799
60.1089
60.4116
60.7574
61.1116
61.4379
61.7157
61.9443
62.1411
62.3213
62.5003
62.682
62.8669
63.061
63.2674
63.4883
63.7254
63.9811
64.2523
64.5319
64.8176
65.115
65.428
65.7624
66.1037
66.454
66.8067
67.1705
67.5308
67.8722
68.1969
68.4939
68.7587
68.9962
69.2085
69.3904
69.543
69.6702
69.7726
69.8525
69.9194
69.9715
70.0131
70.045
70.0728
70.1008
70.1367
70.1817
70.2353
70.2991
70.3667
70.4343
70.5103
70.5999
70.7053
70.8202
70.9447
71.0694
71.195
71.3216
71.4585
71.6144
71.8041
72.0337
72.3119
72.6411
73.0017
73.3699
73.7344
74.0441
74.2765
74.4336
74.5499
74.6739
74.8892
75.2695
75.8156
76.4919
77.2048
77.8143
78.3131
50.3259
50.0074
49.4236
48.7357
48.0012
47.3093
46.6883
46.1827
45.8096
45.5785
45.4739
45.4336
45.4018
45.371
45.3549
45.3737
45.4278
45.4947
45.5453
45.5482
45.504
45.4311
45.3035
45.1167
44.8839
44.6614
44.4685
44.2798
44.0925
43.9061
43.7286
43.5859
43.4834
43.4131
43.3713
43.3621
43.3853
43.4479
43.5459
43.6591
43.7796
43.8946
43.9996
44.0463
44.0332
43.9653
43.8789
43.8444
43.9219
44.1201
44.4041
44.7153
44.9731
45.1347
45.1724
45.1018
44.9863
44.8833
44.8379
44.9009
45.1204
45.4796
45.9346
46.4185
46.886
47.2996
47.6306
47.8751
48.0624
48.2489
48.4826
48.7781
49.13
49.514
49.9066
50.2848
50.6286
50.9455
51.262
51.5881
51.9359
52.3023
52.6593
52.9882
53.2897
53.5706
53.843
54.1085
54.3648
54.6003
54.8077
54.9794
55.1167
55.2266
55.3144
55.3924
55.4834
55.6053
55.773
55.9943
56.2552
56.5317
56.8009
57.0374
57.2309
57.3831
57.5038
57.624
57.775
57.966
58.1865
58.4115
58.6158
58.775
58.8788
58.9352
58.9621
58.9855
59.0339
59.149
59.3417
59.607
59.9156
60.2428
60.5562
60.8325
61.073
61.2904
61.4931
61.6938
61.8915
62.0877
62.2852
62.4917
62.7074
62.9372
63.1834
63.4522
63.7328
64.0254
64.3347
64.6601
65.0084
65.3567
65.708
66.0609
66.4197
66.781
67.1195
67.4401
67.7364
68.003
68.2405
68.4555
68.6423
68.8035
68.9391
69.0509
69.1369
69.2067
69.2608
69.3013
69.3308
69.3556
69.3799
69.4106
69.4495
69.4962
69.5529
69.6181
69.689
69.7662
69.8612
69.9754
70.1043
70.2463
70.3923
70.5387
70.686
70.8373
71.0093
71.2095
71.453
71.7389
72.0711
72.4357
72.8166
73.1869
73.5178
73.78
73.9762
74.1359
74.3174
74.5816
75.0101
75.5715
76.2657
76.9947
77.6728
78.1835
50.3377
50.0272
49.4359
48.7264
47.9661
47.246
46.5957
46.061
45.6556
45.3922
45.253
45.18
45.1208
45.0677
45.0363
45.0479
45.0969
45.1523
45.165
45.1094
45.0092
44.8999
44.7562
44.5807
44.3767
44.1801
44.0097
43.85
43.6752
43.4771
43.2779
43.1295
43.0355
42.9837
42.9612
42.9672
43.0047
43.0755
43.1722
43.2765
43.3856
43.4976
43.6051
43.6704
43.6943
43.6794
43.6557
43.6769
43.7901
43.9985
44.256
44.5159
44.7191
44.8374
44.8581
44.7982
44.705
44.6215
44.5976
44.6777
44.897
45.2351
45.6541
46.1009
46.5202
46.8783
47.1655
47.3893
47.5803
47.7748
48.0068
48.2811
48.6048
48.9642
49.3342
49.6994
50.0489
50.383
50.7165
51.0522
51.3974
51.7512
52.0967
52.416
52.7118
52.9898
53.2545
53.5026
53.7319
53.9362
54.1185
54.2836
54.4356
54.5802
54.7125
54.8449
54.9873
55.1459
55.3358
55.5593
55.8054
56.0524
56.2924
56.5049
56.688
56.843
56.9784
57.1155
57.2693
57.4431
57.6281
57.8084
57.9646
58.087
58.1736
58.2244
58.2502
58.2731
58.3154
58.4094
58.5708
58.7968
59.0664
59.3589
59.6499
59.9179
60.1638
60.3928
60.6101
60.8243
61.0349
61.2367
61.4385
61.6432
61.8556
62.0815
62.3255
62.5914
62.877
63.172
63.4932
63.8257
64.1823
64.5317
64.8781
65.2238
65.5774
65.9349
66.2738
66.5875
66.8847
67.1523
67.3971
67.6169
67.8141
67.9853
68.1335
68.258
68.3599
68.439
68.5024
68.5481
68.5837
68.6086
68.632
68.6576
68.6884
68.7263
68.774
68.8315
68.8976
68.9697
69.0604
69.1762
69.3166
69.4742
69.6409
69.8087
69.9733
70.1473
70.3381
70.5573
70.8125
71.1054
71.4378
71.8045
72.1791
72.5434
72.8771
73.1699
73.4199
73.6536
73.932
74.2896
74.7942
75.4254
76.1556
76.9278
77.5279
78.0314
50.4704
50.162
49.5643
48.8361
48.0515
47.3018
46.6228
46.0572
45.6172
45.3143
45.1297
45.0186
44.936
44.867
44.8219
44.8156
44.8404
44.8624
44.8289
44.7211
44.5801
44.4366
44.2773
44.1093
43.9322
43.7586
43.6146
43.4899
43.3398
43.1527
42.9526
42.8124
42.7403
42.7158
42.7177
42.7431
42.796
42.8699
42.9555
43.0395
43.1303
43.2319
43.3355
43.4131
43.4653
43.498
43.5292
43.6048
43.7542
43.9726
44.2184
44.446
44.6134
44.7016
44.7137
44.669
44.6015
44.5431
44.5399
44.6355
44.8403
45.1397
45.5061
45.8903
46.243
46.5399
46.7857
46.9919
47.1904
47.3944
47.6249
47.8892
48.1928
48.5324
48.8909
49.2493
49.6008
49.9439
50.2844
50.623
50.9646
51.3013
51.6215
51.9169
52.1941
52.4517
52.6957
52.9168
53.1198
53.3008
53.4717
53.6392
53.805
53.9788
54.1501
54.3255
54.5123
54.7058
54.9195
55.1459
55.3825
55.6058
55.82
56.007
56.175
56.3284
56.4692
56.6132
56.758
56.91
57.0607
57.1993
57.3146
57.4007
57.4625
57.5034
57.5239
57.5471
57.5883
57.6692
57.8047
57.9943
58.2235
58.4783
58.7398
58.9937
59.2337
59.4639
59.6858
59.903
60.1183
60.3252
60.5274
60.7346
60.9453
61.1716
61.4132
61.6799
61.9695
62.2703
62.5944
62.931
63.2842
63.6361
63.9793
64.3206
64.6678
65.0176
65.3527
65.6641
65.9587
66.2317
66.4824
66.7129
66.919
67.1045
67.2655
67.4068
67.5229
67.6168
67.6894
67.7472
67.7881
67.8165
67.8366
67.8599
67.886
67.9201
67.9605
68.011
68.0642
68.1275
68.2085
68.3241
68.4688
68.6409
68.8255
69.0147
69.2057
69.4004
69.6119
69.8445
70.1076
70.4023
70.7313
71.0879
71.452
71.8057
72.1442
72.46
72.7654
73.079
73.4735
73.9389
74.5456
75.2446
76.0037
76.7529
77.4391
77.9192
50.6797
50.3614
49.7536
49.0106
48.2102
47.4407
46.7417
46.1539
45.6894
45.3526
45.1202
44.9603
44.8457
44.7603
44.7009
44.6736
44.6705
44.6549
44.5748
44.4236
44.2566
44.0868
43.9131
43.7517
43.6013
43.4523
43.3414
43.2502
43.1287
42.9656
42.7852
42.6707
42.6263
42.6229
42.6409
42.6755
42.7304
42.7991
42.8746
42.9432
43.0188
43.1095
43.2098
43.3007
43.3738
43.4389
43.5113
43.6301
43.8131
44.0444
44.2892
44.5017
44.6498
44.7209
44.7294
44.7037
44.6614
44.6271
44.6406
44.7365
44.9168
45.1729
45.4784
45.7907
46.0704
46.3041
46.5099
46.7038
46.9052
47.1176
47.3486
47.607
47.8979
48.2225
48.5672
48.9193
49.2697
49.613
49.9473
50.2769
50.6065
50.9224
51.2167
51.485
51.7352
51.9621
52.1769
52.3648
52.5393
52.7014
52.8606
53.0347
53.2159
53.41
53.6101
53.8154
54.0332
54.2508
54.483
54.708
54.9369
55.143
55.3396
55.5135
55.6712
55.8234
55.9592
56.096
56.2283
56.355
56.4725
56.5735
56.6512
56.7009
56.7367
56.7657
56.7828
56.8066
56.8501
56.9241
57.0413
57.1994
57.3917
57.608
57.8379
58.0687
58.2946
58.5135
58.7305
58.9428
59.1558
59.3629
59.5627
59.7708
59.9859
60.2151
60.4594
60.7257
61.0169
61.3189
61.6412
61.9755
62.3261
62.6772
63.0231
63.363
63.7073
64.047
64.3779
64.6869
64.9829
65.2583
65.5151
65.7535
65.9729
66.1706
66.3466
66.4988
66.6324
66.7386
66.8245
66.89
66.939
66.9718
66.9961
67.0182
67.0428
67.071
67.1085
67.1455
67.1903
67.2429
67.3179
67.428
67.5769
67.7567
67.9603
68.1692
68.3815
68.5997
68.8319
69.0766
69.3433
69.6293
69.9465
70.2889
70.636
70.9803
71.3261
71.6663
72.0349
72.4149
72.9096
73.4843
74.172
74.9687
75.7909
76.5934
77.2035
77.7471
50.909
50.5675
49.9362
49.1799
48.3789
47.6106
46.913
46.3226
45.855
45.5029
45.2366
45.0314
44.8798
44.7694
44.6885
44.6388
44.6102
44.5608
44.441
44.2629
44.0825
43.8987
43.7132
43.5544
43.4282
43.3088
43.2295
43.1705
43.078
42.9429
42.7952
42.7145
42.6937
42.7018
42.7272
42.7585
42.8077
42.8679
42.9286
42.983
43.0487
43.132
43.2315
43.3303
43.4185
43.505
43.6062
43.7528
43.9565
44.1991
44.4495
44.6595
44.8004
44.8676
44.8783
44.8687
44.849
44.8374
44.8644
44.9519
45.1079
45.3166
45.5538
45.7853
45.9881
46.1593
46.3298
46.5118
46.7118
46.9324
47.1712
47.4323
47.7162
48.0245
48.3507
48.6898
49.0299
49.3641
49.6797
49.9899
50.2995
50.5884
50.8553
51.0936
51.3131
51.5081
51.6919
51.8532
51.9995
52.1432
52.2933
52.4676
52.6539
52.8546
53.072
53.2946
53.532
53.7633
54.0065
54.2288
54.4493
54.6477
54.8325
55.0023
55.1543
55.3018
55.431
55.5522
55.6644
55.7645
55.8488
55.9121
55.9559
55.9756
55.9869
56.008
56.0248
56.0529
56.1019
56.1758
56.2827
56.4158
56.5767
56.7571
56.9522
57.1526
57.3562
57.558
57.7618
57.9641
58.1693
58.3717
58.5712
58.7765
58.992
59.2218
59.4706
59.7361
60.0271
60.3286
60.6487
60.9794
61.3275
61.6762
62.0224
62.3601
62.7008
63.0349
63.3621
63.6707
63.9679
64.2491
64.5143
64.7605
64.9883
65.1972
65.3837
65.5497
65.6942
65.8148
65.91
65.9866
66.0393
66.0776
66.1046
66.1286
66.1522
66.1818
66.2134
66.2457
66.2813
66.3274
66.394
66.5
66.6473
66.8345
67.0465
67.2713
67.5017
67.7395
67.9859
68.2464
68.5178
68.8022
69.1041
69.4236
69.7541
70.0794
70.4323
70.7874
71.2208
71.6713
72.2439
72.9038
73.657
74.5066
75.3916
76.2507
77.0046
77.446
51.0865
50.712
50.0483
49.28
48.4933
47.7514
47.0871
46.526
46.0854
45.7424
45.464
45.2287
45.0487
44.9207
44.8256
44.7606
44.7117
44.6317
44.4809
44.2833
44.0934
43.9002
43.7036
43.5427
43.4328
43.3448
43.3017
43.2757
43.2116
43.1003
42.9781
42.918
42.909
42.9254
42.9598
42.9882
43.0229
43.0661
43.1098
43.1525
43.2055
43.277
43.3679
43.4682
43.5729
43.6797
43.8008
43.9674
44.1851
44.4374
44.6905
44.9013
45.0392
45.1043
45.1151
45.114
45.1143
45.1288
45.1758
45.2583
45.3817
45.5356
45.6979
45.8469
45.9771
46.0906
46.2255
46.3894
46.5854
46.8121
47.0585
47.3205
47.5975
47.8924
48.2022
48.5241
48.8511
49.1669
49.4566
49.7411
50.0254
50.2784
50.5087
50.7146
50.9062
51.0746
51.2305
51.3689
51.4904
51.6175
51.7572
51.9208
52.1046
52.3018
52.5246
52.7511
52.998
53.2338
53.4787
53.6995
53.9167
54.1149
54.2928
54.4606
54.6104
54.7484
54.8671
54.9714
55.0617
55.136
55.1886
55.2202
55.2382
55.2398
55.2364
55.2533
55.2724
55.3077
55.3634
55.437
55.534
55.6467
55.7808
55.9262
56.0869
56.2559
56.4311
56.6113
56.7964
56.9858
57.178
57.3715
57.5659
57.7684
57.9812
58.2113
58.4601
58.7285
59.0159
59.3186
59.6343
59.9629
60.3016
60.6487
60.9908
61.3289
61.6637
61.9967
62.3214
62.6337
62.9323
63.218
63.4872
63.74
63.9734
64.1911
64.387
64.5626
64.7165
64.8463
64.951
65.0347
65.0924
65.134
65.1664
65.1894
65.2115
65.2382
65.267
65.295
65.3292
65.3761
65.4424
65.5427
65.6862
65.8707
66.0914
66.3242
66.5694
66.817
67.083
67.3535
67.6326
67.9114
68.2033
68.5024
68.8213
69.1253
69.4878
69.8492
70.3257
70.8321
71.4482
72.1702
72.9742
73.8978
74.8411
75.7517
76.4073
77.046
51.1653
50.7434
50.0349
49.2546
48.4989
47.8158
47.2232
46.7327
46.3535
46.0485
45.7843
45.5426
45.3515
45.2159
45.12
45.0455
44.978
44.8752
44.7025
44.4906
44.2967
44.0992
43.8962
43.7349
43.6359
43.5788
43.5698
43.5676
43.521
43.4196
43.3039
43.2463
43.241
43.2603
43.2982
43.3289
43.3557
43.3877
43.4194
43.4384
43.4642
43.5176
43.5977
43.6979
43.8105
43.9315
44.0786
44.2698
44.4979
44.7511
44.9987
45.2053
45.3369
45.3931
45.3964
45.3987
45.4169
45.4515
45.5113
45.5864
45.6809
45.7908
45.8884
45.96
46.0207
46.0796
46.1766
46.32
46.5102
46.7418
46.9902
47.2491
47.517
47.7967
48.0899
48.3952
48.706
49.0003
49.2622
49.5093
49.7545
49.9682
50.1613
50.3317
50.4903
50.6309
50.7613
50.8807
50.9862
51.0979
51.2277
51.3777
51.5543
51.7425
51.9637
52.1848
52.4311
52.6645
52.9055
53.1269
53.3429
53.543
53.7211
53.887
54.0352
54.1643
54.2693
54.3588
54.4283
54.4797
54.5098
54.5189
54.5207
54.5138
54.5078
54.519
54.5437
54.5826
54.642
54.71
54.7968
54.8892
54.9991
55.1164
55.2466
55.3845
55.5314
55.6855
55.8485
56.016
56.1913
56.3719
56.5617
56.7595
56.9723
57.1999
57.4493
57.7158
58.0025
58.3017
58.6158
58.9395
59.2737
59.6129
59.9553
60.2894
60.6241
60.9508
61.2787
61.5885
61.8932
62.1773
62.4525
62.7062
62.9484
63.1678
63.3721
63.5508
63.7131
63.8453
63.9591
64.0462
64.1131
64.1574
64.1952
64.2181
64.2406
64.265
64.2919
64.3178
64.3525
64.3974
64.4675
64.5678
64.7082
64.8875
65.1036
65.3381
65.5921
65.8498
66.1251
66.4024
66.6891
66.9683
67.2544
67.5306
67.8408
68.1217
68.4987
68.8631
69.3552
69.8952
70.5262
71.2677
72.1125
73.0493
74.0409
74.9985
75.829
76.2867
51.1134
50.6334
49.8727
49.0913
48.3907
47.8039
47.3226
46.9436
46.6516
46.4055
46.1757
45.9535
45.7657
45.6286
45.5319
45.4484
45.3664
45.2505
45.067
44.8478
44.6523
44.4543
44.2543
44.1007
44.0125
43.9802
43.9956
44.0083
43.9708
43.869
43.7417
43.6673
43.6437
43.6574
43.7063
43.7472
43.7665
43.7831
43.8047
43.8103
43.8158
43.8419
43.9021
43.9956
44.1118
44.2452
44.4112
44.6139
44.8495
45.103
45.3427
45.5361
45.6558
45.7008
45.6921
45.6864
45.7065
45.7523
45.8214
45.8955
45.9725
46.0458
46.0925
46.1037
46.1057
46.1211
46.1872
46.308
46.4847
46.7094
46.9478
47.1927
47.4463
47.7099
47.9861
48.2753
48.5636
48.8314
49.0655
49.2746
49.4791
49.6504
49.7983
49.9283
50.0539
50.1672
50.2734
50.3763
50.4698
50.5709
50.6931
50.8302
50.9985
51.1742
51.3871
51.6003
51.8388
52.0707
52.3058
52.532
52.7495
52.9489
53.1303
53.2958
53.438
53.5594
53.6524
53.7293
53.7799
53.8151
53.8311
53.832
53.8257
53.817
53.8139
53.8222
53.8497
53.8873
53.9438
54.0045
54.0781
54.1548
54.2418
54.335
54.4362
54.5452
54.6626
54.7891
54.9267
55.0719
55.2296
55.3967
55.5785
55.7731
55.9844
56.213
56.4598
56.7247
57.0063
57.305
57.6153
57.938
58.2663
58.6002
58.9363
59.2697
59.5994
59.9233
60.2446
60.5548
60.8579
61.1481
61.423
61.6816
61.9243
62.1509
62.3551
62.5406
62.7028
62.8425
62.958
63.0543
63.1247
63.1781
63.2152
63.2429
63.2624
63.2854
63.3065
63.335
63.3677
63.4172
63.4829
63.5821
63.7158
63.8877
64.097
64.3299
64.5839
64.8453
65.1236
65.4018
65.6953
65.967
66.2614
66.5121
66.8287
67.091
67.4643
67.8345
68.3132
68.8662
69.4962
70.2358
71.0671
71.9976
72.9544
73.9233
74.5361
75.2936
50.9266
50.3818
49.5935
48.859
48.2528
47.795
47.4535
47.1928
46.9817
46.7954
46.6126
46.4286
46.2573
46.1213
46.021
45.9314
45.836
45.7109
45.5237
45.3031
45.1069
44.9131
44.7251
44.5863
44.5103
44.4935
44.5225
44.547
44.5179
44.4101
44.2615
44.15
44.0965
44.0957
44.1425
44.1931
44.2134
44.2208
44.2326
44.2307
44.2197
44.2211
44.2631
44.3469
44.4573
44.5901
44.7608
44.9708
45.2093
45.453
45.679
45.8599
45.9694
46.0013
45.9811
45.961
45.9721
46.02
46.0894
46.1606
46.2256
46.2764
46.2928
46.2641
46.2231
46.2024
46.2428
46.3388
46.4876
46.691
46.9134
47.1419
47.3789
47.6235
47.8784
48.1446
48.4081
48.6488
48.8564
49.0281
49.187
49.3119
49.417
49.5079
49.6003
49.6882
49.7742
49.8615
49.9488
50.0401
50.1561
50.2788
50.4376
50.6022
50.8048
51.0116
51.2405
51.4728
51.7064
51.9362
52.1561
52.3531
52.5373
52.7036
52.8405
52.9555
53.0395
53.1076
53.1487
53.1757
53.1858
53.1834
53.1792
53.1703
53.1747
53.1813
53.2087
53.2387
53.2874
53.3352
53.3943
53.4547
53.5194
53.5886
53.6624
53.7404
53.8299
53.928
54.0419
54.1659
54.3074
54.4636
54.6381
54.8298
55.0384
55.2665
55.5101
55.7731
56.0513
56.3479
56.655
56.9732
57.2965
57.6226
57.9524
58.2798
58.6067
58.9257
59.2428
59.5498
59.853
60.1429
60.4204
60.6797
60.9273
61.1542
61.3641
61.549
61.7181
61.8603
61.9841
62.0833
62.1632
62.2203
62.2626
62.287
62.3069
62.3207
62.3396
62.3605
62.396
62.4394
62.5076
62.5953
62.7255
62.8832
63.0848
63.308
63.5584
63.8143
64.0916
64.3634
64.6603
64.9242
65.2276
65.4694
65.7846
66.0398
66.4012
66.7594
67.2086
67.7319
68.334
69.0095
69.7791
70.5945
71.4642
72.2932
73.0122
73.3768
50.7022
50.1369
49.3802
48.7398
48.2488
47.9122
47.6764
47.4938
47.3385
47.1984
47.0644
46.928
46.7843
46.6534
46.5486
46.4537
46.3483
46.2166
46.0315
45.8143
45.6156
45.4274
45.2543
45.1296
45.0637
45.0524
45.0816
45.1127
45.0889
44.9867
44.8298
44.6814
44.5902
44.561
44.5897
44.6403
44.6661
44.6674
44.6719
44.6663
44.6374
44.6207
44.6486
44.7185
44.8198
44.946
45.1057
45.3063
45.5394
45.7726
45.9839
46.152
46.2544
46.2823
46.2574
46.2211
46.2195
46.2622
46.3242
46.3822
46.4356
46.4753
46.4774
46.4295
46.3617
46.3134
46.3255
46.3959
46.514
46.6884
46.8883
47.0916
47.3028
47.5244
47.7565
47.9936
48.2288
48.4411
48.6195
48.7548
48.8709
48.9559
49.0224
49.0779
49.1396
49.2039
49.2717
49.3447
49.4268
49.5076
49.6174
49.7268
49.8766
50.0344
50.225
50.4324
50.6558
50.8912
51.1274
51.3594
51.5788
51.7787
51.9651
52.131
52.2642
52.3749
52.4563
52.5204
52.5608
52.5838
52.5963
52.5943
52.5958
52.5906
52.6016
52.6037
52.6276
52.6453
52.6789
52.7136
52.754
52.795
52.8401
52.8839
52.9351
52.9856
53.0489
53.12
53.2087
53.3143
53.4403
53.5871
53.7548
53.9428
54.1512
54.3774
54.6214
54.881
55.1587
55.4483
55.7517
56.0586
56.3765
56.6931
57.0175
57.3381
57.6606
57.9759
58.2902
58.5948
58.898
59.1877
59.4672
59.7298
59.9809
60.2092
60.422
60.6109
60.7823
60.9298
61.0587
61.1619
61.246
61.307
61.3493
61.3754
61.3906
61.4003
61.41
61.4259
61.4505
61.4882
61.5425
61.623
61.7333
61.8808
62.0639
62.2749
62.5146
62.7608
63.0372
63.2942
63.5972
63.8443
64.1582
64.3892
64.7163
64.9637
65.3013
65.6491
66.0517
66.5097
67.0319
67.6003
68.2343
68.8838
69.5213
70.114
70.3601
71.0037
50.594
50.0518
49.3623
48.8196
48.4229
48.1522
47.9634
47.8154
47.6888
47.5843
47.4893
47.3941
47.2832
47.1686
47.0679
46.9782
46.8749
46.7433
46.566
46.3522
46.1486
45.9628
45.7967
45.6723
45.6065
45.5912
45.6123
45.6398
45.622
45.5379
45.3935
45.2329
45.1134
45.0497
45.0437
45.0785
45.1061
45.1031
45.096
45.0851
45.052
45.0198
45.0213
45.0789
45.1769
45.2924
45.4367
45.6168
45.8308
46.0461
46.2444
46.3988
46.495
46.5257
46.5066
46.4702
46.4566
46.4796
46.5258
46.5768
46.6216
46.6462
46.6418
46.5918
46.5138
46.4473
46.4331
46.4774
46.5623
46.6934
46.8567
47.032
47.22
47.4147
47.6173
47.8245
48.0305
48.2123
48.3613
48.465
48.5416
48.5894
48.6253
48.6496
48.686
48.727
48.782
48.8371
48.9142
48.9832
49.0834
49.188
49.3249
49.4833
49.6678
49.8781
50.1046
50.3431
50.5817
50.8176
51.0366
51.2416
51.4335
51.5997
51.733
51.8407
51.9245
51.9856
52.0298
52.0543
52.0737
52.0746
52.0857
52.081
52.0936
52.0908
52.1045
52.1117
52.1302
52.1488
52.1718
52.1939
52.2194
52.2428
52.2694
52.2985
52.3354
52.3847
52.4505
52.5388
52.651
52.7876
52.9483
53.1327
53.3389
53.5639
53.8058
54.0637
54.3358
54.6182
54.9105
55.2078
55.514
55.8243
56.1365
56.4557
56.7683
57.0885
57.3988
57.7091
58.0115
58.3078
58.5882
58.8586
59.1104
59.3413
59.5535
59.7475
59.9184
60.0693
60.201
60.3073
60.3927
60.4552
60.4965
60.5216
60.5297
60.5331
60.5332
60.5382
60.5514
60.5737
60.618
60.6769
60.7715
60.8903
61.0579
61.2366
61.4684
61.6831
61.9636
62.1941
62.509
62.7315
63.0658
63.2872
63.6011
63.8605
64.1592
64.4811
64.8396
65.2047
65.6194
66.0175
66.4536
66.8217
67.1303
67.2515
66.9979
66.2187
50.6933
50.277
49.6703
49.1494
48.7545
48.4808
48.3054
48.1733
48.0541
47.96
47.8742
47.7948
47.7114
47.6224
47.5348
47.4558
47.3598
47.2303
47.061
46.8542
46.6485
46.4631
46.3011
46.181
46.1183
46.097
46.1
46.1088
46.0848
46.0138
45.8943
45.7489
45.6206
45.5357
45.5005
45.5083
45.5238
45.5152
45.4961
45.475
45.4418
45.4049
45.3978
45.433
45.5016
45.6012
45.7356
45.9038
46.0949
46.2827
46.454
46.5919
46.6831
46.7208
46.7146
46.6866
46.6697
46.6802
46.7146
46.7556
46.7887
46.8054
46.7953
46.7456
46.6664
46.5844
46.5406
46.5514
46.6048
46.697
46.8259
46.9729
47.1321
47.296
47.4686
47.6422
47.8142
47.9654
48.087
48.1627
48.2083
48.2291
48.2403
48.2366
48.2542
48.2696
48.3124
48.3508
48.415
48.4777
48.5636
48.6663
48.797
48.9581
49.1456
49.3588
49.5911
49.8346
50.0787
50.3196
50.5461
50.7609
50.9603
51.1255
51.2618
51.3691
51.4583
51.5179
51.5704
51.5968
51.6259
51.6313
51.6476
51.6451
51.6506
51.6448
51.645
51.6445
51.649
51.6541
51.6614
51.6677
51.6725
51.6777
51.6817
51.69
51.7048
51.7331
51.7813
51.8535
51.954
52.0795
52.2321
52.4076
52.6094
52.8296
53.0684
53.3206
53.5874
53.8602
54.1423
54.4295
54.7246
55.0272
55.332
55.6469
55.9584
56.2788
56.5967
56.9121
57.2244
57.5216
57.8098
58.0795
58.3352
58.5599
58.7757
58.9639
59.1393
59.2865
59.4247
59.5256
59.6152
59.6728
59.7166
59.7326
59.7415
59.7318
59.7286
59.7129
59.7158
59.7145
59.7462
59.7784
59.857
59.9422
60.0892
60.2277
60.4477
60.6205
60.9019
61.0935
61.4237
61.6281
61.9526
62.1895
62.4769
62.7232
62.9996
63.2496
63.5621
63.8094
64.0926
64.2808
64.4249
64.4176
64.1613
63.5301
61.7426
59.116
50.8445
50.6583
50.0982
49.5842
49.1853
48.8875
48.676
48.5118
48.3723
48.2763
48.2035
48.138
48.0726
48.0055
47.9309
47.8496
47.7497
47.6231
47.4673
47.2798
47.0843
46.9062
46.752
46.632
46.5514
46.5086
46.4963
46.4965
46.4742
46.4066
46.3005
46.1719
46.0499
45.9593
45.9058
45.8869
45.8851
45.8729
45.8491
45.8204
45.788
45.755
45.7407
45.7585
45.8112
45.8974
46.0132
46.1531
46.3125
46.4768
46.6298
46.7539
46.8383
46.8798
46.8849
46.8682
46.8535
46.8555
46.8754
46.9045
46.9298
46.9393
46.9224
46.8725
46.7954
46.7061
46.6381
46.6156
46.6389
46.6991
46.7926
46.9066
47.0355
47.1712
47.3158
47.4602
47.6008
47.7197
47.8112
47.8635
47.8844
47.8798
47.8712
47.8457
47.8472
47.8424
47.8672
47.8949
47.9412
47.9981
48.072
48.173
48.3037
48.4675
48.66
48.8787
49.1173
49.3664
49.6194
49.8698
50.1102
50.3372
50.5445
50.7109
50.854
50.964
51.0615
51.1276
51.1907
51.2268
51.263
51.279
51.2925
51.2937
51.2878
51.2772
51.2655
51.2564
51.2492
51.2425
51.2344
51.2248
51.2096
51.1942
51.1784
51.1659
51.1634
51.1726
51.2066
51.2635
51.3519
51.4643
51.6061
51.7698
51.9632
52.1757
52.411
52.6576
52.9195
53.1865
53.4613
53.7421
54.0292
54.3236
54.6248
54.9341
55.248
55.5697
55.8941
56.2173
56.5351
56.8346
57.125
57.3953
57.647
57.8717
58.0867
58.2735
58.447
58.5953
58.731
58.8299
58.917
58.9742
59.0143
59.0282
59.0291
59.0115
58.9924
58.9596
58.9424
58.9204
58.9318
58.9349
58.9963
59.0386
59.1753
59.2575
59.4773
59.5921
59.8827
60.0321
60.3512
60.5496
60.8517
61.0759
61.3565
61.5577
61.8159
61.9775
62.2144
62.3203
62.4352
62.3606
62.1651
61.6328
60.6723
58.9145
55.8982
45.632
-42.7439
-3.4208
-6.76987
-1.4662
-2.76109
-0.803219
-0.502012
0.772639
1.32452
1.93048
2.2342
2.47999
2.44371
2.42471
2.20932
2.09351
1.90061
1.50285
0.983502
0.645403
-29.3298
-3.74244
-6.77571
-1.58566
-2.87519
-0.916681
-0.633312
0.655531
1.21621
1.83225
2.13923
2.39772
2.36835
2.36155
2.1475
2.03745
1.86209
1.46131
0.933448
0.605178
-18.7385
-3.55985
-6.60123
-1.7531
-3.05466
-1.0965
-0.849952
0.449317
1.01319
1.63711
1.94758
2.23019
2.20885
2.22505
2.02319
1.92118
1.77116
1.3652
0.819884
0.523654
-9.2986
-2.57199
-5.77394
-1.8565
-3.12597
-1.28864
-1.05026
0.213111
0.783439
1.39685
1.71287
2.01771
2.00519
2.04489
1.86289
1.76562
1.64721
1.25091
0.681065
0.408143
-1.25779
-0.637122
-4.3546
-1.80545
-3.00246
-1.44272
-1.18101
-0.0150979
0.562019
1.14295
1.45548
1.78259
1.78326
1.83937
1.68123
1.58505
1.4898
1.13175
0.539224
0.281043
5.34367
2.07226
-2.42826
-1.43608
-2.63603
-1.48601
-1.21667
-0.200888
0.367261
0.904139
1.19914
1.53911
1.55629
1.62019
1.4838
1.38312
1.29383
0.999663
0.404603
0.153651
10.741
5.2082
-0.124404
-0.692897
-2.04
-1.38139
-1.15895
-0.325045
0.209285
0.701436
0.969106
1.30165
1.33546
1.39945
1.28085
1.17096
1.0674
0.843503
0.279439
0.0353279
15.2046
8.42983
2.36807
0.383791
-1.26847
-1.11889
-1.00628
-0.361167
0.109583
0.557116
0.79235
1.09343
1.13933
1.19535
1.08922
0.96488
0.828473
0.659863
0.164549
-0.0650382
18.989
11.5373
4.90195
1.7171
-0.34746
-0.697234
-0.738214
-0.274888
0.107595
0.501175
0.700518
0.950474
0.994979
1.03207
0.926567
0.779551
0.598994
0.464991
0.0633194
-0.140373
22.243
14.4235
7.36914
3.22482
0.699816
-0.116777
-0.340134
-0.0471511
0.235156
0.555827
0.717535
0.899916
0.924862
0.928091
0.806769
0.632434
0.411347
0.291116
-0.0220965
-0.189965
25.0349
17.0273
9.68891
4.81674
1.83733
0.607208
0.184932
0.315915
0.49526
0.725377
0.841153
0.947323
0.931598
0.882922
0.730119
0.534191
0.287215
0.161351
-0.0956986
-0.222069
27.4221
19.3286
11.7973
6.39003
3.00323
1.42365
0.800852
0.772816
0.849504
0.979189
1.03413
1.05813
0.987353
0.874414
0.68829
0.480108
0.22605
0.0843652
-0.154338
-0.243045
29.4767
21.3439
13.6694
7.87596
4.14887
2.278
1.46019
1.26942
1.24084
1.26007
1.23876
1.18183
1.05519
0.879451
0.673604
0.462062
0.221117
0.0634922
-0.18594
-0.247789
31.2522
23.0949
15.2857
9.22185
5.23344
3.1179
2.11114
1.74273
1.5993
1.51006
1.41175
1.28716
1.11621
0.899775
0.692307
0.483379
0.274823
0.10232
-0.170153
-0.224902
32.8283
24.5955
16.6385
10.3938
6.21493
3.88751
2.69393
2.14268
1.88438
1.70135
1.5444
1.37742
1.18136
0.95253
0.757937
0.556487
0.3885
0.202202
-0.0970306
-0.168048
34.2588
25.8473
17.7312
11.3797
7.06349
4.54086
3.16713
2.45249
2.0917
1.84037
1.64929
1.46502
1.26568
1.0475
0.873617
0.680867
0.54919
0.347474
0.0244836
-0.0847239
35.5449
26.8315
18.5722
12.1735
7.75087
5.05066
3.51434
2.67488
2.23949
1.9446
1.74258
1.55744
1.36685
1.16889
1.01079
0.82142
0.711461
0.496867
0.162681
0.00477586
36.639
27.479
19.1263
12.7328
8.22964
5.38536
3.72787
2.81442
2.33727
2.02152
1.82206
1.64088
1.45867
1.2764
1.12476
0.934282
0.83378
0.612006
0.281021
0.0776917
37.515
27.7836
19.3814
13.009
8.45338
5.52371
3.80268
2.8614
2.37452
2.05879
1.86577
1.68748
1.50944
1.33533
1.185
0.994049
0.897176
0.675603
0.355992
0.121475
37.6872
27.7529
19.4026
13.0545
8.49033
5.54646
3.81579
2.87233
2.3833
2.06656
1.87399
1.69554
1.51858
1.34719
1.19837
1.00996
0.913212
0.693587
0.387625
0.141025
)
;

boundaryField
{
    inlet
    {
        type            calculated;
        value           nonuniform List<scalar> 
20
(
92.1099
89.0065
87.0461
85.514
84.2679
83.2858
82.5309
81.9818
81.6257
81.4514
81.4511
81.6251
81.9808
82.5292
83.284
84.2655
85.5108
87.0432
89.0036
92.1075
)
;
    }
    outlet
    {
        type            calculated;
        value           uniform 0;
    }
    walls
    {
        type            calculated;
        value           nonuniform List<scalar> 
520
(
92.1075
79.6539
72.1755
68.57
66.6029
65.1241
63.842
62.6496
61.545
60.4735
59.4491
58.4291
57.4543
56.4898
55.5948
54.7279
53.9688
53.2702
52.7319
52.3555
52.3102
52.2682
52.2016
52.1165
52.0152
51.9035
51.7909
51.6862
51.594
51.5149
51.4479
51.3909
51.3423
51.3007
51.2649
51.2341
51.2072
51.1838
51.1633
51.1454
51.13
51.117
51.1066
51.0985
51.0922
51.087
51.0819
51.0757
51.0675
51.0563
51.0421
51.0252
51.0066
50.9876
50.9694
50.9526
50.937
50.9221
50.9068
50.8903
50.8734
50.8577
50.8453
50.8391
50.8397
50.8474
50.8632
50.8869
50.9171
50.9526
50.9932
51.0391
51.0908
51.1505
51.2191
51.2951
51.3756
51.4575
51.5389
51.6187
51.6968
51.7723
51.8443
51.9117
51.9749
52.0348
52.0911
52.1432
52.1902
52.2306
52.2618
52.2811
52.2857
52.2738
52.2543
52.242
52.2455
52.265
52.2883
52.3014
52.2994
52.29
52.2781
52.2438
52.2152
52.2629
52.3139
52.5225
52.5729
52.7939
52.8179
53.0586
53.0808
53.4088
53.5822
54.0838
54.3631
54.9237
55.2475
55.8518
56.166
56.7393
56.9857
57.4708
57.6218
57.9854
58.0629
58.4216
58.4641
58.7557
58.7538
59.0197
59.0436
59.3667
59.4701
59.8618
60.0091
60.4328
60.5786
61.0394
61.1938
61.6847
61.797
62.271
62.3501
62.7666
62.8109
63.162
63.1572
63.4359
63.4149
63.6988
63.7335
64.0847
64.1893
64.5498
64.6478
64.9668
65.0767
65.4094
65.4767
65.8791
65.9196
66.4056
66.3358
66.92
66.7086
67.3372
66.9426
67.6975
67.192
67.9438
67.4533
68.1898
67.6862
68.3851
67.8832
68.4767
68.0905
68.6468
68.2437
68.9512
68.4284
69.146
68.6626
69.2566
68.6667
69.2623
68.5901
69.0978
68.4065
68.814
68.1883
68.518
67.9235
68.1421
67.3926
67.7578
66.9015
67.2018
66.3531
66.2697
65.2451
65.0619
63.8733
63.4814
61.7042
62.3486
60.2806
61.1293
59.0509
58.4388
56.1851
54.6789
52.5906
50.7055
48.7073
46.734
44.6452
42.5576
37.6872
27.7529
19.4026
13.0545
8.49033
5.54646
3.81579
2.87233
2.3833
2.06656
1.87399
1.69554
1.51858
1.34719
1.19837
1.00996
0.913212
0.693587
0.387625
0.141025
92.1099
79.652
72.1741
68.5688
66.6025
65.1226
63.8396
62.6454
61.5387
60.464
59.4335
58.4067
57.4158
56.4359
55.5008
54.5967
53.7417
52.9396
52.1698
51.3656
51.0208
50.9536
50.9257
50.9005
50.8079
50.6321
50.4386
50.3259
50.3377
50.4704
50.6797
50.909
51.0865
51.1653
51.1134
50.9266
50.7022
50.594
50.6933
50.8445
51.0208
51.0217
51.0489
50.8947
50.5529
50.1253
49.691
49.2914
48.9467
48.6624
48.4276
48.2509
48.1425
48.0862
48.0393
48.0219
48.0342
48.0385
48.041
48.0531
48.0783
48.1133
48.096
48.0205
47.9016
47.7376
47.5835
47.4941
47.4711
47.4541
47.3853
47.2753
47.162
47.0922
47.0878
47.1309
47.1872
47.245
47.2986
47.3289
47.3513
47.41
47.4638
47.5238
47.6228
47.6673
47.6516
47.6301
47.6373
47.7075
47.8737
48.1018
48.3398
48.5412
48.7003
48.8212
48.9086
48.9719
49.0584
49.1909
49.4033
49.6736
49.9509
50.2388
50.5218
50.8029
51.0763
51.374
51.7226
52.0976
52.5012
52.9081
53.3059
53.6782
54.0345
54.3625
54.6431
54.8906
55.1179
55.3527
55.6027
55.8754
56.1706
56.473
56.7652
57.0358
57.3131
57.6117
57.9249
58.2339
58.5111
58.7361
58.8983
58.9949
59.0442
59.0663
59.0906
59.1434
59.2493
59.4015
59.5713
59.7393
59.9118
60.0891
60.2666
60.433
60.5859
60.7333
60.8915
61.0878
61.3075
61.5371
61.7676
61.9867
62.1936
62.3816
62.5604
62.746
62.9473
63.1718
63.4224
63.6939
63.9656
64.2256
64.463
64.6815
64.8745
65.0404
65.1842
65.318
65.4617
65.6294
65.8226
66.0375
66.2679
66.512
66.771
67.0339
67.2902
67.5435
67.8046
68.0777
68.3643
68.667
68.9867
69.3206
69.6641
70.0089
70.3477
70.6728
70.979
71.2599
71.5124
71.7329
71.925
72.0912
72.2374
72.3648
72.4787
72.5789
72.6671
72.7428
72.8086
72.8645
72.9136
72.9588
73.0052
73.0549
73.1066
73.1559
73.2018
73.2392
73.2706
73.3032
73.3416
73.3854
73.4385
73.5043
73.5942
73.7215
73.8907
74.0926
74.301
74.4965
74.6943
74.9129
75.1491
75.3883
75.6156
75.8511
76.1215
76.4375
76.7976
77.2088
77.6902
78.2373
78.8135
79.3143
79.6438
79.7799
79.7799
79.6625
79.4554
79.1444
78.8022
78.5227
78.3131
78.1835
78.0314
77.9192
77.7471
77.446
77.046
76.2867
75.2936
73.3768
71.0037
66.2187
59.116
45.632
-42.7439
-3.4208
-6.76987
-1.4662
-2.76109
-0.803219
-0.502012
0.772639
1.32452
1.93048
2.2342
2.47999
2.44371
2.42471
2.20932
2.09351
1.90061
1.50285
0.983502
0.645403
)
;
    }
    frontAndBack
    {
        type            empty;
    }
}


// ************************************************************************* //
