/*--------------------------------*- C++ -*----------------------------------*\
| =========                 |                                                 |
| \\      /  F ield         | OpenFOAM: The Open Source CFD Toolbox           |
|  \\    /   O peration     | Version:  2.4.0                                 |
|   \\  /    A nd           | Web:      www.OpenFOAM.org                      |
|    \\/     M anipulation  |                                                 |
\*---------------------------------------------------------------------------*/
FoamFile
{
    version     2.0;
    format      ascii;
    class       volScalarField;
    location    "0.16";
    object      pPrime2Mean;
}
// * * * * * * * * * * * * * * * * * * * * * * * * * * * * * * * * * * * * * //

dimensions      [0 4 -4 0 0 0 0];

internalField   nonuniform List<scalar> 
8800
(
4.03944e+06
3.93749e+06
3.82811e+06
3.71966e+06
3.61269e+06
3.50727e+06
3.40341e+06
3.30111e+06
3.20036e+06
3.10116e+06
3.0035e+06
2.90736e+06
2.81273e+06
2.71954e+06
2.6277e+06
2.53705e+06
2.44723e+06
2.35756e+06
2.26641e+06
2.16871e+06
4.03958e+06
3.93751e+06
3.8281e+06
3.71966e+06
3.61269e+06
3.50727e+06
3.40341e+06
3.30111e+06
3.20036e+06
3.10116e+06
3.0035e+06
2.90737e+06
2.81273e+06
2.71955e+06
2.62773e+06
2.5371e+06
2.44733e+06
2.35776e+06
2.26692e+06
2.17036e+06
4.03966e+06
3.9375e+06
3.82808e+06
3.71964e+06
3.61268e+06
3.50727e+06
3.40341e+06
3.30111e+06
3.20036e+06
3.10116e+06
3.0035e+06
2.90737e+06
2.81275e+06
2.71958e+06
2.62778e+06
2.53719e+06
2.44752e+06
2.35816e+06
2.26783e+06
2.17356e+06
4.03973e+06
3.9375e+06
3.82805e+06
3.71962e+06
3.61267e+06
3.50727e+06
3.40341e+06
3.30111e+06
3.20036e+06
3.10116e+06
3.00351e+06
2.90739e+06
2.81277e+06
2.71962e+06
2.62785e+06
2.53733e+06
2.44779e+06
2.35872e+06
2.26912e+06
2.1773e+06
4.03979e+06
3.9375e+06
3.82803e+06
3.7196e+06
3.61267e+06
3.50726e+06
3.40341e+06
3.30111e+06
3.20036e+06
3.10117e+06
3.00352e+06
2.9074e+06
2.8128e+06
2.71967e+06
2.62795e+06
2.53751e+06
2.44814e+06
2.35942e+06
2.27065e+06
2.18117e+06
4.03984e+06
3.9375e+06
3.82801e+06
3.71959e+06
3.61266e+06
3.50726e+06
3.40341e+06
3.30111e+06
3.20036e+06
3.10117e+06
3.00352e+06
2.90742e+06
2.81283e+06
2.71973e+06
2.62806e+06
2.53772e+06
2.44854e+06
2.36022e+06
2.27234e+06
2.18495e+06
4.03987e+06
3.93751e+06
3.828e+06
3.71958e+06
3.61265e+06
3.50726e+06
3.40341e+06
3.30111e+06
3.20036e+06
3.10117e+06
3.00353e+06
2.90744e+06
2.81287e+06
2.7198e+06
2.62819e+06
2.53796e+06
2.449e+06
2.3611e+06
2.27411e+06
2.18854e+06
4.03989e+06
3.93751e+06
3.82799e+06
3.71957e+06
3.61265e+06
3.50726e+06
3.40341e+06
3.30111e+06
3.20037e+06
3.10118e+06
3.00355e+06
2.90746e+06
2.81291e+06
2.71987e+06
2.62833e+06
2.53822e+06
2.44948e+06
2.36202e+06
2.27588e+06
2.19189e+06
4.03991e+06
3.93752e+06
3.82799e+06
3.71956e+06
3.61265e+06
3.50726e+06
3.40341e+06
3.30111e+06
3.20037e+06
3.10119e+06
3.00356e+06
2.90748e+06
2.81295e+06
2.71995e+06
2.62847e+06
2.53849e+06
2.44999e+06
2.36296e+06
2.27763e+06
2.19498e+06
4.03992e+06
3.93752e+06
3.82798e+06
3.71956e+06
3.61264e+06
3.50726e+06
3.40341e+06
3.30111e+06
3.20037e+06
3.10119e+06
3.00357e+06
2.90751e+06
2.813e+06
2.72004e+06
2.62863e+06
2.53877e+06
2.4505e+06
2.36389e+06
2.27929e+06
2.19779e+06
4.03992e+06
3.93752e+06
3.82799e+06
3.71956e+06
3.61264e+06
3.50726e+06
3.40341e+06
3.30111e+06
3.20038e+06
3.1012e+06
3.00359e+06
2.90753e+06
2.81304e+06
2.72012e+06
2.62878e+06
2.53905e+06
2.451e+06
2.36479e+06
2.28086e+06
2.20032e+06
4.03991e+06
3.93752e+06
3.82799e+06
3.71956e+06
3.61265e+06
3.50726e+06
3.40341e+06
3.30112e+06
3.20038e+06
3.10121e+06
3.0036e+06
2.90756e+06
2.81309e+06
2.7202e+06
2.62893e+06
2.53932e+06
2.45148e+06
2.36564e+06
2.28231e+06
2.20258e+06
4.03989e+06
3.93751e+06
3.82799e+06
3.71957e+06
3.61265e+06
3.50726e+06
3.40342e+06
3.30112e+06
3.20039e+06
3.10122e+06
3.00361e+06
2.90758e+06
2.81313e+06
2.72028e+06
2.62907e+06
2.53958e+06
2.45194e+06
2.36643e+06
2.28363e+06
2.20457e+06
4.03987e+06
3.93751e+06
3.828e+06
3.71958e+06
3.61266e+06
3.50727e+06
3.40342e+06
3.30112e+06
3.20039e+06
3.10122e+06
3.00363e+06
2.9076e+06
2.81317e+06
2.72036e+06
2.6292e+06
2.53981e+06
2.45236e+06
2.36715e+06
2.28479e+06
2.2063e+06
4.03983e+06
3.93751e+06
3.82801e+06
3.71959e+06
3.61266e+06
3.50727e+06
3.40342e+06
3.30113e+06
3.2004e+06
3.10123e+06
3.00364e+06
2.90763e+06
2.81321e+06
2.72042e+06
2.62932e+06
2.54003e+06
2.45273e+06
2.36778e+06
2.2858e+06
2.20778e+06
4.03979e+06
3.9375e+06
3.82803e+06
3.71961e+06
3.61267e+06
3.50727e+06
3.40342e+06
3.30113e+06
3.2004e+06
3.10124e+06
3.00365e+06
2.90764e+06
2.81324e+06
2.72048e+06
2.62943e+06
2.54021e+06
2.45305e+06
2.36832e+06
2.28665e+06
2.209e+06
4.03973e+06
3.9375e+06
3.82805e+06
3.71963e+06
3.61268e+06
3.50727e+06
3.40342e+06
3.30113e+06
3.20041e+06
3.10125e+06
3.00366e+06
2.90766e+06
2.81327e+06
2.72053e+06
2.62951e+06
2.54036e+06
2.45331e+06
2.36875e+06
2.28733e+06
2.20998e+06
4.03966e+06
3.9375e+06
3.82808e+06
3.71964e+06
3.61269e+06
3.50728e+06
3.40343e+06
3.30114e+06
3.20041e+06
3.10125e+06
3.00367e+06
2.90767e+06
2.81329e+06
2.72057e+06
2.62958e+06
2.54048e+06
2.45351e+06
2.36908e+06
2.28785e+06
2.2107e+06
4.03958e+06
3.93751e+06
3.82811e+06
3.71966e+06
3.61269e+06
3.50728e+06
3.40343e+06
3.30114e+06
3.20041e+06
3.10125e+06
3.00367e+06
2.90768e+06
2.8133e+06
2.72059e+06
2.62962e+06
2.54056e+06
2.45364e+06
2.3693e+06
2.28819e+06
2.21118e+06
4.03944e+06
3.93749e+06
3.82811e+06
3.71967e+06
3.6127e+06
3.50728e+06
3.40343e+06
3.30114e+06
3.20041e+06
3.10125e+06
3.00367e+06
2.90768e+06
2.81331e+06
2.7206e+06
2.62965e+06
2.5406e+06
2.45371e+06
2.36942e+06
2.28836e+06
2.21142e+06
2.08018e+06
2.05633e+06
2.03814e+06
2.02242e+06
2.00786e+06
1.994e+06
1.98064e+06
1.96764e+06
1.95494e+06
1.94245e+06
1.93015e+06
1.91799e+06
1.90597e+06
1.89406e+06
1.88224e+06
1.87052e+06
1.85886e+06
1.84727e+06
1.83574e+06
1.82427e+06
1.81284e+06
1.80145e+06
1.79011e+06
1.77881e+06
1.76756e+06
1.75634e+06
1.74517e+06
1.73403e+06
1.72294e+06
1.71189e+06
1.70088e+06
1.68991e+06
1.67898e+06
1.66809e+06
1.65724e+06
1.64643e+06
1.63567e+06
1.62494e+06
1.61426e+06
1.60361e+06
1.593e+06
1.58242e+06
1.57188e+06
1.56138e+06
1.55091e+06
1.54048e+06
1.53008e+06
1.51972e+06
1.5094e+06
1.49911e+06
1.48886e+06
1.47864e+06
1.46846e+06
1.45831e+06
1.44821e+06
1.43813e+06
1.42809e+06
1.41809e+06
1.40812e+06
1.39818e+06
1.38828e+06
1.37842e+06
1.36858e+06
1.35878e+06
1.34902e+06
1.33928e+06
1.32958e+06
1.31992e+06
1.31029e+06
1.3007e+06
1.29115e+06
1.28163e+06
1.27214e+06
1.2627e+06
1.25328e+06
1.24391e+06
1.23457e+06
1.22526e+06
1.216e+06
1.20676e+06
1.19757e+06
1.18841e+06
1.17929e+06
1.1702e+06
1.16115e+06
1.15213e+06
1.14315e+06
1.13421e+06
1.12529e+06
1.11642e+06
1.10757e+06
1.09876e+06
1.08998e+06
1.08124e+06
1.07252e+06
1.06385e+06
1.0552e+06
1.04659e+06
1.03802e+06
1.02948e+06
1.02098e+06
1.01251e+06
1.00409e+06
995701
987353
979043
970770
962533
954330
946161
938024
929920
921849
913812
905811
897844
889913
882016
874155
866328
858535
850777
843051
835359
827700
820074
812480
804922
797398
789910
782458
775042
767663
760322
753018
745751
738522
731328
724172
717052
709968
702919
695907
688930
681988
675083
668212
661377
654577
647812
641082
634388
627727
621102
614510
607953
601430
594941
588485
582064
575674
569319
562996
556706
550449
544225
538033
531875
525749
519657
513597
507572
501578
495621
489693
483801
477938
472111
466308
460541
454796
449084
443390
437727
432076
426453
420836
415239
409639
404046
398436
392813
387149
381436
375632
369708
363579
357137
350034
341717
2.09715e+06
2.07174e+06
2.05103e+06
2.0332e+06
2.01708e+06
2.00201e+06
1.98767e+06
1.97386e+06
1.96046e+06
1.94738e+06
1.93455e+06
1.92195e+06
1.90952e+06
1.89725e+06
1.88512e+06
1.8731e+06
1.86119e+06
1.84937e+06
1.83764e+06
1.82597e+06
1.81437e+06
1.80283e+06
1.79136e+06
1.77993e+06
1.76856e+06
1.75725e+06
1.74598e+06
1.73477e+06
1.7236e+06
1.71248e+06
1.70141e+06
1.69038e+06
1.6794e+06
1.66847e+06
1.65758e+06
1.64674e+06
1.63594e+06
1.62518e+06
1.61447e+06
1.60379e+06
1.59316e+06
1.58256e+06
1.57201e+06
1.56149e+06
1.55101e+06
1.54057e+06
1.53016e+06
1.51979e+06
1.50946e+06
1.49917e+06
1.48891e+06
1.47869e+06
1.46851e+06
1.45836e+06
1.44825e+06
1.43818e+06
1.42814e+06
1.41814e+06
1.40817e+06
1.39824e+06
1.38834e+06
1.37847e+06
1.36864e+06
1.35885e+06
1.34909e+06
1.33936e+06
1.32966e+06
1.32e+06
1.31038e+06
1.30079e+06
1.29124e+06
1.28172e+06
1.27224e+06
1.2628e+06
1.25339e+06
1.24402e+06
1.23468e+06
1.22538e+06
1.21612e+06
1.20689e+06
1.19769e+06
1.18854e+06
1.17941e+06
1.17033e+06
1.16127e+06
1.15226e+06
1.14327e+06
1.13433e+06
1.12541e+06
1.11653e+06
1.10768e+06
1.09887e+06
1.09009e+06
1.08134e+06
1.07262e+06
1.06394e+06
1.05529e+06
1.04668e+06
1.0381e+06
1.02955e+06
1.02105e+06
1.01258e+06
1.00415e+06
995761
987410
979097
970820
962578
954371
946196
938053
929943
921866
913824
905818
897848
889913
882014
874150
866321
858526
850766
843039
835345
827684
820056
812462
804901
797376
789886
782432
775015
767635
760291
752986
745718
738487
731293
724135
717014
709928
702879
695864
688886
681942
675035
668162
661325
654523
647755
641021
634322
627656
621026
614427
607864
601332
594835
588369
581937
575535
569168
562830
556526
550251
544009
537797
531617
525466
519348
513258
507202
501172
495176
489205
483268
477352
471469
465604
459770
453948
448155
442369
436608
430848
425104
419354
413608
407845
402068
396251
390392
384458
378429
372253
365875
359180
352015
344013
334509
2.10892e+06
2.08372e+06
2.06205e+06
2.04296e+06
2.02567e+06
2.0096e+06
1.9944e+06
1.97985e+06
1.9658e+06
1.95216e+06
1.93885e+06
1.92581e+06
1.91299e+06
1.90038e+06
1.88794e+06
1.87564e+06
1.86348e+06
1.85144e+06
1.83949e+06
1.82765e+06
1.81588e+06
1.80419e+06
1.79258e+06
1.78104e+06
1.76956e+06
1.75814e+06
1.74679e+06
1.73549e+06
1.72425e+06
1.71306e+06
1.70193e+06
1.69085e+06
1.67982e+06
1.66884e+06
1.65792e+06
1.64704e+06
1.6362e+06
1.62542e+06
1.61468e+06
1.60398e+06
1.59332e+06
1.58271e+06
1.57213e+06
1.5616e+06
1.55111e+06
1.54065e+06
1.53024e+06
1.51986e+06
1.50952e+06
1.49922e+06
1.48896e+06
1.47874e+06
1.46856e+06
1.45841e+06
1.4483e+06
1.43823e+06
1.42819e+06
1.41819e+06
1.40823e+06
1.3983e+06
1.3884e+06
1.37854e+06
1.36872e+06
1.35893e+06
1.34917e+06
1.33944e+06
1.32975e+06
1.3201e+06
1.31048e+06
1.30089e+06
1.29134e+06
1.28183e+06
1.27235e+06
1.26291e+06
1.2535e+06
1.24414e+06
1.2348e+06
1.2255e+06
1.21624e+06
1.20701e+06
1.19782e+06
1.18866e+06
1.17954e+06
1.17045e+06
1.16139e+06
1.15238e+06
1.14339e+06
1.13444e+06
1.12552e+06
1.11664e+06
1.10779e+06
1.09897e+06
1.09018e+06
1.08143e+06
1.07271e+06
1.06403e+06
1.05537e+06
1.04676e+06
1.03817e+06
1.02963e+06
1.02112e+06
1.01265e+06
1.00421e+06
995822
987467
979149
970868
962622
954408
946227
938077
929958
921875
913827
905816
897841
889903
882000
874134
866303
858506
850743
843015
835320
827658
820029
812433
804871
797344
789852
782397
774977
767596
760251
752945
745676
738444
731249
724091
716969
709882
702831
695815
688835
681890
674981
668106
661266
654460
647689
640951
634248
627577
620940
614336
607765
601226
594720
588244
581802
575390
569010
562659
556340
550049
543790
537557
531357
525182
519038
512919
506832
500767
494734
488720
482738
476771
470834
464907
459006
453113
447239
441367
435508
429644
423782
417907
412018
406101
400148
394140
388062
381883
375576
369077
362342
355222
347609
339195
329574
2.11788e+06
2.09334e+06
2.07141e+06
2.05162e+06
2.03352e+06
2.01666e+06
2.00074e+06
1.98554e+06
1.97092e+06
1.95676e+06
1.94299e+06
1.92954e+06
1.91636e+06
1.90342e+06
1.89068e+06
1.87811e+06
1.86571e+06
1.85345e+06
1.8413e+06
1.82928e+06
1.81735e+06
1.80552e+06
1.79377e+06
1.78211e+06
1.77052e+06
1.75901e+06
1.74757e+06
1.73619e+06
1.72488e+06
1.71363e+06
1.70244e+06
1.69131e+06
1.68023e+06
1.66921e+06
1.65824e+06
1.64733e+06
1.63646e+06
1.62565e+06
1.61488e+06
1.60416e+06
1.59348e+06
1.58285e+06
1.57226e+06
1.56171e+06
1.5512e+06
1.54074e+06
1.53032e+06
1.51993e+06
1.50959e+06
1.49929e+06
1.48903e+06
1.4788e+06
1.46862e+06
1.45847e+06
1.44836e+06
1.43829e+06
1.42826e+06
1.41826e+06
1.4083e+06
1.39837e+06
1.38848e+06
1.37862e+06
1.3688e+06
1.35901e+06
1.34926e+06
1.33953e+06
1.32985e+06
1.32019e+06
1.31057e+06
1.30099e+06
1.29144e+06
1.28193e+06
1.27246e+06
1.26302e+06
1.25362e+06
1.24425e+06
1.23492e+06
1.22562e+06
1.21636e+06
1.20713e+06
1.19794e+06
1.18878e+06
1.17965e+06
1.17056e+06
1.1615e+06
1.15248e+06
1.14349e+06
1.13454e+06
1.12562e+06
1.11673e+06
1.10788e+06
1.09906e+06
1.09027e+06
1.08151e+06
1.07279e+06
1.0641e+06
1.05544e+06
1.04682e+06
1.03824e+06
1.02969e+06
1.02118e+06
1.01271e+06
1.00427e+06
995878
987520
979199
970914
962662
954442
946253
938095
929968
921877
913823
905806
897825
889882
881975
874106
866271
858473
850709
842980
835284
827621
819991
812394
804831
797302
789809
782352
774931
767548
760203
752895
745625
738393
731198
724039
716917
709829
702777
695760
688779
681832
674921
668043
661200
654390
647615
640873
634165
627488
620846
614235
607657
601110
594597
588112
581661
575238
568847
562483
556150
549844
543568
537316
531095
524897
518728
512581
506464
500364
494295
488240
482214
476198
470207
464223
458257
452294
446342
440388
434434
428471
422497
416501
410478
404414
398301
392113
385843
379442
372904
366139
359129
351727
343854
335332
325943
2.1251e+06
2.10124e+06
2.07936e+06
2.05924e+06
2.0406e+06
2.02315e+06
2.00664e+06
1.99089e+06
1.97576e+06
1.96114e+06
1.94695e+06
1.93311e+06
1.91959e+06
1.90634e+06
1.89332e+06
1.8805e+06
1.86786e+06
1.85539e+06
1.84306e+06
1.83086e+06
1.81877e+06
1.8068e+06
1.79493e+06
1.78315e+06
1.77146e+06
1.75986e+06
1.74833e+06
1.73688e+06
1.7255e+06
1.71419e+06
1.70294e+06
1.69176e+06
1.68063e+06
1.66957e+06
1.65857e+06
1.64762e+06
1.63672e+06
1.62588e+06
1.61509e+06
1.60434e+06
1.59364e+06
1.58299e+06
1.57239e+06
1.56183e+06
1.55131e+06
1.54084e+06
1.53041e+06
1.52002e+06
1.50967e+06
1.49936e+06
1.4891e+06
1.47887e+06
1.46869e+06
1.45854e+06
1.44843e+06
1.43836e+06
1.42833e+06
1.41833e+06
1.40837e+06
1.39845e+06
1.38856e+06
1.3787e+06
1.36888e+06
1.3591e+06
1.34934e+06
1.33963e+06
1.32994e+06
1.32029e+06
1.31067e+06
1.30109e+06
1.29155e+06
1.28204e+06
1.27257e+06
1.26313e+06
1.25373e+06
1.24436e+06
1.23503e+06
1.22573e+06
1.21646e+06
1.20723e+06
1.19804e+06
1.18887e+06
1.17975e+06
1.17065e+06
1.16159e+06
1.15257e+06
1.14358e+06
1.13462e+06
1.1257e+06
1.11681e+06
1.10795e+06
1.09912e+06
1.09033e+06
1.08157e+06
1.07285e+06
1.06416e+06
1.0555e+06
1.04688e+06
1.03829e+06
1.02975e+06
1.02123e+06
1.01276e+06
1.00432e+06
995924
987564
979242
970953
962696
954471
946275
938108
929974
921875
913813
905789
897801
889852
881939
874066
866228
858428
850664
842934
835237
827574
819942
812345
804781
797252
789757
782299
774877
767493
760147
752839
745569
738336
731141
723981
716859
709771
702718
695700
688717
681768
674854
667973
661127
654313
647534
640786
634073
627392
620744
614126
607542
600988
594467
587974
581513
575080
568678
562302
555956
549635
543343
537073
530832
524612
518419
512245
506098
499967
493862
487768
481698
475636
469593
463553
457525
451495
445469
439433
433392
427332
421254
415142
408998
402795
396538
390189
383749
377164
370426
363465
356240
348671
340661
332164
323042
2.13117e+06
2.10789e+06
2.08618e+06
2.06591e+06
2.04693e+06
2.02905e+06
2.01208e+06
1.99587e+06
1.9803e+06
1.96527e+06
1.9507e+06
1.93652e+06
1.92268e+06
1.90913e+06
1.89585e+06
1.88279e+06
1.86993e+06
1.85726e+06
1.84475e+06
1.83238e+06
1.82015e+06
1.80805e+06
1.79605e+06
1.78416e+06
1.77238e+06
1.76068e+06
1.74907e+06
1.73755e+06
1.7261e+06
1.71473e+06
1.70343e+06
1.6922e+06
1.68103e+06
1.66993e+06
1.65889e+06
1.6479e+06
1.63698e+06
1.62611e+06
1.61529e+06
1.60452e+06
1.59381e+06
1.58314e+06
1.57252e+06
1.56195e+06
1.55142e+06
1.54094e+06
1.5305e+06
1.52011e+06
1.50976e+06
1.49945e+06
1.48918e+06
1.47895e+06
1.46876e+06
1.45862e+06
1.44851e+06
1.43844e+06
1.4284e+06
1.41841e+06
1.40845e+06
1.39853e+06
1.38864e+06
1.37879e+06
1.36897e+06
1.35918e+06
1.34943e+06
1.33972e+06
1.33003e+06
1.32038e+06
1.31077e+06
1.30118e+06
1.29164e+06
1.28213e+06
1.27266e+06
1.26322e+06
1.25381e+06
1.24445e+06
1.23511e+06
1.22581e+06
1.21654e+06
1.20731e+06
1.19811e+06
1.18895e+06
1.17982e+06
1.17072e+06
1.16166e+06
1.15263e+06
1.14364e+06
1.13468e+06
1.12575e+06
1.11686e+06
1.108e+06
1.09917e+06
1.09038e+06
1.08162e+06
1.07289e+06
1.0642e+06
1.05554e+06
1.04692e+06
1.03834e+06
1.02979e+06
1.02127e+06
1.01279e+06
1.00436e+06
995961
987600
979276
970984
962723
954493
946290
938116
929974
921867
913798
905765
897770
889813
881895
874017
866177
858374
850609
842877
835180
827517
819885
812289
804723
797194
789698
782239
774818
767434
760087
752778
745507
738273
731078
723918
716795
709706
702654
695634
688650
681699
674781
667897
661047
654229
647446
640694
633976
627290
620637
614014
607424
600863
594334
587833
581364
574920
568508
562119
555760
549424
543116
536829
530569
524328
518112
511912
505737
499575
493435
487305
481193
475087
468994
462901
456814
450721
444624
438513
432388
426238
420062
413845
407585
401263
394870
388387
381790
375059
368150
361039
353661
345989
337927
329492
320608
2.1364e+06
2.11359e+06
2.09206e+06
2.07175e+06
2.05256e+06
2.03437e+06
2.01705e+06
2.00047e+06
1.98452e+06
1.96913e+06
1.95422e+06
1.93973e+06
1.9256e+06
1.91179e+06
1.89826e+06
1.88497e+06
1.87191e+06
1.85905e+06
1.84637e+06
1.83385e+06
1.82148e+06
1.80925e+06
1.79714e+06
1.78514e+06
1.77326e+06
1.76148e+06
1.74979e+06
1.7382e+06
1.72669e+06
1.71526e+06
1.70391e+06
1.69263e+06
1.68142e+06
1.67028e+06
1.6592e+06
1.64819e+06
1.63723e+06
1.62634e+06
1.6155e+06
1.60471e+06
1.59398e+06
1.58329e+06
1.57266e+06
1.56207e+06
1.55154e+06
1.54105e+06
1.5306e+06
1.5202e+06
1.50985e+06
1.49953e+06
1.48926e+06
1.47903e+06
1.46885e+06
1.4587e+06
1.44859e+06
1.43852e+06
1.42848e+06
1.41849e+06
1.40853e+06
1.39861e+06
1.38872e+06
1.37887e+06
1.36905e+06
1.35926e+06
1.34951e+06
1.33979e+06
1.33011e+06
1.32046e+06
1.31084e+06
1.30126e+06
1.29172e+06
1.2822e+06
1.27273e+06
1.26329e+06
1.25388e+06
1.24451e+06
1.23517e+06
1.22587e+06
1.2166e+06
1.20737e+06
1.19817e+06
1.189e+06
1.17987e+06
1.17077e+06
1.1617e+06
1.15267e+06
1.14367e+06
1.13471e+06
1.12579e+06
1.11689e+06
1.10803e+06
1.0992e+06
1.09041e+06
1.08164e+06
1.07292e+06
1.06422e+06
1.05557e+06
1.04695e+06
1.03836e+06
1.02981e+06
1.0213e+06
1.01282e+06
1.00438e+06
995984
987625
979301
971008
962744
954508
946299
938116
929966
921851
913773
905733
897730
889767
881843
873961
866117
858312
850545
842813
835116
827452
819821
812225
804659
797129
789635
782176
774756
767372
760025
752715
745443
738208
731012
723851
716729
709639
702586
695565
688579
681625
674706
667818
660965
654143
647356
640600
633878
627187
620529
613900
607304
600736
594201
587691
581213
574759
568336
561935
555564
549213
542891
536585
530308
524045
517808
511583
505381
499189
493016
486852
480701
474554
468413
462272
456128
449977
443813
437633
431430
425199
418930
412620
406252
399824
393309
386706
379978
373116
366076
358845
351366
343628
335563
327199
318511
2.14096e+06
2.11853e+06
2.09718e+06
2.07687e+06
2.05756e+06
2.03915e+06
2.02155e+06
2.00467e+06
1.98841e+06
1.97272e+06
1.95751e+06
1.94274e+06
1.92835e+06
1.91429e+06
1.90054e+06
1.88705e+06
1.8738e+06
1.86076e+06
1.84792e+06
1.83526e+06
1.82275e+06
1.8104e+06
1.79818e+06
1.78609e+06
1.77411e+06
1.76225e+06
1.75049e+06
1.73883e+06
1.72726e+06
1.71577e+06
1.70437e+06
1.69305e+06
1.6818e+06
1.67062e+06
1.65951e+06
1.64847e+06
1.63749e+06
1.62656e+06
1.6157e+06
1.6049e+06
1.59415e+06
1.58345e+06
1.5728e+06
1.56221e+06
1.55166e+06
1.54116e+06
1.53071e+06
1.52031e+06
1.50995e+06
1.49963e+06
1.48935e+06
1.47912e+06
1.46893e+06
1.45878e+06
1.44867e+06
1.4386e+06
1.42856e+06
1.41856e+06
1.4086e+06
1.39868e+06
1.38879e+06
1.37894e+06
1.36912e+06
1.35933e+06
1.34958e+06
1.33986e+06
1.33017e+06
1.32052e+06
1.3109e+06
1.30132e+06
1.29177e+06
1.28225e+06
1.27278e+06
1.26333e+06
1.25393e+06
1.24455e+06
1.23521e+06
1.22591e+06
1.21663e+06
1.2074e+06
1.19819e+06
1.18902e+06
1.17988e+06
1.17078e+06
1.16171e+06
1.15268e+06
1.14368e+06
1.13472e+06
1.12579e+06
1.1169e+06
1.10803e+06
1.0992e+06
1.09041e+06
1.08165e+06
1.07292e+06
1.06423e+06
1.05557e+06
1.04695e+06
1.03837e+06
1.02982e+06
1.0213e+06
1.01283e+06
1.00439e+06
995994
987637
979313
971020
962755
954517
946301
938111
929952
921828
913741
905694
897684
889715
881785
873898
866051
858243
850475
842741
835045
827381
819752
812156
804592
797062
789569
782111
774693
767309
759962
752651
745379
738143
730947
723785
716662
709572
702519
695496
688509
681552
674630
667739
660883
654058
647267
640507
633781
627084
620422
613787
607186
600611
594068
587550
581064
574600
568167
561754
555371
549005
542669
536346
530052
523768
517511
511262
505035
498815
492613
486414
480227
474040
467857
461668
455474
449267
443043
436798
430523
424217
417865
411466
405004
398474
391858
385144
378309
371336
364197
356874
349329
341554
333508
325218
316685
2.14497e+06
2.12283e+06
2.10165e+06
2.08137e+06
2.06198e+06
2.04342e+06
2.0256e+06
2.00848e+06
1.99197e+06
1.97601e+06
1.96055e+06
1.94553e+06
1.93091e+06
1.91663e+06
1.90267e+06
1.88899e+06
1.87557e+06
1.86237e+06
1.84938e+06
1.83658e+06
1.82396e+06
1.81149e+06
1.79917e+06
1.78698e+06
1.77493e+06
1.76299e+06
1.75116e+06
1.73943e+06
1.7278e+06
1.71627e+06
1.70482e+06
1.69345e+06
1.68216e+06
1.67095e+06
1.65981e+06
1.64874e+06
1.63773e+06
1.62679e+06
1.61591e+06
1.60508e+06
1.59432e+06
1.58361e+06
1.57295e+06
1.56234e+06
1.55179e+06
1.54128e+06
1.53083e+06
1.52041e+06
1.51005e+06
1.49973e+06
1.48945e+06
1.47921e+06
1.46902e+06
1.45886e+06
1.44874e+06
1.43867e+06
1.42863e+06
1.41862e+06
1.40866e+06
1.39873e+06
1.38884e+06
1.37898e+06
1.36916e+06
1.35937e+06
1.34962e+06
1.33989e+06
1.3302e+06
1.32055e+06
1.31093e+06
1.30134e+06
1.29179e+06
1.28228e+06
1.2728e+06
1.26335e+06
1.25394e+06
1.24457e+06
1.23522e+06
1.22591e+06
1.21664e+06
1.2074e+06
1.19819e+06
1.18901e+06
1.17987e+06
1.17077e+06
1.1617e+06
1.15267e+06
1.14367e+06
1.1347e+06
1.12578e+06
1.11688e+06
1.10801e+06
1.09918e+06
1.09039e+06
1.08163e+06
1.0729e+06
1.06421e+06
1.05556e+06
1.04694e+06
1.03836e+06
1.02981e+06
1.0213e+06
1.01282e+06
1.00438e+06
995988
987633
979309
971016
962751
954510
946291
938096
929930
921798
913704
905650
897633
889657
881722
873831
865980
858170
850400
842666
834970
827307
819680
812085
804522
796993
789504
782047
774632
767246
759901
752588
745318
738079
730886
723721
716601
709508
702454
695429
688439
681480
674556
667661
660802
653973
647180
640415
633687
626984
620319
613677
607072
600488
593941
587412
580921
574445
568005
561578
555186
548804
542457
536114
529807
523501
517227
510952
504705
498455
492226
485994
479776
473549
467329
461094
454853
448594
442314
436009
429669
423292
416865
410384
403839
397217
390514
383705
376781
369721
362502
355112
347523
339732
331716
323497
315089
2.14849e+06
2.1266e+06
2.10556e+06
2.08532e+06
2.06589e+06
2.04721e+06
2.02923e+06
2.01191e+06
1.99519e+06
1.97902e+06
1.96333e+06
1.9481e+06
1.93327e+06
1.9188e+06
1.90465e+06
1.8908e+06
1.87722e+06
1.86388e+06
1.85075e+06
1.83783e+06
1.82509e+06
1.81251e+06
1.8001e+06
1.78783e+06
1.77569e+06
1.76368e+06
1.75178e+06
1.74e+06
1.72832e+06
1.71673e+06
1.70524e+06
1.69384e+06
1.68251e+06
1.67127e+06
1.6601e+06
1.649e+06
1.63797e+06
1.62701e+06
1.61611e+06
1.60527e+06
1.59449e+06
1.58376e+06
1.5731e+06
1.56248e+06
1.55192e+06
1.5414e+06
1.53094e+06
1.52052e+06
1.51015e+06
1.49982e+06
1.48954e+06
1.47929e+06
1.46909e+06
1.45893e+06
1.44881e+06
1.43872e+06
1.42868e+06
1.41867e+06
1.4087e+06
1.39877e+06
1.38887e+06
1.37901e+06
1.36918e+06
1.35939e+06
1.34963e+06
1.3399e+06
1.33021e+06
1.32055e+06
1.31093e+06
1.30134e+06
1.29179e+06
1.28227e+06
1.27279e+06
1.26334e+06
1.25393e+06
1.24455e+06
1.2352e+06
1.22589e+06
1.21661e+06
1.20737e+06
1.19816e+06
1.18898e+06
1.17984e+06
1.17073e+06
1.16166e+06
1.15263e+06
1.14363e+06
1.13467e+06
1.12574e+06
1.11684e+06
1.10797e+06
1.09914e+06
1.09034e+06
1.08159e+06
1.07286e+06
1.06417e+06
1.05552e+06
1.04691e+06
1.03833e+06
1.02978e+06
1.02127e+06
1.0128e+06
1.00436e+06
995968
987615
979292
970999
962732
954490
946268
938069
929899
921761
913661
905599
897577
889596
881656
873760
865907
858096
850324
842590
834895
827233
819607
812013
804454
796925
789441
781983
774573
767185
759843
752528
745263
738021
730832
723663
716546
709448
702396
695365
688376
681411
674486
667587
660728
653893
647100
640328
633599
626888
620222
613570
606964
600369
593819
587279
580784
574294
567849
561406
555009
548608
542256
535892
529576
523246
516959
510658
504392
498114
491861
485596
479349
473083
466831
460549
454270
447959
441630
435269
428870
422428
415935
409380
402761
396060
389283
382397
375396
368265
360982
353544
345929
338135
330152
321999
313692
2.15159e+06
2.12989e+06
2.10897e+06
2.08878e+06
2.06932e+06
2.05056e+06
2.03246e+06
2.01498e+06
1.99809e+06
1.98173e+06
1.96586e+06
1.95044e+06
1.93542e+06
1.92078e+06
1.90647e+06
1.89247e+06
1.87874e+06
1.86526e+06
1.85202e+06
1.83898e+06
1.82613e+06
1.81346e+06
1.80096e+06
1.78861e+06
1.7764e+06
1.76432e+06
1.75237e+06
1.74053e+06
1.7288e+06
1.71717e+06
1.70564e+06
1.6942e+06
1.68284e+06
1.67157e+06
1.66037e+06
1.64925e+06
1.6382e+06
1.62722e+06
1.6163e+06
1.60545e+06
1.59465e+06
1.58392e+06
1.57324e+06
1.56261e+06
1.55204e+06
1.54152e+06
1.53105e+06
1.52062e+06
1.51024e+06
1.49991e+06
1.48961e+06
1.47936e+06
1.46915e+06
1.45899e+06
1.44885e+06
1.43876e+06
1.42871e+06
1.4187e+06
1.40872e+06
1.39878e+06
1.38888e+06
1.37901e+06
1.36918e+06
1.35938e+06
1.34962e+06
1.33989e+06
1.33019e+06
1.32053e+06
1.3109e+06
1.30131e+06
1.29176e+06
1.28224e+06
1.27275e+06
1.2633e+06
1.25389e+06
1.24451e+06
1.23516e+06
1.22584e+06
1.21656e+06
1.20731e+06
1.1981e+06
1.18892e+06
1.17978e+06
1.17067e+06
1.1616e+06
1.15257e+06
1.14357e+06
1.1346e+06
1.12567e+06
1.11677e+06
1.10791e+06
1.09908e+06
1.09028e+06
1.08152e+06
1.0728e+06
1.06412e+06
1.05547e+06
1.04686e+06
1.03829e+06
1.02974e+06
1.02123e+06
1.01276e+06
1.00432e+06
995931
987579
979257
970965
962698
954455
946232
938031
929859
921715
913611
905543
897516
889529
881588
873688
865835
858021
850251
842516
834823
827160
819538
811943
804389
796862
789382
781924
774519
767128
759791
752473
745213
737969
730785
723612
716498
709393
702343
695304
688318
681345
674423
667516
660658
653817
647024
640245
633516
626797
620130
613469
606862
600256
593706
587152
580656
574151
567705
561245
554844
548425
542066
535683
529358
523006
516707
510381
504100
497794
491521
485224
478951
472648
466364
460040
453725
447366
440995
434579
428130
421630
415078
408460
401774
395010
388168
381215
374154
366964
359634
352161
344531
336742
328791
320696
312472
2.1543e+06
2.13276e+06
2.11194e+06
2.09179e+06
2.07232e+06
2.0535e+06
2.0353e+06
2.0177e+06
2.00066e+06
1.98415e+06
1.96812e+06
1.95254e+06
1.93737e+06
1.92258e+06
1.90812e+06
1.89398e+06
1.88012e+06
1.86653e+06
1.85317e+06
1.84003e+06
1.82709e+06
1.81433e+06
1.80175e+06
1.78933e+06
1.77705e+06
1.76492e+06
1.75291e+06
1.74102e+06
1.72925e+06
1.71758e+06
1.70601e+06
1.69453e+06
1.68315e+06
1.67184e+06
1.66062e+06
1.64948e+06
1.63841e+06
1.62741e+06
1.61648e+06
1.60561e+06
1.59481e+06
1.58406e+06
1.57337e+06
1.56274e+06
1.55216e+06
1.54162e+06
1.53114e+06
1.52071e+06
1.51032e+06
1.49997e+06
1.48967e+06
1.47942e+06
1.4692e+06
1.45902e+06
1.44888e+06
1.43878e+06
1.42872e+06
1.4187e+06
1.40872e+06
1.39877e+06
1.38886e+06
1.37899e+06
1.36916e+06
1.35935e+06
1.34959e+06
1.33985e+06
1.33015e+06
1.32049e+06
1.31086e+06
1.30127e+06
1.29171e+06
1.28219e+06
1.2727e+06
1.26325e+06
1.25383e+06
1.24445e+06
1.2351e+06
1.22578e+06
1.21649e+06
1.20724e+06
1.19803e+06
1.18885e+06
1.1797e+06
1.17059e+06
1.16152e+06
1.15249e+06
1.14349e+06
1.13452e+06
1.12559e+06
1.11669e+06
1.10783e+06
1.099e+06
1.0902e+06
1.08145e+06
1.07273e+06
1.06405e+06
1.05541e+06
1.0468e+06
1.03823e+06
1.02969e+06
1.02118e+06
1.0127e+06
1.00427e+06
995878
987527
979206
970914
962649
954405
946183
937983
929810
921664
913557
905484
897456
889464
881522
873619
865767
857950
850183
842447
834757
827093
819474
811879
804329
796805
789328
781872
774469
767077
759745
752427
745169
737926
730742
723568
716454
709345
702294
695250
688263
681286
674364
667452
660594
653747
646955
640170
633441
626716
620049
613380
606773
600158
593606
587043
580542
574027
567573
561104
554693
548263
541890
535496
529152
522789
516469
510130
503823
497501
491199
484882
478577
472248
465929
459572
453220
446820
440410
433947
427454
420903
414299
407628
400882
394065
387171
380160
373051
365814
358449
350950
343312
335532
327610
319565
311411
2.15665e+06
2.13525e+06
2.11451e+06
2.0944e+06
2.07492e+06
2.05605e+06
2.03777e+06
2.02007e+06
2.00292e+06
1.98628e+06
1.97012e+06
1.95441e+06
1.9391e+06
1.92418e+06
1.9096e+06
1.89534e+06
1.88137e+06
1.86766e+06
1.8542e+06
1.84097e+06
1.82795e+06
1.81512e+06
1.80247e+06
1.78998e+06
1.77764e+06
1.76545e+06
1.7534e+06
1.74146e+06
1.72965e+06
1.71794e+06
1.70634e+06
1.69484e+06
1.68342e+06
1.6721e+06
1.66086e+06
1.64969e+06
1.63861e+06
1.62759e+06
1.61665e+06
1.60576e+06
1.59495e+06
1.58419e+06
1.57349e+06
1.56284e+06
1.55225e+06
1.54171e+06
1.53122e+06
1.52077e+06
1.51038e+06
1.50002e+06
1.48971e+06
1.47945e+06
1.46922e+06
1.45903e+06
1.44889e+06
1.43878e+06
1.42871e+06
1.41868e+06
1.40869e+06
1.39874e+06
1.38883e+06
1.37895e+06
1.36911e+06
1.35931e+06
1.34954e+06
1.3398e+06
1.3301e+06
1.32043e+06
1.3108e+06
1.30121e+06
1.29165e+06
1.28212e+06
1.27263e+06
1.26318e+06
1.25376e+06
1.24437e+06
1.23502e+06
1.2257e+06
1.21641e+06
1.20716e+06
1.19794e+06
1.18876e+06
1.17961e+06
1.1705e+06
1.16143e+06
1.15239e+06
1.14339e+06
1.13442e+06
1.12549e+06
1.11659e+06
1.10773e+06
1.0989e+06
1.09011e+06
1.08136e+06
1.07264e+06
1.06397e+06
1.05533e+06
1.04673e+06
1.03816e+06
1.02962e+06
1.02111e+06
1.01264e+06
1.00421e+06
995812
987463
979140
970850
962585
954342
946122
937923
929751
921606
913499
905423
897395
889401
881460
873554
865703
857886
850120
842383
834696
827032
819417
811822
804277
796754
789280
781827
774425
767035
759704
752387
745130
737889
730702
723530
716412
709302
702250
695203
688215
681234
674310
667397
660538
653688
646894
640107
633377
626648
619980
613306
606694
600074
593516
586948
580437
573920
567452
560980
554553
548120
541728
535330
528966
522597
516253
509905
503572
497237
490906
484571
478233
471885
465528
459148
452758
446328
439880
433379
426846
420250
413601
406885
400088
393230
386287
379228
372082
364807
357416
349900
342257
334488
326594
318591
310495
2.15867e+06
2.13737e+06
2.1167e+06
2.09662e+06
2.07714e+06
2.05823e+06
2.0399e+06
2.02212e+06
2.00487e+06
1.98813e+06
1.97186e+06
1.95603e+06
1.94062e+06
1.92558e+06
1.91089e+06
1.89653e+06
1.88246e+06
1.86866e+06
1.85512e+06
1.84181e+06
1.82871e+06
1.81581e+06
1.8031e+06
1.79055e+06
1.77817e+06
1.76593e+06
1.75383e+06
1.74186e+06
1.73001e+06
1.71827e+06
1.70664e+06
1.69511e+06
1.68367e+06
1.67233e+06
1.66107e+06
1.64989e+06
1.63878e+06
1.62775e+06
1.61679e+06
1.6059e+06
1.59507e+06
1.5843e+06
1.57359e+06
1.56293e+06
1.55233e+06
1.54178e+06
1.53128e+06
1.52082e+06
1.51041e+06
1.50005e+06
1.48973e+06
1.47946e+06
1.46922e+06
1.45903e+06
1.44887e+06
1.43876e+06
1.42868e+06
1.41865e+06
1.40865e+06
1.39869e+06
1.38878e+06
1.37889e+06
1.36905e+06
1.35924e+06
1.34947e+06
1.33973e+06
1.33003e+06
1.32036e+06
1.31073e+06
1.30113e+06
1.29157e+06
1.28204e+06
1.27255e+06
1.26309e+06
1.25367e+06
1.24429e+06
1.23493e+06
1.22561e+06
1.21632e+06
1.20707e+06
1.19785e+06
1.18866e+06
1.17951e+06
1.1704e+06
1.16133e+06
1.15229e+06
1.14329e+06
1.13432e+06
1.12538e+06
1.11649e+06
1.10762e+06
1.0988e+06
1.09001e+06
1.08126e+06
1.07255e+06
1.06388e+06
1.05525e+06
1.04665e+06
1.03808e+06
1.02954e+06
1.02104e+06
1.01257e+06
1.00413e+06
995738
987387
979065
970776
962512
954271
946054
937858
929689
921546
913438
905363
897336
889342
881402
873497
865647
857830
850066
842329
834645
826981
819370
811777
804234
796713
789239
781789
774386
767000
759669
752354
745094
737857
730664
723497
716375
709266
702210
695163
688171
681191
674263
667350
660487
653639
646842
640054
633319
626591
619914
613242
606618
600003
593429
586866
580340
573825
567343
560871
554427
547993
541584
535182
528800
522425
516062
509705
503351
497002
490648
484295
477932
471562
465176
458773
452349
445893
439409
432878
426306
419676
412986
406237
399398
392502
385514
378419
371241
363938
356529
349001
341357
333599
325728
317762
309714
2.16039e+06
2.13917e+06
2.11855e+06
2.09849e+06
2.079e+06
2.06007e+06
2.04169e+06
2.02385e+06
2.00653e+06
1.9897e+06
1.97335e+06
1.95743e+06
1.94192e+06
1.92679e+06
1.91201e+06
1.89756e+06
1.8834e+06
1.86953e+06
1.85591e+06
1.84253e+06
1.82937e+06
1.81641e+06
1.80364e+06
1.79105e+06
1.77862e+06
1.76634e+06
1.75421e+06
1.7422e+06
1.73032e+06
1.71856e+06
1.7069e+06
1.69535e+06
1.68389e+06
1.67253e+06
1.66125e+06
1.65005e+06
1.63893e+06
1.62789e+06
1.61691e+06
1.60601e+06
1.59516e+06
1.58438e+06
1.57366e+06
1.563e+06
1.55238e+06
1.54182e+06
1.53131e+06
1.52084e+06
1.51043e+06
1.50005e+06
1.48973e+06
1.47944e+06
1.4692e+06
1.459e+06
1.44884e+06
1.43872e+06
1.42864e+06
1.41859e+06
1.40859e+06
1.39863e+06
1.38871e+06
1.37882e+06
1.36898e+06
1.35917e+06
1.34939e+06
1.33965e+06
1.32995e+06
1.32028e+06
1.31064e+06
1.30104e+06
1.29148e+06
1.28195e+06
1.27246e+06
1.263e+06
1.25358e+06
1.24419e+06
1.23483e+06
1.22551e+06
1.21622e+06
1.20696e+06
1.19774e+06
1.18855e+06
1.1794e+06
1.17029e+06
1.16122e+06
1.15218e+06
1.14318e+06
1.13421e+06
1.12528e+06
1.11638e+06
1.10752e+06
1.0987e+06
1.08991e+06
1.08117e+06
1.07246e+06
1.06379e+06
1.05516e+06
1.04656e+06
1.038e+06
1.02946e+06
1.02096e+06
1.01249e+06
1.00406e+06
995662
987307
978984
970696
962433
954196
945982
937791
929625
921485
913380
905308
897281
889290
881350
873448
865597
857785
850021
842289
834603
826944
819332
811743
804201
796680
789208
781757
774353
766972
759637
752327
745063
737827
730630
723466
716337
709234
702175
695130
688136
681156
674226
667313
660446
653599
646795
640011
633266
626543
619853
613187
606551
599940
593355
586794
580256
573742
567247
560774
554318
547880
541458
535051
528655
522273
515895
509528
503158
496796
490425
484055
477672
471282
464874
458448
451997
445517
439002
432445
425841
419182
412457
405679
398809
391882
384852
377729
370524
363202
355779
348243
340601
332853
325003
317067
309058
2.16181e+06
2.14066e+06
2.12007e+06
2.10002e+06
2.08052e+06
2.06157e+06
2.04316e+06
2.02527e+06
2.0079e+06
1.99101e+06
1.97458e+06
1.95859e+06
1.943e+06
1.92779e+06
1.91294e+06
1.89841e+06
1.88419e+06
1.87025e+06
1.85657e+06
1.84314e+06
1.82992e+06
1.81692e+06
1.80411e+06
1.79147e+06
1.77901e+06
1.7667e+06
1.75453e+06
1.7425e+06
1.73059e+06
1.7188e+06
1.70712e+06
1.69555e+06
1.68408e+06
1.67269e+06
1.6614e+06
1.65019e+06
1.63905e+06
1.628e+06
1.61701e+06
1.60609e+06
1.59524e+06
1.58445e+06
1.57372e+06
1.56304e+06
1.55242e+06
1.54184e+06
1.53132e+06
1.52085e+06
1.51042e+06
1.50004e+06
1.4897e+06
1.47941e+06
1.46916e+06
1.45895e+06
1.44878e+06
1.43866e+06
1.42857e+06
1.41853e+06
1.40852e+06
1.39856e+06
1.38863e+06
1.37874e+06
1.36889e+06
1.35908e+06
1.3493e+06
1.33956e+06
1.32985e+06
1.32018e+06
1.31055e+06
1.30095e+06
1.29138e+06
1.28185e+06
1.27236e+06
1.2629e+06
1.25348e+06
1.24409e+06
1.23473e+06
1.22541e+06
1.21612e+06
1.20686e+06
1.19763e+06
1.18844e+06
1.17929e+06
1.17018e+06
1.16111e+06
1.15207e+06
1.14307e+06
1.1341e+06
1.12517e+06
1.11628e+06
1.10742e+06
1.0986e+06
1.08982e+06
1.08108e+06
1.07238e+06
1.06371e+06
1.05507e+06
1.04648e+06
1.03791e+06
1.02938e+06
1.02088e+06
1.01241e+06
1.00398e+06
995585
987225
978901
970611
962351
954117
945908
937723
929562
921428
913326
905260
897232
889247
881305
873408
865556
857750
849984
842259
834572
826919
819305
811720
804175
796660
789182
781736
774327
766952
759611
752307
745037
737804
730604
723441
716306
709209
702140
695104
688104
681129
674195
667284
660414
653568
646758
639976
633223
626502
619805
613140
606498
599885
593294
586731
580186
573669
567166
560690
554224
547783
541350
534938
528531
522142
515752
509377
502994
496622
490236
483854
477454
471048
464620
458176
451703
445202
438662
432082
425450
418769
412016
405214
398316
391359
384299
377158
369928
362592
355158
347619
339979
332241
324407
316496
308518
2.16294e+06
2.14184e+06
2.12126e+06
2.10122e+06
2.08172e+06
2.06275e+06
2.04432e+06
2.0264e+06
2.00899e+06
1.99205e+06
1.97557e+06
1.95951e+06
1.94387e+06
1.9286e+06
1.91369e+06
1.8991e+06
1.88483e+06
1.87084e+06
1.85711e+06
1.84363e+06
1.83037e+06
1.81733e+06
1.80448e+06
1.79182e+06
1.77932e+06
1.76698e+06
1.75479e+06
1.74273e+06
1.73081e+06
1.719e+06
1.7073e+06
1.69571e+06
1.68422e+06
1.67283e+06
1.66152e+06
1.65029e+06
1.63915e+06
1.62808e+06
1.61708e+06
1.60615e+06
1.59529e+06
1.58449e+06
1.57375e+06
1.56306e+06
1.55243e+06
1.54185e+06
1.53132e+06
1.52083e+06
1.5104e+06
1.50001e+06
1.48966e+06
1.47936e+06
1.4691e+06
1.45889e+06
1.44872e+06
1.43859e+06
1.4285e+06
1.41845e+06
1.40844e+06
1.39847e+06
1.38855e+06
1.37866e+06
1.36881e+06
1.35899e+06
1.34921e+06
1.33947e+06
1.32976e+06
1.32009e+06
1.31045e+06
1.30085e+06
1.29129e+06
1.28176e+06
1.27227e+06
1.26281e+06
1.25338e+06
1.24399e+06
1.23463e+06
1.22531e+06
1.21602e+06
1.20676e+06
1.19753e+06
1.18834e+06
1.17919e+06
1.17008e+06
1.16101e+06
1.15197e+06
1.14297e+06
1.134e+06
1.12508e+06
1.11618e+06
1.10733e+06
1.09851e+06
1.08973e+06
1.081e+06
1.0723e+06
1.06363e+06
1.055e+06
1.0464e+06
1.03784e+06
1.0293e+06
1.02081e+06
1.01234e+06
1.00391e+06
995509
987147
978821
970531
962271
954041
945837
937658
929502
921377
913278
905218
897191
889212
881269
873379
865526
857727
849959
842241
834550
826904
819284
811706
804153
796644
789159
781719
774304
766935
759590
752291
745017
737787
730584
723421
716285
709189
702118
695085
688080
681111
674171
667264
660388
653544
646729
639947
633191
626467
619767
613100
606452
599839
593241
586678
580126
573608
567097
560619
554146
547702
541260
534845
528429
522034
515635
509252
502860
496479
490082
483689
477277
470859
464416
457957
451466
444947
438388
431790
425136
418437
411661
404837
397916
390936
383859
376702
369453
362108
354665
347123
339485
331755
323935
316043
308089
2.16379e+06
2.14271e+06
2.12215e+06
2.1021e+06
2.0826e+06
2.06363e+06
2.04519e+06
2.02725e+06
2.0098e+06
1.99283e+06
1.9763e+06
1.96021e+06
1.94452e+06
1.92921e+06
1.91425e+06
1.89962e+06
1.88531e+06
1.87128e+06
1.85751e+06
1.844e+06
1.83071e+06
1.81764e+06
1.80477e+06
1.79208e+06
1.77956e+06
1.7672e+06
1.75499e+06
1.74291e+06
1.73097e+06
1.71915e+06
1.70744e+06
1.69583e+06
1.68433e+06
1.67293e+06
1.66161e+06
1.65037e+06
1.63922e+06
1.62814e+06
1.61713e+06
1.6062e+06
1.59532e+06
1.58451e+06
1.57376e+06
1.56307e+06
1.55243e+06
1.54184e+06
1.5313e+06
1.52081e+06
1.51037e+06
1.49997e+06
1.48962e+06
1.47931e+06
1.46905e+06
1.45883e+06
1.44866e+06
1.43852e+06
1.42843e+06
1.41838e+06
1.40837e+06
1.3984e+06
1.38847e+06
1.37858e+06
1.36873e+06
1.35891e+06
1.34914e+06
1.33939e+06
1.32968e+06
1.32001e+06
1.31037e+06
1.30077e+06
1.29121e+06
1.28168e+06
1.27218e+06
1.26272e+06
1.2533e+06
1.24391e+06
1.23455e+06
1.22522e+06
1.21593e+06
1.20668e+06
1.19745e+06
1.18826e+06
1.17912e+06
1.17e+06
1.16093e+06
1.15189e+06
1.14289e+06
1.13392e+06
1.125e+06
1.11611e+06
1.10726e+06
1.09844e+06
1.08967e+06
1.08094e+06
1.07224e+06
1.06357e+06
1.05494e+06
1.04634e+06
1.03777e+06
1.02924e+06
1.02075e+06
1.01228e+06
1.00385e+06
995444
987083
978751
970463
962198
953973
945768
937599
929444
921330
913232
905183
897153
889184
881236
873358
865498
857710
849934
842226
834527
826891
819261
811692
804131
796629
789136
781703
774282
766919
759571
752277
744999
737773
730566
723406
716268
709173
702102
695071
688065
681097
674155
667248
660370
653526
646708
639925
633164
626441
619734
613068
606414
599803
593198
586636
580077
573560
567043
560565
554084
547640
541191
534773
528349
521951
515544
509157
502756
496369
489964
483564
477141
470715
464260
457790
451286
444754
438181
431568
424899
418184
411389
404552
397611
390614
383528
376360
369098
361747
354297
346753
339117
331392
323582
315704
307768
2.16433e+06
2.14328e+06
2.12273e+06
2.1027e+06
2.0832e+06
2.06422e+06
2.04576e+06
2.02781e+06
2.01034e+06
1.99335e+06
1.9768e+06
1.96067e+06
1.94495e+06
1.92961e+06
1.91463e+06
1.89997e+06
1.88563e+06
1.87157e+06
1.85779e+06
1.84425e+06
1.83094e+06
1.81785e+06
1.80496e+06
1.79225e+06
1.77972e+06
1.76734e+06
1.75512e+06
1.74303e+06
1.73108e+06
1.71925e+06
1.70753e+06
1.69592e+06
1.68441e+06
1.67299e+06
1.66166e+06
1.65042e+06
1.63926e+06
1.62818e+06
1.61716e+06
1.60622e+06
1.59534e+06
1.58452e+06
1.57377e+06
1.56307e+06
1.55242e+06
1.54183e+06
1.53128e+06
1.52079e+06
1.51034e+06
1.49994e+06
1.48958e+06
1.47927e+06
1.46901e+06
1.45879e+06
1.44861e+06
1.43847e+06
1.42838e+06
1.41832e+06
1.40831e+06
1.39834e+06
1.38841e+06
1.37852e+06
1.36867e+06
1.35885e+06
1.34907e+06
1.33932e+06
1.32962e+06
1.31994e+06
1.31031e+06
1.3007e+06
1.29114e+06
1.28161e+06
1.27212e+06
1.26266e+06
1.25323e+06
1.24384e+06
1.23448e+06
1.22516e+06
1.21587e+06
1.20661e+06
1.19739e+06
1.18821e+06
1.17906e+06
1.16995e+06
1.16087e+06
1.15183e+06
1.14283e+06
1.13387e+06
1.12494e+06
1.11605e+06
1.10721e+06
1.09839e+06
1.08963e+06
1.08089e+06
1.0722e+06
1.06353e+06
1.0549e+06
1.04629e+06
1.03773e+06
1.02919e+06
1.0207e+06
1.01223e+06
1.0038e+06
995394
987032
978695
970408
962134
953911
945704
937544
929391
921287
913190
905149
897120
889158
881209
873338
865475
857693
849912
842210
834505
826874
819240
811676
804110
796613
789119
781690
774267
766907
759557
752265
744987
737763
730556
723397
716259
709164
702092
695060
688053
681084
674142
667236
660354
653511
646688
639907
633141
626421
619710
613047
606389
599778
593170
586608
580046
573528
567007
560528
554044
547598
541144
534726
528296
521896
515483
509092
502686
496295
489883
483479
477048
470617
464154
457677
451164
444624
438040
431418
424739
418013
411208
404366
397403
390399
383309
376132
368864
361506
354053
346507
338873
331152
323348
315479
307553
2.1646e+06
2.14356e+06
2.12302e+06
2.10299e+06
2.08349e+06
2.06452e+06
2.04605e+06
2.02809e+06
2.01061e+06
1.9936e+06
1.97704e+06
1.96091e+06
1.94517e+06
1.92982e+06
1.91482e+06
1.90015e+06
1.88579e+06
1.87172e+06
1.85793e+06
1.84438e+06
1.83106e+06
1.81796e+06
1.80506e+06
1.79234e+06
1.7798e+06
1.76742e+06
1.75519e+06
1.74309e+06
1.73113e+06
1.7193e+06
1.70757e+06
1.69596e+06
1.68444e+06
1.67302e+06
1.66169e+06
1.65045e+06
1.63928e+06
1.62819e+06
1.61717e+06
1.60623e+06
1.59534e+06
1.58452e+06
1.57376e+06
1.56306e+06
1.55241e+06
1.54181e+06
1.53127e+06
1.52077e+06
1.51032e+06
1.49992e+06
1.48956e+06
1.47925e+06
1.46898e+06
1.45876e+06
1.44858e+06
1.43844e+06
1.42835e+06
1.41829e+06
1.40828e+06
1.39831e+06
1.38838e+06
1.37849e+06
1.36863e+06
1.35881e+06
1.34903e+06
1.33929e+06
1.32958e+06
1.31991e+06
1.31027e+06
1.30067e+06
1.2911e+06
1.28157e+06
1.27208e+06
1.26262e+06
1.25319e+06
1.2438e+06
1.23445e+06
1.22512e+06
1.21583e+06
1.20658e+06
1.19736e+06
1.18817e+06
1.17902e+06
1.16991e+06
1.16084e+06
1.1518e+06
1.1428e+06
1.13383e+06
1.12491e+06
1.11601e+06
1.10717e+06
1.09835e+06
1.08959e+06
1.08086e+06
1.07217e+06
1.06349e+06
1.05486e+06
1.04626e+06
1.0377e+06
1.02916e+06
1.02067e+06
1.0122e+06
1.00377e+06
995363
987003
978666
970372
962091
953868
945663
937506
929357
921256
913162
905124
897097
889137
881190
873320
865459
857677
849897
842195
834491
826860
819227
811662
804098
796602
789110
781681
774261
766901
759551
752258
744983
737757
730553
723392
716255
709159
702087
695055
688047
681078
674134
667229
660345
653503
646678
639899
633131
626413
619700
613037
606378
599767
593157
586595
580031
573513
566991
560511
554024
547578
541122
534703
528270
521869
515453
509061
502651
496258
489843
483436
477003
470568
464101
457621
451103
444559
437970
431342
424659
417925
411118
404263
397305
390297
383198
376019
368748
361386
353932
346386
338751
331033
323233
315368
307449
1.90796e+06
1.90724e+06
1.90581e+06
1.9037e+06
1.90092e+06
1.8975e+06
1.89346e+06
1.88883e+06
1.88365e+06
1.87795e+06
1.87177e+06
1.86514e+06
1.8581e+06
1.85068e+06
1.84293e+06
1.83486e+06
1.82652e+06
1.81793e+06
1.80912e+06
1.8001e+06
1.79091e+06
1.78155e+06
1.77205e+06
1.76242e+06
1.75267e+06
1.74283e+06
1.73289e+06
1.72288e+06
1.7128e+06
1.70267e+06
1.69251e+06
1.6823e+06
1.67206e+06
1.6618e+06
1.65152e+06
1.64122e+06
1.63092e+06
1.62061e+06
1.6103e+06
1.6e+06
1.5897e+06
1.57941e+06
1.56913e+06
1.55887e+06
1.54862e+06
1.53838e+06
1.52817e+06
1.51797e+06
1.50779e+06
1.49763e+06
1.48749e+06
1.47737e+06
1.46728e+06
1.45722e+06
1.44718e+06
1.43717e+06
1.42719e+06
1.41723e+06
1.40731e+06
1.39741e+06
1.38754e+06
1.3777e+06
1.36788e+06
1.3581e+06
1.34834e+06
1.33861e+06
1.32892e+06
1.31925e+06
1.30962e+06
1.30002e+06
1.29044e+06
1.2809e+06
1.27139e+06
1.26192e+06
1.25248e+06
1.24308e+06
1.23371e+06
1.22437e+06
1.21508e+06
1.20582e+06
1.19661e+06
1.18743e+06
1.17829e+06
1.1692e+06
1.16014e+06
1.15112e+06
1.14214e+06
1.13319e+06
1.12429e+06
1.11542e+06
1.10659e+06
1.0978e+06
1.08904e+06
1.08032e+06
1.07163e+06
1.06298e+06
1.05436e+06
1.04578e+06
1.03723e+06
1.02872e+06
1.02024e+06
1.0118e+06
1.00339e+06
995011
986671
978367
970098
961864
953665
945502
937374
929281
921223
913200
905211
897258
889338
881454
873604
865790
858010
850264
842555
834880
827241
819638
812070
804538
797042
789582
782160
774774
767425
760113
752838
745600
738399
731234
724106
717013
709956
702934
695949
689001
682090
675218
668386
661593
654840
648129
641460
634833
628249
621708
615212
608761
602356
595997
589686
583423
577210
571046
564935
558876
552871
546923
541032
535202
529434
523733
518099
512539
507054
501649
496329
491098
485960
480922
475990
471168
466465
461887
457443
453141
448992
445008
441198
437574
434149
430937
427951
425207
422723
420510
418578
416938
415602
414586
413904
413564
1.90846e+06
1.90774e+06
1.90631e+06
1.90418e+06
1.90139e+06
1.89795e+06
1.89388e+06
1.88923e+06
1.88403e+06
1.87831e+06
1.8721e+06
1.86545e+06
1.85839e+06
1.85095e+06
1.84317e+06
1.83509e+06
1.82673e+06
1.81812e+06
1.80929e+06
1.80026e+06
1.79105e+06
1.78168e+06
1.77217e+06
1.76253e+06
1.75277e+06
1.74292e+06
1.73298e+06
1.72297e+06
1.71288e+06
1.70275e+06
1.69257e+06
1.68236e+06
1.67212e+06
1.66185e+06
1.65157e+06
1.64127e+06
1.63096e+06
1.62066e+06
1.61035e+06
1.60004e+06
1.58973e+06
1.57944e+06
1.56916e+06
1.5589e+06
1.54864e+06
1.53841e+06
1.52819e+06
1.51799e+06
1.50781e+06
1.49765e+06
1.48751e+06
1.4774e+06
1.46731e+06
1.45724e+06
1.4472e+06
1.43719e+06
1.42721e+06
1.41726e+06
1.40733e+06
1.39743e+06
1.38756e+06
1.37772e+06
1.36791e+06
1.35812e+06
1.34837e+06
1.33864e+06
1.32894e+06
1.31927e+06
1.30964e+06
1.30003e+06
1.29046e+06
1.28092e+06
1.27141e+06
1.26193e+06
1.25249e+06
1.24309e+06
1.23372e+06
1.22438e+06
1.21509e+06
1.20583e+06
1.19662e+06
1.18744e+06
1.1783e+06
1.1692e+06
1.16014e+06
1.15112e+06
1.14214e+06
1.1332e+06
1.1243e+06
1.11543e+06
1.1066e+06
1.0978e+06
1.08905e+06
1.08032e+06
1.07164e+06
1.06298e+06
1.05437e+06
1.04578e+06
1.03724e+06
1.02872e+06
1.02024e+06
1.0118e+06
1.00339e+06
995013
986673
978369
970100
961866
953667
945504
937376
929283
921225
913202
905213
897259
889340
881456
873606
865791
858011
850266
842557
834882
827244
819640
812072
804539
797043
789583
782160
774774
767425
760114
752839
745602
738401
731236
724108
717015
709957
702935
695950
689001
682090
675218
668384
661591
654838
648127
641457
634829
628245
621704
615207
608755
602350
595990
589678
583415
577200
571036
564923
558863
552857
546907
541015
535182
529412
523708
518072
512509
507021
501613
496288
491053
485911
480869
475931
471104
466395
461811
457360
453051
448894
444901
441081
437447
434013
430790
427795
425042
422549
420326
418384
416734
415391
414368
413680
413334
1.90948e+06
1.90875e+06
1.9073e+06
1.90515e+06
1.90233e+06
1.89885e+06
1.89474e+06
1.89005e+06
1.88479e+06
1.87902e+06
1.87277e+06
1.86607e+06
1.85896e+06
1.85148e+06
1.84365e+06
1.83553e+06
1.82714e+06
1.81849e+06
1.80963e+06
1.80057e+06
1.79134e+06
1.78194e+06
1.77241e+06
1.76275e+06
1.75298e+06
1.74311e+06
1.73316e+06
1.72313e+06
1.71303e+06
1.70289e+06
1.69271e+06
1.68249e+06
1.67224e+06
1.66196e+06
1.65167e+06
1.64137e+06
1.63106e+06
1.62074e+06
1.61043e+06
1.60012e+06
1.58981e+06
1.57951e+06
1.56923e+06
1.55896e+06
1.5487e+06
1.53847e+06
1.52825e+06
1.51805e+06
1.50786e+06
1.4977e+06
1.48756e+06
1.47744e+06
1.46735e+06
1.45728e+06
1.44724e+06
1.43723e+06
1.42725e+06
1.4173e+06
1.40737e+06
1.39747e+06
1.3876e+06
1.37776e+06
1.36795e+06
1.35816e+06
1.34841e+06
1.33868e+06
1.32898e+06
1.31931e+06
1.30967e+06
1.30006e+06
1.29049e+06
1.28094e+06
1.27143e+06
1.26195e+06
1.25251e+06
1.2431e+06
1.23373e+06
1.2244e+06
1.2151e+06
1.20585e+06
1.19663e+06
1.18745e+06
1.17831e+06
1.16921e+06
1.16015e+06
1.15113e+06
1.14215e+06
1.13321e+06
1.12431e+06
1.11544e+06
1.10661e+06
1.09781e+06
1.08905e+06
1.08033e+06
1.07164e+06
1.06299e+06
1.05437e+06
1.04579e+06
1.03724e+06
1.02873e+06
1.02025e+06
1.0118e+06
1.00339e+06
995018
986678
978373
970104
961870
953671
945508
937380
929286
921228
913205
905217
897263
889344
881460
873610
865795
858015
850270
842560
834886
827247
819643
812075
804543
797047
789587
782164
774777
767428
760117
752843
745606
738405
731241
724112
717018
709960
702938
695951
689002
682090
675217
668382
661588
654834
648122
641451
634822
628237
621695
615197
608744
602337
595977
589664
583398
577182
571016
564900
558838
552829
546875
540979
535142
529368
523659
518018
512448
506954
501539
496208
490965
485814
480762
475814
470976
466256
461659
457194
452870
448697
444685
440846
437192
433737
430495
427481
424710
422198
419956
417995
416327
414967
413929
413230
412876
1.91101e+06
1.91027e+06
1.90879e+06
1.90661e+06
1.90373e+06
1.90019e+06
1.89602e+06
1.89126e+06
1.88593e+06
1.88009e+06
1.87376e+06
1.86699e+06
1.85981e+06
1.85226e+06
1.84437e+06
1.83619e+06
1.82774e+06
1.81905e+06
1.81014e+06
1.80103e+06
1.79176e+06
1.78233e+06
1.77276e+06
1.76308e+06
1.75328e+06
1.74339e+06
1.73342e+06
1.72337e+06
1.71325e+06
1.7031e+06
1.6929e+06
1.68267e+06
1.6724e+06
1.66212e+06
1.65182e+06
1.64151e+06
1.63119e+06
1.62087e+06
1.61055e+06
1.60023e+06
1.58992e+06
1.57962e+06
1.56933e+06
1.55905e+06
1.5488e+06
1.53856e+06
1.52833e+06
1.51813e+06
1.50794e+06
1.49777e+06
1.48763e+06
1.4775e+06
1.46741e+06
1.45734e+06
1.4473e+06
1.43729e+06
1.4273e+06
1.41735e+06
1.40742e+06
1.39752e+06
1.38765e+06
1.37781e+06
1.368e+06
1.35821e+06
1.34845e+06
1.33872e+06
1.32902e+06
1.31935e+06
1.30971e+06
1.3001e+06
1.29052e+06
1.28097e+06
1.27146e+06
1.26198e+06
1.25253e+06
1.24312e+06
1.23375e+06
1.22442e+06
1.21512e+06
1.20587e+06
1.19665e+06
1.18747e+06
1.17833e+06
1.16923e+06
1.16017e+06
1.15115e+06
1.14217e+06
1.13323e+06
1.12432e+06
1.11545e+06
1.10662e+06
1.09783e+06
1.08907e+06
1.08034e+06
1.07165e+06
1.063e+06
1.05438e+06
1.0458e+06
1.03725e+06
1.02874e+06
1.02026e+06
1.01181e+06
1.0034e+06
995027
986687
978382
970113
961879
953680
945516
937387
929294
921236
913213
905225
897271
889352
881467
873617
865802
858022
850277
842567
834892
827253
819650
812082
804550
797054
789594
782170
774784
767435
760124
752849
745612
738411
731246
724116
717022
709963
702940
695953
689002
682090
675215
668380
661585
654830
648116
641444
634814
628226
621683
615183
608729
602320
595958
589642
583375
577155
570986
564867
558800
552786
546828
540926
535083
529301
523585
517936
512358
506854
501429
496086
490831
485668
480602
475638
470784
466046
461432
456947
452600
448401
444361
440492
436807
433321
430049
427006
424206
421665
419393
417403
415707
414322
413264
412549
412185
1.91307e+06
1.91231e+06
1.9108e+06
1.90856e+06
1.90561e+06
1.90199e+06
1.89773e+06
1.89286e+06
1.88743e+06
1.88149e+06
1.87506e+06
1.8682e+06
1.86092e+06
1.85328e+06
1.84532e+06
1.83706e+06
1.82854e+06
1.81978e+06
1.8108e+06
1.80164e+06
1.79231e+06
1.78283e+06
1.77323e+06
1.7635e+06
1.75367e+06
1.74375e+06
1.73374e+06
1.72367e+06
1.71354e+06
1.70336e+06
1.69314e+06
1.68289e+06
1.67261e+06
1.66232e+06
1.65201e+06
1.64168e+06
1.63136e+06
1.62103e+06
1.61071e+06
1.60038e+06
1.59007e+06
1.57976e+06
1.56946e+06
1.55918e+06
1.54892e+06
1.53867e+06
1.52844e+06
1.51822e+06
1.50803e+06
1.49785e+06
1.4877e+06
1.47758e+06
1.46747e+06
1.4574e+06
1.44736e+06
1.43734e+06
1.42736e+06
1.4174e+06
1.40747e+06
1.39758e+06
1.38771e+06
1.37786e+06
1.36805e+06
1.35826e+06
1.3485e+06
1.33877e+06
1.32907e+06
1.31939e+06
1.30975e+06
1.30014e+06
1.29055e+06
1.281e+06
1.27149e+06
1.26201e+06
1.25256e+06
1.24315e+06
1.23378e+06
1.22445e+06
1.21515e+06
1.20589e+06
1.19667e+06
1.18749e+06
1.17835e+06
1.16925e+06
1.16019e+06
1.15117e+06
1.14219e+06
1.13325e+06
1.12434e+06
1.11548e+06
1.10664e+06
1.09785e+06
1.08908e+06
1.08036e+06
1.07167e+06
1.06302e+06
1.0544e+06
1.04581e+06
1.03727e+06
1.02875e+06
1.02027e+06
1.01183e+06
1.00342e+06
995041
986702
978397
970127
961893
953694
945530
937401
929308
921250
913227
905238
897285
889366
881481
873631
865815
858035
850289
842579
834904
827264
819660
812092
804560
797064
789604
782180
774794
767444
760132
752857
745619
738417
731250
724119
717024
709965
702942
695954
689004
682090
675215
668379
661582
654826
648110
641436
634804
628215
621669
615167
608710
602299
595934
589615
583344
577121
570947
564824
558751
552731
546766
540856
535005
529214
523488
517828
512238
506722
501283
495926
490654
485474
480389
475405
470529
465768
461129
456617
452240
448008
443930
440020
436294
432767
429453
426370
423531
420947
418633
416602
414868
413449
412365
411629
411254
1.91567e+06
1.91488e+06
1.91332e+06
1.91101e+06
1.90797e+06
1.90423e+06
1.89985e+06
1.89485e+06
1.8893e+06
1.88323e+06
1.87667e+06
1.86968e+06
1.86229e+06
1.85455e+06
1.84648e+06
1.83813e+06
1.82952e+06
1.82068e+06
1.81163e+06
1.80239e+06
1.79299e+06
1.78346e+06
1.7738e+06
1.76402e+06
1.75415e+06
1.74419e+06
1.73415e+06
1.72404e+06
1.71388e+06
1.70367e+06
1.69343e+06
1.68316e+06
1.67286e+06
1.66255e+06
1.65223e+06
1.64189e+06
1.63156e+06
1.62122e+06
1.61089e+06
1.60056e+06
1.59024e+06
1.57992e+06
1.56962e+06
1.55932e+06
1.54905e+06
1.53879e+06
1.52855e+06
1.51833e+06
1.50812e+06
1.49794e+06
1.48778e+06
1.47765e+06
1.46754e+06
1.45747e+06
1.44742e+06
1.4374e+06
1.42742e+06
1.41746e+06
1.40753e+06
1.39763e+06
1.38776e+06
1.37791e+06
1.3681e+06
1.35831e+06
1.34855e+06
1.33882e+06
1.32911e+06
1.31943e+06
1.30979e+06
1.30017e+06
1.29059e+06
1.28104e+06
1.27152e+06
1.26204e+06
1.25259e+06
1.24318e+06
1.23381e+06
1.22448e+06
1.21518e+06
1.20592e+06
1.1967e+06
1.18752e+06
1.17838e+06
1.16928e+06
1.16022e+06
1.1512e+06
1.14222e+06
1.13327e+06
1.12437e+06
1.1155e+06
1.10667e+06
1.09787e+06
1.08911e+06
1.08038e+06
1.07169e+06
1.06304e+06
1.05442e+06
1.04583e+06
1.03728e+06
1.02877e+06
1.02029e+06
1.01185e+06
1.00344e+06
995061
986721
978417
970147
961913
953714
945550
937422
929329
921271
913248
905259
897306
889387
881502
873651
865835
858054
850308
842597
834921
827281
819676
812108
804575
797079
789618
782194
774807
767457
760144
752867
745627
738424
731256
724124
717029
709969
702945
695957
689006
682092
675216
668379
661581
654822
648105
641429
634794
628202
621654
615149
608689
602274
595905
589583
583308
577080
570901
564770
558691
552663
546689
540770
534909
529107
523368
517695
512090
506559
501103
495727
490436
485234
480126
475117
470214
465424
460752
456205
451790
447515
443392
439435
435658
432077
428710
425573
422678
420040
417671
415586
413802
412341
411220
410460
410072
1.91883e+06
1.918e+06
1.91637e+06
1.91396e+06
1.9108e+06
1.90692e+06
1.90238e+06
1.89723e+06
1.89152e+06
1.88529e+06
1.87858e+06
1.87144e+06
1.86392e+06
1.85604e+06
1.84786e+06
1.8394e+06
1.83068e+06
1.82174e+06
1.8126e+06
1.80328e+06
1.79381e+06
1.7842e+06
1.77448e+06
1.76465e+06
1.75472e+06
1.74472e+06
1.73463e+06
1.72449e+06
1.71429e+06
1.70405e+06
1.69378e+06
1.68348e+06
1.67316e+06
1.66283e+06
1.65248e+06
1.64213e+06
1.63178e+06
1.62143e+06
1.61108e+06
1.60074e+06
1.59041e+06
1.58009e+06
1.56977e+06
1.55947e+06
1.54919e+06
1.53892e+06
1.52866e+06
1.51843e+06
1.50822e+06
1.49803e+06
1.48786e+06
1.47772e+06
1.46761e+06
1.45753e+06
1.44749e+06
1.43747e+06
1.42747e+06
1.41751e+06
1.40758e+06
1.39768e+06
1.38781e+06
1.37796e+06
1.36814e+06
1.35835e+06
1.34859e+06
1.33886e+06
1.32915e+06
1.31947e+06
1.30982e+06
1.30021e+06
1.29062e+06
1.28107e+06
1.27155e+06
1.26207e+06
1.25262e+06
1.24322e+06
1.23384e+06
1.22451e+06
1.21521e+06
1.20596e+06
1.19674e+06
1.18755e+06
1.17841e+06
1.16931e+06
1.16025e+06
1.15123e+06
1.14225e+06
1.1333e+06
1.1244e+06
1.11553e+06
1.10669e+06
1.0979e+06
1.08913e+06
1.08041e+06
1.07171e+06
1.06306e+06
1.05444e+06
1.04586e+06
1.03731e+06
1.02879e+06
1.02031e+06
1.01187e+06
1.00346e+06
995085
986746
978442
970172
961938
953739
945576
937448
929355
921298
913275
905287
897334
889415
881530
873678
865861
858079
850332
842621
834944
827303
819698
812129
804595
797098
789637
782212
774824
767472
760158
752880
745639
738434
731265
724132
717036
709976
702951
695962
689010
682095
675218
668379
661580
654820
648100
641421
634784
628189
621637
615129
608665
602247
595873
589546
583265
577031
570845
564708
558620
552583
546599
540669
534795
528980
523227
517538
511917
506366
500890
495493
490178
484951
479815
474776
469840
465013
460302
455713
451252
446928
442753
438739
434901
431257
427822
424616
421651
418943
416503
414349
412503
410987
409822
409032
408629
1.92257e+06
1.9217e+06
1.91998e+06
1.91745e+06
1.91413e+06
1.91008e+06
1.90535e+06
1.9e+06
1.89409e+06
1.88767e+06
1.88078e+06
1.87347e+06
1.86578e+06
1.85776e+06
1.84944e+06
1.84085e+06
1.83202e+06
1.82297e+06
1.81372e+06
1.80431e+06
1.79474e+06
1.78506e+06
1.77526e+06
1.76537e+06
1.75538e+06
1.74532e+06
1.73519e+06
1.72501e+06
1.71477e+06
1.70449e+06
1.69418e+06
1.68385e+06
1.67349e+06
1.66313e+06
1.65276e+06
1.64239e+06
1.63202e+06
1.62165e+06
1.61129e+06
1.60094e+06
1.59059e+06
1.58026e+06
1.56994e+06
1.55962e+06
1.54933e+06
1.53905e+06
1.52878e+06
1.51854e+06
1.50832e+06
1.49812e+06
1.48795e+06
1.4778e+06
1.46769e+06
1.4576e+06
1.44755e+06
1.43753e+06
1.42753e+06
1.41757e+06
1.40763e+06
1.39773e+06
1.38785e+06
1.378e+06
1.36818e+06
1.35839e+06
1.34863e+06
1.33889e+06
1.32918e+06
1.3195e+06
1.30985e+06
1.30024e+06
1.29065e+06
1.2811e+06
1.27158e+06
1.2621e+06
1.25266e+06
1.24325e+06
1.23388e+06
1.22454e+06
1.21525e+06
1.20599e+06
1.19677e+06
1.18759e+06
1.17845e+06
1.16935e+06
1.16028e+06
1.15126e+06
1.14228e+06
1.13333e+06
1.12443e+06
1.11556e+06
1.10672e+06
1.09792e+06
1.08916e+06
1.08043e+06
1.07174e+06
1.06308e+06
1.05446e+06
1.04588e+06
1.03733e+06
1.02882e+06
1.02034e+06
1.01189e+06
1.00348e+06
995111
986773
978469
970200
961967
953768
945606
937479
929387
921330
913308
905321
897368
889449
881564
873712
865895
858111
850363
842650
834973
827331
819725
812155
804620
797122
789660
782233
774844
767492
760176
752897
745654
738447
731277
724143
717045
709984
702958
695968
689015
682099
675220
668380
661579
654817
648095
641413
634773
628175
621619
615107
608639
602215
595836
589503
583216
576975
570781
564635
558538
552491
546495
540552
534665
528835
523065
517358
511717
506146
500647
495225
489883
484626
479458
474384
469410
464542
459785
455146
450633
446253
442017
437937
434030
430310
426795
423503
420451
417654
415127
412890
410967
409383
408163
407335
406913
1.92694e+06
1.92601e+06
1.92418e+06
1.92148e+06
1.91797e+06
1.91371e+06
1.90875e+06
1.90317e+06
1.89702e+06
1.89038e+06
1.88327e+06
1.87576e+06
1.86789e+06
1.8597e+06
1.85122e+06
1.84249e+06
1.83353e+06
1.82435e+06
1.81499e+06
1.80546e+06
1.7958e+06
1.78603e+06
1.77615e+06
1.76618e+06
1.75613e+06
1.746e+06
1.73582e+06
1.72558e+06
1.7153e+06
1.70498e+06
1.69463e+06
1.68425e+06
1.67386e+06
1.66347e+06
1.65307e+06
1.64267e+06
1.63228e+06
1.62189e+06
1.61151e+06
1.60114e+06
1.59078e+06
1.58044e+06
1.5701e+06
1.55978e+06
1.54947e+06
1.53918e+06
1.52891e+06
1.51865e+06
1.50843e+06
1.49822e+06
1.48804e+06
1.47789e+06
1.46777e+06
1.45767e+06
1.44761e+06
1.43758e+06
1.42758e+06
1.41762e+06
1.40768e+06
1.39777e+06
1.38789e+06
1.37804e+06
1.36822e+06
1.35842e+06
1.34866e+06
1.33892e+06
1.32921e+06
1.31953e+06
1.30988e+06
1.30026e+06
1.29068e+06
1.28113e+06
1.27161e+06
1.26213e+06
1.25268e+06
1.24328e+06
1.23391e+06
1.22457e+06
1.21528e+06
1.20602e+06
1.1968e+06
1.18762e+06
1.17848e+06
1.16938e+06
1.16032e+06
1.1513e+06
1.14231e+06
1.13337e+06
1.12446e+06
1.11559e+06
1.10675e+06
1.09795e+06
1.08919e+06
1.08046e+06
1.07177e+06
1.06311e+06
1.05449e+06
1.04591e+06
1.03736e+06
1.02884e+06
1.02036e+06
1.01192e+06
1.00351e+06
995140
986802
978498
970230
961998
953801
945640
937514
929423
921367
913346
905360
897407
889489
881604
873752
865934
858150
850401
842687
835008
827365
819758
812187
804651
797151
789687
782259
774868
767515
760198
752917
745672
738464
731291
724156
717056
709993
702966
695975
689021
682104
675224
668382
661578
654814
648089
641404
634761
628159
621599
615082
608609
602180
595795
589455
583161
576912
570709
564553
558445
552386
546377
540421
534518
528671
522883
517156
511493
505898
500374
494924
489552
484261
479058
473945
468928
464012
459204
454510
449937
445493
441188
437035
433046
429239
425630
422238
419080
416177
413545
411207
409190
407523
406236
405360
404914
1.93197e+06
1.93096e+06
1.92899e+06
1.9261e+06
1.92235e+06
1.91782e+06
1.91259e+06
1.90674e+06
1.90032e+06
1.89341e+06
1.88606e+06
1.87832e+06
1.87023e+06
1.86184e+06
1.85319e+06
1.8443e+06
1.83519e+06
1.82588e+06
1.81638e+06
1.80674e+06
1.79697e+06
1.78709e+06
1.77711e+06
1.76706e+06
1.75693e+06
1.74674e+06
1.7365e+06
1.7262e+06
1.71587e+06
1.7055e+06
1.6951e+06
1.68469e+06
1.67426e+06
1.66383e+06
1.6534e+06
1.64297e+06
1.63256e+06
1.62215e+06
1.61175e+06
1.60136e+06
1.59098e+06
1.58062e+06
1.57027e+06
1.55993e+06
1.54961e+06
1.53931e+06
1.52903e+06
1.51877e+06
1.50853e+06
1.49832e+06
1.48813e+06
1.47797e+06
1.46784e+06
1.45774e+06
1.44767e+06
1.43764e+06
1.42763e+06
1.41766e+06
1.40772e+06
1.39781e+06
1.38792e+06
1.37807e+06
1.36825e+06
1.35845e+06
1.34868e+06
1.33894e+06
1.32923e+06
1.31955e+06
1.3099e+06
1.30029e+06
1.2907e+06
1.28115e+06
1.27164e+06
1.26216e+06
1.25271e+06
1.2433e+06
1.23393e+06
1.2246e+06
1.21531e+06
1.20605e+06
1.19684e+06
1.18766e+06
1.17852e+06
1.16942e+06
1.16036e+06
1.15133e+06
1.14235e+06
1.1334e+06
1.1245e+06
1.11562e+06
1.10679e+06
1.09799e+06
1.08922e+06
1.08049e+06
1.0718e+06
1.06314e+06
1.05452e+06
1.04593e+06
1.03739e+06
1.02887e+06
1.02039e+06
1.01195e+06
1.00354e+06
995170
986833
978531
970264
962033
953837
945677
937552
929462
921408
913388
905402
897450
889532
881647
873796
865978
858193
850443
842728
835047
827403
819794
812221
804684
797183
789717
782288
774895
767540
760221
752939
745693
738483
731309
724171
717070
710006
702978
695986
689030
682110
675228
668384
661578
654811
648083
641395
634747
628141
621576
615054
608575
602140
595748
589401
583099
576841
570629
564462
558342
552270
546246
540274
534354
528489
522681
516932
511246
505625
500073
494592
489187
483860
478617
473460
468396
463429
458564
453808
449169
444653
440271
436034
431954
428048
424331
420824
417545
414516
411759
409300
407168
405399
404030
403094
402616
1.93773e+06
1.93663e+06
1.93447e+06
1.93133e+06
1.92729e+06
1.92245e+06
1.91689e+06
1.91071e+06
1.90399e+06
1.89677e+06
1.88914e+06
1.88113e+06
1.8728e+06
1.86419e+06
1.85534e+06
1.84627e+06
1.83699e+06
1.82753e+06
1.81789e+06
1.80811e+06
1.79822e+06
1.78823e+06
1.77816e+06
1.76801e+06
1.7578e+06
1.74753e+06
1.73722e+06
1.72686e+06
1.71647e+06
1.70605e+06
1.6956e+06
1.68514e+06
1.67468e+06
1.66421e+06
1.65375e+06
1.64329e+06
1.63285e+06
1.62241e+06
1.61199e+06
1.60158e+06
1.59119e+06
1.58081e+06
1.57044e+06
1.56009e+06
1.54976e+06
1.53945e+06
1.52915e+06
1.51888e+06
1.50863e+06
1.49841e+06
1.48821e+06
1.47804e+06
1.46791e+06
1.4578e+06
1.44773e+06
1.43769e+06
1.42768e+06
1.4177e+06
1.40775e+06
1.39784e+06
1.38795e+06
1.3781e+06
1.36827e+06
1.35847e+06
1.3487e+06
1.33896e+06
1.32925e+06
1.31958e+06
1.30993e+06
1.30031e+06
1.29073e+06
1.28118e+06
1.27166e+06
1.26218e+06
1.25274e+06
1.24333e+06
1.23397e+06
1.22463e+06
1.21534e+06
1.20609e+06
1.19687e+06
1.18769e+06
1.17855e+06
1.16946e+06
1.16039e+06
1.15137e+06
1.14239e+06
1.13344e+06
1.12453e+06
1.11566e+06
1.10682e+06
1.09802e+06
1.08926e+06
1.08053e+06
1.07183e+06
1.06318e+06
1.05455e+06
1.04597e+06
1.03742e+06
1.0289e+06
1.02042e+06
1.01198e+06
1.00357e+06
995203
986867
978566
970300
962070
953876
945716
937592
929503
921449
913430
905445
897494
889577
881693
873841
866024
858239
850489
842772
835091
827444
819834
812259
804720
797217
789749
782318
774924
767567
760247
752963
745715
738503
731328
724189
717086
710020
702990
695996
689039
682118
675234
668387
661578
654808
648076
641384
634731
628120
621550
615023
608537
602095
595697
589341
583030
576763
570540
564360
558227
552141
546102
540113
534175
528290
522461
516689
510978
505329
499747
494233
488791
483425
478139
472935
467819
462795
457869
453047
448334
443739
439271
434940
430759
426741
422904
419267
415850
412677
409772
407168
404899
403006
401533
400521
400004
1.94428e+06
1.94306e+06
1.94067e+06
1.93722e+06
1.93282e+06
1.9276e+06
1.92165e+06
1.9151e+06
1.908e+06
1.90044e+06
1.89249e+06
1.88419e+06
1.87558e+06
1.86672e+06
1.85765e+06
1.84837e+06
1.83892e+06
1.82928e+06
1.81949e+06
1.80957e+06
1.79954e+06
1.78943e+06
1.77925e+06
1.769e+06
1.7587e+06
1.74835e+06
1.73796e+06
1.72754e+06
1.71708e+06
1.70661e+06
1.69611e+06
1.68561e+06
1.6751e+06
1.6646e+06
1.6541e+06
1.64362e+06
1.63314e+06
1.62268e+06
1.61224e+06
1.60181e+06
1.5914e+06
1.581e+06
1.57062e+06
1.56025e+06
1.54991e+06
1.53958e+06
1.52928e+06
1.51899e+06
1.50873e+06
1.4985e+06
1.4883e+06
1.47812e+06
1.46797e+06
1.45786e+06
1.44778e+06
1.43773e+06
1.42772e+06
1.41773e+06
1.40778e+06
1.39786e+06
1.38798e+06
1.37812e+06
1.36829e+06
1.35849e+06
1.34872e+06
1.33899e+06
1.32928e+06
1.3196e+06
1.30995e+06
1.30033e+06
1.29075e+06
1.2812e+06
1.27169e+06
1.26221e+06
1.25277e+06
1.24336e+06
1.234e+06
1.22467e+06
1.21538e+06
1.20612e+06
1.19691e+06
1.18773e+06
1.1786e+06
1.1695e+06
1.16044e+06
1.15141e+06
1.14243e+06
1.13348e+06
1.12458e+06
1.1157e+06
1.10686e+06
1.09806e+06
1.0893e+06
1.08057e+06
1.07187e+06
1.06321e+06
1.05459e+06
1.046e+06
1.03745e+06
1.02894e+06
1.02046e+06
1.01202e+06
1.00361e+06
995238
986903
978603
970338
962109
953916
945757
937634
929546
921493
913474
905490
897540
889623
881739
873888
866071
858286
850535
842817
835135
827487
819875
812298
804757
797252
789782
782349
774953
767594
760273
752987
745737
738524
731347
724205
717101
710033
703001
696006
689046
682123
675237
668388
661576
654802
648067
641370
634714
628097
621522
614988
608497
602047
595640
589276
582955
576677
570442
564250
558103
552002
545946
539940
533983
528077
522225
516429
510690
505012
499397
493848
488368
482960
477627
472373
467201
462117
457125
452230
447438
442757
438194
433761
429467
425327
421356
417574
414001
410663
407588
404814
402379
400334
398731
397622
397052
1.95173e+06
1.95035e+06
1.94766e+06
1.94382e+06
1.93897e+06
1.93328e+06
1.92688e+06
1.91988e+06
1.91236e+06
1.90441e+06
1.89609e+06
1.88746e+06
1.87855e+06
1.86942e+06
1.86009e+06
1.85059e+06
1.84093e+06
1.83111e+06
1.82115e+06
1.81108e+06
1.80091e+06
1.79068e+06
1.78038e+06
1.77003e+06
1.75963e+06
1.74919e+06
1.73872e+06
1.72823e+06
1.71771e+06
1.70718e+06
1.69663e+06
1.68608e+06
1.67553e+06
1.66499e+06
1.65446e+06
1.64394e+06
1.63344e+06
1.62295e+06
1.61249e+06
1.60204e+06
1.5916e+06
1.58119e+06
1.57079e+06
1.56041e+06
1.55005e+06
1.53971e+06
1.5294e+06
1.5191e+06
1.50883e+06
1.49859e+06
1.48838e+06
1.47819e+06
1.46804e+06
1.45792e+06
1.44783e+06
1.43778e+06
1.42776e+06
1.41777e+06
1.40781e+06
1.39789e+06
1.388e+06
1.37814e+06
1.36831e+06
1.35851e+06
1.34874e+06
1.33901e+06
1.3293e+06
1.31962e+06
1.30997e+06
1.30036e+06
1.29078e+06
1.28123e+06
1.27172e+06
1.26224e+06
1.2528e+06
1.2434e+06
1.23403e+06
1.2247e+06
1.21541e+06
1.20616e+06
1.19695e+06
1.18777e+06
1.17864e+06
1.16954e+06
1.16048e+06
1.15146e+06
1.14248e+06
1.13353e+06
1.12462e+06
1.11575e+06
1.10691e+06
1.09811e+06
1.08934e+06
1.08061e+06
1.07191e+06
1.06326e+06
1.05463e+06
1.04604e+06
1.03749e+06
1.02898e+06
1.0205e+06
1.01206e+06
1.00365e+06
995277
986942
978642
970378
962149
953956
945799
937677
929589
921537
913519
905536
897586
889669
881786
873934
866117
858331
850579
842861
835177
827527
819914
812335
804792
797285
789814
782379
774981
767620
760296
753009
745758
738542
731364
724220
717114
710044
703010
696013
689051
682127
675238
668386
661571
654794
648055
641354
634693
628072
621491
614951
608452
601995
595579
589206
582874
576584
570337
564132
557970
551853
545781
539756
533779
527851
521975
516153
510385
504676
499027
493440
487919
482466
477084
471776
466546
461397
456334
451362
446486
441712
437048
432503
428087
423813
419696
415753
412007
408483
405213
402238
399603
397370
395604
394374
393737
1.96019e+06
1.95859e+06
1.95551e+06
1.95117e+06
1.94577e+06
1.93952e+06
1.93257e+06
1.92505e+06
1.91704e+06
1.90864e+06
1.89991e+06
1.89091e+06
1.88168e+06
1.87224e+06
1.86264e+06
1.85289e+06
1.84301e+06
1.83299e+06
1.82286e+06
1.81263e+06
1.80232e+06
1.79195e+06
1.78154e+06
1.77107e+06
1.76058e+06
1.75005e+06
1.7395e+06
1.72893e+06
1.71835e+06
1.70775e+06
1.69716e+06
1.68656e+06
1.67596e+06
1.66538e+06
1.65482e+06
1.64427e+06
1.63373e+06
1.62322e+06
1.61273e+06
1.60226e+06
1.5918e+06
1.58137e+06
1.57095e+06
1.56056e+06
1.55019e+06
1.53984e+06
1.52951e+06
1.5192e+06
1.50893e+06
1.49868e+06
1.48845e+06
1.47826e+06
1.46811e+06
1.45798e+06
1.44789e+06
1.43783e+06
1.4278e+06
1.41781e+06
1.40785e+06
1.39792e+06
1.38803e+06
1.37816e+06
1.36833e+06
1.35853e+06
1.34877e+06
1.33903e+06
1.32932e+06
1.31964e+06
1.30999e+06
1.30038e+06
1.2908e+06
1.28126e+06
1.27175e+06
1.26227e+06
1.25283e+06
1.24343e+06
1.23407e+06
1.22474e+06
1.21545e+06
1.2062e+06
1.19699e+06
1.18782e+06
1.17869e+06
1.16959e+06
1.16053e+06
1.15151e+06
1.14253e+06
1.13358e+06
1.12467e+06
1.1158e+06
1.10696e+06
1.09816e+06
1.08939e+06
1.08066e+06
1.07196e+06
1.0633e+06
1.05468e+06
1.04609e+06
1.03754e+06
1.02902e+06
1.02054e+06
1.0121e+06
1.00369e+06
995320
986984
978684
970420
962191
953999
945842
937720
929633
921581
913564
905581
897632
889715
881831
873980
866161
858375
850622
842903
835217
827566
819950
812370
804825
797316
789843
782405
775005
767642
760316
753027
745774
738557
731377
724232
717124
710052
703016
696017
689053
682126
675235
668381
661563
654782
648040
641335
634670
628043
621457
614910
608405
601939
595514
589131
582788
576486
570226
564007
557831
551697
545608
539563
533565
527614
521713
515862
510065
504323
498638
493012
487448
481948
476514
471150
465858
460642
455504
450450
445484
440612
435839
431175
426628
422210
417934
413817
409879
406147
402654
399444
396571
394105
392129
390734
390005
1.96982e+06
1.96791e+06
1.96431e+06
1.95932e+06
1.95323e+06
1.94629e+06
1.93869e+06
1.93055e+06
1.922e+06
1.9131e+06
1.90393e+06
1.89453e+06
1.88493e+06
1.87517e+06
1.86528e+06
1.85526e+06
1.84514e+06
1.83492e+06
1.8246e+06
1.81421e+06
1.80376e+06
1.79326e+06
1.78272e+06
1.77214e+06
1.76154e+06
1.75092e+06
1.74029e+06
1.72964e+06
1.71899e+06
1.70834e+06
1.69768e+06
1.68703e+06
1.6764e+06
1.66577e+06
1.65517e+06
1.64459e+06
1.63402e+06
1.62348e+06
1.61296e+06
1.60247e+06
1.59199e+06
1.58154e+06
1.57111e+06
1.5607e+06
1.55031e+06
1.53995e+06
1.52961e+06
1.51929e+06
1.50901e+06
1.49875e+06
1.48853e+06
1.47833e+06
1.46817e+06
1.45804e+06
1.44794e+06
1.43788e+06
1.42785e+06
1.41785e+06
1.40788e+06
1.39795e+06
1.38806e+06
1.37819e+06
1.36836e+06
1.35856e+06
1.34879e+06
1.33905e+06
1.32934e+06
1.31966e+06
1.31002e+06
1.30041e+06
1.29083e+06
1.28129e+06
1.27178e+06
1.26231e+06
1.25287e+06
1.24347e+06
1.23411e+06
1.22478e+06
1.2155e+06
1.20625e+06
1.19704e+06
1.18787e+06
1.17874e+06
1.16964e+06
1.16059e+06
1.15157e+06
1.14258e+06
1.13364e+06
1.12473e+06
1.11585e+06
1.10702e+06
1.09821e+06
1.08945e+06
1.08071e+06
1.07202e+06
1.06336e+06
1.05473e+06
1.04614e+06
1.03759e+06
1.02907e+06
1.02059e+06
1.01215e+06
1.00374e+06
995367
987030
978729
970464
962236
954043
945886
937764
929678
921627
913610
905626
897677
889759
881875
874023
866203
858416
850662
842942
835255
827603
819985
812403
804856
797344
789868
782429
775027
767661
760333
753041
745786
738567
731385
724239
717129
710055
703018
696016
689051
682121
675228
668371
661551
654767
648021
641312
634643
628011
621419
614867
608353
601880
595446
589052
582698
576384
570110
563877
557685
551535
545426
539362
533341
527366
521439
515560
509731
503955
498233
492566
486958
481409
475922
470499
465142
459855
454640
449500
444440
439464
434578
429788
425102
420530
416083
411777
407630
403668
399923
396440
393280
390524
388277
386673
385822
1.98086e+06
1.97848e+06
1.97413e+06
1.96828e+06
1.96131e+06
1.95354e+06
1.94517e+06
1.93635e+06
1.92719e+06
1.91775e+06
1.9081e+06
1.89827e+06
1.88829e+06
1.87819e+06
1.86799e+06
1.8577e+06
1.84733e+06
1.83689e+06
1.82639e+06
1.81583e+06
1.80522e+06
1.79458e+06
1.78392e+06
1.77323e+06
1.76252e+06
1.75181e+06
1.74109e+06
1.73036e+06
1.71964e+06
1.70892e+06
1.69821e+06
1.68751e+06
1.67683e+06
1.66616e+06
1.65552e+06
1.6449e+06
1.6343e+06
1.62373e+06
1.61319e+06
1.60267e+06
1.59217e+06
1.5817e+06
1.57125e+06
1.56082e+06
1.55042e+06
1.54005e+06
1.5297e+06
1.51938e+06
1.50909e+06
1.49882e+06
1.48859e+06
1.47839e+06
1.46823e+06
1.45809e+06
1.44799e+06
1.43792e+06
1.42789e+06
1.41789e+06
1.40792e+06
1.39799e+06
1.38809e+06
1.37822e+06
1.36838e+06
1.35858e+06
1.34881e+06
1.33907e+06
1.32936e+06
1.31969e+06
1.31005e+06
1.30044e+06
1.29086e+06
1.28132e+06
1.27182e+06
1.26235e+06
1.25291e+06
1.24352e+06
1.23416e+06
1.22484e+06
1.21555e+06
1.20631e+06
1.1971e+06
1.18793e+06
1.1788e+06
1.16971e+06
1.16065e+06
1.15163e+06
1.14265e+06
1.1337e+06
1.1248e+06
1.11592e+06
1.10708e+06
1.09828e+06
1.08951e+06
1.08078e+06
1.07208e+06
1.06342e+06
1.0548e+06
1.04621e+06
1.03765e+06
1.02913e+06
1.02065e+06
1.0122e+06
1.00379e+06
995417
987079
978777
970512
962283
954089
945932
937810
929724
921671
913653
905669
897717
889799
881913
874060
866240
858452
850698
842977
835289
827635
820016
812432
804883
797369
789891
782449
775044
767676
760345
753051
745794
738573
731389
724242
717130
710055
703016
696012
689045
682112
675217
668357
661535
654748
647999
641287
634613
627977
621379
614820
608299
601817
595374
588969
582604
576278
569990
563742
557534
551366
545239
539153
533110
527111
521156
515248
509387
503575
497815
492106
486451
480852
475310
469826
464403
459043
453747
448519
443361
438278
433272
428351
423519
418785
414157
409649
405277
401061
397035
393239
389740
386628
384034
382126
381093
1.99365e+06
1.99051e+06
1.98505e+06
1.97803e+06
1.96996e+06
1.96119e+06
1.95195e+06
1.94238e+06
1.93256e+06
1.92255e+06
1.91239e+06
1.90211e+06
1.89173e+06
1.88128e+06
1.87076e+06
1.86019e+06
1.84958e+06
1.83891e+06
1.82821e+06
1.81748e+06
1.80671e+06
1.79593e+06
1.78513e+06
1.77433e+06
1.76351e+06
1.7527e+06
1.74189e+06
1.73109e+06
1.72029e+06
1.70951e+06
1.69874e+06
1.68799e+06
1.67726e+06
1.66655e+06
1.65587e+06
1.64521e+06
1.63458e+06
1.62398e+06
1.61341e+06
1.60286e+06
1.59234e+06
1.58185e+06
1.57138e+06
1.56094e+06
1.55053e+06
1.54014e+06
1.52978e+06
1.51945e+06
1.50915e+06
1.49889e+06
1.48865e+06
1.47845e+06
1.46828e+06
1.45814e+06
1.44804e+06
1.43797e+06
1.42793e+06
1.41793e+06
1.40796e+06
1.39803e+06
1.38812e+06
1.37825e+06
1.36841e+06
1.35861e+06
1.34883e+06
1.3391e+06
1.32939e+06
1.31972e+06
1.31008e+06
1.30047e+06
1.2909e+06
1.28136e+06
1.27186e+06
1.26239e+06
1.25296e+06
1.24357e+06
1.23422e+06
1.2249e+06
1.21562e+06
1.20638e+06
1.19717e+06
1.188e+06
1.17888e+06
1.16978e+06
1.16073e+06
1.15171e+06
1.14273e+06
1.13378e+06
1.12487e+06
1.116e+06
1.10716e+06
1.09836e+06
1.08959e+06
1.08086e+06
1.07216e+06
1.06349e+06
1.05487e+06
1.04627e+06
1.03772e+06
1.02919e+06
1.02071e+06
1.01226e+06
1.00385e+06
995470
987131
978828
970562
962332
954138
945980
937858
929769
921715
913694
905707
897753
889832
881945
874091
866271
858483
850728
843006
835318
827664
820043
812457
804906
797390
789909
782465
775057
767687
760353
753057
745797
738575
731390
724240
717127
710050
703009
696003
689034
682099
675202
668340
661514
654725
647972
641257
634578
627938
621334
614769
608241
601751
595298
588884
582507
576168
569867
563604
557379
551193
545047
538940
532873
526849
520866
514928
509034
503186
497386
491634
485932
480281
474682
469137
463646
458210
452832
447513
442255
437061
431933
426876
421893
416990
412174
407453
402840
398352
394015
389867
385968
382414
379357
377030
375721
2.0088e+06
2.00427e+06
1.99712e+06
1.98851e+06
1.97908e+06
1.96918e+06
1.95898e+06
1.94859e+06
1.93807e+06
1.92745e+06
1.91677e+06
1.90603e+06
1.89524e+06
1.88443e+06
1.87359e+06
1.86273e+06
1.85186e+06
1.84097e+06
1.83007e+06
1.81915e+06
1.80823e+06
1.7973e+06
1.78637e+06
1.77544e+06
1.76452e+06
1.7536e+06
1.74271e+06
1.73182e+06
1.72095e+06
1.7101e+06
1.69927e+06
1.68846e+06
1.67768e+06
1.66693e+06
1.65621e+06
1.64552e+06
1.63486e+06
1.62422e+06
1.61362e+06
1.60305e+06
1.59251e+06
1.58199e+06
1.57151e+06
1.56105e+06
1.55063e+06
1.54023e+06
1.52986e+06
1.51952e+06
1.50922e+06
1.49895e+06
1.48871e+06
1.4785e+06
1.46833e+06
1.45819e+06
1.44808e+06
1.43801e+06
1.42797e+06
1.41797e+06
1.408e+06
1.39806e+06
1.38816e+06
1.37829e+06
1.36845e+06
1.35864e+06
1.34887e+06
1.33913e+06
1.32942e+06
1.31975e+06
1.31012e+06
1.30051e+06
1.29094e+06
1.28141e+06
1.27191e+06
1.26245e+06
1.25303e+06
1.24364e+06
1.23428e+06
1.22497e+06
1.21569e+06
1.20645e+06
1.19725e+06
1.18809e+06
1.17896e+06
1.16987e+06
1.16082e+06
1.1518e+06
1.14282e+06
1.13387e+06
1.12496e+06
1.11609e+06
1.10725e+06
1.09845e+06
1.08968e+06
1.08094e+06
1.07224e+06
1.06358e+06
1.05494e+06
1.04635e+06
1.03779e+06
1.02926e+06
1.02077e+06
1.01232e+06
1.0039e+06
995526
987185
978881
970614
962384
954189
946030
937905
929814
921756
913732
905740
897784
889861
881972
874117
866295
858507
850752
843030
835341
827686
820064
812476
804923
797405
789922
782476
775066
767692
760356
753057
745796
738572
731385
724233
717119
710040
702997
695989
689018
682082
675181
668318
661489
654697
647941
641223
634540
627894
621285
614713
608178
601679
595218
588793
582405
576053
569739
563461
557220
551015
544849
538721
532631
526581
520570
514601
508674
502790
496950
491154
485405
479701
474045
468436
462876
457364
451902
446490
441130
435823
430571
425375
420237
415161
410150
405209
400346
395569
390898
386359
382001
377908
374242
371295
369550
2.02751e+06
2.02002e+06
2.01026e+06
1.99961e+06
1.98858e+06
1.9774e+06
1.96616e+06
1.95492e+06
1.94367e+06
1.93244e+06
1.92121e+06
1.91e+06
1.8988e+06
1.88762e+06
1.87646e+06
1.86531e+06
1.85418e+06
1.84306e+06
1.83195e+06
1.82084e+06
1.80975e+06
1.79867e+06
1.78761e+06
1.77656e+06
1.76553e+06
1.75451e+06
1.74352e+06
1.73256e+06
1.72161e+06
1.7107e+06
1.69981e+06
1.68894e+06
1.67811e+06
1.66732e+06
1.65655e+06
1.64582e+06
1.63513e+06
1.62446e+06
1.61383e+06
1.60324e+06
1.59267e+06
1.58214e+06
1.57163e+06
1.56116e+06
1.55072e+06
1.54031e+06
1.52994e+06
1.51959e+06
1.50928e+06
1.499e+06
1.48876e+06
1.47855e+06
1.46837e+06
1.45823e+06
1.44812e+06
1.43805e+06
1.42801e+06
1.41801e+06
1.40804e+06
1.3981e+06
1.3882e+06
1.37833e+06
1.36849e+06
1.35868e+06
1.34891e+06
1.33917e+06
1.32946e+06
1.3198e+06
1.31016e+06
1.30056e+06
1.291e+06
1.28147e+06
1.27198e+06
1.26252e+06
1.2531e+06
1.24371e+06
1.23437e+06
1.22506e+06
1.21578e+06
1.20655e+06
1.19735e+06
1.18818e+06
1.17906e+06
1.16997e+06
1.16092e+06
1.1519e+06
1.14292e+06
1.13398e+06
1.12507e+06
1.11619e+06
1.10735e+06
1.09855e+06
1.08977e+06
1.08104e+06
1.07233e+06
1.06366e+06
1.05503e+06
1.04643e+06
1.03786e+06
1.02933e+06
1.02084e+06
1.01238e+06
1.00396e+06
995583
987241
978936
970667
962436
954240
946078
937950
929856
921794
913765
905770
897810
889884
881993
874136
866313
858524
850768
843046
835356
827700
820076
812487
804932
797412
789928
782479
775067
767691
760353
753052
745789
738563
731374
724221
717104
710024
702979
695970
688996
682058
675155
668289
661458
654664
647905
641182
634496
627845
621230
614652
608109
601603
595132
588697
582298
575933
569605
563312
557054
550832
544646
538496
532383
526307
520269
514270
508310
502389
496509
490670
484872
479116
473401
467729
462098
456509
450963
445457
439995
434573
429196
423859
418567
413315
408108
402942
397822
392748
387727
382769
377899
373171
368711
364854
362317
2.05098e+06
2.0377e+06
2.02416e+06
2.01106e+06
1.99826e+06
1.98573e+06
1.97342e+06
1.9613e+06
1.94932e+06
1.93745e+06
1.92568e+06
1.914e+06
1.90239e+06
1.89084e+06
1.87935e+06
1.86791e+06
1.85652e+06
1.84516e+06
1.83384e+06
1.82255e+06
1.81129e+06
1.80006e+06
1.78886e+06
1.77769e+06
1.76654e+06
1.75543e+06
1.74434e+06
1.73329e+06
1.72228e+06
1.71129e+06
1.70034e+06
1.68943e+06
1.67854e+06
1.6677e+06
1.6569e+06
1.64613e+06
1.6354e+06
1.6247e+06
1.61405e+06
1.60342e+06
1.59283e+06
1.58228e+06
1.57176e+06
1.56127e+06
1.55082e+06
1.5404e+06
1.53001e+06
1.51966e+06
1.50934e+06
1.49906e+06
1.48881e+06
1.47859e+06
1.46842e+06
1.45827e+06
1.44816e+06
1.43809e+06
1.42805e+06
1.41805e+06
1.40808e+06
1.39814e+06
1.38824e+06
1.37837e+06
1.36853e+06
1.35873e+06
1.34896e+06
1.33922e+06
1.32952e+06
1.31985e+06
1.31022e+06
1.30063e+06
1.29107e+06
1.28154e+06
1.27205e+06
1.2626e+06
1.25319e+06
1.24381e+06
1.23446e+06
1.22515e+06
1.21588e+06
1.20665e+06
1.19745e+06
1.18829e+06
1.17917e+06
1.17008e+06
1.16103e+06
1.15201e+06
1.14303e+06
1.13409e+06
1.12518e+06
1.1163e+06
1.10746e+06
1.09865e+06
1.08988e+06
1.08113e+06
1.07243e+06
1.06375e+06
1.05511e+06
1.04651e+06
1.03794e+06
1.0294e+06
1.02091e+06
1.01245e+06
1.00402e+06
995642
987297
978990
970719
962485
954287
946122
937990
929891
921825
913793
905795
897831
889903
882009
874150
866325
858534
850777
843053
835362
827705
820080
812489
804932
797410
789924
782473
775059
767682
760343
753040
745775
738547
731355
724201
717082
710000
702953
695942
688967
682027
675123
668254
661421
654624
647862
641136
634445
627790
621170
614584
608035
601520
595040
588595
582184
575807
569465
563156
556883
550643
544438
538267
532131
526030
519964
513934
507942
501984
496065
490182
484336
478527
472755
467018
461319
455651
450021
444421
438858
433321
427820
422342
416896
411468
406066
400675
395300
389927
384553
379166
373759
368325
362896
357572
353582
310255
272521
241795
213962
188442
164698
142688
122280
103473
86229.3
70557.1
56461.6
43947.3
33006.1
23630.8
15818.6
9569.2
4882.1
1757.85
195.383
308353
272268
241724
213932
188431
164695
142688
122282
103476
86231.6
70558.7
56462.2
43947.5
33006.2
23630.9
15818.7
9569.27
4882.15
1757.88
195.39
306373
271839
241583
213874
188407
164685
142687
122283
103479
86234.9
70561
56463.1
43947.9
33006.5
23631.1
15818.9
9569.39
4882.22
1757.93
195.4
304433
271268
241368
213788
188368
164668
142682
122283
103481
86237.6
70562.9
56464.2
43948.4
33006.8
23631.4
15819.1
9569.54
4882.3
1757.98
195.413
302600
270592
241086
213674
188312
164644
142670
122279
103480
86239.1
70564.2
56465.1
43948.9
33007.2
23631.7
15819.3
9569.69
4882.36
1758.01
195.424
300907
269857
240750
213532
188239
164611
142653
122272
103476
86238.6
70564.7
56465.8
43949.5
33007.6
23632.1
15819.6
9569.84
4882.41
1758.02
195.431
299362
269101
240379
213365
188149
164569
142629
122260
103468
86236
70564.3
56466.4
43950.3
33008.2
23632.5
15819.8
9569.99
4882.45
1758.01
195.433
297961
268355
239990
213179
188048
164519
142599
122244
103457
86230.9
70563.1
56467.2
43951.4
33009.1
23633
15820.2
9570.17
4882.5
1757.99
195.432
296699
267642
239601
212981
187939
164461
142564
122224
103444
86223
70560.8
56468.1
43953
33010.5
23633.8
15820.6
9570.37
4882.57
1757.97
195.425
295568
266974
239225
212780
187826
164399
142525
122200
103428
86212.9
70557.4
56469.2
43955.3
33012.4
23634.9
15821.1
9570.62
4882.7
1757.99
195.416
294564
266360
238870
212583
187714
164334
142484
122174
103410
86201.9
70553.7
56470.8
43958.3
33015
23636.3
15821.7
9570.98
4882.93
1758.09
195.417
293681
265805
238543
212398
187607
164272
142445
122148
103394
86191.8
70550.6
56472.8
43961.9
33018.2
23638
15822.6
9571.53
4883.37
1758.34
195.439
292913
265311
238249
212229
187510
164214
142409
122124
103379
86183.8
70548.7
56475.4
43966
33021.6
23639.9
15823.8
9572.31
4884.05
1758.78
195.493
292253
264878
237990
212079
187423
164163
142377
122105
103367
86178.3
70548.1
56478.2
43970.1
33025
23641.8
15825.1
9573.28
4884.96
1759.37
195.576
291697
264508
237765
211948
187347
164119
142351
122089
103358
86174.5
70548.3
56480.7
43973.8
33028
23643.5
15826.4
9574.29
4885.91
1759.97
195.658
291237
264199
237576
211838
187283
164082
142329
122075
103351
86171.7
70548.3
56482.5
43976.5
33030.1
23644.9
15827.5
9575.09
4886.65
1760.39
195.707
290870
263951
237424
211748
187231
164052
142311
122065
103345
86169.5
70548
56483.3
43977.9
33031.2
23645.7
15828.2
9575.52
4887.02
1760.54
195.711
290594
263765
237309
211680
187191
164030
142298
122058
103342
86167.7
70547.2
56483
43978
33031.2
23645.8
15828.3
9575.58
4887.02
1760.46
195.681
290407
263642
237233
211635
187166
164015
142291
122054
103339
86166.5
70546.3
56482.3
43977.4
33030.7
23645.6
15828.2
9575.45
4886.85
1760.28
195.643
290318
263582
237196
211613
187153
164009
142287
122052
103338
86165.9
70545.8
56481.8
43977
33030.3
23645.4
15828.1
9575.33
4886.72
1760.14
195.612
)
;

boundaryField
{
    inlet
    {
        type            calculated;
        value           nonuniform List<scalar> 
20
(
4.03944e+06
4.03958e+06
4.03966e+06
4.03973e+06
4.03979e+06
4.03984e+06
4.03987e+06
4.03989e+06
4.03991e+06
4.03992e+06
4.03992e+06
4.03991e+06
4.03989e+06
4.03987e+06
4.03983e+06
4.03979e+06
4.03973e+06
4.03966e+06
4.03958e+06
4.03944e+06
)
;
    }
    outlet
    {
        type            calculated;
        value           uniform 0;
    }
    walls
    {
        type            calculated;
        value           nonuniform List<scalar> 
520
(
4.03944e+06
3.93749e+06
3.82811e+06
3.71967e+06
3.6127e+06
3.50728e+06
3.40343e+06
3.30114e+06
3.20041e+06
3.10125e+06
3.00367e+06
2.90768e+06
2.81331e+06
2.7206e+06
2.62965e+06
2.5406e+06
2.45371e+06
2.36942e+06
2.28836e+06
2.21142e+06
2.1646e+06
2.14356e+06
2.12302e+06
2.10299e+06
2.08349e+06
2.06452e+06
2.04605e+06
2.02809e+06
2.01061e+06
1.9936e+06
1.97704e+06
1.96091e+06
1.94517e+06
1.92982e+06
1.91482e+06
1.90015e+06
1.88579e+06
1.87172e+06
1.85793e+06
1.84438e+06
1.83106e+06
1.81796e+06
1.80506e+06
1.79234e+06
1.7798e+06
1.76742e+06
1.75519e+06
1.74309e+06
1.73113e+06
1.7193e+06
1.70757e+06
1.69596e+06
1.68444e+06
1.67302e+06
1.66169e+06
1.65045e+06
1.63928e+06
1.62819e+06
1.61717e+06
1.60623e+06
1.59534e+06
1.58452e+06
1.57376e+06
1.56306e+06
1.55241e+06
1.54181e+06
1.53127e+06
1.52077e+06
1.51032e+06
1.49992e+06
1.48956e+06
1.47925e+06
1.46898e+06
1.45876e+06
1.44858e+06
1.43844e+06
1.42835e+06
1.41829e+06
1.40828e+06
1.39831e+06
1.38838e+06
1.37849e+06
1.36863e+06
1.35881e+06
1.34903e+06
1.33929e+06
1.32958e+06
1.31991e+06
1.31027e+06
1.30067e+06
1.2911e+06
1.28157e+06
1.27208e+06
1.26262e+06
1.25319e+06
1.2438e+06
1.23445e+06
1.22512e+06
1.21583e+06
1.20658e+06
1.19736e+06
1.18817e+06
1.17902e+06
1.16991e+06
1.16084e+06
1.1518e+06
1.1428e+06
1.13383e+06
1.12491e+06
1.11601e+06
1.10717e+06
1.09835e+06
1.08959e+06
1.08086e+06
1.07217e+06
1.06349e+06
1.05486e+06
1.04626e+06
1.0377e+06
1.02916e+06
1.02067e+06
1.0122e+06
1.00377e+06
995363
987003
978666
970372
962091
953868
945663
937506
929357
921256
913162
905124
897097
889137
881190
873320
865459
857677
849897
842195
834491
826860
819227
811662
804098
796602
789110
781681
774261
766901
759551
752258
744983
737757
730553
723392
716255
709159
702087
695055
688047
681078
674134
667229
660345
653503
646678
639899
633131
626413
619700
613037
606378
599767
593157
586595
580031
573513
566991
560511
554024
547578
541122
534703
528270
521869
515453
509061
502651
496258
489843
483436
477003
470568
464101
457621
451103
444559
437970
431342
424659
417925
411118
404263
397305
390297
383198
376019
368748
361386
353932
346386
338751
331033
323233
315368
307449
290318
263582
237196
211613
187153
164009
142287
122052
103338
86165.9
70545.8
56481.8
43977
33030.3
23645.4
15828.1
9575.33
4886.72
1760.14
195.612
4.03944e+06
3.93749e+06
3.82811e+06
3.71966e+06
3.61269e+06
3.50727e+06
3.40341e+06
3.30111e+06
3.20036e+06
3.10116e+06
3.0035e+06
2.90736e+06
2.81273e+06
2.71954e+06
2.6277e+06
2.53705e+06
2.44723e+06
2.35756e+06
2.26641e+06
2.16871e+06
1.90796e+06
1.90846e+06
1.90948e+06
1.91101e+06
1.91307e+06
1.91567e+06
1.91883e+06
1.92257e+06
1.92694e+06
1.93197e+06
1.93773e+06
1.94428e+06
1.95173e+06
1.96019e+06
1.96982e+06
1.98086e+06
1.99365e+06
2.0088e+06
2.02751e+06
2.05098e+06
1.90796e+06
1.90724e+06
1.90581e+06
1.9037e+06
1.90092e+06
1.8975e+06
1.89346e+06
1.88883e+06
1.88365e+06
1.87795e+06
1.87177e+06
1.86514e+06
1.8581e+06
1.85068e+06
1.84293e+06
1.83486e+06
1.82652e+06
1.81793e+06
1.80912e+06
1.8001e+06
1.79091e+06
1.78155e+06
1.77205e+06
1.76242e+06
1.75267e+06
1.74283e+06
1.73289e+06
1.72288e+06
1.7128e+06
1.70267e+06
1.69251e+06
1.6823e+06
1.67206e+06
1.6618e+06
1.65152e+06
1.64122e+06
1.63092e+06
1.62061e+06
1.6103e+06
1.6e+06
1.5897e+06
1.57941e+06
1.56913e+06
1.55887e+06
1.54862e+06
1.53838e+06
1.52817e+06
1.51797e+06
1.50779e+06
1.49763e+06
1.48749e+06
1.47737e+06
1.46728e+06
1.45722e+06
1.44718e+06
1.43717e+06
1.42719e+06
1.41723e+06
1.40731e+06
1.39741e+06
1.38754e+06
1.3777e+06
1.36788e+06
1.3581e+06
1.34834e+06
1.33861e+06
1.32892e+06
1.31925e+06
1.30962e+06
1.30002e+06
1.29044e+06
1.2809e+06
1.27139e+06
1.26192e+06
1.25248e+06
1.24308e+06
1.23371e+06
1.22437e+06
1.21508e+06
1.20582e+06
1.19661e+06
1.18743e+06
1.17829e+06
1.1692e+06
1.16014e+06
1.15112e+06
1.14214e+06
1.13319e+06
1.12429e+06
1.11542e+06
1.10659e+06
1.0978e+06
1.08904e+06
1.08032e+06
1.07163e+06
1.06298e+06
1.05436e+06
1.04578e+06
1.03723e+06
1.02872e+06
1.02024e+06
1.0118e+06
1.00339e+06
995011
986671
978367
970098
961864
953665
945502
937374
929281
921223
913200
905211
897258
889338
881454
873604
865790
858010
850264
842555
834880
827241
819638
812070
804538
797042
789582
782160
774774
767425
760113
752838
745600
738399
731234
724106
717013
709956
702934
695949
689001
682090
675218
668386
661593
654840
648129
641460
634833
628249
621708
615212
608761
602356
595997
589686
583423
577210
571046
564935
558876
552871
546923
541032
535202
529434
523733
518099
512539
507054
501649
496329
491098
485960
480922
475990
471168
466465
461887
457443
453141
448992
445008
441198
437574
434149
430937
427951
425207
422723
420510
418578
416938
415602
414586
413904
413564
413564
413334
412876
412185
411254
410072
408629
406913
404914
402616
400004
397052
393737
390005
385822
381093
375721
369550
362317
353582
310255
272521
241795
213962
188442
164698
142688
122280
103473
86229.3
70557.1
56461.6
43947.3
33006.1
23630.8
15818.6
9569.2
4882.1
1757.85
195.383
)
;
    }
    frontAndBack
    {
        type            empty;
    }
}


// ************************************************************************* //
