/*--------------------------------*- C++ -*----------------------------------*\
| =========                 |                                                 |
| \\      /  F ield         | OpenFOAM: The Open Source CFD Toolbox           |
|  \\    /   O peration     | Version:  2.4.0                                 |
|   \\  /    A nd           | Web:      www.OpenFOAM.org                      |
|    \\/     M anipulation  |                                                 |
\*---------------------------------------------------------------------------*/
FoamFile
{
    version     2.0;
    format      ascii;
    class       volScalarField;
    location    "0.79";
    object      pPrime2Mean;
}
// * * * * * * * * * * * * * * * * * * * * * * * * * * * * * * * * * * * * * //

dimensions      [0 4 -4 0 0 0 0];

internalField   nonuniform List<scalar> 
8800
(
818502
797853
775697
753729
732062
710709
689671
668949
648541
628446
608664
589191
570021
551144
532541
514179
495984
477819
459355
439560
818531
797856
775695
753728
732061
710709
689671
668949
648541
628447
608665
589191
570022
551147
532547
514188
496004
477861
459456
439895
818549
797855
775689
753725
732060
710708
689671
668948
648541
628447
608665
589193
570025
551152
532557
514208
496042
477941
459643
440547
818564
797854
775684
753721
732058
710707
689670
668948
648541
628447
608666
589195
570029
551160
532572
514236
496097
478055
459903
441305
818575
797855
775679
753717
732057
710707
689670
668948
648541
628448
608668
589198
570035
551170
532591
514272
496168
478196
460215
442090
818584
797855
775676
753714
732055
710707
689670
668948
648541
628448
608669
589201
570041
551183
532614
514315
496250
478359
460558
442855
818591
797856
775674
753712
732054
710706
689670
668948
648541
628449
608671
589205
570049
551197
532640
514364
496342
478537
460916
443583
818596
797857
775672
753710
732053
710706
689671
668948
648542
628450
608674
589210
570057
551212
532668
514416
496441
478724
461276
444262
818600
797858
775671
753708
732053
710706
689671
668949
648543
628452
608676
589215
570066
551229
532699
514472
496543
478915
461629
444887
818601
797858
775670
753708
732052
710707
689671
668949
648543
628453
608679
589220
570076
551246
532730
514528
496647
479103
461968
445457
818601
797858
775670
753708
732052
710707
689672
668950
648544
628454
608682
589225
570085
551263
532761
514585
496749
479286
462286
445970
818600
797858
775671
753709
732053
710707
689672
668950
648545
628456
608685
589230
570094
551279
532791
514640
496847
479459
462580
446429
818597
797857
775672
753710
732054
710707
689672
668951
648546
628458
608687
589235
570103
551295
532820
514692
496940
479620
462847
446833
818591
797856
775674
753712
732055
710707
689672
668951
648547
628459
608690
589239
570111
551310
532847
514740
497024
479765
463083
447184
818584
797855
775677
753715
732056
710708
689672
668952
648548
628461
608693
589244
570119
551324
532871
514783
497100
479893
463288
447483
818575
797854
775680
753718
732058
710708
689673
668953
648549
628463
608695
589248
570125
551336
532892
514820
497165
480002
463461
447732
818564
797854
775684
753722
732060
710709
689673
668953
648550
628464
608697
589251
570131
551345
532909
514851
497218
480090
463599
447930
818550
797855
775690
753726
732061
710710
689674
668954
648551
628465
608698
589253
570135
551353
532923
514875
497258
480157
463703
448078
818531
797856
775695
753729
732063
710711
689674
668955
648551
628466
608699
589255
570138
551358
532932
514891
497286
480202
463773
448175
818503
797852
775697
753730
732064
710711
689675
668955
648551
628466
608700
589256
570139
551361
532937
514899
497299
480225
463807
448223
421622
416792
413107
409920
406966
404155
401444
398808
396230
393699
391206
388745
386310
383898
381506
379130
376769
374419
372080
369752
367433
365125
362827
360538
358258
355987
353724
351470
349224
346986
344757
342538
340328
338128
335939
333759
331589
329429
327279
325137
323003
320876
318756
316642
314535
312433
310338
308249
306168
304093
302024
299962
297905
295853
293808
291769
289737
287712
285696
283686
281683
279687
277696
275711
273733
271762
269799
267844
265899
263962
262033
260111
258196
256289
254388
252495
250608
248729
246858
244996
243142
241297
239462
237634
235814
234000
232193
230391
228596
226806
225023
223245
221471
219703
217938
216179
214423
212673
210927
209188
207455
205729
204010
202300
200599
198907
197223
195549
193884
192227
190578
188937
187304
185679
184061
182451
180848
179252
177665
176085
174513
172950
171394
169848
168309
166781
165258
163747
162240
160742
159249
157763
156281
154805
153333
151867
150405
148949
147498
146053
144614
143182
141755
140335
138921
137514
136113
134719
133331
131949
130573
129204
127841
126485
125135
123791
122453
121122
119798
118481
117170
115869
114574
113290
112012
110746
109487
108240
107001
105773
104552
103344
102141
100951
99764.8
98592.1
97420.6
96264.9
95107.1
93966.6
92822.5
91694.9
90563.6
89445
88323.1
87208.1
86088.6
84972.2
83847.3
82721
81581.1
80431.7
79260.5
78068.6
76839.9
75570.7
74234.5
72806.7
71254
69390
425063
419916
415720
412106
408836
405780
402871
400070
397352
394701
392102
389549
387032
384548
382091
379657
377243
374847
372467
370101
367748
365409
363083
360769
358466
356174
353893
351622
349361
347110
344869
342638
340419
338209
336011
333823
331646
329479
327321
325172
323032
320900
318776
316658
314547
312442
310345
308254
306170
304093
302023
299959
297901
295849
293804
291765
289734
287710
285693
283684
281681
279685
277695
275712
273735
271765
269803
267849
265903
263966
262037
260115
258200
256293
254392
252499
250613
248734
246863
245002
243149
241305
239470
237643
235824
234011
232204
230403
228608
226819
225036
223258
221484
219715
217950
216190
214435
212685
210941
209203
207471
205746
204029
202320
200620
198928
197246
195571
193905
192248
190598
188956
187321
185694
184075
182463
180859
179264
177676
176097
174525
172964
171409
169865
168327
166800
165279
163769
162264
160768
159275
157790
156308
154832
153361
151894
150432
148975
147524
146079
144640
143207
141780
140360
138945
137537
136135
134740
133350
131967
130591
129222
127859
126502
125151
123807
122468
121135
119808
118489
117176
115871
114573
113284
112003
110731
109467
108212
106966
105730
104501
103282
102068
100866
99666.2
98479.7
97293
96120.5
94945.7
93785.1
92621.9
91470.7
90317.5
89171.4
88023.9
86877.9
85727.6
84575.1
83414.4
82244.5
81060.5
79857.3
78628.8
77366.2
76060.2
74687.8
73251.7
71642.2
69930.4
67933.7
427451
422344
417952
414082
410577
407319
404237
401287
398439
395674
392976
390333
387738
385184
382664
380173
377709
375267
372846
370443
368057
365688
363335
360996
358671
356359
354059
351772
349496
347231
344979
342737
340507
338289
336082
333886
331701
329527
327362
325207
323061
320924
318795
316673
314558
312451
310350
308257
306171
304092
302020
299955
297897
295845
293800
291761
289730
287706
285690
283681
281679
279684
277695
275713
273738
271769
269808
267855
265910
263972
262043
260121
258206
256298
254398
252504
250618
248740
246870
245008
243156
241314
239480
237654
235835
234023
232216
230416
228622
226834
225051
223272
221498
219729
217964
216205
214450
212701
210958
209222
207492
205769
204053
202346
200647
198956
197274
195599
193933
192274
190623
188978
187342
185713
184092
182479
180874
179278
177690
176112
174541
172980
171427
169884
168348
166823
165304
163795
162292
160795
159304
157818
156337
154860
153388
151921
150458
149001
147550
146104
144665
143232
141804
140384
138968
137559
136157
134759
133369
131985
130609
129239
127876
126519
125168
123822
122482
121148
119818
118496
117181
115872
114571
113279
111993
110716
109447
108187
106933
105689
104450
103221
101996
100782
99568.9
98367.4
97166.9
95976.6
94786.4
93604.9
92424.1
91248.5
90074.5
88901.1
87728.5
86551.6
85372.9
84184.4
82990.7
81778.9
80554.5
79300.1
78023.4
76692.1
75334.5
73863.5
72370.7
70661.6
68872.4
66904.9
429268
424297
419850
415838
412169
408751
405524
402443
399479
396609
393818
391092
388423
385801
383220
380676
378162
375676
373215
370777
368359
365960
363580
361217
358870
356539
354222
351918
349628
347351
345086
342834
340595
338367
336152
333948
331756
329574
327403
325242
323090
320948
318814
316688
314569
312459
310356
308260
306172
304091
302018
299952
297893
295841
293796
291758
289727
287703
285687
283679
281677
279683
277696
275715
273741
271774
269814
267862
265918
263981
262051
260129
258214
256306
254405
252511
250624
248746
246876
245016
243165
241323
239490
237664
235846
234035
232230
230431
228637
226850
225067
223288
221514
219745
217981
216222
214468
212721
210980
209245
207517
205796
204083
202377
200679
198989
197307
195632
193965
192305
190652
189005
187366
185735
184112
182497
180891
179294
177707
176128
174559
172999
171447
169905
168371
166847
165331
163822
162320
160823
159333
157846
156365
154887
153414
151946
150483
149025
147573
146127
144687
143253
141826
140404
138989
137579
136176
134777
133387
132002
130626
129256
127893
126536
125184
123837
122495
121158
119827
118502
117184
115872
114569
113272
111983
110701
109427
108161
106901
105648
104401
103161
101926
100698
99473.7
98256.9
97043.4
95835.6
94630.2
93428.6
92229.8
91031
89835.6
88635.6
87438.8
86231.7
85026.9
83802.8
82580.6
81325.8
80072
78761.9
77456.9
76054.4
74664.6
73119.2
71572.1
69846.6
68044.6
66141.8
430729
425895
421462
417382
413606
410069
406723
403530
400463
397500
394623
391821
389081
386396
383758
381161
378601
376073
373573
371100
368652
366225
363820
361433
359066
356715
354381
352062
349758
347468
345192
342930
340681
338445
336221
334010
331810
329621
327444
325277
323119
320972
318833
316703
314581
312467
310362
308264
306174
304092
302017
299950
297890
295838
293793
291755
289725
287702
285687
283679
281678
279684
277698
275718
273746
271780
269822
267871
265927
263990
262061
260138
258222
256313
254412
252517
250631
248752
246883
245023
243173
241331
239499
237675
235858
234047
232243
230445
228653
226866
225083
223305
221531
219763
217999
216241
214489
212743
211004
209271
207546
205827
204116
202411
200714
199025
197343
195668
194000
192338
190683
189034
187393
185759
184134
182518
180911
179313
177725
176146
174578
173018
171468
169926
168394
166870
165356
163848
162347
160850
159359
157872
156389
154911
153437
151968
150504
149045
147592
146145
144705
143270
141843
140420
139005
137595
136192
134793
133402
132018
130642
129272
127909
126551
125199
123850
122507
121166
119832
118504
117184
115869
114563
113262
111970
110684
109406
108133
106867
105607
104352
103102
101857
100616
99380.9
98149.8
96923.4
95698.5
94478.4
93256.5
92040.5
90817.5
89603
88374.9
87158.4
85918.3
84693.4
83431.3
82188.4
80888.4
79611.8
78252.4
76917.1
75467.9
74034
72463.5
70868.5
69166.2
67387.2
65540
431959
427243
422843
418736
414891
411267
407828
404542
401387
398340
395387
392514
389709
386965
384274
381628
379023
376455
373920
371414
368936
366482
364052
361644
359256
356887
354537
352203
349886
347584
345297
343025
340766
338522
336290
334071
331864
329669
327485
325312
323150
320997
318854
316720
314595
312478
310370
308270
306178
304094
302019
299951
297890
295838
293793
291756
289726
287703
285689
283681
281681
279688
277703
275724
273753
271788
269831
267880
265937
264000
262070
260147
258230
256320
254417
252522
250635
248757
246888
245028
243179
241338
239507
237683
235867
234058
232255
230458
228668
226882
225101
223323
221550
219782
218020
216262
214511
212766
211029
209299
207576
205860
204150
202447
200751
199062
197380
195704
194035
192371
190714
189062
187419
185784
184157
182539
180931
179331
177743
176164
174596
173036
171486
169945
168414
166892
165378
163871
162370
160873
159381
157893
156410
154930
153456
151985
150520
149060
147606
146157
144716
143281
141854
140432
139017
137606
136204
134805
133415
132030
130655
129283
127921
126561
125209
123857
122513
121170
119834
118503
117180
115861
114553
113249
111954
110663
109381
108102
106832
105563
104302
103041
101789
100535
99290.1
98044.4
96807.1
95563.6
94331.2
93087.2
91856.3
90608.3
89377.2
88122
86886.5
85618.4
84371.6
83080
81810.6
80480.9
79170
77783.5
76406.7
74938
73462.5
71892.7
70277.2
68598
66846.6
65040.4
433019
428398
424037
419920
416033
412347
408836
405475
402245
399126
396105
393168
390305
387507
384766
382075
379429
376823
374253
371716
369210
366731
364278
361848
359441
357055
354689
352341
350011
347697
345400
343118
340851
338598
336358
334132
331919
329717
327527
325349
323181
321024
318876
316739
314610
312491
310381
308279
306185
304100
302023
299955
297894
295841
293796
291759
289729
287707
285693
283686
281687
279694
277709
275731
273760
271797
269840
267889
265946
264009
262078
260153
258236
256325
254421
252525
250638
248759
246890
245031
243182
241342
239512
237689
235874
234066
232265
230470
228681
226897
225118
223341
221570
219803
218040
216283
214533
212790
211054
209326
207605
205891
204184
202482
200787
199098
197416
195739
194068
192402
190742
189089
187444
185806
184178
182559
180949
179349
177760
176180
174611
173051
171501
169961
168431
166908
165396
163888
162387
160890
159398
157909
156425
154944
153468
151996
150530
149068
147612
146162
144722
143286
141859
140438
139023
137612
136209
134810
133420
132036
130662
129288
127926
126565
125211
123858
122513
121166
119829
118495
117169
115848
114538
113230
111932
110636
109350
108067
106791
105516
104247
102978
101717
100454
99198
97940.4
96690.7
95432.1
94184.8
92923.3
91674
90407.3
89154.1
87880.6
86620.3
85334.8
84060.9
82751.1
81451
80103.5
78759.9
77356.1
75948.9
74469.7
72969
71405.3
69785.6
68120
66388.5
64612.7
433944
429399
425074
420959
417047
413317
409751
406329
403036
399855
396774
393781
390865
388018
385231
382498
379814
377173
374571
372005
369472
366969
364494
362045
359620
357217
354836
352475
350132
347808
345500
343209
340933
338672
336425
334192
331972
329765
327570
325386
323214
321052
318901
316760
314629
312507
310394
308290
306195
304109
302031
299961
297900
295847
293802
291765
289735
287713
285699
283692
281693
279701
277716
275738
273767
271803
269846
267895
265951
264013
262082
260156
258237
256326
254421
252525
250638
248759
246891
245032
243183
241344
239515
237693
235879
234073
232273
230479
228693
226911
225134
223359
221588
219821
218059
216302
214553
212810
211076
209350
207631
205919
204213
202512
200818
199129
197447
195769
194096
192428
190766
189111
187464
185825
184196
182576
180966
179365
177775
176194
174624
173062
171512
169971
168440
166918
165406
163898
162397
160899
159407
157917
156432
154949
153472
151999
150531
149068
147611
146161
144720
143285
141858
140438
139022
137612
136208
134809
133419
132034
130661
129285
127923
126561
125206
123853
122506
121157
119818
118481
117152
115829
114515
113205
111903
110605
109315
108027
106746
105466
104190
102915
101645
100373
99106.3
97839.3
96576.2
95305.9
94042
92766.7
91497.9
90216.1
88940
87652.2
86369.7
85069.7
83772.7
82448.2
81123.4
79760.3
78392.8
76975.7
75547.7
74065.3
72549.5
70989.4
69368.8
67709.9
65994
64242.8
434755
430272
425981
421872
417945
414183
410574
407104
403759
400526
397393
394350
391387
388495
385667
382896
380176
377503
374872
372279
369721
367196
364700
362232
359790
357372
354977
352602
350248
347913
345596
343296
341012
338744
336490
334251
332025
329813
327612
325424
323248
321082
318927
316783
314649
312525
310410
308304
306207
304120
302041
299970
297908
295854
293809
291771
289741
287719
285705
283698
281698
279706
277720
275742
273771
271806
269848
267897
265952
264013
262081
260154
258235
256323
254418
252522
250635
248757
246888
245030
243181
241343
239514
237693
235881
234076
232278
230486
228701
226922
225146
223373
221603
219836
218074
216318
214568
212827
211093
209368
207650
205939
204234
202534
200841
199152
197469
195790
194116
192446
190783
189126
187478
185839
184210
182589
180978
179377
177785
176203
174631
173068
171516
169974
168442
166920
165408
163900
162398
160900
159406
157916
156430
154946
153468
151994
150525
149061
147604
146153
144711
143276
141850
140430
139015
137604
136200
134800
133409
132025
130650
129274
127912
126550
125192
123841
122491
121142
119799
118463
117129
115806
114487
113175
111868
110568
109273
107986
106698
105414
104130
102851
101572
100294
99016.5
97742.9
96465.7
95187.1
93906.2
92620.7
91333.3
90038
88743.2
87441.2
86140.9
84830.2
83513.6
82178.1
80832.5
79456.6
78070.7
76645
75201.3
73717.5
72188.8
70627.9
69008.1
67354.3
65653.4
63923.4
435470
431036
426773
422674
418737
414953
411312
407802
404414
401137
397960
394874
391869
388937
386072
383267
380515
377812
375153
372535
369955
367408
364894
362408
359950
357518
355109
352723
350359
348014
345688
343379
341088
338813
336553
334307
332076
329859
327654
325461
323281
321112
318954
316807
314670
312543
310426
308319
306220
304131
302051
299979
297916
295861
293815
291777
289746
287724
285709
283701
281701
279707
277721
275742
273770
271804
269845
267893
265947
264007
262074
260148
258228
256316
254412
252516
250628
248750
246882
245024
243175
241337
239509
237689
235878
234075
232279
230489
228707
226929
225155
223383
221613
219846
218084
216327
214578
212836
211103
209378
207661
205951
204247
202548
200854
199165
197482
195802
194126
192455
190791
189133
187485
185845
184216
182595
180984
179382
177790
176207
174633
173068
171514
169969
168436
166913
165400
163892
162390
160891
159397
157905
156419
154935
153456
151982
150512
149049
147591
146140
144698
143262
141836
140415
139000
137588
136185
134783
133393
132010
130631
129257
127892
126532
125171
123825
122470
121122
119775
118443
117101
115781
114453
113143
111828
110530
109227
107943
106644
105362
104068
102787
101498
100218
98929.8
97652.8
96361.5
95078.3
93781.6
92488.6
91185
89875.9
88568
87255
85940.7
84620.8
83285.5
81939.9
80577.1
79190.4
77789.6
76358.7
74899.3
73412.2
71872.6
70308.5
68692.6
67045.4
65359.8
63648.5
436098
431704
427466
423376
419434
415634
411967
408426
405003
401689
398474
395350
392309
389343
386444
383608
380827
378097
375414
372773
370171
367606
365074
362572
360100
357654
355233
352836
350462
348108
345773
343457
341159
338877
336611
334361
332125
329903
327694
325498
323314
321142
318981
316831
314691
312562
310443
308333
306233
304142
302060
299987
297923
295867
293819
291780
289748
287725
285709
283700
281699
279705
277718
275737
273764
271798
269838
267884
265938
263998
262064
260137
258217
256305
254402
252506
250619
248741
246873
245014
243166
241328
239500
237681
235872
234070
232276
230489
228709
226932
225159
223386
221616
219848
218086
216328
214579
212837
211104
209379
207662
205952
204249
202550
200856
199167
197483
195802
194126
192455
190790
189133
187484
185844
184214
182594
180983
179381
177788
176204
174629
173062
171506
169959
168424
166899
165384
163875
162373
160874
159379
157887
156400
154917
153439
151965
150495
149032
147574
146124
144680
143244
141817
140394
138979
137565
136162
134759
133369
131987
130605
129235
127866
126510
125147
123804
122443
121100
119748
118420
117072
115754
114417
113109
111785
110490
109179
107898
106588
105307
104004
102726
101427
100145
98847.3
97569.9
96264.8
94978.8
93669.1
92368.9
91053.1
89730.8
88414.8
87091.8
85763
84441.5
83086.2
81734
80353.9
78959.8
77544.1
76108.4
74633.6
73139.2
71594.1
70028
68418
66779.1
65108
63413.6
436647
432286
428069
423988
420044
416231
412545
408979
405527
402182
398935
395779
392706
389710
386782
383918
381111
378357
375652
372990
370370
367787
365239
362723
360237
357779
355348
352941
350557
348194
345852
343530
341225
338937
336666
334411
332170
329944
327731
325532
323345
321169
319006
316853
314711
312579
310458
308346
306244
304151
302067
299993
297927
295870
293821
291780
289747
287722
285705
283696
281693
279698
277710
275728
273754
271787
269826
267872
265925
263985
262051
260124
258205
256293
254390
252495
250608
248730
246862
245002
243153
241315
239487
237669
235861
234061
232270
230484
228705
226928
225155
223381
221610
219842
218079
216320
214571
212829
211095
209369
207652
205942
204239
202540
200847
199157
197472
195791
194116
192445
190782
189124
187476
185836
184207
182586
180976
179373
177780
176195
174619
173050
171492
169943
168406
166879
165362
163852
162348
160848
159353
157861
156375
154893
153416
151942
150474
149011
147553
146103
144658
143222
141793
140368
138953
137538
136134
134729
133341
131957
130573
129206
127837
126485
125123
123779
122417
121075
119722
118394
117041
115723
114381
113074
111743
110447
109134
107850
106536
105251
103943
102662
101357
100074
98769.1
97490.6
96175.4
94885.1
93565.4
92260.4
90935.2
89605.3
88279.5
86947.5
85610.9
84278.9
82908.5
81552.8
80158.3
78758.8
77332.1
75886
74399.3
72898.1
71350.9
69786
68182.4
66552
64894.2
63214.6
437125
432790
428590
424517
420572
416750
413048
409462
405987
402616
399343
396160
393060
390037
387085
384196
381367
378591
375866
373186
370549
367950
365388
362859
360362
357893
355452
353036
350643
348274
345925
343596
341285
338993
336717
334457
332212
329982
327766
325563
323373
321195
319028
316873
314728
312594
310470
308356
306252
304157
302072
299995
297928
295869
293819
291776
289743
287717
285698
283687
281684
279688
277698
275716
273741
271773
269812
267858
265911
263970
262036
260110
258191
256280
254377
252483
250597
248719
246850
244990
243140
241301
239473
237654
235846
234048
232257
230473
228694
226916
225142
223366
221596
219827
218063
216304
214555
212812
211078
209350
207634
205923
204220
202520
200827
199136
197452
195772
194098
192428
190766
189110
187463
185823
184194
182573
180963
179359
177767
176181
174604
173034
171475
169923
168385
166855
165336
163823
162318
160817
159322
157830
156345
154863
153388
151914
150448
148984
147526
146075
144631
143194
141764
140338
138922
137505
136101
134695
133307
131924
130540
129173
127810
126456
125094
123751
122391
121048
119698
118366
117012
115687
114347
113033
111700
110397
109086
107799
106481
105199
103887
102601
101291
100001
98691.1
97408.1
96088
94794.6
93470.3
92160.7
90828.9
89493.4
88160.5
86822.5
85474.3
84130.6
82756.4
81390.9
79988.6
78580.9
77146.9
75689.4
74195.6
72690.3
71143.2
69581
67982.9
66360.9
64714.8
63048.2
437536
433222
429036
424969
421023
417194
413480
409879
406385
402994
399699
396493
393371
390325
387351
384441
381592
378798
376055
373360
370707
368095
365520
362980
360472
357994
355544
353120
350721
348345
345990
343655
341340
339042
336762
334498
332250
330016
327797
325591
323398
321217
319047
316889
314742
312606
310479
308363
306257
304160
302073
299995
297925
295865
293813
291770
289735
287707
285688
283676
281672
279675
277685
275702
273727
271759
269797
267843
265895
263955
262021
260095
258177
256267
254365
252471
250585
248707
246837
244976
243126
241285
239456
237637
235829
234031
232240
230456
228675
226896
225120
223344
221573
219803
218039
216280
214531
212787
211053
209325
207609
205897
204194
202494
200801
199110
197427
195746
194074
192406
190745
189090
187444
185805
184176
182555
180945
179341
177748
176161
174584
173013
171453
169900
168360
166828
165307
163792
162285
160783
159288
157797
156312
154830
153355
151883
150417
148953
147496
146044
144600
143162
141731
140305
138888
137472
136066
134660
133273
131884
130507
129140
127781
126425
125065
123720
122364
121015
119674
118336
116980
115654
114312
112981
111653
110345
109035
107743
106428
105140
103832
102543
101225
99925.3
98615.9
97323.4
96003.5
94707.9
93379.4
92066.6
90732.1
89394
88055.5
86711.8
85355.9
84003
82623.9
81244
79842.6
78422.1
76985.2
75518.9
74022.7
72515.7
70969.7
69409.5
67816.2
66202.5
64566.2
62910.7
437884
433587
429412
425349
421402
417568
413845
410231
406723
403315
400002
396778
393637
390573
387580
384653
381787
378977
376219
373510
370845
368221
365636
363086
360569
358083
355625
353195
350789
348407
346046
343707
341387
339086
336802
334534
332282
330046
327823
325614
323418
321234
319063
316902
314753
312614
310485
308367
306259
304160
302071
299991
297920
295858
293805
291761
289725
287697
285676
283664
281659
279661
277671
275688
273712
271744
269782
267828
265880
263940
262007
260081
258164
256254
254353
252459
250573
248694
246824
244962
243111
241270
239439
237619
235809
234010
232218
230432
228649
226869
225092
223316
221545
219775
218010
216252
214502
212757
211022
209296
207580
205868
204165
202465
200771
199081
197398
195719
194048
192380
190721
189067
187423
185784
184155
182534
180923
179319
177726
176139
174561
172989
171428
169875
168334
166800
165277
163759
162251
160748
159253
157761
156276
154795
153320
151849
150383
148920
147464
146011
144567
143128
141697
140271
138853
137438
136031
134628
133238
131849
130476
129107
127750
126391
125036
123687
122335
120985
119645
118296
116951
115610
114269
112931
111609
110298
108986
107685
106373
105074
103775
102477
101161
99851.5
98547.8
97242
95927.1
94625.2
93296.9
91978.6
90645.6
89307.1
87967.9
86618.6
85251.5
83891
82507.2
81117.1
79715.2
78284.4
76849.3
75376.6
73880.6
72372.4
70827.5
69269
67680.5
66073.5
64444.7
62799.2
438174
433890
429720
425659
421711
417873
414144
410521
407002
403582
400255
397016
393859
390779
387771
384830
381950
379127
376357
373636
370960
368327
365733
363175
360650
358157
355694
353257
350846
348459
346094
343751
341427
339122
336834
334564
332309
330069
327844
325632
323434
321248
319074
316911
314760
312619
310488
308368
306258
304157
302066
299985
297913
295850
293796
291751
289714
287685
285665
283652
281646
279648
277658
275675
273699
271730
269768
267813
265866
263926
261993
260068
258151
256242
254341
252448
250562
248683
246811
244949
243097
241255
239422
237601
235790
233988
232193
230406
228620
226838
225059
223285
221513
219743
217979
216221
214470
212726
210991
209266
207549
205839
204136
202436
200742
199053
197369
195691
194019
192354
190695
189043
187398
185762
184132
182511
180899
179297
177702
176115
174536
172965
171403
169850
168308
166774
165248
163730
162219
160716
159218
157727
156240
154760
153284
151814
150348
148887
147431
145979
144535
143096
141665
140239
138820
137405
135999
134598
133208
131823
130449
129078
127719
126357
125007
123652
122305
120951
119615
118257
116911
115557
114228
112885
111569
110253
108939
107627
106320
105015
103719
102405
101104
99789.6
98482.4
97171.9
95862
94548.1
93225
91900.3
90569.2
89231.2
87890.6
86534.4
85164.5
83798.3
82405.4
81009.2
79607.2
78173.1
76736
75262.1
73767.7
72257.4
70713.9
69156.5
67572.3
65970.1
64347.4
62710.3
438404
434129
429963
425903
421954
418113
414380
410752
407224
403794
400456
397205
394037
390945
387925
384972
382081
379248
376468
373738
371054
368413
365811
363246
360716
358217
355749
353307
350892
348501
346132
343785
341458
339150
336860
334587
332329
330087
327860
325646
323446
321258
319082
316917
314764
312622
310489
308367
306256
304154
302062
299980
297907
295843
293788
291742
289705
287676
285655
283641
281636
279638
277647
275663
273687
271717
269755
267801
265853
263913
261981
260056
258139
256230
254330
252437
250551
248672
246800
244938
243085
241241
239408
237585
235771
233967
232169
230379
228591
226809
225028
223254
221480
219713
217948
216192
214441
212699
210963
209239
207521
205812
204108
202409
200715
199027
197342
195665
193994
192330
190671
189021
187376
185740
184109
182489
180875
179274
177677
176092
174511
172942
171379
169827
168284
166751
165223
163705
162191
160687
159186
157694
156205
154725
153248
151780
150315
148856
147399
145949
144504
143066
141634
140209
138789
137376
135971
134574
133183
131797
130424
129048
127685
126324
124974
123614
122270
120916
119575
118211
116871
115520
114197
112843
111530
110205
108890
107576
106272
104959
103662
102346
101049
99729
98425.5
97115.5
95805
94483.8
93165.8
91831.9
90504.2
89164.6
87828.3
86461.6
85094.1
83717.6
82325.4
80925.3
79520.1
78085.2
76646.9
75175.8
73681.3
72168.8
70626.3
69069.1
67488
65889.3
64272.1
62641.2
438577
434308
430142
426083
422134
418292
414556
410923
407390
403953
400607
397347
394170
391069
388040
385079
382180
379338
376551
373814
371124
368477
365870
363300
360765
358263
355790
353345
350926
348532
346161
343811
341481
339171
336879
334603
332344
330100
327871
325656
323454
321264
319087
316921
314767
312623
310490
308367
306254
304152
302059
299976
297902
295838
293783
291736
289698
287668
285647
283633
281627
279629
277638
275654
273677
271708
269745
267790
265843
263903
261971
260046
258130
256221
254321
252428
250542
248663
246791
244928
243075
241231
239397
237572
235756
233949
232148
230355
228565
226783
225002
223228
221454
219688
217924
216169
214416
212677
210940
209217
207497
205790
204084
202388
200691
199005
197319
195644
193972
192311
190651
189003
187356
185721
184089
182469
180854
179253
177656
176072
174492
172924
171361
169810
168266
166733
165204
163686
162170
160665
159161
157667
156176
154696
153217
151750
150284
148828
147372
145924
144478
143042
141608
140184
138763
137353
135947
134553
133159
131775
130396
129020
127654
126290
124939
123577
122234
120878
119536
118178
116841
115484
114162
112808
111495
110161
108851
107533
106228
104915
103617
102298
101001
99680.6
98382
97067.3
95759.5
94435.6
93118.5
91780
90456.1
89110.8
87772.9
86400.7
85042.3
83654
82264.7
80860.8
79454.4
78025.5
76582.2
75115.2
73618.7
72105.6
70562.8
69005.6
67427
65830.6
64217
62590.2
438687
434423
430261
426203
422254
418412
414673
411037
407500
404058
400707
397442
394259
391152
388117
385150
382245
379399
376607
373866
371171
368520
365909
363336
360798
358293
355817
353370
350949
348553
346179
343828
341497
339185
336891
334614
332353
330108
327878
325662
323459
321268
319090
316923
314768
312624
310490
308367
306253
304150
302057
299973
297899
295835
293779
291732
289694
287664
285642
283628
281621
279623
277631
275647
273669
271700
269737
267782
265835
263895
261962
260038
258122
256213
254313
252420
250534
248655
246784
244922
243069
241225
239388
237562
235745
233936
232131
230336
228544
226763
224981
223209
221434
219670
217905
216152
214399
212660
210923
209201
207480
205774
204066
202371
200674
198989
197303
195629
193956
192296
190636
188988
187341
185706
184073
182453
180838
179237
177640
176058
174478
172913
171348
169799
168252
166720
165189
163672
162154
160649
159142
157648
156154
154674
153193
151727
150261
148806
147350
145904
144459
143023
141588
140166
138744
137338
135929
134539
133140
131760
130374
129000
127630
126262
124908
123545
122200
120847
119503
118148
116813
115457
114136
112782
111468
110129
108828
107497
106195
104883
103580
102263
100967
99647
98346.1
97028.9
95721.6
94400.5
93082.8
91745.6
90424.8
89068.8
87726.9
86357.2
85000.5
83612.8
82224.9
80823.7
79417.2
77992.9
76538
75079
73576.9
72066.8
70521.4
68964.4
67387
65791.8
64180.5
62556.3
438741
434480
430320
426263
422315
418471
414732
411094
407555
404111
400757
397489
394303
391194
388156
385186
382278
379430
376635
373891
371195
368542
365929
363354
360815
358308
355831
353382
350960
348563
346189
343836
341504
339191
336897
334619
332358
330112
327881
325664
323461
321270
319091
316924
314769
312624
310490
308366
306253
304150
302056
299972
297898
295833
293777
291730
289692
287661
285639
283625
281619
279619
277628
275643
273666
271696
269733
267778
265831
263891
261958
260034
258117
256209
254308
252415
250529
248651
246780
244917
243064
241219
239383
237557
235739
233928
232121
230325
228532
226751
224969
223198
221422
219659
217894
216142
214389
212652
210914
209193
207470
205765
204056
202362
200664
198980
197292
195621
193947
192288
190627
188980
187332
185697
184063
182444
180829
179229
177632
176051
174471
172907
171340
169793
168243
166712
165179
163663
162144
160639
159131
157637
156142
154661
153180
151714
150248
148793
147337
145891
144447
143010
141575
140153
138731
137328
135916
134533
133128
131753
130360
128988
127610
126245
124885
123525
122177
120829
119481
118131
116792
115439
114114
112761
111446
110107
108804
107475
106175
104863
103559
102246
100944
99622.3
98321.1
97005.2
95698.1
94382.9
93061.2
91732.9
90405.6
89046.7
87700.8
86331.4
84972.3
83596.2
82201.2
80821.1
79397.9
77992.4
76521.1
75073.9
73558.1
72051
70500.8
68942.7
67365.4
65771.3
64160.9
62538.2
386750
386604
386314
385884
385317
384618
383794
382850
381795
380636
379381
378036
376607
375103
373531
371896
370207
368467
366682
364856
362993
361097
359173
357225
355256
353269
351265
349246
347213
345167
343112
341049
338981
336907
334831
332752
330672
328590
326510
324429
322349
320268
318190
316116
314046
311981
309917
307857
305800
303747
301701
299659
297623
295591
293565
291544
289529
287521
285520
283527
281541
279561
277587
275622
273667
271719
269778
267842
265911
263986
262067
260154
258247
256347
254453
252562
250675
248794
246918
245050
243188
241334
239489
237651
235821
234000
232188
230383
228584
226792
225006
223227
221456
219690
217927
216173
214425
212683
210946
209212
207485
205764
204050
202342
200641
198948
197263
195588
193921
192262
190608
188962
187323
185693
184071
182457
180850
179249
177655
176066
174483
172907
171339
169780
168228
166682
165142
163608
162081
160561
159049
157543
156042
154548
153060
151580
150107
148642
147184
145734
144293
142861
141437
140021
138613
137213
135821
134437
133061
131695
130338
128990
127652
126322
125003
123693
122394
121104
119824
118555
117297
116050
114816
113593
112384
111187
110004
108833
107677
106536
105412
104304
103215
102145
101095
100066
99057.4
98069.6
97102.6
96157.6
95236.5
94340.8
93472.2
92632.2
91822.1
91042.5
90295.9
89585.2
88913.4
88282.6
87695.6
87155
86663.5
86223.9
85840.8
85519.8
85263
85077
84956.8
84897.8
386852
386705
386413
385981
385410
384708
383879
382930
381870
380706
379446
378096
376663
375155
373579
371941
370248
368504
366716
364886
363020
361123
359197
357247
355276
353288
351284
349264
347230
345183
343126
341062
338992
336917
334839
332759
330679
328597
326515
324433
322353
320272
318194
316120
314050
311985
309922
307861
305804
303752
301706
299664
297627
295595
293568
291546
289531
287523
285522
283530
281544
279564
277591
275627
273671
271724
269784
267849
265918
263992
262073
260160
258252
256351
254455
252563
250676
248796
246922
245053
243191
241336
239490
237653
235823
234002
232189
230384
228586
226795
225010
223232
221462
219699
217938
216184
214436
212693
210955
209221
207493
205772
204057
202349
200649
198956
197271
195595
193927
192267
190614
188967
187327
185697
184075
182462
180857
179258
177664
176076
174493
172917
171348
169788
168236
166690
165150
163616
162088
160568
159055
157549
156048
154552
153065
151584
150112
148647
147190
145741
144300
142868
141443
140027
138618
137218
135825
134441
133065
131699
130342
128994
127655
126326
125006
123697
122396
121106
119826
118556
117298
116051
114816
113594
112384
111187
110003
108832
107675
106534
105409
104301
103212
102142
101091
100061
99052.3
98064.1
97097
96152.3
95231.3
94335.3
93465.8
92624
91811.8
91031
90283.3
89570.6
88896
88262
87671.6
87128
86634
86192.1
85807.1
85483.7
85225.7
85038.4
84917
84857
387056
386908
386613
386175
385598
384887
384049
383091
382021
380846
379576
378216
376774
375258
373674
372028
370328
368578
366783
364947
363076
361174
359243
357290
355317
353328
351322
349300
347263
345214
343154
341086
339012
336933
334853
332772
330690
328609
326527
324445
322362
320282
318204
316130
314061
311995
309931
307871
305814
303762
301714
299672
297635
295601
293572
291549
289534
287527
285528
283536
281551
279572
277599
275634
273678
271731
269792
267857
265927
264001
262080
260165
258255
256352
254455
252564
250678
248798
246924
245057
243194
241339
239491
237653
235824
234004
232191
230386
228589
226799
225017
223241
221473
219711
217953
216200
214452
212708
210968
209234
207505
205782
204067
202358
200657
198964
197280
195603
193935
192273
190619
188973
187335
185706
184086
182475
180871
179275
177683
176096
174514
172936
171366
169802
168248
166701
165161
163627
162100
160580
159067
157560
156058
154561
153074
151594
150123
148659
147202
145754
144313
142880
141455
140038
138628
137227
135834
134449
133073
131706
130348
128999
127660
126331
125011
123701
122400
121108
119827
118556
117296
116049
114813
113591
112381
111184
109999
108828
107671
106528
105403
104294
103204
102132
101081
100050
99039.6
98050.9
97083.6
96138.4
95216.2
94318.6
93447.1
92603.1
91788.1
91003.9
90251.8
89534.9
88856.1
88217.9
87622.9
87074.4
86575.3
86129.3
85739.1
85411.2
85148.8
84957
84832.1
84770.1
387365
387214
386914
386468
385880
385157
384305
383331
382246
381057
379771
378397
376941
375411
373815
372158
370448
368687
366883
365038
363159
361249
359312
357354
355378
353385
351376
349351
347310
345257
343192
341119
339040
336958
334874
332791
330708
328626
326544
324462
322379
320298
318221
316148
314078
312012
309947
307885
305828
303775
301726
299683
297644
295609
293579
291555
289540
287534
285537
283547
281562
279582
277608
275643
273687
271739
269797
267862
265932
264007
262086
260169
258258
256353
254455
252562
250677
248799
246927
245061
243198
241342
239493
237654
235825
234006
232195
230392
228596
226807
225026
223253
221486
219725
217969
216216
214467
212722
210982
209247
207517
205793
204076
202366
200665
198972
197287
195611
193943
192282
190629
188982
187345
185718
184100
182490
180890
179296
177707
176121
174539
172959
171385
169819
168261
166713
165173
163639
162113
160595
159082
157574
156071
154575
153087
151609
150137
148674
147218
145770
144329
142896
141471
140052
138641
137239
135846
134461
133084
131716
130357
129007
127667
126337
125017
123705
122402
121108
119825
118552
117291
116042
114806
113582
112372
111175
109991
108820
107663
106520
105394
104284
103192
102118
101064
100031
99018
98027.1
97058.1
96111.3
95187.4
94287.4
93412.7
92564.6
91745.3
90955.9
90198.6
89476
88791.3
88147
87545.6
86989.8
86484.7
86032.5
85635.9
85301.1
85030.6
84831
84702.5
84636.5
387782
387627
387318
386860
386258
385517
384646
383653
382546
381337
380031
378637
377163
375615
374002
372331
370606
368832
367015
365159
363268
361348
359403
357438
355456
353459
351445
349415
347370
345311
343241
341162
339078
336992
334904
332818
330733
328650
326568
324486
322403
320322
318245
316172
314102
312035
309968
307905
305845
303791
301741
299697
297656
295620
293589
291565
289550
287545
285549
283560
281575
279595
277619
275652
273694
271744
269801
267864
265934
264009
262087
260170
258259
256353
254453
252561
250676
248800
246930
245064
243202
241345
239496
237657
235829
234010
232200
230398
228603
226816
225036
223265
221500
219739
217983
216229
214480
212736
210995
209259
207527
205802
204083
202372
200670
198977
197294
195619
193952
192292
190639
188994
187358
185732
184115
182507
180909
179318
177731
176146
174563
172982
171405
169835
168274
166724
165183
163649
162125
160608
159096
157588
156086
154591
153104
151625
150154
148690
147234
145786
144346
142913
141487
140068
138656
137254
135860
134474
133097
131729
130369
129018
127676
126345
125023
123709
122404
121108
119823
118548
117285
116034
114796
113571
112360
111162
109978
108808
107651
106508
105380
104269
103175
102099
101042
100004
98988
97993.2
97020.4
96070.2
95143.2
94240
93361.3
92508.7
91683.2
90887
90122.9
89393.6
88701.3
88049.3
87440.2
86877.8
86364.4
85903.6
85497.4
85152.8
84871.2
84663
84528.3
84457.5
388308
388147
387828
387355
386733
385970
385073
384054
382921
381685
380354
378935
377437
375868
374235
372544
370802
369012
367179
365308
363403
361471
359515
357541
355552
353547
351526
349490
347439
345375
343298
341214
339125
337034
334943
332854
330767
328681
326598
324515
322433
320352
318275
316201
314131
312061
309993
307928
305866
303810
301758
299712
297671
295634
293602
291578
289563
287559
285563
283573
281588
279606
277629
275659
273699
271746
269801
267864
265933
264007
262085
260169
258257
256351
254451
252559
250675
248801
246932
245067
243205
241348
239499
237661
235833
234015
232205
230404
228610
226824
225046
223275
221509
219749
217991
216238
214489
212745
211004
209268
207535
205808
204088
202376
200673
198981
197297
195623
193958
192299
190648
189004
187370
185745
184129
182522
180926
179336
177751
176167
174584
173001
171422
169849
168286
166734
165192
163659
162135
160619
159108
157602
156101
154607
153120
151642
150170
148706
147249
145800
144360
142928
141502
140083
138671
137269
135875
134490
133112
131743
130382
129029
127686
126352
125028
123712
122405
121106
119818
118542
117277
116024
114784
113557
112345
111146
109961
108790
107632
106490
105362
104249
103153
102073
101012
99970.3
98948.9
97948.8
96971
96016.1
95084.8
94177.2
93293.7
92435
91602.7
90798.9
90026.2
89287.6
88586
87925
87306.7
86734.2
86210.2
85739.3
85322.4
84965.7
84672.5
84451.3
84307
84229.5
388948
388780
388447
387953
387307
386514
385587
384534
383369
382100
380738
379289
377763
376168
374511
372798
371035
369225
367373
365484
363564
361617
359649
357664
355665
353650
351620
349577
347518
345447
343364
341274
339181
337086
334991
332898
330808
328719
326633
324548
322465
320384
318307
316233
314161
312091
310021
307953
305890
303831
301778
299730
297688
295650
293618
291593
289578
287573
285576
283586
281599
279616
277637
275665
273702
271747
269801
267863
265931
264005
262083
260166
258254
256349
254449
252558
250675
248801
246932
245068
243206
241349
239501
237664
235837
234019
232210
230409
228616
226831
225053
223281
221515
219753
217995
216242
214493
212748
211008
209271
207538
205810
204089
202377
200674
198981
197298
195625
193960
192303
190653
189011
187378
185755
184139
182534
180937
179348
177764
176181
174598
173015
171434
169861
168297
166744
165202
163669
162145
160629
159119
157614
156114
154621
153135
151657
150185
148720
147263
145814
144373
142941
141516
140097
138686
137284
135891
134505
133127
131757
130394
129040
127695
126359
125032
123713
122404
121103
119813
118534
117267
116012
114770
113542
112327
111126
109939
108766
107608
106465
105336
104222
103123
102040
100975
99927.6
98900.5
97894.6
96910.8
95950.1
95013.2
94100
93210.3
92344.8
91504.6
90691.8
89909.1
89159.3
88446.1
87773.4
87143.3
86559.1
86022.7
85538.1
85106.8
84737.2
84430.4
84195.6
84037.6
83953.9
389707
389529
389178
388659
387981
387153
386187
385094
383889
382582
381181
379698
378139
376514
374829
373091
371304
369471
367597
365688
363749
361787
359804
357805
355793
353767
351726
349672
347606
345526
343438
341343
339244
337144
335046
332949
330854
328763
326673
324585
322501
320419
318341
316266
314193
312121
310050
307982
305917
303856
301801
299751
297707
295668
293635
291610
289594
287587
285589
283596
281608
279624
277644
275670
273704
271747
269799
267859
265927
264000
262078
260162
258251
256345
254446
252555
250672
248797
246928
245062
243201
241346
239499
237663
235838
234021
232213
230412
228620
226834
225055
223283
221516
219753
217995
216240
214491
212746
211005
209268
207535
205807
204086
202374
200671
198978
197295
195622
193958
192302
190654
189015
187383
185760
184146
182539
180942
179352
177767
176184
174602
173019
171440
169868
168305
166753
165211
163678
162155
160638
159128
157624
156126
154634
153149
151670
150198
148734
147276
145827
144386
142953
141528
140110
138700
137299
135906
134520
133142
131770
130406
129050
127702
126364
125034
123713
122401
121098
119806
118525
117256
115999
114754
113523
112306
111102
109912
108737
107577
106432
105302
104187
103085
101999
100929
99876.8
98843.6
97831.1
96840.4
95872.8
94928.9
94008.4
93111.3
92237.5
91387.8
90564.1
89769.8
89007.5
88280.8
87594.4
86949.9
86351.1
85798.6
85297.2
84849.6
84463.1
84141.9
83892
83723.7
83630.8
390591
390402
390028
389477
388759
387887
386875
385735
384482
383129
381685
380160
378564
376904
375189
373421
371607
369748
367850
365918
363959
361979
359979
357965
355937
353897
351843
349777
347700
345613
343517
341417
339313
337209
335105
333004
330906
328810
326717
324626
322540
320457
318378
316301
314227
312154
310082
308013
305947
303885
301827
299775
297729
295688
293654
291627
289610
287601
285601
283606
281616
279630
277648
275673
273706
271746
269797
267855
265922
263994
262072
260155
258244
256339
254440
252548
250665
248788
246917
245051
243191
241337
239493
237659
235835
234020
232213
230413
228620
226834
225054
223281
221513
219749
217990
216235
214485
212739
210997
209259
207526
205798
204078
202366
200663
198971
197288
195615
193952
192298
190652
189014
187384
185761
184147
182540
180941
179349
177763
176179
174597
173016
171440
169870
168309
166758
165217
163685
162162
160646
159136
157632
156135
154645
153160
151682
150211
148746
147289
145840
144399
142965
141540
140123
138714
137313
135921
134535
133156
131783
130417
129058
127708
126366
125034
123710
122396
121092
119798
118515
117243
115984
114737
113503
112282
111075
109882
108703
107540
106392
105260
104142
103038
101949
100874
99816.4
98776.8
97757.4
96759.5
95784.1
94831.9
93902.8
92996.5
92113.2
91252.7
90417.1
89609.5
88832.6
88089.8
87386.8
86724.5
86107.8
85535.4
85015.2
84547.8
84142.7
83804.9
83540
83356.1
83258.3
391610
391405
391002
390411
389646
388721
387652
386457
385149
383742
382248
380677
379037
377337
375586
373786
371941
370054
368129
366173
364192
362191
360172
358140
356095
354039
351970
349891
347802
345705
343602
341496
339386
337277
335169
333063
330960
328860
326764
324671
322582
320498
318417
316339
314263
312188
310115
308045
305978
303915
301855
299801
297752
295709
293674
291646
289626
287615
285611
283613
281621
279633
277651
275674
273705
271745
269794
267851
265915
263986
262064
260147
258235
256330
254431
252539
250654
248775
246903
245036
243176
241324
239483
237651
235829
234016
232210
230410
228617
226831
225051
223276
221507
219743
217983
216227
214476
212729
210985
209246
207512
205784
204064
202353
200651
198959
197277
195606
193943
192290
190646
189009
187380
185758
184142
182534
180934
179340
177752
176167
174586
173007
171433
169867
168308
166760
165220
163689
162166
160651
159142
157639
156143
154653
153170
151693
150222
148759
147302
145853
144412
142979
141553
140136
138728
137328
135935
134549
133168
131794
130426
129065
127712
126368
125032
123707
122390
121084
119789
118504
117230
115968
114718
113480
112256
111046
109848
108666
107498
106346
105210
104089
102982
101889
100810
99745.8
98699.5
97672.7
96666.7
95682.8
94721.4
93782.4
92865.8
91971.5
91099.6
90250.9
89427.8
88634.9
87873.2
87150.2
86466.2
85827.7
85231.7
84688.3
84198.2
83769.7
83412.2
83128.2
82933.7
82825.5
392775
392551
392111
391470
390645
389656
388521
387260
385889
384421
382870
381246
379557
377812
376020
374183
372305
370387
368433
366449
364444
362420
360382
358330
356266
354192
352108
350014
347912
345805
343693
341578
339463
337348
335234
333124
331016
328913
326813
324718
322627
320540
318457
316377
314299
312223
310149
308078
306010
303945
301883
299827
297775
295731
293694
291664
289643
287629
285622
283621
281626
279636
277653
275676
273706
271744
269791
267846
265909
263979
262055
260138
258226
256320
254421
252528
250641
248760
246886
245019
243160
241310
239470
237641
235820
234008
232203
230404
228611
226824
225044
223269
221500
219734
217973
216217
214464
212716
210971
209231
207496
205769
204049
202338
200637
198946
197265
195594
193932
192280
190637
189001
187372
185749
184133
182524
180921
179326
177736
176151
174570
172994
171423
169859
168304
166757
165219
163689
162168
160653
159145
157644
156149
154661
153178
151702
150233
148771
147315
145867
144426
142993
141568
140151
138743
137343
135949
134562
133181
131805
130435
129072
127716
126369
125031
123703
122385
121077
119779
118493
117217
115952
114698
113457
112229
111014
109813
108625
107453
106296
105154
104028
102917
101819
100735
99664.7
98611.3
97576.5
96562.2
95568.7
94597.1
93647.1
92718.8
91812.4
90926.7
90064.1
89223.6
88412.7
87629.5
86883.4
86173.8
85509.8
84885.6
84313.3
83795.8
83339.7
82958.2
82653.7
82439.6
82327.4
394101
393852
393365
392661
391763
390696
389483
388146
386701
385163
383547
381863
380119
378324
376486
374609
372694
370741
368756
366744
364712
362664
360603
358531
356447
354355
352253
350144
348029
345909
343787
341664
339541
337419
335300
333184
331073
328965
326863
324765
322672
320583
318498
316415
314335
312257
310182
308110
306040
303974
301911
299853
297800
295754
293715
291684
289660
287643
285633
283629
281632
279641
277656
275678
273707
271744
269790
267843
265905
263973
262049
260130
258218
256311
254411
252516
250628
248746
246870
245003
243145
241297
239459
237630
235810
233998
232193
230394
228602
226816
225035
223260
221490
219725
217963
216206
214452
212703
210957
209216
207481
205753
204034
202323
200622
198931
197250
195580
193919
192267
190624
188988
187359
185736
184120
182510
180906
179309
177718
176133
174553
172979
171411
169850
168297
166752
165216
163688
162167
160654
159148
157648
156155
154667
153186
151712
150244
148782
147328
145881
144440
143008
141583
140166
138757
137356
135962
134574
133192
131815
130444
129079
127721
126372
125032
123702
122381
121071
119771
118482
117203
115935
114679
113434
112202
110982
109776
108584
107406
106243
105096
103963
102845
101741
100651
99574.1
98513.3
97470.1
96446.3
95443.1
94459.9
93498
92556
91635.7
90734.1
89856.2
88996.4
88164.8
87358.1
86586.5
85846.4
85151.1
84494.5
83887
83336.3
82845.7
82433.9
82103.1
81873.2
81742.6
395607
395324
394777
393993
393005
391844
390539
389112
387583
385966
384276
382526
380721
378870
376982
375059
373102
371112
369092
367050
364990
362917
360833
358739
356635
354524
352404
350280
348150
346018
343886
341753
339622
337493
335367
333246
331129
329018
326912
324812
322717
320626
318538
316452
314369
312289
310212
308139
306068
304000
301937
299877
297824
295776
293736
291704
289678
287658
285646
283639
281640
279647
277661
275681
273709
271745
269789
267842
265903
263970
262044
260125
258212
256304
254402
252507
250618
248734
246858
244991
243134
241287
239449
237621
235801
233988
232183
230385
228592
226806
225026
223251
221480
219715
217952
216195
214440
212690
210943
209202
207467
205739
204019
202308
200607
198916
197236
195565
193904
192253
190609
188974
187344
185721
184104
182494
180890
179292
177700
176116
174537
172965
171399
169840
168289
166746
165212
163686
162167
160655
159150
157652
156160
154674
153195
151722
150255
148795
147341
145894
144455
143023
141598
140181
138771
137370
135975
134586
133203
131825
130453
129087
127728
126377
125035
123703
122380
121067
119765
118473
117191
115920
114660
113411
112174
110950
109739
108542
107358
106189
105035
103895
102769
101658
100560
99476
98407.2
97355.1
96321.1
95307
94310.8
93335.9
92378.1
91443.2
90522.7
89626.6
88745.3
87891.6
87057.6
86257.2
85483.3
84751.4
84057.4
83408.5
82816.8
82284.1
81832.9
81467.4
81207.9
81070.7
397318
396990
396363
395478
394378
393103
391688
390157
388530
386823
385052
383228
381357
379444
377500
375527
373525
371495
369440
367365
365277
363177
361069
358953
356828
354697
352561
350420
348276
346131
343987
341845
339705
337568
335435
333308
331186
329071
326961
324858
322760
320667
318576
316487
314401
312319
310240
308164
306092
304024
301960
299900
297846
295798
293756
291722
289695
287674
285660
283651
281650
279655
277667
275685
273711
271746
269789
267842
265901
263968
262041
260121
258207
256299
254397
252500
250610
248727
246851
244984
243128
241281
239443
237614
235794
233981
232175
230377
228584
226798
225017
223242
221471
219705
217943
216185
214429
212679
210932
209190
207454
205726
204006
202295
200593
198902
197221
195550
193889
192237
190594
188957
187328
185705
184088
182478
180874
179276
177685
176101
174523
172952
171388
169831
168282
166741
165209
163684
162167
160658
159154
157658
156167
154683
153205
151733
150268
148808
147355
145909
144470
143038
141613
140196
138786
137384
135988
134598
133214
131836
130463
129096
127736
126384
125041
123706
122381
121066
119761
118466
117181
115906
114642
113389
112148
110919
109703
108500
107310
106134
104973
103825
102691
101572
100465
99372.6
98294.3
97232.8
96187.3
95161.7
94151.2
93162.3
92187.1
91234.6
90293.5
89376.4
88471
87591.4
86726.7
85894.1
85083.9
84310
83573.6
82876.7
82234.5
81648.9
81146.9
80736.5
80447.4
80277.9
399266
398875
398141
397125
395885
394472
392925
391272
389534
387728
385868
383963
382019
380042
378038
376011
373961
371888
369796
367689
365570
363443
361310
359171
357026
354875
352721
350564
348406
346247
344092
341939
339790
337645
335505
333371
331244
329124
327010
324903
322802
320705
318611
316519
314430
312344
310263
308186
306112
304044
301980
299920
297866
295816
293774
291738
289710
287689
285673
283664
281661
279665
277674
275690
273714
271748
269790
267841
265900
263966
262039
260119
258205
256296
254393
252496
250606
248723
246848
244981
243125
241278
239440
237611
235790
233977
232170
230371
228578
226792
225011
223235
221464
219697
217934
216176
214420
212669
210922
209180
207444
205715
203995
202284
200582
198890
197208
195537
193875
192223
190578
188942
187313
185690
184073
182463
180860
179263
177672
176088
174511
172942
171379
169824
168277
166738
165208
163685
162169
160661
159160
157665
156176
154694
153217
151746
150281
148823
147371
145925
144486
143054
141629
140212
138802
137399
136002
134612
133227
131848
130475
129107
127747
126394
125049
123713
122386
121068
119760
118461
117173
115894
114626
113368
112122
110888
109667
108458
107262
106079
104910
103754
102612
101483
100367
99265.5
98176.6
97104.5
96046.3
95007.5
93981.8
92976.8
91982.8
91010.7
90047.7
89107
88174.7
87266
86368.5
85498.8
84648.7
83828.4
83042.2
82290.5
81587.6
80939.6
80372.1
79900.2
79555.4
79369.5
401499
401014
400128
398938
397521
395940
394238
392447
390587
388673
386716
384725
382704
380659
378593
376509
374409
372292
370161
368019
365870
363715
361555
359393
357226
355056
352884
350711
348538
346367
344199
342036
339877
337724
335576
333435
331302
329177
327058
324947
322842
320741
318643
316547
314454
312366
310282
308203
306129
304060
301996
299937
297882
295832
293788
291751
289723
287701
285685
283675
281672
279674
277682
275696
273718
271749
269790
267841
265899
263964
262037
260116
258202
256293
254390
252493
250603
248721
246846
244980
243124
241278
239440
237611
235789
233975
232168
230368
228575
226787
225006
223230
221458
219691
217928
216169
214413
212662
210915
209173
207437
205708
203987
202276
200573
198881
197199
195526
193864
192211
190566
188929
187300
185677
184061
182452
180848
179252
177661
176079
174503
172935
171374
169821
168275
166738
165209
163687
162174
160667
159167
157674
156187
154706
153230
151761
150297
148839
147388
145942
144503
143071
141646
140229
138818
137415
136018
134627
133242
131862
130488
129121
127760
126406
125060
123722
122393
121072
119761
118459
117167
115884
114611
113349
112098
110859
109632
108416
107214
106024
104847
103683
102532
101394
100268
99156
98055.3
96971.1
95898.8
94845.6
93803.3
92780.3
91766.7
90773.1
89786
88819.2
87858.1
86918.2
85985.3
85075.8
84182.4
83311.5
82468.2
81655
80880.6
80157
79506.5
78952.2
78541.6
78293.2
404089
403450
402341
400913
399273
397492
395615
393670
391677
389648
387589
385508
383407
381291
379161
377020
374869
372706
370535
368357
366175
363990
361804
359617
357429
355239
353050
350861
348673
346489
344309
342134
339965
337803
335648
333500
331361
329229
327105
324989
322879
320773
318671
316571
314476
312384
310297
308217
306142
304072
302008
299949
297894
295844
293799
291761
289732
287710
285694
283684
281680
279681
277688
275701
273722
271751
269791
267840
265897
263962
262035
260113
258199
256290
254388
252491
250602
248720
246847
244982
243126
241280
239442
237612
235790
233976
232168
230367
228573
226785
225003
223226
221454
219687
217924
216164
214409
212658
210911
209169
207433
205704
203983
202271
200569
198876
197193
195520
193857
192203
190557
188921
187291
185668
184052
182443
180840
179244
177655
176073
174498
172931
171371
169820
168276
166740
165213
163693
162181
160676
159177
157686
156200
154721
153247
151778
150315
148858
147406
145961
144522
143090
141665
140247
138836
137432
136034
134643
133258
131878
130504
129136
127774
126420
125073
123733
122402
121079
119765
118459
117163
115876
114599
113332
112076
110831
109598
108376
107167
105970
104785
103613
102452
101305
100168
99045
97931.2
96834
95746.3
94676.9
93616.6
92574.1
91539.1
90522
89509.2
88514.9
87522.7
86549.9
85581.6
84629.1
83689.4
82765.4
81859.9
80976.9
80121.6
79305.9
78550.5
77884.5
77364.6
77063.7
407160
406239
404787
403039
401125
399113
397041
394932
392798
390646
388482
386306
384123
381934
379740
377541
375337
373128
370915
368700
366485
364270
362057
359845
357634
355424
353217
351012
348810
346612
344420
342234
340055
337884
335720
333565
331419
329281
327150
325028
322912
320802
318695
316592
314494
312399
310310
308228
306151
304081
302017
299958
297902
295852
293807
291768
289737
287714
285698
283688
281684
279686
277693
275706
273725
271753
269791
267839
265896
263960
262032
260111
258196
256288
254386
252491
250602
248721
246848
244984
243129
241283
239445
237616
235794
233979
232171
230369
228574
226785
225003
223225
221453
219686
217923
216163
214408
212657
210910
209168
207433
205704
203983
202271
200568
198875
197192
195519
193855
192201
190554
188917
187286
185664
184047
182438
180835
179240
177652
176070
174497
172931
171372
169822
168280
166746
165219
163701
162190
160687
159190
157701
156216
154738
153265
151797
150335
148878
147426
145981
144543
143111
141686
140267
138855
137451
136052
134661
133275
131895
130520
129152
127790
126435
125087
123746
122413
121088
119771
118462
117162
115871
114589
113318
112056
110806
109566
108338
107121
105917
104723
103543
102372
101215
100066
98932.3
97805.3
96693.7
95590
94503
93423.1
92360.2
91301.6
90261
89219.9
88197.6
87174.7
86165.9
85160.2
84165.1
83175.3
82196
81224
80265
79319.1
78398
77516.3
76707.5
76034.7
75597.7
410949
409431
407453
405291
403053
400783
398502
396220
393938
391661
389387
387116
384849
382586
380326
378068
375812
373556
371301
369049
366799
364554
362312
360074
357841
355611
353385
351164
348947
346737
344532
342335
340145
337965
335793
333630
331476
329331
327194
325065
322943
320827
318716
316610
314509
312412
310321
308237
306159
304087
302022
299962
297907
295856
293810
291771
289739
287715
285699
283689
281686
279688
277695
275709
273728
271756
269793
267840
265895
263959
262031
260109
258195
256287
254385
252491
250603
248723
246851
244987
243132
241286
239449
237620
235799
233984
232176
230374
228578
226789
225006
223228
221456
219688
217925
216165
214410
212659
210912
209171
207436
205708
203988
202276
200573
198880
197197
195523
193859
192204
190556
188919
187287
185664
184047
182438
180836
179240
177652
176071
174498
172933
171376
169827
168286
166754
165229
163712
162202
160702
159206
157718
156234
154758
153285
151818
150356
148900
147448
146004
144565
143133
141707
140288
138876
137471
136072
134679
133293
131912
130538
129169
127807
126451
125102
123761
122426
121098
119778
118466
117163
115868
114582
113306
112039
110783
109537
108303
107078
105866
104663
103474
102293
101126
99965.4
98818.4
97677.8
96551.4
95430.6
94326.1
93224.7
92141.8
91057.2
89992.7
88924
87871.1
86816.5
85771.8
84726.6
83687.5
82647.1
81610
80570.6
79531.6
78490.8
77452.5
76425.1
75433.4
74538.1
73908.7
415702
413017
410272
407614
405017
402475
399978
397518
395087
392682
390298
387931
385580
383242
380916
378599
376290
373988
371691
369400
367116
364839
362569
360306
358050
355799
353555
351317
349086
346862
344645
342436
340237
338046
335866
333694
331533
329380
327237
325101
322973
320852
318736
316626
314522
312423
310330
308244
306164
304091
302024
299963
297907
295856
293810
291771
289739
287714
285698
283688
281685
279688
277696
275710
273731
271759
269795
267841
265896
263960
262031
260109
258194
256287
254386
252492
250605
248726
246854
244991
243136
241291
239454
237626
235805
233991
232183
230381
228586
226796
225012
223235
221462
219694
217930
216170
214415
212664
210918
209177
207443
205716
203997
202285
200583
198890
197207
195533
193868
192213
190564
188925
187293
185669
184052
182442
180840
179245
177657
176076
174504
172939
171383
169836
168296
166765
165241
163728
162219
160720
159226
157739
156256
154780
153308
151841
150379
148923
147472
146028
144589
143157
141731
140311
138898
137492
136092
134699
133311
131930
130555
129187
127824
126468
125118
123775
122439
121110
119788
118473
117166
115867
114577
113297
112025
110763
109510
108270
107037
105818
104606
103408
102216
101037
99864.6
98704.8
97549.1
96408.4
95269
94147.3
93023.6
91919.4
90810.8
89719.3
88623.9
87540.1
86452.9
85372.2
84286.6
83203.6
82112
81018.4
79910.9
78794.4
77656.8
76500.6
75313.4
74109.3
72898.7
71898.2
64624.3
55505.7
49411.6
43675.5
38545.7
33713.7
29247.1
25092.6
21262.8
17755.3
14553.7
11658.9
9081.06
6805.58
4861.71
3246.96
1969.19
1031.3
392.751
44.3251
63662.8
55467.4
49401.2
43676.5
38552.8
33723.4
29257.6
25102.9
21272.3
17764.1
14562.1
11666.1
9087.31
6810.38
4865.14
3249.33
1970.69
1033.24
394.688
44.8024
62896.2
55395.1
49385.1
43675.1
38566.7
33736.3
29276.3
25118.4
21288.4
17777.9
14575.6
11676.8
9096.77
6817.41
4870.22
3252.75
1972.59
1035.94
397.655
45.5726
62229.1
55283.8
49344.3
43669.6
38578
33747.9
29295.1
25134
21305.5
17791.8
14589.2
11687.4
9105.76
6824.22
4874.99
3255.93
1973.73
1037.29
399.514
46.3805
61663.5
55130
49275.3
43655.9
38579.6
33754.1
29307.9
25145.3
21318
17801.8
14599.3
11694.9
9111.74
6829.12
4878.09
3257.58
1973.27
1035.47
398.541
46.6901
61193.9
54943.5
49178.2
43628.2
38567.1
33752.3
29310.9
25149.2
21322.3
17804.4
14602.6
11697
9112.69
6830.72
4878.69
3257.16
1970.99
1029.86
393.753
46.1596
60802.2
54739.8
49057
43582.7
38537.5
33739.5
29301.3
25143.6
21316.5
17798.1
14597.1
11692.3
9107.76
6828.46
4876.73
3255.06
1967.44
1021.54
385.793
44.8428
60470.7
54535.6
48919.6
43518.5
38489.8
33713
29278.1
25127
21300.3
17782.3
14582.5
11680.7
9097.42
6822.89
4873.14
3252.65
1964.08
1013.08
376.85
43.202
60188.5
54344.4
48777
43438.4
38426.6
33672.7
29242.1
25099.3
21274.2
17757.9
14559.9
11663.4
9083.29
6815.54
4869.62
3251.87
1963.07
1007.56
369.832
41.8742
59948.8
54174.7
48640.6
43349.1
38353.8
33621.3
29196.2
25062.1
21240.1
17727.1
14531.8
11642.3
9067.6
6808.21
4868.08
3254.81
1966.58
1007.51
367.189
41.3543
59747.3
54030.6
48519.3
43259
38278.5
33563.9
29145
25019
21201.4
17693
14501.5
11620.1
9052.84
6802.91
4870.28
3262.8
1975.67
1013.61
369.602
41.7514
59579.9
53911.9
48418.1
43176
38207.1
33506
29093.7
24974.8
21162.4
17659.4
14472.9
11599.9
9041.37
6801.27
4876.92
3275.61
1989.52
1024.59
375.895
42.7782
59442.9
53815.8
48338.4
43106.3
38145.2
33453.5
29047.2
24934.5
21127.3
17630.1
14449.1
11584.1
9034.63
6803.71
4887.07
3291.15
2005.76
1037.96
384.014
43.9819
59332
53738.6
48277.9
43052
38095.7
33409.9
29008.6
24901.2
21099
17607.3
14431.8
11574
9032.35
6808.96
4898.46
3306.55
2021.65
1051.16
391.916
44.9549
59243.3
53677
48232.5
43012
38058.5
33376.4
28979.2
24876.3
21078.5
17591.7
14421
11568.8
9033.03
6814.91
4908.64
3319.37
2034.89
1062.17
398.028
45.4478
59172.4
53627.8
48198.1
42983
38032.1
33352.8
28958.9
24859.4
21065
17582.2
14415
11566.5
9034.51
6819.56
4915.82
3328.07
2043.96
1069.56
401.374
45.3968
59116.2
53588.4
48171.2
42961.7
38013.5
33337
28945.8
24848.9
21056.9
17576.6
14411.6
11565.2
9035.12
6821.71
4919.24
3332
2048.03
1072.53
401.741
44.8995
59073.4
53557.6
48150.2
42945.7
38000.3
33326.4
28937.7
24842.7
21052.2
17573.3
14409.2
11563.5
9034.23
6821.24
4919.09
3331.72
2047.72
1071.69
399.899
44.2046
59044.1
53535.1
48134.9
42934.5
37991.6
33320
28933.2
24839.5
21049.8
17571.3
14407.5
11561.8
9032.56
6819.27
4916.94
3329.19
2045.17
1069.14
397.473
43.6031
59029.9
53522.1
48126.2
42928.9
37987.7
33317.4
28931.6
24838.3
21048.9
17570.5
14406.8
11561
9031.47
6817.85
4915.23
3327.12
2042.96
1067.05
395.802
43.2457
)
;

boundaryField
{
    inlet
    {
        type            calculated;
        value           nonuniform List<scalar> 
20
(
818502
818531
818549
818564
818575
818584
818591
818596
818600
818601
818601
818600
818597
818591
818584
818575
818564
818550
818531
818503
)
;
    }
    outlet
    {
        type            calculated;
        value           uniform 0;
    }
    walls
    {
        type            calculated;
        value           nonuniform List<scalar> 
520
(
818503
797852
775697
753730
732064
710711
689675
668955
648551
628466
608700
589256
570139
551361
532937
514899
497299
480225
463807
448223
438741
434480
430320
426263
422315
418471
414732
411094
407555
404111
400757
397489
394303
391194
388156
385186
382278
379430
376635
373891
371195
368542
365929
363354
360815
358308
355831
353382
350960
348563
346189
343836
341504
339191
336897
334619
332358
330112
327881
325664
323461
321270
319091
316924
314769
312624
310490
308366
306253
304150
302056
299972
297898
295833
293777
291730
289692
287661
285639
283625
281619
279619
277628
275643
273666
271696
269733
267778
265831
263891
261958
260034
258117
256209
254308
252415
250529
248651
246780
244917
243064
241219
239383
237557
235739
233928
232121
230325
228532
226751
224969
223198
221422
219659
217894
216142
214389
212652
210914
209193
207470
205765
204056
202362
200664
198980
197292
195621
193947
192288
190627
188980
187332
185697
184063
182444
180829
179229
177632
176051
174471
172907
171340
169793
168243
166712
165179
163663
162144
160639
159131
157637
156142
154661
153180
151714
150248
148793
147337
145891
144447
143010
141575
140153
138731
137328
135916
134533
133128
131753
130360
128988
127610
126245
124885
123525
122177
120829
119481
118131
116792
115439
114114
112761
111446
110107
108804
107475
106175
104863
103559
102246
100944
99622.3
98321.1
97005.2
95698.1
94382.9
93061.2
91732.9
90405.6
89046.7
87700.8
86331.4
84972.3
83596.2
82201.2
80821.1
79397.9
77992.4
76521.1
75073.9
73558.1
72051
70500.8
68942.7
67365.4
65771.3
64160.9
62538.2
59029.9
53522.1
48126.2
42928.9
37987.7
33317.4
28931.6
24838.3
21048.9
17570.5
14406.8
11561
9031.47
6817.85
4915.23
3327.12
2042.96
1067.05
395.802
43.2457
818502
797853
775697
753729
732062
710709
689671
668949
648541
628446
608664
589191
570021
551144
532541
514179
495984
477819
459355
439560
386750
386852
387056
387365
387782
388308
388948
389707
390591
391610
392775
394101
395607
397318
399266
401499
404089
407160
410949
415702
386750
386604
386314
385884
385317
384618
383794
382850
381795
380636
379381
378036
376607
375103
373531
371896
370207
368467
366682
364856
362993
361097
359173
357225
355256
353269
351265
349246
347213
345167
343112
341049
338981
336907
334831
332752
330672
328590
326510
324429
322349
320268
318190
316116
314046
311981
309917
307857
305800
303747
301701
299659
297623
295591
293565
291544
289529
287521
285520
283527
281541
279561
277587
275622
273667
271719
269778
267842
265911
263986
262067
260154
258247
256347
254453
252562
250675
248794
246918
245050
243188
241334
239489
237651
235821
234000
232188
230383
228584
226792
225006
223227
221456
219690
217927
216173
214425
212683
210946
209212
207485
205764
204050
202342
200641
198948
197263
195588
193921
192262
190608
188962
187323
185693
184071
182457
180850
179249
177655
176066
174483
172907
171339
169780
168228
166682
165142
163608
162081
160561
159049
157543
156042
154548
153060
151580
150107
148642
147184
145734
144293
142861
141437
140021
138613
137213
135821
134437
133061
131695
130338
128990
127652
126322
125003
123693
122394
121104
119824
118555
117297
116050
114816
113593
112384
111187
110004
108833
107677
106536
105412
104304
103215
102145
101095
100066
99057.4
98069.6
97102.6
96157.6
95236.5
94340.8
93472.2
92632.2
91822.1
91042.5
90295.9
89585.2
88913.4
88282.6
87695.6
87155
86663.5
86223.9
85840.8
85519.8
85263
85077
84956.8
84897.8
84897.8
84857
84770.1
84636.5
84457.5
84229.5
83953.9
83630.8
83258.3
82825.5
82327.4
81742.6
81070.7
80277.9
79369.5
78293.2
77063.7
75597.7
73908.7
71898.2
64624.3
55505.7
49411.6
43675.5
38545.7
33713.7
29247.1
25092.6
21262.8
17755.3
14553.7
11658.9
9081.06
6805.58
4861.71
3246.96
1969.19
1031.3
392.751
44.3251
)
;
    }
    frontAndBack
    {
        type            empty;
    }
}


// ************************************************************************* //
