/*--------------------------------*- C++ -*----------------------------------*\
| =========                 |                                                 |
| \\      /  F ield         | OpenFOAM: The Open Source CFD Toolbox           |
|  \\    /   O peration     | Version:  2.4.0                                 |
|   \\  /    A nd           | Web:      www.OpenFOAM.org                      |
|    \\/     M anipulation  |                                                 |
\*---------------------------------------------------------------------------*/
FoamFile
{
    version     2.0;
    format      ascii;
    class       volScalarField;
    location    "81";
    object      p;
}
// * * * * * * * * * * * * * * * * * * * * * * * * * * * * * * * * * * * * * //

dimensions      [0 2 -2 0 0 0 0];

internalField   nonuniform List<scalar> 
4400
(
-0.10958
-0.100359
-0.121189
-0.119561
-0.107352
-0.113759
-0.106306
-0.114665
-0.119093
-0.110908
-0.118659
-0.116858
-0.114694
-0.122231
-0.117735
-0.119688
-0.124365
-0.123681
-0.127079
-0.142428
-0.109832
-0.0999933
-0.121308
-0.120177
-0.107004
-0.113878
-0.106289
-0.114552
-0.119657
-0.110668
-0.118684
-0.117049
-0.114307
-0.12243
-0.117735
-0.119542
-0.12448
-0.123948
-0.127081
-0.142164
-0.110156
-0.0995446
-0.121618
-0.120763
-0.106519
-0.114194
-0.106166
-0.114485
-0.12009
-0.110291
-0.118842
-0.117242
-0.113974
-0.122749
-0.117648
-0.119497
-0.124635
-0.124447
-0.126745
-0.140791
-0.11044
-0.0992459
-0.12184
-0.121104
-0.106136
-0.114602
-0.105985
-0.114478
-0.120364
-0.109969
-0.119031
-0.117354
-0.113713
-0.123041
-0.117501
-0.11969
-0.124714
-0.124781
-0.126105
-0.13821
-0.110674
-0.0992913
-0.121841
-0.121184
-0.106057
-0.114969
-0.105898
-0.114554
-0.120365
-0.10984
-0.119158
-0.11739
-0.113654
-0.12317
-0.117365
-0.119785
-0.124711
-0.124759
-0.125599
-0.135282
-0.110939
-0.0999718
-0.121598
-0.121253
-0.106535
-0.115531
-0.106115
-0.114708
-0.120213
-0.110001
-0.119181
-0.117417
-0.113868
-0.123055
-0.117367
-0.119861
-0.124655
-0.124435
-0.125387
-0.132524
-0.11128
-0.101413
-0.121045
-0.121323
-0.107727
-0.115994
-0.106831
-0.114945
-0.119986
-0.110722
-0.119016
-0.117462
-0.114382
-0.122623
-0.117588
-0.119918
-0.124505
-0.123951
-0.125343
-0.130197
-0.11163
-0.103741
-0.119991
-0.121158
-0.10962
-0.116069
-0.108161
-0.115271
-0.119597
-0.111984
-0.11858
-0.117497
-0.115194
-0.121845
-0.118017
-0.119984
-0.124173
-0.123444
-0.1253
-0.128217
-0.111887
-0.106886
-0.118268
-0.120362
-0.111949
-0.115551
-0.110092
-0.115613
-0.118872
-0.113687
-0.11784
-0.117496
-0.116236
-0.12075
-0.118575
-0.120106
-0.123562
-0.123022
-0.125204
-0.126469
-0.111968
-0.110624
-0.115857
-0.118577
-0.114273
-0.114449
-0.11244
-0.115816
-0.117634
-0.115605
-0.116837
-0.117429
-0.117372
-0.119434
-0.119162
-0.120309
-0.12267
-0.122708
-0.125051
-0.124908
-0.111833
-0.114572
-0.112902
-0.115776
-0.116172
-0.113008
-0.114912
-0.115731
-0.115855
-0.117439
-0.115676
-0.117286
-0.118442
-0.118056
-0.119678
-0.120575
-0.121588
-0.122471
-0.124871
-0.123523
-0.111504
-0.118241
-0.109691
-0.112329
-0.117392
-0.111556
-0.117233
-0.115301
-0.113741
-0.118907
-0.11451
-0.117092
-0.119319
-0.116773
-0.120062
-0.120857
-0.120448
-0.122267
-0.124691
-0.122299
-0.111057
-0.121197
-0.106668
-0.108762
-0.117907
-0.110422
-0.119176
-0.114635
-0.111618
-0.119825
-0.113517
-0.116875
-0.119949
-0.115707
-0.120286
-0.121119
-0.119388
-0.122064
-0.124509
-0.121271
-0.110618
-0.123225
-0.104259
-0.10558
-0.117914
-0.109804
-0.120585
-0.11394
-0.109818
-0.120212
-0.112821
-0.116656
-0.12035
-0.114935
-0.120354
-0.121335
-0.118507
-0.12185
-0.124315
-0.120462
-0.110339
-0.124375
-0.102696
-0.103146
-0.11768
-0.109716
-0.121418
-0.113393
-0.108552
-0.120228
-0.112474
-0.116457
-0.120574
-0.114476
-0.120297
-0.121492
-0.117856
-0.121624
-0.124105
-0.119888
-0.110301
-0.124869
-0.101948
-0.101616
-0.117427
-0.110025
-0.121773
-0.113075
-0.107861
-0.120033
-0.112449
-0.116295
-0.120668
-0.114307
-0.120164
-0.121579
-0.11746
-0.121401
-0.123879
-0.119546
-0.110476
-0.12499
-0.101711
-0.100952
-0.11708
-0.110667
-0.121788
-0.112923
-0.107687
-0.119953
-0.112618
-0.116207
-0.120635
-0.114369
-0.120013
-0.121572
-0.117306
-0.121211
-0.123638
-0.119411
-0.110775
-0.124637
-0.101596
-0.100987
-0.11656
-0.111101
-0.12159
-0.112774
-0.107914
-0.11952
-0.112805
-0.116214
-0.120436
-0.114575
-0.119884
-0.121453
-0.117372
-0.121079
-0.123389
-0.119434
-0.1111
-0.124061
-0.101419
-0.101418
-0.11598
-0.111377
-0.121335
-0.112561
-0.108352
-0.119074
-0.112895
-0.1163
-0.120148
-0.11482
-0.11981
-0.121262
-0.117525
-0.121016
-0.123161
-0.119541
-0.111339
-0.12366
-0.101212
-0.101979
-0.11562
-0.111458
-0.121216
-0.112355
-0.108931
-0.118813
-0.112867
-0.116421
-0.119788
-0.114988
-0.119818
-0.121079
-0.117666
-0.121022
-0.123008
-0.119657
-0.121683
-0.121602
-0.121443
-0.106304
-0.123979
-0.126876
-0.124273
-0.129367
-0.137618
-0.111353
-0.104683
-0.101661
-0.0932824
-0.105807
-0.0780271
-0.113712
-0.182963
-0.179346
-0.106038
-0.0604003
-0.107836
-0.162807
-0.16576
-0.150716
-0.126172
-0.0761663
-0.0317528
-0.0149747
-0.0591633
-0.13836
-0.177711
-0.179517
-0.15439
-0.0755597
-0.0101185
-0.0140627
-0.0491297
-0.0732456
-0.0837492
-0.0699533
-0.0365227
-0.015546
-0.0209148
-0.0491268
-0.0652239
-0.0666809
-0.0712033
-0.0641591
-0.0372187
-0.0211677
-0.0312049
-0.046632
-0.0483001
-0.0383026
-0.0256069
-0.011154
-0.000964627
-0.00356668
-0.0175204
-0.0249728
-0.0157611
-0.00554491
-0.00730278
-0.0165071
-0.0198762
-0.0109662
-0.000797669
0.00132665
-0.00062335
-0.00128894
-0.00362319
-0.00773392
-0.00835759
-0.00535167
-0.00355624
-0.00431717
-0.00530011
-0.00520356
-0.00442992
-0.00343734
-0.00236583
-0.00132346
-0.000407074
0.000359648
0.000999597
0.00153678
0.00197591
0.0023053
0.00251155
0.00259245
0.00256008
0.00243582
0.00224318
0.00200275
0.00173032
0.0014369
0.00112982
0.000813651
0.000491299
0.000164449
-0.122881
-0.120202
-0.122026
-0.106756
-0.124019
-0.127601
-0.123879
-0.129122
-0.136857
-0.111212
-0.104161
-0.101718
-0.0928035
-0.102527
-0.0772192
-0.107901
-0.170362
-0.166824
-0.115154
-0.0825894
-0.121871
-0.167119
-0.160798
-0.135774
-0.111064
-0.069325
-0.0294069
-0.0129859
-0.0609932
-0.144542
-0.185705
-0.186612
-0.159002
-0.0738811
-0.00279219
-0.00703622
-0.0473027
-0.077783
-0.0932316
-0.0781212
-0.039743
-0.0150543
-0.0194383
-0.0463062
-0.0619158
-0.0629662
-0.0666145
-0.060151
-0.0354147
-0.021933
-0.0338875
-0.0501428
-0.0515641
-0.0407481
-0.027322
-0.0122082
-0.000752832
-0.0014149
-0.0135383
-0.0207979
-0.013255
-0.00527579
-0.00886822
-0.0189511
-0.0222052
-0.0120352
-0.000140569
0.00331098
0.00132961
-0.000583777
-0.00450994
-0.00942735
-0.00958882
-0.00551135
-0.00280826
-0.0032297
-0.00440095
-0.0047571
-0.00440622
-0.00364466
-0.00261926
-0.00152343
-0.00052735
0.000306441
0.000988126
0.00154383
0.00198665
0.00231323
0.00251554
0.0025936
0.00255975
0.00243498
0.00224229
0.00200202
0.00172976
0.0014365
0.00112954
0.000813472
0.000491193
0.000164406
-0.12397
-0.11893
-0.122843
-0.107617
-0.123775
-0.128179
-0.122903
-0.128669
-0.135424
-0.111012
-0.103712
-0.101449
-0.0922511
-0.098859
-0.0769616
-0.101555
-0.155915
-0.153644
-0.122256
-0.104487
-0.137439
-0.172099
-0.155876
-0.122032
-0.0975767
-0.0633866
-0.0275151
-0.0109991
-0.0622411
-0.149848
-0.192261
-0.19325
-0.162829
-0.0714384
0.00506962
-0.000303116
-0.0457286
-0.0824125
-0.102448
-0.0859834
-0.0425127
-0.0140509
-0.0174741
-0.0428459
-0.0582331
-0.0590674
-0.0617496
-0.0557687
-0.0332272
-0.0222419
-0.0359753
-0.0530318
-0.0543264
-0.0429015
-0.0288272
-0.0130189
-0.000334414
0.00087779
-0.00944169
-0.0165538
-0.0106283
-0.00483149
-0.0102086
-0.0211274
-0.024285
-0.0129338
0.000575407
0.00526841
0.00322922
0.000125727
-0.00531836
-0.0110179
-0.0107486
-0.00563383
-0.0020347
-0.00211773
-0.00348669
-0.00430921
-0.00438838
-0.00385703
-0.00287407
-0.00172221
-0.000645568
0.000254866
0.00097744
0.00155123
0.00199761
0.00232143
0.0025199
0.00259517
0.00255987
0.00243452
0.00224172
0.00200152
0.00172937
0.00143621
0.00112934
0.000813336
0.000491114
0.000164375
-0.12553
-0.118063
-0.123518
-0.108664
-0.122896
-0.128503
-0.121491
-0.128103
-0.133647
-0.110766
-0.103602
-0.100884
-0.0915787
-0.0952935
-0.0768727
-0.0946298
-0.139733
-0.140191
-0.127124
-0.125121
-0.153864
-0.177519
-0.151179
-0.110029
-0.0862586
-0.0586207
-0.026259
-0.00948288
-0.0628308
-0.153845
-0.197687
-0.199278
-0.165689
-0.0681827
0.0131814
0.00596462
-0.0443906
-0.0869008
-0.111011
-0.0932035
-0.0446676
-0.0125244
-0.0149913
-0.0387112
-0.0541535
-0.0549863
-0.056665
-0.0510718
-0.0307142
-0.0221229
-0.0374825
-0.0553088
-0.056594
-0.0447536
-0.0300998
-0.0135771
0.000275498
0.00328216
-0.00528817
-0.0123173
-0.00793069
-0.00422468
-0.0113113
-0.0230177
-0.0260934
-0.0136482
0.00134277
0.00716242
0.00504148
0.00082478
-0.0060386
-0.0124762
-0.0118124
-0.00571443
-0.00125122
-0.00100559
-0.00257706
-0.00386923
-0.0043773
-0.00407138
-0.00312652
-0.00191665
-0.000759805
0.000205888
0.000967963
0.00155905
0.00200875
0.00232986
0.00252462
0.00259718
0.00256042
0.00243446
0.00224148
0.00200126
0.00172915
0.00143604
0.00112921
0.000813245
0.000491061
0.000164357
-0.126991
-0.117807
-0.12383
-0.109801
-0.121463
-0.12872
-0.120232
-0.127196
-0.131646
-0.110564
-0.10376
-0.100029
-0.0908598
-0.0921439
-0.0764289
-0.0870294
-0.12261
-0.12674
-0.129645
-0.143512
-0.170203
-0.183021
-0.146887
-0.100114
-0.0774028
-0.0551782
-0.025732
-0.00880015
-0.0630493
-0.156419
-0.202039
-0.204468
-0.167371
-0.0641679
0.0210686
0.0115681
-0.0433141
-0.0910552
-0.118642
-0.099484
-0.0460606
-0.0104957
-0.0119648
-0.0339102
-0.0496805
-0.0507314
-0.0514328
-0.0461434
-0.0279528
-0.0216218
-0.0384429
-0.0570058
-0.0583921
-0.0463062
-0.031125
-0.0138823
0.00105795
0.00577139
-0.00114323
-0.00816128
-0.0052098
-0.00347195
-0.0121703
-0.024612
-0.0276164
-0.0141679
0.0021519
0.00895836
0.00673608
0.00150059
-0.0066626
-0.0137779
-0.0127589
-0.00574936
-0.0004732
8.28902e-05
-0.00169118
-0.00344597
-0.0043735
-0.00428462
-0.00337296
-0.00210369
-0.000868157
0.000160407
0.000960129
0.00156744
0.00202012
0.00233856
0.00252971
0.00259964
0.00256141
0.00243479
0.00224155
0.00200124
0.0017291
0.00143598
0.00112915
0.000813198
0.000491035
0.000164352
-0.127881
-0.118022
-0.123621
-0.111069
-0.119842
-0.128676
-0.119443
-0.12585
-0.129454
-0.110528
-0.104105
-0.0990117
-0.0900798
-0.0894071
-0.0752576
-0.0790702
-0.105468
-0.113355
-0.129772
-0.158734
-0.185706
-0.188134
-0.143164
-0.0924728
-0.07108
-0.0530789
-0.0259863
-0.00919075
-0.0632849
-0.157668
-0.205434
-0.208531
-0.167719
-0.0595229
0.0281495
0.0163122
-0.0425551
-0.09475
-0.125172
-0.104601
-0.0465844
-0.0080086
-0.0083735
-0.0285103
-0.0448532
-0.0463214
-0.0461411
-0.0410885
-0.0250364
-0.0207991
-0.038906
-0.0581715
-0.0597616
-0.0475707
-0.0318943
-0.0139446
0.00199502
0.00831775
0.00292496
-0.00414986
-0.00251177
-0.00259367
-0.0127853
-0.0259073
-0.0288471
-0.0144869
0.00299182
0.0106239
0.00828798
0.00214244
-0.00718395
-0.0149041
-0.0135707
-0.00573594
0.000284533
0.00112523
-0.000846545
-0.00304717
-0.00437709
-0.00449367
-0.00360988
-0.00228066
-0.000968836
0.000119382
0.000954357
0.00157657
0.00203178
0.00234754
0.00253519
0.00260252
0.00256281
0.00243547
0.00224191
0.00200144
0.0017292
0.00143602
0.00112916
0.000813191
0.000491033
0.000164357
-0.128045
-0.11856
-0.122936
-0.112602
-0.118551
-0.128076
-0.119132
-0.124195
-0.1271
-0.110722
-0.104523
-0.0979505
-0.0892774
-0.0869752
-0.0733281
-0.0711785
-0.0890671
-0.100154
-0.127642
-0.169943
-0.198155
-0.192366
-0.140175
-0.087234
-0.067197
-0.0522313
-0.0270403
-0.0107571
-0.0636904
-0.157664
-0.207778
-0.211123
-0.166671
-0.0544807
0.0338246
0.0199602
-0.0421488
-0.097926
-0.130535
-0.108413
-0.0461835
-0.0051317
-0.00421969
-0.0226423
-0.0397456
-0.0417879
-0.0408897
-0.036027
-0.0220698
-0.0197277
-0.0389337
-0.0588649
-0.0607533
-0.0485636
-0.0324076
-0.013782
0.00306805
0.010893
0.00685613
-0.000341587
0.000118224
-0.00161397
-0.0131619
-0.0269064
-0.0297844
-0.0146025
0.00384986
0.012131
0.00967862
0.00274193
-0.0075993
-0.0158409
-0.0142343
-0.00567264
0.00100771
0.00210138
-5.83367e-05
-0.00267923
-0.00438767
-0.00469537
-0.00383388
-0.00244508
-0.00106033
8.36608e-05
0.000950993
0.00158657
0.0020438
0.00235683
0.00254102
0.00260579
0.00256458
0.00243647
0.00224251
0.00200181
0.00172943
0.00143615
0.00112922
0.000813217
0.00049105
0.000164372
-0.127561
-0.119326
-0.121926
-0.114291
-0.117641
-0.126738
-0.119189
-0.12238
-0.124594
-0.111138
-0.104937
-0.0969092
-0.0885381
-0.0847752
-0.0707477
-0.0636871
-0.0740805
-0.0874911
-0.123636
-0.176716
-0.207231
-0.195358
-0.138078
-0.0844717
-0.0654788
-0.0524425
-0.0287909
-0.0134747
-0.0641401
-0.156352
-0.208659
-0.211844
-0.164199
-0.0494054
0.0376283
0.0223082
-0.042081
-0.100541
-0.134706
-0.110858
-0.0448719
-0.00194308
0.000476256
-0.0164778
-0.0344575
-0.0371796
-0.0357821
-0.0310868
-0.0191629
-0.0184894
-0.0385943
-0.0591495
-0.06142
-0.0493029
-0.0326722
-0.0134167
0.00425622
0.0134737
0.0105875
0.00321186
0.00263743
-0.000560627
-0.0133116
-0.0276168
-0.0304308
-0.0145156
0.00471242
0.0134577
0.0108952
0.00329332
-0.00790821
-0.0165809
-0.0147412
-0.00555958
0.00168331
0.00299481
0.000660746
-0.00234703
-0.00440431
-0.00488645
-0.00404154
-0.00259466
-0.00114135
5.38451e-05
0.000950268
0.00159752
0.00205616
0.00236636
0.00254711
0.00260932
0.0025666
0.00243767
0.00224327
0.0020023
0.00172973
0.00143633
0.00112932
0.000813267
0.000491082
0.000164393
-0.126682
-0.120225
-0.120764
-0.115924
-0.117097
-0.124715
-0.119433
-0.12057
-0.121992
-0.111718
-0.105301
-0.0959214
-0.0879481
-0.0827741
-0.0676859
-0.0568928
-0.0610475
-0.0758969
-0.118412
-0.17947
-0.212731
-0.196963
-0.136949
-0.0838689
-0.0654683
-0.0535991
-0.0310746
-0.0172022
-0.0643778
-0.153603
-0.207578
-0.210296
-0.160228
-0.0446356
0.0393825
0.0232433
-0.0422884
-0.102552
-0.137695
-0.111943
-0.0427266
0.00148701
0.00565985
-0.0102237
-0.0291095
-0.0325636
-0.0309167
-0.0263975
-0.016424
-0.0171705
-0.0379567
-0.0590861
-0.0618079
-0.0498041
-0.0327007
-0.012878
0.00554235
0.0160371
0.0140513
0.00647103
0.00500599
0.000534657
-0.0132519
-0.028049
-0.0307913
-0.0142311
0.00556572
0.0145877
0.0119306
0.00379343
-0.00811142
-0.0171217
-0.0150883
-0.00539911
0.00230044
0.00379268
0.00130074
-0.00205368
-0.00442525
-0.00506323
-0.00422943
-0.00272715
-0.0012109
3.03031e-05
0.000952249
0.00160936
0.00206875
0.00237596
0.00255329
0.00261296
0.0025687
0.00243895
0.00224409
0.00200284
0.00173007
0.00143653
0.00112943
0.000813326
0.000491121
0.000164417
-0.125664
-0.121136
-0.119598
-0.117293
-0.116817
-0.12223
-0.119686
-0.118903
-0.119394
-0.112379
-0.105589
-0.0950297
-0.0875426
-0.0809504
-0.0644233
-0.0510146
-0.0503282
-0.065899
-0.112656
-0.179191
-0.215017
-0.197385
-0.136732
-0.0846726
-0.0665898
-0.0548989
-0.033668
-0.0216794
-0.0641754
-0.149466
-0.204353
-0.206398
-0.154731
-0.0403668
0.0391862
0.0227189
-0.0426615
-0.103923
-0.139545
-0.111741
-0.0398814
0.00509317
0.0112324
-0.00409283
-0.0238263
-0.0280251
-0.026378
-0.0220847
-0.0139533
-0.0158587
-0.0370831
-0.0587257
-0.0619479
-0.0500762
-0.0325095
-0.0122014
0.00691379
0.0185557
0.017186
0.00940809
0.00718679
0.00163661
-0.0130067
-0.0282169
-0.0308725
-0.0137576
0.00639367
0.0155102
0.0127845
0.00424058
-0.00821172
-0.0174662
-0.0152779
-0.00519583
0.00285081
0.00448561
0.00185484
-0.0018002
-0.00444779
-0.00522154
-0.00439413
-0.0028406
-0.00126828
1.30932e-05
0.000956768
0.00162184
0.00208127
0.00238535
0.00255926
0.00261643
0.00257069
0.00244014
0.00224485
0.00200333
0.00173038
0.00143671
0.00112954
0.000813382
0.000491157
0.000164439
-0.124679
-0.121935
-0.118544
-0.118292
-0.116693
-0.119623
-0.119804
-0.117445
-0.116933
-0.113018
-0.105785
-0.0942911
-0.0873
-0.0792896
-0.0613109
-0.0462153
-0.0420984
-0.057831
-0.10688
-0.17703
-0.215103
-0.197115
-0.137192
-0.086528
-0.0687664
-0.0561362
-0.0363228
-0.026558
-0.0635332
-0.144194
-0.199265
-0.200449
-0.147839
-0.0368312
0.0371946
0.0207793
-0.0430543
-0.10464
-0.140307
-0.110384
-0.036505
0.00883318
0.0170654
0.00172569
-0.0187285
-0.0236703
-0.0222319
-0.0182653
-0.0118363
-0.0146394
-0.0360272
-0.0581038
-0.0618486
-0.0501186
-0.0321196
-0.0114249
0.00835618
0.0209997
0.0199415
0.0120024
0.00914545
0.00270719
-0.0126065
-0.0281377
-0.0306846
-0.0131093
0.00717741
0.0162243
0.0134626
0.00463367
-0.00821632
-0.0176246
-0.0153181
-0.00495669
0.00332892
0.00506761
0.00231972
-0.00158545
-0.00446812
-0.00535673
-0.00453245
-0.00293373
-0.00131332
1.86273e-06
0.00096336
0.00163449
0.00209329
0.00239411
0.00256468
0.00261947
0.00257235
0.00244109
0.00224542
0.00200369
0.00173061
0.00143684
0.00112961
0.000813423
0.000491186
0.000164457
-0.123809
-0.122528
-0.117686
-0.118937
-0.116641
-0.117213
-0.119696
-0.116212
-0.114756
-0.11353
-0.105885
-0.0937588
-0.0871699
-0.0777847
-0.0586921
-0.0426188
-0.0363607
-0.051825
-0.101359
-0.17369
-0.21378
-0.196563
-0.137965
-0.0888601
-0.0705276
-0.0569874
-0.0387923
-0.031466
-0.0623531
-0.138157
-0.192818
-0.193263
-0.13983
-0.0341561
0.0334611
0.0177141
-0.0433205
-0.10471
-0.140042
-0.10804
-0.0327815
0.0126785
0.022973
0.00707767
-0.0139189
-0.0196169
-0.0185278
-0.0150394
-0.0101367
-0.0135918
-0.0348442
-0.0572424
-0.0614973
-0.0499237
-0.0315588
-0.0105876
0.00985183
0.0233362
0.0222768
0.0142414
0.0108522
0.00370707
-0.0120884
-0.0278344
-0.0302449
-0.0123094
0.00789662
0.0167384
0.0139767
0.00497279
-0.00813789
-0.0176176
-0.015226
-0.00469133
0.00373212
0.00553571
0.00269601
-0.00140645
-0.00448158
-0.00546408
-0.00464189
-0.0030061
-0.00134658
-4.21163e-06
0.000971237
0.00164663
0.0021042
0.00240175
0.00256918
0.00262179
0.00257347
0.00244164
0.00224573
0.00200387
0.00173071
0.00143691
0.00112965
0.000813441
0.000491201
0.000164468
-0.123087
-0.122889
-0.117068
-0.119296
-0.116606
-0.115211
-0.119341
-0.115195
-0.112979
-0.113828
-0.105915
-0.0934611
-0.0870924
-0.0764681
-0.0568075
-0.0402837
-0.0329532
-0.047866
-0.0962745
-0.169346
-0.211141
-0.195483
-0.138603
-0.0912276
-0.0719305
-0.0571999
-0.0408609
-0.0361035
-0.0605368
-0.131608
-0.185462
-0.185451
-0.131068
-0.031889
0.0281194
0.0140521
-0.0432992
-0.104168
-0.138815
-0.104929
-0.0288877
0.0165925
0.028723
0.0118836
-0.00946831
-0.0159772
-0.0153075
-0.0124781
-0.0088874
-0.0127791
-0.0336026
-0.0561638
-0.0608543
-0.0494878
-0.0308666
-0.009729
0.0113795
0.0255232
0.02417
0.0161193
0.0122832
0.00459788
-0.0114962
-0.0273394
-0.0295842
-0.0113933
0.00853032
0.0170705
0.0143431
0.00525976
-0.00799343
-0.0174773
-0.0150275
-0.00441129
0.00405983
0.00589023
0.00298824
-0.00125906
-0.00448346
-0.00554006
-0.0047213
-0.00305842
-0.00136937
-6.42719e-06
0.000979332
0.00165742
0.00211339
0.00240784
0.00257245
0.00262321
0.00257395
0.00244174
0.00224572
0.00200384
0.00173069
0.00143689
0.00112964
0.000813434
0.000491202
0.000164473
-0.122511
-0.123033
-0.116695
-0.119435
-0.116579
-0.113698
-0.118771
-0.114414
-0.111642
-0.113874
-0.105929
-0.0933849
-0.0870107
-0.0754323
-0.0557418
-0.0391696
-0.0315423
-0.0458167
-0.0918796
-0.164197
-0.206912
-0.19317
-0.138752
-0.0932942
-0.0726811
-0.0566639
-0.0423814
-0.0401339
-0.0582597
-0.124861
-0.177602
-0.177338
-0.121723
-0.029524
0.0217389
0.010352
-0.0428399
-0.103029
-0.136552
-0.101248
-0.0249987
0.0205558
0.0340681
0.0161395
-0.0054306
-0.0128322
-0.0126157
-0.0106101
-0.00808004
-0.0122385
-0.0323866
-0.0549159
-0.0599582
-0.0488362
-0.0301051
-0.00887977
0.0129146
0.0275022
0.0256281
0.0176354
0.0134218
0.00534546
-0.0108793
-0.0266987
-0.0287544
-0.0104129
0.00905898
0.0172465
0.0145811
0.00549663
-0.00780148
-0.0172377
-0.0147505
-0.00412719
0.00431141
0.00613587
0.00320377
-0.00113894
-0.00447026
-0.00558359
-0.00477117
-0.00309264
-0.00138379
-6.43931e-06
0.00098644
0.00166603
0.00212031
0.00241206
0.00257434
0.00262367
0.00257376
0.00244138
0.0022454
0.00200361
0.00173054
0.0014368
0.00112958
0.000813404
0.000491189
0.000164471
-0.122052
-0.12302
-0.116544
-0.119414
-0.116572
-0.112672
-0.118069
-0.113889
-0.110728
-0.113687
-0.105963
-0.0934777
-0.0868994
-0.074758
-0.055439
-0.0391266
-0.0316787
-0.0453819
-0.0884085
-0.158755
-0.20103
-0.189347
-0.138382
-0.0949174
-0.0726688
-0.0554155
-0.0432975
-0.0430476
-0.0559556
-0.118155
-0.169517
-0.16897
-0.11203
-0.0268796
0.0154994
0.007058
-0.0418459
-0.101285
-0.133586
-0.0971737
-0.0212607
0.0244664
0.0387209
0.0198798
-0.0018835
-0.0102127
-0.0105022
-0.00941469
-0.00766413
-0.0119711
-0.0312846
-0.0535929
-0.0588721
-0.0480635
-0.029367
-0.00804883
0.0144271
0.0291905
0.026689
0.0187968
0.0142628
0.00592397
-0.0102891
-0.0259747
-0.0278339
-0.00943768
0.00946849
0.0172988
0.0147113
0.00568315
-0.00758055
-0.0169276
-0.0144197
-0.00384901
0.00448489
0.0062831
0.00335099
-0.00104246
-0.00444106
-0.00559676
-0.0047957
-0.00311206
-0.00139234
-5.96378e-06
0.000991489
0.00167186
0.00212472
0.00241438
0.00257493
0.00262326
0.002573
0.00244065
0.00224483
0.00200322
0.00173029
0.00143665
0.00112949
0.000813355
0.000491165
0.000164463
-0.121689
-0.122911
-0.116577
-0.119291
-0.11667
-0.112087
-0.117351
-0.11359
-0.110189
-0.113339
-0.105992
-0.0936512
-0.0868088
-0.0745135
-0.0557117
-0.0398041
-0.0328229
-0.0460899
-0.0861227
-0.153263
-0.194272
-0.18442
-0.137482
-0.0960392
-0.0720074
-0.0535935
-0.0436346
-0.0448569
-0.0537149
-0.111614
-0.161521
-0.160389
-0.102303
-0.0239407
0.0103868
0.0043731
-0.0403024
-0.0988844
-0.129469
-0.0927724
-0.0178455
0.0282269
0.0424313
0.0231286
0.00107481
-0.00810872
-0.00901177
-0.00880455
-0.00755803
-0.0119413
-0.0303579
-0.0523263
-0.0577605
-0.0473124
-0.0287295
-0.00722458
0.0158881
0.0304863
0.0274084
0.0196191
0.0148169
0.0063201
-0.0097736
-0.0252426
-0.0269227
-0.00854694
0.00975583
0.0172637
0.0147548
0.0058164
-0.00735163
-0.0165775
-0.0140644
-0.00359366
0.00458008
0.00634771
0.00343842
-0.000967419
-0.00439869
-0.00558503
-0.00480017
-0.00312056
-0.00139741
-6.31552e-06
0.000993882
0.00167478
0.00212674
0.00241503
0.00257446
0.00262221
0.00257184
0.00243967
0.0022441
0.00200273
0.00172998
0.00143646
0.00112938
0.000813293
0.000491132
0.000164451
-0.121428
-0.122734
-0.116737
-0.119123
-0.116682
-0.111875
-0.116727
-0.113429
-0.10996
-0.112922
-0.105939
-0.093836
-0.0867897
-0.0745272
-0.0564417
-0.0406489
-0.0344378
-0.0473779
-0.084773
-0.148333
-0.187706
-0.179351
-0.136351
-0.0966631
-0.0709999
-0.051526
-0.0434605
-0.0456139
-0.0518162
-0.105437
-0.153939
-0.15204
-0.0930158
-0.0208102
0.00697745
0.0025188
-0.0384184
-0.0959605
-0.124851
-0.0881773
-0.0149344
0.0316355
0.0451649
0.0258105
0.00338115
-0.00650661
-0.00813868
-0.00861819
-0.00765696
-0.0120876
-0.0296704
-0.0511667
-0.05674
-0.0466332
-0.0281857
-0.00639218
0.017229
0.0313172
0.0278423
0.0201294
0.0151162
0.00653715
-0.0093696
-0.0245781
-0.0261206
-0.00781191
0.00993308
0.0171778
0.0147333
0.00589341
-0.00714024
-0.0162309
-0.0137303
-0.00338576
0.00460497
0.00634856
0.00347591
-0.0009132
-0.00434967
-0.00555667
-0.00479073
-0.0031217
-0.00140062
-8.00156e-06
0.000993751
0.00167523
0.0021269
0.00241452
0.00257335
0.00262083
0.00257053
0.00243859
0.00224332
0.00200221
0.00172965
0.00143626
0.00112926
0.000813227
0.000491096
0.000164437
-0.121278
-0.122514
-0.116961
-0.118973
-0.116635
-0.111942
-0.116268
-0.113317
-0.109955
-0.112519
-0.105788
-0.0940047
-0.0867757
-0.0744457
-0.0567521
-0.0413131
-0.0357395
-0.0487255
-0.0841421
-0.144484
-0.182252
-0.175044
-0.135271
-0.0968969
-0.0700061
-0.049696
-0.0430009
-0.0455947
-0.0505066
-0.100223
-0.147034
-0.143915
-0.0848934
-0.0179732
0.00553683
0.00154537
-0.03658
-0.0930477
-0.120826
-0.0840511
-0.01257
0.034395
0.0471833
0.0277644
0.00502981
-0.00542472
-0.00776786
-0.00865054
-0.00784259
-0.0123274
-0.0292187
-0.0502105
-0.0558548
-0.0460373
-0.0276344
-0.00563175
0.018272
0.0317139
0.0280394
0.0203798
0.0152158
0.00659814
-0.00910153
-0.0240414
-0.0254931
-0.00727379
0.0100259
0.0170729
0.0146701
0.00591389
-0.00697359
-0.0159348
-0.0134586
-0.00324016
0.00457991
0.00630768
0.00347585
-0.000880202
-0.00430335
-0.00552161
-0.00477383
-0.00311831
-0.0014026
-1.05032e-05
0.000992051
0.0016742
0.00212606
0.0024135
0.00257209
0.00261949
0.0025693
0.00243761
0.00224261
0.00200173
0.00172934
0.00143607
0.00112915
0.000813165
0.000491062
0.000164423
-0.121235
-0.122291
-0.11718
-0.11888
-0.116532
-0.112157
-0.116001
-0.113219
-0.110076
-0.112213
-0.105607
-0.094112
-0.0867503
-0.0742328
-0.0568188
-0.0416651
-0.0365878
-0.0497443
-0.0840792
-0.142107
-0.178546
-0.172056
-0.134445
-0.0969568
-0.0693537
-0.0485652
-0.0426422
-0.0454449
-0.0500262
-0.0971406
-0.141939
-0.137693
-0.0789072
-0.0159232
0.0053083
0.000949917
-0.0350755
-0.0907296
-0.117651
-0.0809144
-0.0108889
0.0363558
0.0485436
0.028889
0.00599767
-0.00488539
-0.00768279
-0.00872933
-0.0079858
-0.012572
-0.0290257
-0.0495992
-0.0551943
-0.0455508
-0.0272009
-0.00509857
0.0188453
0.0317884
0.0280587
0.0204559
0.0151984
0.00654239
-0.00899129
-0.0236814
-0.0250885
-0.00692896
0.0100716
0.0169755
0.0145883
0.00588035
-0.00688076
-0.0157264
-0.0132693
-0.00314501
0.00453764
0.0062531
0.0034528
-0.000869746
-0.00427147
-0.00549135
-0.00475668
-0.00311236
-0.00140264
-1.20842e-05
0.000990617
0.00167323
0.00212534
0.00241277
0.00257125
0.00261859
0.00256847
0.00243693
0.00224211
0.00200139
0.00172913
0.00143594
0.00112907
0.00081312
0.000491037
0.000164413
-0.121265
-0.122137
-0.117345
-0.118873
-0.116432
-0.112437
-0.115933
-0.113158
-0.110217
-0.112116
-0.105519
-0.0940391
-0.0867475
-0.0739387
-0.0566771
-0.0416875
-0.036918
-0.0505537
-0.0847004
-0.141215
-0.176902
-0.170577
-0.133953
-0.0969425
-0.069046
-0.0481052
-0.0424694
-0.0453556
-0.0510843
-0.0962997
-0.14004
-0.135151
-0.0760313
-0.0148695
0.00540907
0.000214629
-0.0348386
-0.0898029
-0.115879
-0.0790423
-0.00975807
0.0372712
0.0491688
0.0291057
0.00621202
-0.00490079
-0.00776115
-0.00875706
-0.00803435
-0.0128092
-0.0291237
-0.0494776
-0.0549008
-0.0452764
-0.0269571
-0.00482807
0.0190903
0.0317561
0.0279504
0.0204394
0.0151177
0.00638265
-0.00905774
-0.0235433
-0.0247221
-0.0067759
0.0101338
0.0169304
0.0144823
0.00578009
-0.00689249
-0.0156361
-0.0131594
-0.00306096
0.00452526
0.00621866
0.00341552
-0.000886987
-0.00426674
-0.0054783
-0.00473851
-0.00310378
-0.00139814
-9.53767e-06
0.000992277
0.00167444
0.00212624
0.00241337
0.00257157
0.00261869
0.00256843
0.00243684
0.00224201
0.00200131
0.00172907
0.0014359
0.00112905
0.000813108
0.000491029
0.000164409
-0.120227
-0.120198
-0.119663
-0.118607
-0.121745
-0.119585
-0.122435
-0.118609
-0.119654
-0.111845
-0.112428
-0.109413
-0.107045
-0.11257
-0.109797
-0.123937
-0.15588
-0.104166
-0.0166556
-0.035059
-0.0594101
-0.110924
-0.185216
-0.222353
-0.173153
-0.0460272
0.0373233
0.0635151
0.0386504
-0.00130064
-0.0305252
-0.0445065
-0.0394939
-0.0381312
-0.0590472
-0.0782913
-0.0722429
-0.0473058
-0.0275348
-0.0174402
-0.0122829
-0.0136319
-0.0220562
-0.0419955
-0.0659526
-0.0820489
-0.0838013
-0.0610975
-0.0127764
0.0252906
0.0365067
0.0301895
0.0175837
0.00429299
0.000513468
0.0102604
0.0112539
-0.00596324
-0.0334537
-0.0389242
-0.0161714
0.011991
0.0254955
0.022872
0.016178
0.00957462
-0.000547476
-0.01205
-0.0135338
-0.00187755
0.00749578
0.0087676
0.00415298
-0.00188751
-0.0068585
-0.00974222
-0.00989592
-0.00764122
-0.00454042
-0.00195882
-0.000396374
0.000338187
0.000652604
0.000870937
0.00115617
0.00152938
0.0019286
0.00227342
0.00250644
0.00260667
0.00258289
0.0024593
0.00226324
0.00201811
0.00174126
0.00144427
0.00113458
0.00081655
0.000492901
0.000165029
-0.120239
-0.120186
-0.119655
-0.118559
-0.121769
-0.119599
-0.122463
-0.118659
-0.119703
-0.111989
-0.112464
-0.109358
-0.106821
-0.112521
-0.109427
-0.123887
-0.158414
-0.107594
-0.0212718
-0.0357204
-0.0587483
-0.112461
-0.187967
-0.226268
-0.177602
-0.0492045
0.0356087
0.0620226
0.0374809
-0.00233415
-0.0311403
-0.0445273
-0.0392379
-0.037511
-0.0589753
-0.0787918
-0.0729317
-0.0475162
-0.0276193
-0.0174436
-0.0123793
-0.0136164
-0.0218159
-0.0418049
-0.066132
-0.082427
-0.0843664
-0.0618866
-0.0134069
0.0249119
0.0362428
0.0300749
0.0175965
0.00424863
0.000418109
0.0102497
0.0116082
-0.00572631
-0.0337156
-0.0393901
-0.0166064
0.0117816
0.0255085
0.0229905
0.016213
0.00966787
-0.000479065
-0.0121186
-0.0136935
-0.00199636
0.0075228
0.00882419
0.00420369
-0.00186532
-0.00685767
-0.00976013
-0.00992063
-0.00766599
-0.0045535
-0.00196128
-0.00039525
0.000339433
0.000652565
0.000869461
0.00115391
0.00152715
0.00192693
0.00227244
0.00250603
0.00260661
0.00258299
0.00245944
0.00226336
0.0020182
0.00174132
0.00144431
0.0011346
0.000816563
0.000492909
0.000165033
-0.120259
-0.120193
-0.119645
-0.118476
-0.121799
-0.119654
-0.122501
-0.118793
-0.119758
-0.112147
-0.112506
-0.109317
-0.106715
-0.112457
-0.108872
-0.124289
-0.164224
-0.115269
-0.0294659
-0.0353969
-0.059596
-0.116847
-0.193507
-0.232534
-0.184047
-0.0547281
0.0321175
0.0590387
0.0351553
-0.00493264
-0.0331717
-0.0458298
-0.0396249
-0.0373006
-0.0592762
-0.0798897
-0.0739318
-0.047725
-0.0275663
-0.0174283
-0.0124357
-0.0134818
-0.0216784
-0.0423408
-0.067142
-0.0833723
-0.0854507
-0.0632536
-0.0145159
0.024213
0.0356041
0.0295844
0.0172443
0.00399869
0.000316232
0.0103214
0.0118766
-0.0059329
-0.034388
-0.0405732
-0.017359
0.0112753
0.0254301
0.0229627
0.0161394
0.00966778
-0.000509319
-0.012304
-0.0139239
-0.00213042
0.00760791
0.00894776
0.00423692
-0.00188071
-0.00689369
-0.0098096
-0.00996857
-0.0076957
-0.00455995
-0.00195481
-0.000387954
0.000343309
0.000652869
0.000867664
0.00115168
0.0015256
0.00192647
0.00227294
0.00250707
0.00260777
0.00258401
0.00246021
0.0022639
0.00201854
0.00174153
0.00144443
0.00113468
0.000816605
0.000492933
0.000165045
-0.120287
-0.120216
-0.119634
-0.118346
-0.12185
-0.11974
-0.122588
-0.118981
-0.119847
-0.112333
-0.112518
-0.109235
-0.106627
-0.112483
-0.108076
-0.124971
-0.172418
-0.126734
-0.0394577
-0.0325961
-0.0611033
-0.122647
-0.1993
-0.238544
-0.191222
-0.061079
0.026931
0.0543156
0.0319223
-0.00876258
-0.036474
-0.0484975
-0.0409887
-0.0376842
-0.0601027
-0.0811046
-0.0750055
-0.0478519
-0.0273221
-0.0173458
-0.0124071
-0.0131547
-0.0215077
-0.0434401
-0.0687663
-0.0846415
-0.0868617
-0.0651612
-0.0160554
0.0231157
0.0345461
0.028598
0.0165351
0.00355394
0.000209259
0.0105633
0.0120751
-0.0065403
-0.0352824
-0.0419623
-0.0183597
0.0103959
0.025095
0.0227905
0.0159108
0.00955452
-0.000626833
-0.0125745
-0.0142476
-0.00231294
0.0077087
0.00905131
0.00424752
-0.00192497
-0.00695332
-0.00987895
-0.0100316
-0.00773171
-0.00456615
-0.00194724
-0.000380916
0.000345964
0.000651967
0.00086516
0.0011493
0.00152433
0.00192658
0.00227412
0.00250877
0.00260949
0.00258545
0.00246129
0.00226464
0.00201902
0.00174182
0.00144461
0.00113478
0.000816662
0.000492967
0.000165063
-0.120324
-0.120257
-0.119624
-0.118162
-0.121923
-0.119836
-0.122718
-0.119286
-0.120003
-0.11248
-0.112438
-0.10906
-0.106531
-0.112642
-0.107033
-0.125751
-0.182005
-0.140996
-0.0489085
-0.0269817
-0.0630932
-0.128854
-0.204832
-0.244273
-0.199085
-0.0679379
0.020756
0.0480549
0.0278741
-0.0136387
-0.0409432
-0.0523491
-0.0436508
-0.0388764
-0.0611713
-0.0822903
-0.0759592
-0.0478459
-0.026833
-0.0170965
-0.0122049
-0.0125322
-0.0212727
-0.0449335
-0.0707151
-0.0860116
-0.088562
-0.0674662
-0.0179928
0.0216213
0.0331126
0.0270681
0.0154572
0.00289961
4.38244e-05
0.0106
0.0120905
-0.00732967
-0.0363224
-0.0432569
-0.0195247
0.00926039
0.0244396
0.0223894
0.0154772
0.00929232
-0.000830885
-0.0129086
-0.0146523
-0.00256842
0.00778976
0.0091244
0.0042216
-0.00199459
-0.00702638
-0.00995879
-0.0101035
-0.0077725
-0.00457503
-0.00194352
-0.000378801
0.000344249
0.000648346
0.00086152
0.00114674
0.00152325
0.00192692
0.00227547
0.00251056
0.00261127
0.00258693
0.00246239
0.00226539
0.00201951
0.00174213
0.00144479
0.00113489
0.000816724
0.000493005
0.000165083
-0.120367
-0.120314
-0.119618
-0.117922
-0.122018
-0.119946
-0.122882
-0.119658
-0.12036
-0.112594
-0.112248
-0.108739
-0.106368
-0.112942
-0.105745
-0.126536
-0.191924
-0.156594
-0.0557768
-0.0188197
-0.0651426
-0.135051
-0.209953
-0.249671
-0.206897
-0.0750531
0.0140087
0.0409077
0.0227342
-0.0193978
-0.0465219
-0.0572245
-0.0476646
-0.040879
-0.0623114
-0.0832997
-0.0767588
-0.0476677
-0.0261322
-0.016665
-0.0118112
-0.0116591
-0.0210905
-0.0465439
-0.0727634
-0.0873048
-0.0901139
-0.069819
-0.0201672
0.0197016
0.0312849
0.0250013
0.013944
0.00200158
-0.00026026
0.0104746
0.0118516
-0.008217
-0.0373934
-0.0445497
-0.0207502
0.00798239
0.0234499
0.0217346
0.0148127
0.00885593
-0.00112084
-0.0132775
-0.0151089
-0.00291007
0.00781422
0.00913831
0.00414453
-0.00208775
-0.00710584
-0.0100426
-0.0101796
-0.00781598
-0.0045875
-0.00194623
-0.00038445
0.000335917
0.000640601
0.000856063
0.00114371
0.00152216
0.00192722
0.00227661
0.00251204
0.00261271
0.00258814
0.0024633
0.00226602
0.00201992
0.00174239
0.00144495
0.00113499
0.000816781
0.000493043
0.000165105
-0.120412
-0.120387
-0.119617
-0.117618
-0.122139
-0.120072
-0.123079
-0.120109
-0.120905
-0.112713
-0.111929
-0.108227
-0.106078
-0.11336
-0.104237
-0.127322
-0.20104
-0.171476
-0.0594876
-0.00906421
-0.0661748
-0.140593
-0.213841
-0.254272
-0.213217
-0.0825298
0.00694793
0.0334282
0.0164183
-0.0259426
-0.053077
-0.0630056
-0.0528333
-0.0435702
-0.0633729
-0.0839933
-0.0774195
-0.0474167
-0.0253534
-0.0161206
-0.0112845
-0.0106841
-0.020977
-0.0481361
-0.0747275
-0.0884099
-0.0915276
-0.0720123
-0.0225336
0.0174046
0.0290053
0.0224125
0.0119294
0.000827349
-0.000762609
0.0101144
0.0113426
-0.00913974
-0.0384186
-0.0458061
-0.0219964
0.00662233
0.0221609
0.0207783
0.0138985
0.0082315
-0.00148222
-0.0136187
-0.0155485
-0.00332049
0.00774519
0.00906283
0.00400167
-0.00220378
-0.00718581
-0.0101237
-0.0102539
-0.00785848
-0.00460286
-0.00195659
-0.000399616
0.000319429
0.000627574
0.000847999
0.0011397
0.0015207
0.00192715
0.00227721
0.00251287
0.00261351
0.0025888
0.0024638
0.00226638
0.00202017
0.00174256
0.00144506
0.00113506
0.000816824
0.000493074
0.000165126
-0.120456
-0.120474
-0.119625
-0.117242
-0.12229
-0.120224
-0.123312
-0.120634
-0.121643
-0.112847
-0.111473
-0.107554
-0.105593
-0.113837
-0.102568
-0.128205
-0.208821
-0.184463
-0.0608533
0.00163865
-0.0654257
-0.144552
-0.215635
-0.257391
-0.217981
-0.0897749
-5.62913e-05
0.0259184
0.00916853
-0.0331922
-0.0604384
-0.0696177
-0.058872
-0.0467902
-0.0641769
-0.0841861
-0.0778839
-0.0472452
-0.0246763
-0.0155836
-0.010733
-0.00976899
-0.0208519
-0.0497339
-0.0764753
-0.0892628
-0.092773
-0.0740395
-0.0250154
0.0147873
0.0262265
0.0192978
0.00938531
-0.000654309
-0.00150092
0.00947694
0.0105838
-0.0100514
-0.0393081
-0.0469387
-0.0232075
0.0052201
0.0206162
0.0194823
0.0127175
0.00741719
-0.00188131
-0.0138481
-0.0158716
-0.00375478
0.00755172
0.00886829
0.0037779
-0.00234303
-0.00726
-0.0101937
-0.0103178
-0.00789421
-0.0046192
-0.00197531
-0.000425733
0.000293592
0.000608419
0.000836716
0.00113429
0.00151857
0.0019265
0.00227707
0.00251284
0.00261347
0.00258874
0.00246375
0.00226636
0.00202017
0.00174257
0.00144508
0.00113508
0.00081684
0.000493093
0.000165144
-0.120497
-0.120577
-0.119642
-0.116787
-0.122484
-0.120413
-0.123584
-0.121224
-0.122553
-0.11299
-0.110896
-0.106759
-0.104897
-0.114303
-0.10082
-0.129309
-0.215118
-0.194701
-0.0611456
0.0129964
-0.0633554
-0.14673
-0.21503
-0.258467
-0.221339
-0.0963748
-0.00682908
0.018578
0.00134789
-0.0410707
-0.0684589
-0.0769877
-0.0655548
-0.0503791
-0.0645051
-0.083617
-0.0779989
-0.0472957
-0.0237698
-0.0152888
-0.0102761
-0.00904922
-0.0207919
-0.0512519
-0.0779035
-0.0898046
-0.0937355
-0.075847
-0.0275183
0.0118997
0.0229316
0.0156516
0.00632092
-0.00246862
-0.00249237
0.00855754
0.00961225
-0.0108996
-0.039969
-0.0478456
-0.0243197
0.0038101
0.0188519
0.0178302
0.0112575
0.00642186
-0.00227582
-0.0138934
-0.0159949
-0.00416079
0.00721415
0.00852747
0.00345843
-0.00250618
-0.00732056
-0.0102409
-0.0103601
-0.007916
-0.00463428
-0.00200324
-0.00046451
0.000257123
0.000582464
0.00082191
0.00112732
0.00151571
0.00192523
0.00227617
0.0025119
0.00261249
0.00258785
0.00246303
0.00226585
0.00201984
0.00174238
0.00144497
0.00113502
0.000816814
0.00049309
0.000165154
-0.120538
-0.120698
-0.11967
-0.116243
-0.122723
-0.120648
-0.123892
-0.121868
-0.123591
-0.11312
-0.110229
-0.10586
-0.103978
-0.114674
-0.0990168
-0.130581
-0.220027
-0.202003
-0.060078
0.0239504
-0.0611692
-0.147699
-0.212846
-0.257726
-0.223449
-0.102111
-0.0132052
0.0115798
-0.00669958
-0.0494939
-0.0770335
-0.0850109
-0.0727409
-0.0541914
-0.0641322
-0.0820018
-0.0775675
-0.0476818
-0.0238837
-0.0154563
-0.010071
-0.00862251
-0.0208287
-0.0526092
-0.0789801
-0.0899577
-0.0943477
-0.0773718
-0.0299608
0.00879572
0.0191356
0.0114782
0.00274961
-0.00462376
-0.00373265
0.0073739
0.00847567
-0.0116262
-0.0403213
-0.0484318
-0.0252674
0.0024221
0.0168998
0.0158263
0.00951324
0.00526265
-0.00262796
-0.0137113
-0.0158696
-0.00449513
0.00672691
0.0080181
0.00303023
-0.00269332
-0.00735762
-0.0102512
-0.0103676
-0.00791611
-0.00464607
-0.00204167
-0.000518029
0.000208463
0.000549003
0.00080349
0.00111899
0.00151236
0.00192356
0.00227466
0.00251016
0.00261065
0.00258614
0.00246163
0.00226481
0.00201914
0.00174193
0.0014447
0.00113487
0.000816733
0.000493056
0.000165152
-0.120581
-0.120839
-0.119712
-0.115598
-0.123005
-0.120941
-0.124224
-0.122559
-0.124702
-0.113204
-0.109526
-0.105045
-0.102809
-0.114867
-0.0971515
-0.131712
-0.223749
-0.207418
-0.0570749
0.0328306
-0.0595222
-0.148321
-0.209918
-0.255378
-0.224073
-0.106782
-0.0190617
0.00506426
-0.0146963
-0.0583539
-0.0860726
-0.0935564
-0.0803398
-0.058102
-0.0628634
-0.0791392
-0.0764255
-0.0484331
-0.0247829
-0.0162811
-0.0102458
-0.0085442
-0.0209726
-0.0537654
-0.0796746
-0.089695
-0.0945563
-0.0785463
-0.0322659
0.00553239
0.0148827
0.00680389
-0.00128653
-0.00710383
-0.00520518
0.0059574
0.00722897
-0.0121782
-0.040306
-0.0486188
-0.0259907
0.00108191
0.0147914
0.0134934
0.00749017
0.00396164
-0.00291103
-0.0132858
-0.0154773
-0.00472954
0.00609755
0.00732468
0.00248365
-0.00290349
-0.00735945
-0.0102081
-0.010326
-0.00788676
-0.00465287
-0.00209208
-0.000588484
0.000145931
0.000507234
0.000781423
0.00110969
0.00150903
0.00192192
0.00227288
0.00250787
0.00260811
0.00258373
0.00245961
0.00226328
0.00201807
0.00174123
0.00144426
0.00113461
0.000816588
0.000492985
0.000165135
-0.12063
-0.121007
-0.119772
-0.11484
-0.123321
-0.121303
-0.124558
-0.123277
-0.125841
-0.113218
-0.108854
-0.104332
-0.101394
-0.114846
-0.0952431
-0.13195
-0.22727
-0.213032
-0.0523264
0.0385684
-0.0579954
-0.148721
-0.206429
-0.251273
-0.222796
-0.110278
-0.0242585
-0.00081175
-0.0223823
-0.0675194
-0.0954905
-0.102485
-0.0882735
-0.0619939
-0.0605619
-0.0749885
-0.0745238
-0.0495149
-0.0266039
-0.0179234
-0.0109008
-0.00882422
-0.0212204
-0.0546967
-0.0799643
-0.0890066
-0.0943242
-0.079313
-0.0343668
0.00217086
0.0102415
0.00168069
-0.00572599
-0.00987559
-0.00688785
0.00434803
0.00592955
-0.0125148
-0.0398822
-0.048348
-0.0264392
-0.000187736
0.0125591
0.0108689
0.0052056
0.00254282
-0.00310912
-0.0126187
-0.014821
-0.00484977
0.00534247
0.00643956
0.00181334
-0.00313437
-0.00731357
-0.0100943
-0.0102209
-0.00782058
-0.00465332
-0.00215593
-0.000677858
6.79785e-05
0.000456344
0.000755622
0.00109982
0.00150629
0.00192089
0.0022713
0.00250538
0.00260514
0.0025808
0.0024571
0.00226134
0.00201667
0.0017403
0.00144367
0.00113425
0.000816377
0.000492875
0.000165099
-0.120693
-0.121212
-0.119856
-0.113952
-0.123656
-0.12175
-0.124867
-0.12399
-0.126992
-0.11318
-0.108237
-0.103632
-0.0999339
-0.114689
-0.0928674
-0.131157
-0.231203
-0.218661
-0.0468704
0.0406229
-0.055963
-0.148414
-0.20218
-0.245184
-0.219214
-0.112406
-0.0287159
-0.00588835
-0.0295208
-0.076815
-0.105169
-0.111647
-0.096461
-0.0657298
-0.0571777
-0.0696844
-0.0719625
-0.0508767
-0.0294005
-0.0204846
-0.0121095
-0.00942814
-0.0215558
-0.0553803
-0.079835
-0.0878931
-0.0936263
-0.0796247
-0.036206
-0.00122292
0.00530349
-0.00381261
-0.010494
-0.012893
-0.00875337
0.00259079
0.00463251
-0.0126054
-0.0390221
-0.0475823
-0.0265748
-0.00136509
0.0102366
0.00800088
0.00268882
0.00103155
-0.00321476
-0.0117226
-0.0139152
-0.004851
0.00448236
0.0053627
0.00101883
-0.00338234
-0.00720782
-0.00989286
-0.0100387
-0.00771138
-0.00464661
-0.00223453
-0.000787688
-2.65701e-05
0.000395649
0.00072593
0.00108966
0.00150467
0.00192101
0.00227037
0.00250306
0.00260201
0.00257758
0.00245426
0.00225909
0.00201503
0.00173917
0.00144293
0.00113379
0.000816107
0.000492727
0.000165045
-0.120774
-0.121466
-0.119976
-0.112921
-0.123989
-0.122299
-0.125118
-0.124669
-0.128188
-0.113171
-0.107643
-0.102681
-0.098569
-0.114421
-0.0906209
-0.129834
-0.234251
-0.222357
-0.0432137
0.0388074
-0.0543532
-0.147724
-0.197305
-0.237305
-0.21337
-0.112999
-0.0324185
-0.0100255
-0.0359186
-0.0860473
-0.114962
-0.120885
-0.104799
-0.069145
-0.0527895
-0.0635012
-0.0689471
-0.0524923
-0.0331749
-0.0240024
-0.0138969
-0.0102898
-0.0219439
-0.0557965
-0.0792824
-0.0863659
-0.0924467
-0.0794465
-0.0377347
-0.00457732
0.000175862
-0.00957278
-0.0155022
-0.0160994
-0.0107688
0.000733464
0.00338705
-0.0124271
-0.0377133
-0.0463041
-0.0263726
-0.00242958
0.00785899
0.00494732
-2.09156e-05
-0.000545964
-0.003226
-0.0106146
-0.0127802
-0.00473367
0.00353951
0.00410199
0.00010455
-0.00364287
-0.00703126
-0.00958908
-0.00976868
-0.00755475
-0.00463264
-0.00232894
-0.0009189
-0.000138353
0.000324736
0.000692187
0.00107933
0.00150449
0.00192269
0.00227051
0.00250125
0.00259902
0.00257429
0.00245127
0.00225668
0.00201324
0.00173792
0.00144211
0.00113327
0.000815793
0.00049255
0.000164977
-0.120875
-0.121769
-0.120147
-0.111749
-0.124305
-0.12296
-0.12527
-0.125314
-0.129541
-0.113214
-0.107021
-0.101338
-0.0973982
-0.114011
-0.0887664
-0.128385
-0.233381
-0.223123
-0.0440282
0.0334903
-0.0554123
-0.147757
-0.192353
-0.228085
-0.205616
-0.111856
-0.035304
-0.0131552
-0.0413891
-0.0949767
-0.124718
-0.130054
-0.113144
-0.0720732
-0.0475909
-0.056761
-0.0657116
-0.0543717
-0.0378962
-0.0284476
-0.0162371
-0.0113228
-0.022334
-0.0559267
-0.0783172
-0.0844448
-0.090777
-0.0787572
-0.0389116
-0.0078186
-0.00502465
-0.0154768
-0.0206485
-0.0194298
-0.0128962
-0.00117543
0.00223643
-0.0119653
-0.0359589
-0.0445144
-0.0258188
-0.00336421
0.00546296
0.00177031
-0.002875
-0.00216146
-0.00314315
-0.00931315
-0.0114391
-0.00450211
0.00253638
0.00267162
-0.000920139
-0.00391077
-0.00677552
-0.0091719
-0.00940296
-0.00734827
-0.00461198
-0.00243994
-0.00107172
-0.000267361
0.000243577
0.000654314
0.00106881
0.00150585
0.00192613
0.00227195
0.0025002
0.00259639
0.00257113
0.0024483
0.00225423
0.0020114
0.00173662
0.00144123
0.0011327
0.000815451
0.000492353
0.000164898
-0.120997
-0.122086
-0.120373
-0.110464
-0.124615
-0.123722
-0.125282
-0.12596
-0.131101
-0.1132
-0.106437
-0.100024
-0.0965198
-0.113594
-0.0872061
-0.127017
-0.228366
-0.221314
-0.0499549
0.0252348
-0.0597509
-0.148929
-0.187718
-0.217963
-0.196247
-0.10888
-0.0372397
-0.0153502
-0.0458675
-0.103384
-0.134299
-0.139042
-0.121321
-0.0743766
-0.0418346
-0.0497408
-0.0624521
-0.0565458
-0.0435195
-0.0337461
-0.0190614
-0.0124305
-0.0226639
-0.0557499
-0.0769616
-0.0821615
-0.0886186
-0.0775493
-0.0397028
-0.0108746
-0.0101748
-0.0213907
-0.0258199
-0.0228154
-0.0150944
-0.00308819
0.00121962
-0.011217
-0.0337728
-0.0422312
-0.0249112
-0.00415506
0.0030878
-0.00146792
-0.00581798
-0.00378405
-0.00296696
-0.007837
-0.00991655
-0.00416402
0.00149459
0.00107561
-0.00204132
-0.00418041
-0.00643567
-0.008635
-0.00893773
-0.00709169
-0.00458574
-0.00256789
-0.00124563
-0.000412907
0.000152584
0.000612398
0.00105801
0.00150867
0.00193133
0.00227479
0.00250005
0.00259427
0.00256825
0.00244546
0.00225185
0.00200958
0.00173533
0.00144036
0.00113213
0.0008151
0.00049215
0.000164813
-0.121138
-0.122318
-0.120637
-0.109136
-0.124947
-0.124582
-0.125127
-0.126658
-0.132913
-0.112915
-0.105935
-0.0992243
-0.0959046
-0.113087
-0.0856185
-0.125876
-0.221109
-0.216968
-0.059548
0.0140129
-0.0666168
-0.151014
-0.183444
-0.206953
-0.185259
-0.10417
-0.0380665
-0.0167306
-0.0494555
-0.111157
-0.143602
-0.147769
-0.129144
-0.0759657
-0.0357608
-0.0426225
-0.0593091
-0.0590486
-0.0500191
-0.0398161
-0.0222715
-0.0135106
-0.0228626
-0.0552415
-0.0752448
-0.079555
-0.0859839
-0.075828
-0.0400833
-0.0136748
-0.0151511
-0.0271771
-0.0308997
-0.0261873
-0.0173195
-0.00495811
0.000370076
-0.0101867
-0.0311789
-0.0394871
-0.0236605
-0.00478753
0.000768387
-0.00470286
-0.00879227
-0.00538301
-0.00269935
-0.00620745
-0.00823921
-0.00372912
0.000434386
-0.000620993
-0.00324085
-0.004446
-0.00601032
-0.00797727
-0.00837368
-0.00678718
-0.00455544
-0.00271268
-0.00143941
-0.000573648
5.26155e-05
0.00056673
0.00104686
0.00151275
0.00193815
0.00227898
0.00250083
0.00259275
0.00256574
0.00244287
0.00224962
0.00200787
0.00173409
0.00143951
0.00113158
0.000814756
0.000491949
0.000164728
-0.121323
-0.122371
-0.120965
-0.107926
-0.125311
-0.125446
-0.12486
-0.127675
-0.13477
-0.112416
-0.105506
-0.09923
-0.0953144
-0.112064
-0.0837438
-0.124358
-0.213102
-0.210193
-0.0710468
-0.000583406
-0.0751084
-0.153569
-0.179333
-0.194734
-0.172441
-0.0980476
-0.0377273
-0.0173798
-0.0523654
-0.118358
-0.152589
-0.156189
-0.136449
-0.0768209
-0.0295548
-0.0354877
-0.0563656
-0.06193
-0.0573742
-0.0465803
-0.0257526
-0.0144598
-0.0228558
-0.05437
-0.0731978
-0.0766697
-0.082895
-0.0736086
-0.0400336
-0.0161539
-0.0198374
-0.0327031
-0.0357784
-0.0294794
-0.0195266
-0.00674006
-0.000286423
-0.00888488
-0.0282111
-0.0363279
-0.0220874
-0.00524909
-0.00146413
-0.00787384
-0.0117394
-0.00692822
-0.00234431
-0.00444832
-0.00643713
-0.00320902
-0.000625625
-0.00237791
-0.00449657
-0.00470159
-0.00550168
-0.00720358
-0.00771635
-0.00643915
-0.00452287
-0.00287357
-0.00165111
-0.000747656
-5.50592e-05
0.000517822
0.00103533
0.00151783
0.00194632
0.00228436
0.00250249
0.00259185
0.00256365
0.00244058
0.00224761
0.00200629
0.00173295
0.00143873
0.00113106
0.00081443
0.000491758
0.000164646
-0.121354
-0.122252
-0.121252
-0.10709
-0.125377
-0.126339
-0.12446
-0.128614
-0.136463
-0.111931
-0.105185
-0.100049
-0.0946049
-0.110472
-0.0815458
-0.121961
-0.204097
-0.201432
-0.0833235
-0.018443
-0.0847741
-0.156267
-0.175093
-0.181045
-0.157844
-0.0909953
-0.0363465
-0.0173165
-0.0548209
-0.125169
-0.161268
-0.164291
-0.143113
-0.0770001
-0.0232953
-0.0283524
-0.0536649
-0.0652447
-0.0655395
-0.0539523
-0.0293785
-0.0151764
-0.0225718
-0.0530954
-0.0708441
-0.0735455
-0.0793802
-0.0709109
-0.039541
-0.0182567
-0.0241288
-0.0378498
-0.0403563
-0.0326301
-0.0216716
-0.00839118
-0.000732762
-0.00733053
-0.0249115
-0.032811
-0.0202213
-0.00553197
-0.00357526
-0.010929
-0.0146023
-0.00839059
-0.00190626
-0.00258569
-0.00454348
-0.00261834
-0.00166651
-0.00417294
-0.00578466
-0.00494139
-0.00491607
-0.00632472
-0.00697551
-0.00605382
-0.00448987
-0.00304929
-0.00187818
-0.00093252
-0.000168833
0.000466398
0.00102347
0.00152364
0.00195553
0.00229069
0.00250492
0.00259153
0.00256202
0.00243863
0.00224585
0.0020049
0.00173193
0.00143802
0.00113059
0.000814134
0.000491584
0.000164571
-0.122443
-0.12122
-0.121035
-0.106751
-0.124834
-0.126445
-0.12434
-0.129249
-0.137501
-0.111566
-0.104991
-0.101099
-0.0938802
-0.108428
-0.0794894
-0.118514
-0.194067
-0.191003
-0.0952877
-0.0387323
-0.0955414
-0.159243
-0.170572
-0.166107
-0.142097
-0.083537
-0.0342136
-0.0165035
-0.0570505
-0.131814
-0.169664
-0.172069
-0.14909
-0.0765769
-0.016889
-0.0212041
-0.0512453
-0.0690237
-0.0744045
-0.0618068
-0.0330165
-0.0155661
-0.0219437
-0.0513675
-0.0681903
-0.07021
-0.0754713
-0.0677543
-0.0386007
-0.0199382
-0.027939
-0.0425181
-0.0445508
-0.0355858
-0.0237117
-0.0098732
-0.000959616
-0.00554835
-0.02133
-0.0290022
-0.0180984
-0.00563119
-0.00553083
-0.0138213
-0.0173292
-0.00974429
-0.00138883
-0.00064975
-0.00259342
-0.00197292
-0.00267064
-0.00597065
-0.00708059
-0.00515993
-0.00426348
-0.00535621
-0.00616455
-0.00563898
-0.0044583
-0.00323799
-0.00211757
-0.00112546
-0.00028685
0.000413341
0.00101148
0.00152998
0.00196547
0.00229774
0.00250798
0.00259175
0.00256083
0.00243703
0.00224437
0.00200371
0.00173105
0.00143741
0.00113017
0.000813871
0.000491431
0.000164504
)
;

boundaryField
{
    inlet
    {
        type            zeroGradient;
    }
    outlet
    {
        type            fixedValue;
        value           uniform 0;
    }
    walls
    {
        type            zeroGradient;
    }
    frontAndBack
    {
        type            empty;
    }
}


// ************************************************************************* //
