/*--------------------------------*- C++ -*----------------------------------*\
| =========                 |                                                 |
| \\      /  F ield         | OpenFOAM: The Open Source CFD Toolbox           |
|  \\    /   O peration     | Version:  2.4.0                                 |
|   \\  /    A nd           | Web:      www.OpenFOAM.org                      |
|    \\/     M anipulation  |                                                 |
\*---------------------------------------------------------------------------*/
FoamFile
{
    version     2.0;
    format      ascii;
    class       volScalarField;
    location    "1.32";
    object      pMean;
}
// * * * * * * * * * * * * * * * * * * * * * * * * * * * * * * * * * * * * * //

dimensions      [0 2 -2 0 0 0 0];

internalField   nonuniform List<scalar> 
8800
(
87.3872
74.9395
67.5256
63.9556
62.0545
60.6116
59.3917
58.2326
57.191
56.1492
55.1862
54.1889
53.2704
52.3171
51.4616
50.5797
49.8058
49.0194
48.3227
47.5608
84.2769
74.5853
67.694
64.0695
62.1144
60.6369
59.3992
58.2329
57.189
56.1468
55.1833
54.1868
53.2678
52.3154
51.4596
50.5776
49.8072
49.0144
48.3251
47.5199
82.3123
74.6613
68.2952
64.4451
62.2816
60.716
59.4457
58.2655
57.2132
56.1639
55.1935
54.1915
53.2692
52.3134
51.458
50.5703
49.8096
49.0035
48.3827
47.5626
80.7774
74.723
68.881
64.8687
62.465
60.8038
59.508
58.3221
57.2616
56.2029
55.2209
54.2093
53.2799
52.3176
51.4596
50.564
49.8072
48.9997
48.4615
47.7647
79.5292
74.6968
69.3562
65.2749
62.6336
60.8716
59.5569
58.3803
57.3173
56.2552
55.2563
54.2374
53.2927
52.3286
51.4574
50.5643
49.7914
49.0049
48.429
48.0412
78.5452
74.6006
69.721
65.6217
62.7844
60.9153
59.5849
58.4258
57.3674
56.3056
55.2915
54.2656
53.3042
52.3384
51.4525
50.5627
49.7723
49.0097
48.4631
48.4355
77.7893
74.4857
69.9883
65.9018
62.9201
60.9422
59.5935
58.4581
57.4067
56.3476
55.3208
54.2891
53.312
52.3447
51.4454
50.5584
49.7552
49.0154
48.5436
48.7817
77.2364
74.3855
70.1703
66.1139
63.0392
60.9612
59.5876
58.4814
57.4348
56.3811
55.3415
54.3089
53.3151
52.3508
51.4361
50.5591
49.7406
49.0253
48.5539
49.0681
76.8757
74.3143
70.285
66.2583
63.124
60.9738
59.5795
58.4962
57.4549
56.4053
55.3566
54.3231
53.3187
52.3562
51.4329
50.5622
49.7371
49.0456
48.6231
49.3155
76.6955
74.28
70.3419
66.3334
63.1678
60.9815
59.574
58.5046
57.4663
56.4199
55.3655
54.3321
53.3224
52.3621
51.4351
50.5695
49.7457
49.0697
48.6814
49.4265
76.6886
74.2881
70.3424
66.3369
63.1673
60.984
59.5721
58.5074
57.4663
56.4234
55.3662
54.3367
53.3248
52.3692
51.4409
50.5814
49.7581
49.0945
48.719
49.5049
76.8577
74.336
70.2866
66.2666
63.1231
60.9799
59.5748
58.5029
57.4555
56.4144
55.3594
54.3357
53.3266
52.3761
51.4508
50.596
49.7765
49.1148
48.7415
49.5265
77.2095
74.4174
70.1714
66.1242
63.0366
60.9703
59.5799
58.4916
57.4348
56.395
55.345
54.3291
53.3268
52.3833
51.4644
50.6149
49.8008
49.1363
48.7432
49.4867
77.7562
74.5227
69.9884
65.9113
62.9132
60.9526
59.5829
58.4702
57.4044
56.3647
55.323
54.3159
53.3245
52.3893
51.48
50.6381
49.8323
49.1647
48.7293
49.3692
78.5103
74.6383
69.7225
65.6292
62.7745
60.9238
59.5755
58.4371
57.3645
56.3239
55.2944
54.2955
53.3195
52.3914
51.4963
50.6628
49.8727
49.2035
48.7265
49.1684
79.4923
74.736
69.359
65.2823
62.622
60.8789
59.5494
58.3919
57.3155
56.2747
55.2614
54.2703
53.3128
52.3896
51.5125
50.6856
49.9202
49.2535
48.7539
48.904
80.7389
74.7632
68.8858
64.8785
62.4526
60.8115
59.5018
58.3357
57.2606
56.2245
55.2282
54.2455
53.3053
52.3855
51.5263
50.7029
49.9666
49.3015
48.8116
48.6275
82.2732
74.7004
68.3026
64.4568
62.2692
60.7237
59.4403
58.2796
57.2135
56.186
55.2036
54.2287
53.3001
52.3839
51.5364
50.716
49.9998
49.3383
48.8695
48.4838
84.2369
74.622
67.703
64.0828
62.1024
60.6444
59.3941
58.2473
57.1899
56.1693
55.1944
54.2247
53.3007
52.3872
51.5431
50.7261
50.0154
49.3598
48.8662
48.4062
87.3464
74.9746
67.5343
63.9693
62.0432
60.619
59.3867
58.2472
57.192
56.1722
55.1972
54.2274
53.3034
52.3897
51.5463
50.7295
50.019
49.3655
48.8676
48.5259
47.5802
47.464
47.1984
46.9217
46.7018
46.5447
46.4451
46.3847
46.3468
46.3219
46.3029
46.2799
46.2515
46.2157
46.1715
46.117
46.0527
45.9752
45.888
45.7882
45.6814
45.5739
45.4725
45.3797
45.3018
45.2417
45.2005
45.1704
45.1449
45.1129
45.0709
45.0176
44.9594
44.902
44.8499
44.8003
44.7511
44.6923
44.6232
44.5419
44.4542
44.3628
44.281
44.2163
44.1779
44.164
44.1768
44.2067
44.2503
44.2952
44.334
44.352
44.3456
44.3034
44.2309
44.1194
43.9816
43.8136
43.6292
43.4208
43.197
42.953
42.7022
42.4481
42.2105
42.0027
41.8404
41.7377
41.7002
41.7178
41.785
41.882
42.0008
42.1194
42.2359
42.3288
42.4034
42.4393
42.4473
42.4145
42.3555
42.2651
42.1617
42.0351
41.9119
41.7857
41.6769
41.5893
41.5287
41.5045
41.5185
41.578
41.68
41.819
41.9896
42.1809
42.3869
42.5963
42.8045
43.0021
43.1889
43.3591
43.5159
43.6416
43.7575
43.8477
43.9349
44.0064
44.0858
44.1489
44.2124
44.2616
44.3065
44.3387
44.3649
44.3846
44.4039
44.4202
44.4408
44.4578
44.4812
44.5001
44.532
44.5584
44.6081
44.6452
44.7162
44.77
44.8613
44.9444
45.0601
45.1708
45.3034
45.4345
45.5841
45.7323
45.8959
46.054
46.2223
46.3829
46.5542
46.7235
46.9032
47.0809
47.2685
47.4507
47.6427
47.8351
48.0323
48.2308
48.429
48.6263
48.8252
49.0175
49.2115
49.4018
49.6041
49.7933
49.9987
50.1933
50.4084
50.5917
50.8039
50.9734
51.1665
51.3135
51.489
51.6107
51.7577
51.8487
51.9846
52.0473
52.1861
52.2361
52.4038
52.4474
52.6581
52.7052
52.9455
53.0176
53.2713
53.3785
53.6615
53.8256
54.1406
54.3677
54.7117
54.9648
55.3292
55.5687
55.9128
56.071
56.2748
56.1604
55.9598
55.116
53.8171
50.4952
46.3071
25.9645
47.3652
47.3144
47.2068
47.0074
46.787
46.604
46.4856
46.4229
46.3979
46.3882
46.382
46.3675
46.3439
46.3091
46.2658
46.2113
46.1478
46.0728
45.9894
45.8961
45.7977
45.6985
45.6056
45.5204
45.4486
45.3896
45.3457
45.3112
45.2829
45.2518
45.2154
45.1698
45.1197
45.0666
45.0158
44.9641
44.912
44.8527
44.7868
44.7106
44.6301
44.5475
44.4732
44.4121
44.3727
44.3537
44.3579
44.3775
44.4092
44.4409
44.4677
44.476
44.4641
44.4202
44.3493
44.2427
44.1101
43.9477
43.767
43.5645
43.3479
43.1155
42.8768
42.6386
42.4139
42.2165
42.059
41.9509
41.8997
41.898
41.9425
42.0168
42.1142
42.2158
42.3155
42.3978
42.4596
42.4894
42.4894
42.4537
42.3924
42.3039
42.2025
42.0879
41.9737
41.8644
41.7666
41.6929
41.6412
41.623
41.6392
41.6979
41.7952
41.9262
42.0866
42.2682
42.464
42.6642
42.8647
43.0584
43.2417
43.41
43.5607
43.6822
43.7913
43.8769
43.9556
44.0184
44.0816
44.1323
44.1779
44.2125
44.2377
44.2504
44.2526
44.25
44.2429
44.2353
44.2283
44.2174
44.2155
44.2084
44.2203
44.2281
44.2642
44.2909
44.3498
44.398
44.4777
44.5524
44.6558
44.7561
44.8782
44.9988
45.139
45.2754
45.4283
45.5744
45.73
45.8766
46.0351
46.1888
46.3541
46.5138
46.6882
46.8508
47.0321
47.2069
47.3958
47.5817
47.773
47.9598
48.1571
48.338
48.5346
48.7184
48.9279
49.1141
49.3302
49.5267
49.7517
49.9368
50.1571
50.3232
50.5183
50.6615
50.8339
50.9449
51.0876
51.1608
51.2928
51.3273
51.4654
51.4789
51.649
51.662
51.8654
51.8927
52.1138
52.1696
52.3975
52.4842
52.7264
52.8624
53.1336
53.2986
53.6032
53.7548
54.0604
54.1561
54.3757
54.3074
54.3031
53.7974
53.2366
51.5496
49.7748
43.9961
38.1708
19.4164
47.3361
47.3355
47.3389
47.1928
46.942
46.6905
46.5162
46.4304
46.4137
46.4266
46.4437
46.4462
46.4323
46.4002
46.356
46.2988
46.2335
46.1585
46.0776
45.9896
45.8998
45.8097
45.7262
45.6493
45.5839
45.5283
45.4849
45.4489
45.4194
45.3891
45.3568
45.3174
45.2743
45.2263
45.1779
45.1263
45.0731
45.0142
44.9513
44.8815
44.8093
44.7362
44.6699
44.614
44.575
44.5521
44.5478
44.5557
44.5737
44.5909
44.6038
44.6005
44.5798
44.5319
44.4593
44.3556
44.2265
44.0705
43.8947
43.7002
43.4922
43.2736
43.0508
42.8312
42.6244
42.4411
42.2927
42.1849
42.1244
42.1078
42.1327
42.187
42.264
42.3488
42.4333
42.5037
42.5538
42.5761
42.5684
42.5308
42.468
42.3852
42.2883
42.1859
42.0809
41.9848
41.8986
41.8342
41.7885
41.7722
41.7876
41.8422
41.9314
42.0536
42.2024
42.3745
42.5589
42.7508
42.9433
43.1318
43.3107
43.4757
43.6206
43.7386
43.8435
43.9264
43.9989
44.0557
44.1073
44.1489
44.1814
44.204
44.2122
44.2067
44.188
44.164
44.1351
44.1017
44.0716
44.0335
44.0123
43.9813
43.9796
43.9717
43.9985
44.0197
44.069
44.114
44.1826
44.2521
44.3438
44.4359
44.5485
44.6599
44.7905
44.9163
45.0577
45.193
45.337
45.4714
45.6189
45.7615
45.9164
46.0666
46.2309
46.3834
46.557
46.7202
46.9034
47.0734
47.2556
47.428
47.619
47.7862
47.9837
48.1609
48.3708
48.5565
48.7812
48.985
49.2146
49.406
49.6307
49.7933
49.9918
50.1268
50.2966
50.3898
50.5312
50.5868
50.7185
50.7262
50.8704
50.853
51.0248
51.0147
51.1946
51.2108
51.3914
51.4364
51.6172
51.685
51.8851
51.9724
52.2116
52.2911
52.5513
52.5885
52.8125
52.7441
52.8538
52.4981
52.3502
51.3002
50.6361
47.8016
45.8809
38.7482
31.7266
18.9633
47.3296
47.3244
47.3779
47.2178
46.9311
46.651
46.467
46.3938
46.4063
46.4547
46.5058
46.5344
46.5365
46.5104
46.465
46.4031
46.3328
46.2547
46.1743
46.0903
46.0077
45.9265
45.8524
45.7844
45.7265
45.6762
45.6356
45.6005
45.5712
45.5417
45.512
45.477
45.4386
45.3945
45.3484
45.2978
45.2456
45.1886
45.1299
45.0669
45.0038
44.9401
44.8824
44.8312
44.7927
44.7653
44.752
44.7472
44.7499
44.7514
44.7493
44.7343
44.7044
44.6523
44.578
44.4775
44.3533
44.2056
44.0389
43.8561
43.6617
43.46
43.2562
43.0569
42.8697
42.7026
42.5647
42.46
42.3941
42.3651
42.3729
42.4085
42.4663
42.5338
42.6024
42.6596
42.6985
42.7133
42.7005
42.6628
42.6016
42.5248
42.4342
42.3412
42.2464
42.1602
42.0832
42.0226
41.9779
41.9588
41.9698
42.0171
42.0969
42.2086
42.3473
42.508
42.6821
42.8639
43.0494
43.2304
43.4043
43.5634
43.7029
43.8164
43.9173
43.9988
44.0674
44.1217
44.1671
44.2031
44.2273
44.2385
44.2309
44.2074
44.1707
44.1249
44.0788
44.022
43.9744
43.9152
43.8782
43.8285
43.8162
43.7971
43.8179
43.8335
43.8774
43.9166
43.9809
44.0464
44.134
44.2218
44.3275
44.4322
44.5543
44.6709
44.8024
44.9261
45.0601
45.1837
45.3237
45.4576
45.607
45.753
45.9124
46.064
46.2344
46.3905
46.5686
46.7206
46.8947
47.046
47.2291
47.3788
47.575
47.7456
47.9565
48.1414
48.3765
48.5764
48.8148
49.0025
49.239
49.3864
49.5997
49.716
49.8956
49.9626
50.1106
50.1402
50.2773
50.2602
50.415
50.3832
50.5413
50.5266
50.6628
50.6729
50.8017
50.8281
50.9647
50.9991
51.1652
51.1901
51.3911
51.3771
51.5873
51.473
51.6715
51.3347
51.4559
50.6601
50.5602
48.7857
48.1232
44.4275
41.9438
35.2325
27.729
19.2097
48.4296
48.2271
47.6167
47.0518
46.6286
46.3668
46.2667
46.2829
46.3668
46.4705
46.5649
46.6259
46.6483
46.6315
46.5866
46.5203
46.4438
46.3608
46.2783
46.1964
46.1198
46.0472
45.9827
45.9245
45.8752
45.832
45.7962
45.7641
45.7363
45.7083
45.6803
45.6481
45.6131
45.5728
45.53
45.4827
45.4336
45.3806
45.3267
45.27
45.2142
45.1581
45.1062
45.0581
45.0186
44.986
44.9628
44.9453
44.9333
44.9207
44.9051
44.8798
44.8418
44.7865
44.7118
44.6162
44.4996
44.3635
44.2105
44.0438
43.8675
43.6854
43.5028
43.3244
43.1576
43.0075
42.8815
42.7827
42.7153
42.6785
42.6726
42.6925
42.7323
42.7828
42.8343
42.8775
42.9048
42.9125
42.8965
42.8596
42.8018
42.7298
42.6461
42.5595
42.4719
42.3901
42.3162
42.2537
42.2048
42.1784
42.182
42.219
42.2892
42.3898
42.5193
42.669
42.8336
43.0071
43.1852
43.3593
43.5281
43.6814
43.8162
43.926
44.0242
44.1045
44.1702
44.2245
44.2653
44.2968
44.3132
44.3122
44.2902
44.2482
44.196
44.1313
44.0714
43.9975
43.9351
43.8628
43.8126
43.7566
43.7369
43.7171
43.7314
43.7451
43.7836
43.8193
43.8845
43.9456
44.0363
44.1204
44.2262
44.3251
44.4433
44.5505
44.6774
44.7886
44.9185
45.0328
45.1709
45.2957
45.4465
45.589
45.7527
45.9057
46.077
46.2264
46.4023
46.5342
46.7046
46.8306
47.0062
47.1361
47.3291
47.4856
47.7037
47.876
48.1252
48.3101
48.5592
48.7388
48.9883
49.1209
49.3528
49.445
49.6355
49.6745
49.8296
49.8297
49.9722
49.9433
50.0979
50.0758
50.2138
50.1976
50.3074
50.2877
50.3861
50.3645
50.4841
50.4526
50.612
50.5412
50.7387
50.5655
50.787
50.4238
50.6549
49.9708
50.1125
48.8797
48.6986
46.4914
45.4058
41.7187
38.4598
33.1223
26.0322
19.7391
49.2362
48.9424
47.8898
46.972
46.3626
46.0722
46.0393
46.1528
46.3254
46.4989
46.6435
46.7381
46.7791
46.7699
46.724
46.6523
46.5681
46.4786
46.3921
46.3104
46.2374
46.172
46.1161
46.0675
46.0269
45.9914
45.9614
45.9336
45.9083
45.8822
45.8556
45.8256
45.7932
45.7564
45.717
45.6738
45.6285
45.5803
45.5311
45.4802
45.4298
45.3792
45.3308
45.2847
45.2434
45.2063
45.1748
45.1471
45.1223
45.0973
45.0695
45.0346
44.9894
44.9311
44.8573
44.7673
44.6603
44.5375
44.4004
44.2516
44.0948
43.9339
43.7735
43.6176
43.4718
43.34
43.2278
43.1378
43.0731
43.0337
43.0203
43.03
43.0564
43.0919
43.1276
43.1575
43.1741
43.1747
43.1558
43.1191
43.0636
42.9943
42.914
42.8288
42.7426
42.6605
42.5852
42.5175
42.4612
42.4226
42.4168
42.4425
42.5022
42.5923
42.7134
42.8535
43.0086
43.1751
43.3469
43.5159
43.6804
43.8313
43.9632
44.0722
44.1691
44.2481
44.313
44.3666
44.4047
44.4292
44.4367
44.421
44.3846
44.3237
44.2597
44.1813
44.1099
44.0257
43.9519
43.8739
43.8168
43.7659
43.7453
43.7328
43.7443
43.7607
43.7943
43.8349
43.9
43.9674
44.0618
44.1454
44.2546
44.3473
44.4634
44.5625
44.6872
44.7904
44.9211
45.0311
45.1695
45.2912
45.4483
45.5879
45.7634
45.918
46.0937
46.2399
46.4108
46.5254
46.6856
46.7913
46.9552
47.0618
47.2557
47.3868
47.6117
47.7659
48.0242
48.1904
48.4583
48.6191
48.8907
49.0018
49.2547
49.3239
49.5257
49.5263
49.6971
49.661
49.8195
49.7812
49.9462
49.9229
50.0719
50.0258
50.1426
50.0662
50.1598
50.0582
50.1843
50.058
50.2216
50.0367
50.2207
49.8976
50.0732
49.5359
49.6586
48.7859
48.7067
47.3113
46.7548
44.5584
42.9859
39.7897
36.2483
32.2207
26.0935
20.8588
49.8654
49.519
48.1408
46.9252
46.1347
45.7959
45.8156
46.0244
46.2903
46.5377
46.7331
46.8602
46.9171
46.9121
46.8618
46.782
46.6885
46.5917
46.5005
46.4183
46.3478
46.2884
46.2399
46.2001
46.1677
46.1401
46.1162
46.0937
46.0716
46.0481
46.0228
45.9945
45.9636
45.9292
45.8923
45.8526
45.811
45.7672
45.7223
45.6762
45.6298
45.5832
45.5373
45.4924
45.4496
45.4092
45.3714
45.3358
45.3013
45.2664
45.2287
45.1859
45.1352
45.0752
45.0035
44.9198
44.8228
44.7134
44.5925
44.4622
44.3256
44.1861
44.0472
43.9129
43.7871
43.6733
43.5749
43.4954
43.437
43.401
43.387
43.3926
43.4119
43.4368
43.4603
43.4781
43.4856
43.4808
43.4594
43.4213
43.366
43.2971
43.2163
43.1282
43.0392
42.9537
42.8741
42.7984
42.7319
42.6801
42.6619
42.6772
42.7288
42.8122
42.9275
43.0612
43.2108
43.3726
43.5388
43.7056
43.867
44.0164
44.1468
44.2583
44.3515
44.4283
44.4925
44.5429
44.5769
44.5922
44.5914
44.5619
44.5128
44.4362
44.3599
44.2712
44.1899
44.1013
44.0206
43.9454
43.8917
43.8551
43.8432
43.8442
43.8604
43.8827
43.9166
43.9633
44.0309
44.1097
44.2054
44.2989
44.4057
44.5012
44.613
44.7127
44.8353
44.9423
45.0755
45.1892
45.33
45.4585
45.6189
45.7621
45.941
46.1024
46.2826
46.4283
46.5913
46.6961
46.8384
46.9355
47.0797
47.1619
47.352
47.4608
47.6738
47.8238
48.0841
48.2298
48.5225
48.6658
48.9507
49.0533
49.313
49.3762
49.5834
49.5657
49.73
49.6815
49.8394
49.8151
49.9791
49.967
50.1119
50.0622
50.1601
50.0493
50.1049
49.9532
50.0197
49.8415
49.9222
49.6809
49.7566
49.3572
49.3916
48.7699
48.686
47.7738
47.4476
46.0369
45.2317
43.1611
41.406
38.8272
35.4273
32.2894
27.2074
22.5396
50.668
50.2213
48.4122
46.8681
45.9082
45.5254
45.5926
45.8967
46.2587
46.5798
46.8221
46.9771
47.0465
47.0433
46.9867
46.898
46.7953
46.6923
46.5976
46.5158
46.448
46.3943
46.3525
46.3206
46.2957
46.2756
46.2576
46.2401
46.2215
46.2009
46.1774
46.1509
46.1212
46.0888
46.0537
46.0166
45.9775
45.937
45.8948
45.8518
45.8078
45.7636
45.7189
45.6747
45.6307
45.5878
45.5455
45.5043
45.4627
45.4207
45.376
45.3282
45.2747
45.215
45.1469
45.0704
44.9837
44.8881
44.783
44.6711
44.5534
44.4337
44.3142
44.1994
44.0914
43.9946
43.9108
43.8437
43.7942
43.7649
43.7533
43.7583
43.7729
43.7905
43.8046
43.8137
43.8142
43.8059
43.7832
43.7439
43.6874
43.6166
43.5322
43.439
43.3455
43.2543
43.1704
43.087
43.0104
42.9484
42.9201
42.9291
42.9763
43.0578
43.1682
43.2974
43.4428
43.6005
43.7642
43.9298
44.0916
44.2426
44.372
44.4836
44.5712
44.6467
44.7076
44.7506
44.7767
44.7811
44.771
44.7322
44.6708
44.5835
44.4943
44.4003
44.3133
44.2263
44.1481
44.0856
44.045
44.0298
44.0344
44.0543
44.0814
44.1146
44.1558
44.2125
44.2882
44.3758
44.4751
44.5742
44.6781
44.7828
44.8939
45.0015
45.125
45.243
45.3808
45.506
45.651
45.789
45.9514
46.101
46.2865
46.4491
46.6372
46.7817
46.9481
47.0387
47.166
47.2642
47.3882
47.4569
47.6364
47.7195
47.9199
48.0528
48.3182
48.4488
48.7544
48.8998
49.1864
49.2972
49.5625
49.6273
49.8417
49.8031
49.949
49.9011
50.0406
50.0414
50.2075
50.2139
50.3563
50.3085
50.3944
50.2472
50.259
50.059
50.0439
49.8158
49.7959
49.4999
49.4663
48.9894
48.9207
48.2338
48.0178
47.0825
46.6344
45.2454
44.3509
42.4995
40.6969
38.6596
35.5807
32.9127
28.6992
24.4585
51.0348
50.575
48.6142
46.9043
45.8328
45.4002
45.4766
45.8325
46.256
46.6316
46.9121
47.0906
47.1699
47.1665
47.1023
47.0048
46.8939
46.7862
46.6894
46.6087
46.544
46.4955
46.4597
46.4346
46.4162
46.4022
46.3893
46.3762
46.3607
46.3426
46.3207
46.2959
46.2673
46.2364
46.2026
46.1673
46.1295
46.0908
46.0501
46.0088
45.9659
45.9228
45.8784
45.8341
45.789
45.7444
45.6989
45.6537
45.6074
45.5609
45.5124
45.4624
45.4084
45.351
45.2876
45.2189
45.1426
45.06
44.9696
44.8744
44.7744
44.6731
44.5717
44.475
44.3843
44.3044
44.2358
44.1821
44.1427
44.1208
44.1132
44.1186
44.1291
44.1411
44.148
44.1502
44.1461
44.1361
44.1125
44.0732
44.0167
43.9445
43.856
43.7567
43.6555
43.558
43.4685
43.3775
43.2977
43.2298
43.1982
43.2058
43.254
43.3348
43.4414
43.5644
43.7068
43.8622
44.0274
44.1932
44.3584
44.5151
44.6476
44.7572
44.8417
44.9134
44.9659
44.997
45.0098
45.0029
44.9842
44.9362
44.8657
44.7727
44.6766
44.582
44.4962
44.416
44.3505
44.3067
44.2887
44.2994
44.3266
44.3704
44.414
44.463
44.517
44.5845
44.6707
44.7659
44.8711
44.9731
45.0786
45.192
45.3053
45.4212
45.5506
45.6752
45.8218
45.9567
46.1085
46.2615
46.4311
46.5893
46.7856
46.9499
47.1569
47.2933
47.4824
47.5417
47.6714
47.7602
47.8645
47.9308
48.1026
48.1518
48.357
48.4633
48.7399
48.8555
49.1752
49.3125
49.6153
49.7131
50.0158
50.0757
50.3135
50.2071
50.3435
50.3059
50.4419
50.4604
50.6265
50.6589
50.8116
50.7574
50.8493
50.6463
50.6284
50.3747
50.2983
50.0069
49.9181
49.5715
49.4195
48.945
48.7908
48.1486
47.8766
46.8966
46.3886
45.0364
44.0674
42.4718
40.6881
39.0083
36.293
33.8371
30.2613
26.4248
51.2344
50.8027
48.7975
47.0119
45.8722
45.3896
45.4502
45.8254
46.2837
46.6934
46.9992
47.1929
47.2777
47.2724
47.2019
47.0974
46.9812
46.8708
46.7739
46.6954
46.6345
46.591
46.5608
46.5417
46.5286
46.5196
46.5106
46.5008
46.4876
46.4716
46.4512
46.4277
46.4002
46.3705
46.3376
46.3034
46.2666
46.2288
46.1889
46.1483
46.1059
46.063
46.0185
45.9738
45.9276
45.8815
45.8342
45.7871
45.7386
45.6904
45.6405
45.5902
45.5378
45.4841
45.4267
45.3663
45.3004
45.2299
45.1533
45.0735
44.9897
44.9054
44.8212
44.7419
44.6682
44.6045
44.5514
44.5115
44.4834
44.4704
44.4685
44.4746
44.4818
44.4896
44.4924
44.4896
44.4817
44.4707
44.448
44.4107
44.3553
44.2814
44.1899
44.0864
43.9784
43.8717
43.7762
43.6789
43.5992
43.5297
43.501
43.5097
43.5649
43.6475
43.7534
43.8713
44.0145
44.1694
44.3355
44.5018
44.6744
44.8384
44.9769
45.0836
45.1635
45.2259
45.2664
45.2834
45.2828
45.2655
45.2386
45.1828
45.1077
45.013
44.9174
44.8289
44.7521
44.6869
44.6415
44.6216
44.6331
44.672
44.729
44.7983
44.8637
44.9321
45.002
45.0786
45.1731
45.2717
45.3831
45.4859
45.5995
45.7173
45.8391
45.9616
46.1027
46.2288
46.3896
46.5329
46.6971
46.8623
47.0462
47.2139
47.4316
47.5922
47.8352
47.9565
48.1762
48.1859
48.3457
48.3996
48.5174
48.5647
48.7328
48.7489
48.9793
49.0584
49.3615
49.4374
49.8039
49.9068
50.2752
50.3017
50.6838
50.7133
51.0128
50.7812
50.9482
50.8873
51.0525
51.082
51.2807
51.3034
51.4931
51.4123
51.5304
51.2236
51.2273
50.908
50.8245
50.4495
50.2882
49.9067
49.7419
49.2809
49.1402
48.42
48.1448
47.1137
46.5348
45.2671
44.1979
42.8441
41.1685
39.6633
37.2586
34.9064
31.7717
28.322
51.3564
50.9373
48.9171
47.1014
45.9359
45.4337
45.4906
45.8753
46.3491
46.7723
47.0869
47.2841
47.3675
47.3574
47.2818
47.1738
47.0565
46.9475
46.8536
46.7792
46.7232
46.685
46.66
46.6457
46.6368
46.631
46.6245
46.6166
46.605
46.5901
46.5709
46.5485
46.5221
46.4934
46.4615
46.4281
46.392
46.3549
46.3154
46.2751
46.2327
46.1897
46.1449
46.0997
46.053
46.0063
45.9583
45.9105
45.8618
45.8138
45.7648
45.7164
45.667
45.6177
45.5669
45.5151
45.4598
45.4015
45.3391
45.2744
45.2067
45.1389
45.0722
45.0102
44.9527
44.9042
44.8666
44.8411
44.8248
44.8203
44.8234
44.83
44.8355
44.8406
44.8403
44.835
44.8262
44.8152
44.7948
44.7614
44.709
44.6352
44.542
44.4339
44.321
44.2068
44.1066
44.0062
43.9302
43.8629
43.8459
43.8577
43.9235
44.0087
44.1174
44.2311
44.3797
44.5343
44.7026
44.8666
45.048
45.2159
45.3589
45.4594
45.5313
45.5777
45.604
45.606
45.5963
45.5714
45.5375
45.4762
45.4043
45.3119
45.2284
45.1502
45.0954
45.0481
45.0349
45.0427
45.0907
45.1564
45.2476
45.3376
45.4336
45.519
45.6108
45.6957
45.7984
45.8931
46.0126
46.1106
46.2378
46.3538
46.4931
46.6199
46.7753
46.9067
47.0846
47.2338
47.4174
47.5909
47.7995
47.9696
48.2171
48.3706
48.6585
48.7535
49.0082
48.9577
49.1768
49.1854
49.3493
49.3451
49.5388
49.5266
49.7993
49.8373
50.183
50.211
50.6266
50.703
51.1543
51.1069
51.5919
51.5543
51.8948
51.5386
51.8022
51.6638
51.9142
51.8941
52.1527
52.155
52.3742
52.2922
52.4274
51.9843
52.0256
51.6351
51.5292
51.1134
50.9814
50.6389
50.4712
49.9286
49.7311
48.9314
48.7157
47.6179
46.9295
45.7702
44.6592
43.4789
41.9732
40.4946
38.3004
36.0347
33.2097
30.1023
51.3941
50.9711
48.9529
47.1528
46.0085
45.5291
45.6052
45.9976
46.4689
46.8823
47.1849
47.3695
47.4414
47.4225
47.3431
47.2353
47.1219
47.0183
46.9309
46.8628
46.813
46.78
46.7594
46.7482
46.7416
46.7372
46.7318
46.7245
46.7136
46.6994
46.681
46.6594
46.6341
46.6063
46.5755
46.5428
46.5077
46.4711
46.4325
46.3927
46.351
46.3081
46.2635
46.2182
46.1716
46.1248
46.0775
46.0306
45.9838
45.9377
45.8915
45.8462
45.8014
45.7577
45.7139
45.6703
45.6256
45.5798
45.5318
45.4823
45.4307
45.3795
45.3307
45.286
45.2456
45.213
45.1911
45.1787
45.1723
45.1738
45.1805
45.1879
45.1922
45.1931
45.188
45.1805
45.1726
45.1647
45.1502
45.1237
45.0774
45.0086
44.9174
44.8079
44.6912
44.5724
44.4688
44.3702
44.3005
44.2433
44.2441
44.2602
44.338
44.4235
44.5353
44.642
44.7976
44.9507
45.122
45.2816
45.4735
45.6424
45.7912
45.883
45.944
45.9638
45.979
45.9615
45.949
45.9175
45.8832
45.8199
45.7585
45.6749
45.6162
45.5549
45.5349
45.5118
45.5414
45.5779
45.6677
45.7603
45.8904
45.9999
46.1238
46.2235
46.3411
46.4325
46.5473
46.6432
46.7633
46.8603
46.9993
47.1165
47.2714
47.4093
47.5745
47.7215
47.9123
48.067
48.2639
48.4443
48.6728
48.8565
49.1205
49.279
49.5902
49.6895
49.9258
49.8529
50.1516
50.0907
50.3123
50.2432
50.484
50.4437
50.7638
50.795
51.1633
51.1655
51.6473
51.706
52.1982
52.1321
52.6535
52.5906
52.8941
52.4756
52.7776
52.6062
52.9626
52.9331
53.2252
53.2004
53.4375
53.383
53.416
52.9493
53.0185
52.5253
52.4255
52.0112
51.8899
51.5527
51.3256
50.8152
50.5804
49.7722
49.374
48.2818
47.551
46.4805
45.4327
44.2864
42.9175
41.3926
39.3575
37.1878
34.5925
31.7669
51.3275
50.8943
48.9116
47.1802
46.1068
45.6946
45.8102
46.2026
46.6475
47.0245
47.2923
47.4465
47.4958
47.4647
47.3834
47.2806
47.1761
47.0825
47.0052
46.9459
46.9036
46.8759
46.8588
46.8492
46.8433
46.8387
46.8331
46.8254
46.8145
46.8005
46.7829
46.7621
46.738
46.7113
46.6818
46.6503
46.6167
46.5814
46.5442
46.5053
46.4644
46.422
46.378
46.3333
46.2879
46.2427
46.1978
46.1538
46.1102
46.0674
46.0255
45.985
45.9459
45.909
45.8734
45.839
45.8047
45.7706
45.7368
45.7028
45.6675
45.6326
45.6008
45.5731
45.55
45.5345
45.5278
45.5269
45.5297
45.5372
45.5467
45.5532
45.5546
45.5506
45.5419
45.5338
45.5274
45.523
45.516
45.4985
45.4614
45.4017
45.3175
45.211
45.0937
44.9768
44.8741
44.7811
44.7167
44.6749
44.6919
44.7173
44.8037
44.8861
44.9953
45.0994
45.2654
45.4142
45.5861
45.7421
45.9467
46.1135
46.2694
46.3485
46.3986
46.392
46.3944
46.3607
46.3543
46.315
46.2868
46.2246
46.1816
46.1161
46.092
46.0571
46.0804
46.0929
46.172
46.2422
46.3772
46.4944
46.6574
46.7827
46.936
47.048
47.1921
47.2928
47.422
47.5159
47.6412
47.7406
47.8896
48.0197
48.1912
48.3431
48.5189
48.6816
48.8738
49.0368
49.2474
49.4318
49.6678
49.8723
50.1398
50.3302
50.6195
50.764
50.9419
50.89
51.2013
51.1048
51.3469
51.2866
51.5789
51.5261
51.8579
51.916
52.2509
52.2769
52.8016
52.9006
53.4086
53.3854
53.8393
53.814
53.9761
53.5704
53.9137
53.6732
54.1518
54.1012
54.4278
54.4362
54.6405
54.5762
54.5857
54.1194
54.1501
53.5811
53.4978
53.1127
52.9797
52.6977
52.4048
51.9993
51.4901
50.705
50.1307
49.1242
48.4017
47.3934
46.4278
45.2238
43.946
42.332
40.4443
38.3607
35.949
33.3511
51.1119
50.6739
48.7971
47.2138
46.2706
45.9621
46.1183
46.4874
46.8758
47.1892
47.4
47.508
47.5275
47.4839
47.4042
47.3114
47.2209
47.1417
47.0774
47.0289
46.9943
46.9713
46.9564
46.9469
46.94
46.9338
46.9267
46.9177
46.9062
46.8919
46.8746
46.8544
46.8312
46.8057
46.7779
46.7483
46.7167
46.6834
46.6482
46.6111
46.5718
46.5308
46.488
46.4449
46.4025
46.3611
46.3201
46.2797
46.2402
46.2022
46.1655
46.1307
46.0985
46.0694
46.0426
46.0181
45.9959
45.9761
45.9575
45.9378
45.9174
45.8988
45.884
45.8729
45.8673
45.8681
45.8747
45.8842
45.8955
45.9091
45.9217
45.929
45.9286
45.9198
45.9065
45.8971
45.8931
45.8942
45.8955
45.8888
45.865
45.8188
45.7453
45.6475
45.5344
45.4245
45.3235
45.2399
45.1833
45.1608
45.1844
45.214
45.301
45.3803
45.4857
45.6047
45.783
45.9324
46.1024
46.2626
46.4703
46.6279
46.7828
46.8537
46.8977
46.8736
46.8682
46.8269
46.8252
46.7852
46.7686
46.7126
46.6913
46.6508
46.6642
46.6661
46.7377
46.7935
46.9216
47.0324
47.2064
47.3506
47.5394
47.6811
47.8573
47.9819
48.1471
48.2637
48.4068
48.5058
48.6391
48.7493
48.9134
49.0565
49.2476
49.4178
49.6046
49.7817
49.9607
50.1332
50.3385
50.5372
50.7733
51.0131
51.2626
51.4921
51.7528
51.9344
52.0548
52.1183
52.335
52.2336
52.4661
52.462
52.7424
52.7512
53.0542
53.1896
53.4212
53.5439
54.0582
54.1963
54.7005
54.7865
55.1167
55.1065
55.2226
54.8641
55.1641
55.0317
55.4502
55.3748
55.7261
55.7944
55.9543
55.8975
55.7833
55.3336
55.3783
54.8001
54.6963
54.3844
54.1732
53.9742
53.5069
53.1871
52.4728
51.9079
51.0361
50.1477
49.3807
48.4804
47.5621
46.2768
45.036
43.3173
41.5585
39.5341
37.2765
34.8545
50.6404
50.2263
48.6163
47.3074
46.5668
46.3683
46.5321
46.8375
47.1347
47.3589
47.4951
47.5493
47.5387
47.486
47.4122
47.3335
47.2601
47.1973
47.1469
47.1086
47.0804
47.0603
47.0457
47.0347
47.0255
47.0167
47.0074
46.9968
46.9844
46.9697
46.9525
46.9328
46.9108
46.8867
46.8607
46.8331
46.804
46.7733
46.7409
46.7064
46.6695
46.6312
46.5919
46.5523
46.5133
46.4763
46.4415
46.4076
46.3739
46.3408
46.3095
46.2817
46.2581
46.2379
46.2207
46.2075
46.198
46.1918
46.1883
46.1855
46.1823
46.1797
46.18
46.1847
46.1943
46.2081
46.2257
46.245
46.2648
46.2842
46.2998
46.3075
46.3051
46.2927
46.2753
46.2629
46.2609
46.2683
46.2791
46.2846
46.2761
46.2466
46.1877
46.1024
46.0004
45.9039
45.8071
45.7383
45.6889
45.6801
45.7045
45.7427
45.8256
45.8986
46.0036
46.1504
46.3368
46.491
46.6568
46.8328
47.0283
47.1792
47.325
47.3948
47.4337
47.4139
47.3991
47.3633
47.3653
47.3386
47.3357
47.3002
47.299
47.2903
47.3388
47.3924
47.5038
47.6129
47.7742
47.9315
48.1253
48.2997
48.5032
48.6693
48.8616
49.0074
49.1854
49.3201
49.4827
49.5921
49.7446
49.8759
50.0517
50.2177
50.4175
50.5994
50.7926
50.9704
51.136
51.319
51.517
51.7312
51.9801
52.2596
52.4894
52.759
52.968
53.1616
53.2994
53.4332
53.5281
53.554
53.6958
53.7831
54.0295
54.0804
54.3198
54.5169
54.7105
54.96
55.3275
55.6396
56.074
56.1892
56.4097
56.4095
56.4954
56.2987
56.5738
56.577
56.8195
56.8403
57.0809
57.2098
57.2421
57.1712
57.0163
56.7403
56.6811
56.1586
56.0113
55.7356
55.4353
55.2648
54.6798
54.4227
53.5007
53.1362
52.0006
51.3371
50.5045
49.7317
48.7375
47.4283
46.19
44.3887
42.7103
40.7118
38.5888
36.2941
49.8769
49.556
48.422
47.5127
47.015
46.8972
47.0123
47.2054
47.3811
47.5021
47.5622
47.5685
47.5354
47.4798
47.4154
47.3521
47.2953
47.2472
47.2082
47.1773
47.1529
47.1335
47.1178
47.1045
47.0926
47.0814
47.07
47.0581
47.0449
47.03
47.013
46.9938
46.9728
46.95
46.9257
46.9006
46.8749
46.8479
46.8189
46.7877
46.7546
46.7199
46.6848
46.6508
46.6178
46.5865
46.5578
46.5317
46.5066
46.4811
46.4569
46.4378
46.4248
46.416
46.4104
46.4088
46.4121
46.4196
46.4289
46.4382
46.4489
46.4622
46.4783
46.4976
46.5199
46.5439
46.5693
46.5951
46.6208
46.6448
46.6623
46.6703
46.6668
46.6524
46.6326
46.6185
46.6184
46.6305
46.6475
46.6615
46.665
46.6511
46.6099
46.542
46.4563
46.3784
46.2878
46.2432
46.2047
46.2077
46.2297
46.2844
46.3569
46.4371
46.5523
46.7158
46.8934
47.0577
47.2294
47.4248
47.6029
47.7557
47.883
47.961
47.9948
47.9944
47.9744
47.9613
47.9618
47.965
47.9728
47.9776
47.9937
48.0319
48.1058
48.2167
48.3575
48.5176
48.696
48.8916
49.0868
49.2947
49.497
49.6891
49.8852
50.0666
50.2531
50.4315
50.6013
50.7493
50.9053
51.0712
51.2473
51.4437
51.6387
51.8467
52.0305
52.2162
52.375
52.5745
52.7636
53.0026
53.251
53.5453
53.7744
54.0959
54.2249
54.4794
54.5506
54.7245
54.7868
54.9232
55.0043
55.1828
55.2913
55.4228
55.6131
55.866
55.9957
56.429
56.6857
57.1792
57.3342
57.5304
57.646
57.7342
57.836
57.8877
58.0213
58.0975
58.1818
58.3619
58.4399
58.6126
58.544
58.5197
58.2173
58.2263
57.9017
57.6377
57.3709
57.1361
56.76
56.6117
55.8637
55.5326
54.564
54.2724
53.0791
52.6964
51.644
50.9786
49.8364
48.6288
47.3267
45.5086
43.862
41.8848
39.8668
37.6532
49.0416
48.8741
48.3206
47.8479
47.5646
47.4583
47.4653
47.5179
47.5698
47.5988
47.5982
47.5712
47.5262
47.4727
47.4183
47.3679
47.3235
47.2856
47.2535
47.2265
47.2033
47.1834
47.1661
47.1507
47.1368
47.1238
47.1111
47.0981
47.0844
47.0693
47.0524
47.0335
47.0133
46.9924
46.9709
46.9482
46.9249
46.9014
46.877
46.8501
46.8211
46.7922
46.7637
46.7355
46.7087
46.686
46.667
46.6499
46.6335
46.6176
46.6049
46.5976
46.5955
46.5974
46.6036
46.6145
46.6292
46.6471
46.6677
46.6895
46.711
46.733
46.7575
46.7851
46.8146
46.8444
46.8745
46.9043
46.9328
46.9571
46.974
46.9831
46.9832
46.973
46.9557
46.9425
46.9428
46.9554
46.9757
46.9951
47.007
47.0049
46.9788
46.9298
46.8664
46.8181
46.7479
46.7278
46.6981
46.7184
46.7455
46.8229
46.8842
46.9844
47.0941
47.261
47.422
47.6181
47.7939
47.9987
48.1564
48.3254
48.4355
48.5359
48.5614
48.5942
48.577
48.5994
48.61
48.6491
48.6685
48.7173
48.7458
48.8383
48.9338
49.0981
49.2517
49.4574
49.6416
49.8665
50.0589
50.2895
50.4806
50.6954
50.8964
51.1145
51.3057
51.5335
51.7058
51.8997
52.0559
52.2614
52.4307
52.6597
52.8469
53.0779
53.2528
53.454
53.6114
53.8303
54.0093
54.2596
54.5003
54.8057
55.0169
55.371
55.4371
55.7323
55.7459
56.0353
56.0346
56.2809
56.2853
56.5089
56.5101
56.8095
56.8806
57.2185
57.3507
57.8864
57.9673
58.4659
58.4235
58.8846
58.8199
59.2005
59.2459
59.3213
59.3051
59.5804
59.5123
59.8333
59.7631
60.0334
59.7548
59.8129
59.4086
59.6605
59.15
59.0688
58.6792
58.5167
57.8837
57.8598
56.8669
56.7206
55.572
55.4175
54.1287
53.9882
52.7771
52.195
50.8813
49.7821
48.3821
46.6251
44.9527
43.0186
41.0552
38.9057
48.3332
48.3377
48.3144
48.1958
48.0401
47.9028
47.803
47.7382
47.6961
47.6598
47.6189
47.5716
47.5209
47.4706
47.4237
47.3814
47.344
47.311
47.2818
47.2557
47.2324
47.2114
47.1926
47.1758
47.1607
47.1467
47.1333
47.1198
47.1055
47.0901
47.0736
47.0558
47.0367
47.0167
46.9968
46.9775
46.9584
46.9387
46.9179
46.8957
46.872
46.8482
46.8249
46.8034
46.7864
46.7738
46.7639
46.7558
46.7491
46.744
46.7428
46.7468
46.7549
46.7663
46.7821
46.8025
46.8264
46.8527
46.8799
46.9074
46.9348
46.9623
46.99
47.0183
47.048
47.0792
47.1108
47.1411
47.1688
47.1926
47.2112
47.2243
47.229
47.2244
47.2142
47.2072
47.2114
47.2264
47.246
47.2684
47.2856
47.2856
47.2695
47.2423
47.2051
47.1859
47.1478
47.1611
47.1507
47.1966
47.2164
47.3135
47.3587
47.491
47.5915
47.7719
47.9113
48.1327
48.2888
48.5084
48.6445
48.831
48.9187
49.0629
49.0886
49.1735
49.1636
49.2405
49.2523
49.3414
49.3656
49.4631
49.4931
49.6361
49.7368
49.9504
50.1006
50.3509
50.5236
50.7821
50.9508
51.2069
51.3674
51.6231
51.8071
52.067
52.2467
52.513
52.6785
52.9173
53.0741
53.3209
53.4889
53.7504
53.9298
54.1882
54.3451
54.5692
54.7146
54.9516
55.1089
55.3856
55.6038
55.9284
56.1036
56.4723
56.4895
56.8398
56.817
57.2382
57.1496
57.5427
57.4196
57.7869
57.6972
58.1084
58.0333
58.516
58.5826
59.1096
59.0733
59.6521
59.4756
60.1238
59.917
60.5705
60.408
60.7178
60.56
60.9353
60.6679
61.1399
60.9099
61.2887
60.8216
61.1048
60.5392
60.9914
60.2355
60.3424
59.7781
59.7212
58.8748
58.9417
57.7337
57.852
56.4895
56.5873
55.1774
55.2482
53.8136
53.3212
51.8563
50.8034
49.2853
47.6334
45.8817
44.0131
42.0767
40.0036
48.3426
48.3559
48.362
48.3022
48.1882
48.0598
47.9428
47.8448
47.7628
47.6917
47.6278
47.5691
47.5153
47.4667
47.4233
47.3845
47.3498
47.3184
47.2899
47.2641
47.2406
47.2193
47.2003
47.1831
47.1676
47.1533
47.1399
47.1266
47.1127
47.0977
47.0815
47.0643
47.0467
47.0292
47.0119
46.9951
46.9786
46.9624
46.9458
46.9283
46.9106
46.893
46.8764
46.8626
46.8523
46.8455
46.8422
46.8427
46.846
46.8515
46.8597
46.871
46.8851
46.9031
46.9253
46.9512
46.98
47.0101
47.0404
47.0702
47.0996
47.129
47.1586
47.1883
47.2181
47.248
47.2772
47.3054
47.3319
47.3556
47.3756
47.3911
47.3999
47.4005
47.3971
47.3979
47.4073
47.4247
47.4444
47.4612
47.4706
47.4725
47.4751
47.4686
47.4468
47.4504
47.4476
47.5081
47.521
47.5986
47.6161
47.7263
47.7507
47.9018
47.989
48.1935
48.3181
48.5492
48.687
48.9232
49.0462
49.2532
49.3344
49.5064
49.5402
49.6669
49.6747
49.8031
49.8248
49.953
49.9753
50.1065
50.1433
50.3227
50.4275
50.6656
50.8047
51.0735
51.2288
51.5135
51.6588
51.9422
52.0835
52.3848
52.5491
52.8481
53.01
53.3003
53.4494
53.7181
53.869
54.1455
54.3092
54.5954
54.7681
55.044
55.1911
55.4314
55.5749
55.8251
55.9645
56.2709
56.4435
56.8038
56.9307
57.3308
57.3086
57.7464
57.6789
58.2304
58.0449
58.5662
58.3651
58.9114
58.6985
59.2364
59.0686
59.6069
59.582
60.1769
59.9887
60.6941
60.4271
61.2007
60.9069
61.6856
61.2965
61.9213
61.5343
62.0309
61.6436
62.2591
61.8289
62.3521
61.7827
62.2532
61.5281
62.0706
61.1883
61.4807
60.7126
60.8024
59.8122
59.9442
58.6218
58.9437
57.3268
57.7701
56.1906
56.3444
54.6967
54.3925
52.6862
51.6612
49.9797
48.3894
46.5511
44.7547
42.8203
40.8883
48.49
48.4516
48.388
48.3055
48.2064
48.0959
47.9834
47.8778
47.7835
47.7015
47.6305
47.5687
47.5145
47.4664
47.4234
47.3848
47.3499
47.3184
47.2896
47.2634
47.2397
47.2182
47.199
47.1819
47.1665
47.1524
47.1392
47.1261
47.1127
47.0986
47.0834
47.0675
47.0511
47.0348
47.019
47.004
46.9898
46.9759
46.9621
46.9478
46.9333
46.9195
46.9073
46.8979
46.8915
46.8884
46.889
46.8931
46.9002
46.9097
46.9216
46.9358
46.9528
46.9734
46.9982
47.0264
47.057
47.0886
47.1204
47.1519
47.1833
47.2144
47.2446
47.2736
47.3016
47.3292
47.3561
47.3822
47.407
47.4299
47.4495
47.4647
47.4742
47.4771
47.477
47.4807
47.492
47.5105
47.5307
47.5461
47.5548
47.56
47.5642
47.558
47.5533
47.5816
47.6105
47.7093
47.7368
47.8406
47.8564
47.9692
47.9841
48.1353
48.2159
48.4401
48.5601
48.7993
48.9258
49.1724
49.2849
49.509
49.5842
49.7665
49.8032
49.9448
49.9681
50.1299
50.1561
50.3016
50.3171
50.4608
50.5037
50.7007
50.8116
51.0613
51.1996
51.4737
51.6174
51.9103
52.0514
52.3566
52.496
52.8225
52.9744
53.2932
53.444
53.744
53.8795
54.1547
54.2961
54.5806
54.7415
55.0388
55.2084
55.4861
55.6311
55.8771
56.0225
56.2757
56.4128
56.7452
56.8997
57.294
57.402
57.8598
57.808
58.3772
58.2232
58.843
58.5855
59.2065
58.947
59.5874
59.3306
59.9561
59.6929
60.3126
60.1569
60.8017
60.582
61.4107
61.0914
62.0218
61.6223
62.4567
61.9246
62.6217
62.1077
62.7756
62.2811
62.8988
62.3906
63.1156
62.4067
63.1006
62.2191
62.8396
61.8183
62.2794
61.3051
61.4908
60.4162
60.69
59.3731
59.8055
58.1552
58.858
57.011
57.3886
55.4973
55.1915
53.1908
52.3074
50.4045
48.7954
46.8764
45.1033
43.1374
41.1979
47.4871
47.487
47.5027
47.43
47.2627
47.054
46.8462
46.6594
46.4982
46.3628
46.2509
46.1661
46.1128
46.08
46.0487
46.0297
46.0236
46.0125
46.0002
45.9928
45.9931
46.0015
45.9918
45.9609
45.9158
45.8561
45.8009
45.7679
45.7493
45.7112
45.6319
45.526
45.4219
45.3461
45.3011
45.2679
45.2279
45.1846
45.1497
45.1222
45.1065
45.1209
45.1462
45.1828
45.2385
45.2636
45.2405
45.1773
45.0855
44.9988
44.9498
44.9317
44.9283
44.9358
44.965
45.0082
45.0449
45.0577
45.0512
45.0368
45.0407
45.0618
45.0789
45.096
45.1023
45.0954
45.0657
45.0347
45.0212
45.0151
45.0394
45.0936
45.1699
45.2492
45.3116
45.3583
45.3715
45.3307
45.2618
45.2172
45.2194
45.2755
45.369
45.4806
45.5698
45.6281
45.7122
45.8368
45.9828
46.1213
46.2523
46.3768
46.4893
46.6063
46.7112
46.8295
46.9928
47.1696
47.3604
47.5742
47.8191
48.1127
48.4649
48.8742
49.3095
49.7489
50.1917
50.64
51.091
51.553
52.0235
52.4822
52.9168
53.3185
53.6989
54.0595
54.4028
54.7347
55.0724
55.4295
55.8032
56.1889
56.5676
56.9191
57.2477
57.5615
57.8644
58.1771
58.4948
58.8115
59.1336
59.4816
59.8808
60.2975
60.7092
61.1185
61.5014
61.8351
62.1189
62.3676
62.6054
62.8498
63.1129
63.3953
63.6915
63.9884
64.2761
64.5475
64.8019
65.0446
65.2791
65.5029
65.7126
65.9087
66.0936
66.2672
66.4358
66.6018
66.7642
66.9183
67.0615
67.1893
67.2997
67.3893
67.4598
67.5163
67.5663
67.6166
67.6732
67.7369
67.8093
67.8886
67.977
68.0787
68.197
68.3294
68.4685
68.6152
68.7832
68.9836
69.2134
69.4671
69.7354
70.0176
70.3246
70.6505
70.9828
71.3118
71.6383
71.987
72.3816
72.8299
73.3334
73.8912
74.4962
75.1
75.6486
76.0255
76.2367
76.3638
47.4521
47.4411
47.4374
47.3492
47.171
46.9537
46.7377
46.5472
46.3876
46.2568
46.1522
46.0738
46.0232
45.9932
45.9637
45.9387
45.9251
45.9126
45.9068
45.9102
45.9178
45.9212
45.8916
45.8544
45.8041
45.7364
45.6689
45.6207
45.5926
45.544
45.4595
45.3558
45.2524
45.1723
45.1241
45.0813
45.0377
45.0204
45.0205
44.9837
44.9524
44.959
44.9725
44.9886
45.0208
45.0255
44.9868
44.9191
44.834
44.7571
44.7128
44.6968
44.6976
44.7088
44.7347
44.7713
44.7985
44.8092
44.8129
44.8107
44.819
44.8294
44.8468
44.8692
44.8664
44.8374
44.7906
44.7477
44.726
44.7185
44.7428
44.7938
44.8762
44.9716
45.0479
45.1057
45.1092
45.047
44.9657
44.918
44.9225
44.9861
45.0846
45.198
45.2897
45.3666
45.4794
45.6252
45.7835
45.9145
46.0234
46.1207
46.1985
46.2835
46.3558
46.4442
46.5906
46.7686
46.9767
47.2222
47.4993
47.8121
48.171
48.577
49.0042
49.4316
49.8694
50.3141
50.7688
51.2495
51.7488
52.2184
52.6443
53.0383
53.4184
53.7827
54.1316
54.4738
54.8224
55.1843
55.5544
55.9339
56.3092
56.664
56.9983
57.3004
57.5933
57.905
58.2274
58.5561
58.894
59.249
59.6502
60.0721
60.485
60.8923
61.2708
61.597
61.8739
62.1166
62.3502
62.5962
62.8624
63.1511
63.4546
63.7605
64.0579
64.337
64.5948
64.8373
65.0707
65.2956
65.511
65.7133
65.9032
66.0828
66.259
66.4324
66.6012
66.7606
66.9079
67.0383
67.1497
67.2397
67.31
67.366
67.4165
67.4691
67.5283
67.5943
67.6676
67.7458
67.8319
67.9281
68.0377
68.1626
68.2984
68.4446
68.6148
68.8168
69.0509
69.3082
69.5769
69.8473
70.145
70.4705
70.8017
71.1256
71.4524
71.8015
72.1966
72.6416
73.1372
73.6827
74.2765
74.88
75.4352
75.8205
76.0544
76.2234
47.437
47.3864
47.3267
47.1866
46.9737
46.7343
46.5074
46.3167
46.1676
46.0522
45.9664
45.9097
45.8755
45.8517
45.8271
45.8
45.7772
45.7609
45.7551
45.7551
45.7544
45.7461
45.716
45.6651
45.5887
45.5041
45.4245
45.3639
45.3186
45.2481
45.1535
45.0545
44.9613
44.8873
44.8333
44.7854
44.7457
44.7167
44.7081
44.7098
44.7075
44.7063
44.7025
44.6919
44.69
44.6551
44.5885
44.5065
44.4235
44.356
44.3199
44.3128
44.326
44.3573
44.3907
44.4141
44.4221
44.4208
44.4214
44.431
44.4538
44.4762
44.5092
44.5332
44.5121
44.4553
44.3817
44.3001
44.2371
44.2107
44.2374
44.3074
44.4187
44.5325
44.616
44.6668
44.6561
44.5922
44.5127
44.4682
44.4788
44.5469
44.6492
44.7659
44.8811
44.9939
45.1109
45.2355
45.3684
45.4867
45.583
45.657
45.7076
45.7589
45.7934
45.8467
45.9647
46.1401
46.3858
46.6774
46.9986
47.3375
47.7041
48.093
48.4887
48.8887
49.3066
49.7498
50.2311
50.741
51.2503
51.7262
52.1627
52.5492
52.9099
53.2546
53.5881
53.9282
54.2897
54.6752
55.0672
55.4609
55.8377
56.1948
56.5294
56.8219
57.1018
57.402
57.7178
58.0486
58.4067
58.7863
59.1975
59.6287
60.0412
60.436
60.7943
61.0974
61.3562
61.5901
61.8186
62.0679
62.3461
62.6532
62.9781
63.3073
63.6279
63.9264
64.1953
64.4399
64.6709
64.893
65.1099
65.3184
65.5165
65.7096
65.9001
66.0846
66.2614
66.4278
66.5801
66.7139
66.8236
66.909
66.9734
67.0259
67.0764
67.1327
67.196
67.2671
67.343
67.4237
67.5107
67.6073
67.7128
67.8333
67.9641
68.1079
68.2806
68.4912
68.7338
68.9946
69.2609
69.5374
69.8352
70.1524
70.4694
70.79
71.1236
71.4824
71.8676
72.2884
72.751
73.2701
73.8504
74.4584
75.032
75.4657
75.7656
76.0091
47.4254
47.3156
47.1772
46.9698
46.7118
46.447
46.2087
46.0185
45.8808
45.7852
45.7258
45.6944
45.6768
45.6617
45.6408
45.6158
45.5928
45.5749
45.5666
45.5629
45.556
45.5407
45.4979
45.4243
45.3283
45.2291
45.1465
45.0756
45.0076
44.9185
44.8183
44.7176
44.6243
44.5543
44.4934
44.4307
44.3796
44.343
44.3355
44.3504
44.366
44.3732
44.377
44.3638
44.3415
44.2784
44.1814
44.0738
43.976
43.9141
43.8933
43.8998
43.9315
43.9761
44.0064
44.0117
43.9989
43.9871
43.9837
43.9962
44.0273
44.0693
44.1153
44.1326
44.0961
44.0329
43.9481
43.832
43.7226
43.6588
43.6701
43.7476
43.88
44.0194
44.1186
44.1703
44.1576
44.098
44.0283
43.9883
44.0042
44.0754
44.1773
44.2949
44.4142
44.5254
44.6334
44.7403
44.8424
44.933
45.0105
45.0633
45.0993
45.1229
45.1335
45.1701
45.2764
45.4553
45.7254
46.0599
46.4261
46.7925
47.1527
47.5126
47.8633
48.2218
48.609
49.0424
49.5263
50.0539
50.6003
51.1031
51.5468
51.9276
52.2752
52.595
52.8979
53.2184
53.5719
53.9606
54.3722
54.8008
55.2127
55.5899
55.9245
56.2153
56.4849
56.7737
57.0821
57.4082
57.7782
58.1836
58.6177
59.057
59.4723
59.8512
60.1806
60.455
60.6885
60.9072
61.133
61.3892
61.6825
62.0114
62.3634
62.7194
63.0643
63.38
63.6591
63.9079
64.14
64.3629
64.5829
64.7975
65.0062
65.2133
65.4199
65.6181
65.8021
65.969
66.1172
66.2434
66.3462
66.4259
66.4845
66.5302
66.5763
66.6299
66.6933
66.7642
66.8421
66.9263
67.0207
67.1226
67.231
67.3528
67.4915
67.6439
67.8254
68.0438
68.2905
68.5522
68.8261
69.1119
69.4243
69.7556
70.0936
70.4301
70.7678
71.1112
71.4727
71.8558
72.2754
72.7526
73.3104
73.9181
74.5412
75.0469
75.4284
75.7583
47.3815
47.2265
47.0054
46.7354
46.4337
46.1431
45.8907
45.6969
45.5658
45.4875
45.4549
45.4471
45.4453
45.4392
45.4226
45.3998
45.3791
45.3655
45.3566
45.349
45.3373
45.3151
45.2632
45.1738
45.0609
44.9516
44.8636
44.7831
44.6977
44.5978
44.4919
44.3831
44.2778
44.1939
44.118
44.0447
43.9782
43.9318
43.9203
43.9388
43.9712
44.0036
44.0282
44.0218
43.987
43.9063
43.7945
43.6727
43.5632
43.5012
43.4895
43.5041
43.5473
43.5966
43.6129
43.593
43.5575
43.5325
43.5181
43.5243
43.558
43.6098
43.6644
43.6851
43.6536
43.5909
43.4906
43.3462
43.1999
43.0994
43.0829
43.1494
43.2857
43.4338
43.5446
43.6065
43.6048
43.5605
43.5076
43.4744
43.4917
43.557
43.6484
43.7559
43.8644
43.967
44.0574
44.1375
44.2127
44.2846
44.3483
44.3955
44.4215
44.434
44.4469
44.4826
44.5886
44.7783
45.0607
45.4101
45.7861
46.1569
46.5037
46.8349
47.1514
47.4802
47.8403
48.2567
48.7393
49.2693
49.8184
50.3378
50.8001
51.1962
51.5454
51.8489
52.1238
52.419
52.7527
53.1366
53.5625
54.0165
54.4597
54.8648
55.2106
55.5071
55.7832
56.0732
56.3763
56.7022
57.0776
57.4981
57.946
58.3891
58.8015
59.1646
59.4678
59.7208
59.9437
60.1523
60.3687
60.6229
60.9232
61.2667
61.6373
62.0131
62.3761
62.7072
62.998
63.2572
63.4964
63.7245
63.9483
64.1707
64.3903
64.6091
64.8257
65.0327
65.221
65.3883
65.531
65.6501
65.7446
65.8174
65.869
65.9103
65.9517
66.0022
66.0617
66.1294
66.2042
66.2895
66.3863
66.4926
66.6069
66.7406
66.8929
67.0646
67.2622
67.4981
67.757
68.0286
68.3154
68.6265
68.9567
69.3081
69.666
70.02
70.3625
70.699
71.0308
71.3777
71.7537
72.2
72.7398
73.3556
74.0065
74.5888
75.0573
75.4881
47.2948
47.1169
46.8401
46.5242
46.1892
45.8784
45.6125
45.4116
45.2808
45.2133
45.1981
45.2046
45.2089
45.2032
45.1886
45.1715
45.1569
45.1463
45.1376
45.1257
45.1067
45.0741
45.0115
44.9112
44.7893
44.6762
44.5841
44.4952
44.3985
44.2915
44.1792
44.0614
43.9441
43.8374
43.7387
43.6511
43.5733
43.5225
43.5092
43.5304
43.5699
43.6204
43.664
43.6784
43.649
43.5688
43.4538
43.3302
43.2294
43.174
43.1639
43.1766
43.2095
43.2399
43.2318
43.1879
43.1256
43.0753
43.0468
43.0465
43.0803
43.1342
43.1887
43.2121
43.1889
43.1261
43.0119
42.8487
42.6741
42.5457
42.5034
42.5506
42.6708
42.8123
42.928
42.9998
43.0146
42.992
42.9567
42.9351
42.9555
43.0103
43.0883
43.18
43.2714
43.3573
43.4242
43.4772
43.5291
43.5876
43.6464
43.6952
43.7262
43.7429
43.7726
43.8314
43.9506
44.1461
44.422
44.7603
45.125
45.4866
45.8254
46.1367
46.4362
46.7481
47.0957
47.4971
47.9598
48.4739
49.01
49.5307
50.0051
50.418
50.7721
51.0732
51.338
51.6139
51.9261
52.2942
52.7161
53.176
53.6344
54.06
54.4298
54.7465
55.0388
55.3323
55.6342
55.9633
56.3349
56.7519
57.1923
57.6276
58.0248
58.3699
58.6624
58.9121
59.1357
59.3468
59.5637
59.8155
60.1171
60.4629
60.838
61.2187
61.5892
61.9304
62.2327
62.5031
62.7532
62.9907
63.2231
63.4548
63.6847
63.9104
64.1321
64.3432
64.535
64.7025
64.8434
64.9585
65.0474
65.1154
65.1672
65.2084
65.249
65.2926
65.3445
65.4022
65.4698
65.5503
65.6465
65.7566
65.8817
66.0283
66.2003
66.393
66.6101
66.8576
67.1309
67.4182
67.7286
68.06
68.414
68.7874
69.1687
69.5424
69.902
70.2339
70.5557
70.8839
71.2539
71.6753
72.2127
72.823
73.5028
74.1335
74.7073
75.1992
47.1952
47.0147
46.7119
46.3679
46.0088
45.6809
45.4015
45.1922
45.0576
44.9915
44.9793
44.9874
44.988
44.9771
44.9614
44.9485
44.9396
44.9319
44.9205
44.8958
44.8574
44.806
44.7294
44.624
44.5014
44.3895
44.2975
44.2061
44.1072
43.9971
43.8776
43.7516
43.627
43.5061
43.3915
43.2917
43.2051
43.1519
43.1389
43.1579
43.2009
43.2605
43.3183
43.349
43.3371
43.2793
43.1862
43.0807
42.9944
42.9474
42.9327
42.9292
42.9361
42.9366
42.8953
42.8173
42.7271
42.6485
42.5947
42.5769
42.5998
42.6476
42.6999
42.7253
42.7068
42.638
42.5094
42.3306
42.1405
41.9986
41.9442
41.9787
42.081
42.2096
42.332
42.4152
42.4456
42.4434
42.4316
42.4257
42.4456
42.4934
42.5594
42.6309
42.699
42.7577
42.7988
42.8288
42.8633
42.9073
42.9585
43.0035
43.042
43.0816
43.1389
43.2285
43.3728
43.579
43.846
44.1648
44.5072
44.8509
45.1776
45.4774
45.776
46.0851
46.4258
46.8156
47.2583
47.7463
48.2559
48.7601
49.2318
49.6504
50.0091
50.3148
50.581
50.8448
51.1349
51.481
51.8848
52.3336
52.7886
53.221
53.6094
53.9481
54.2546
54.5562
54.8657
55.194
55.5537
55.9511
56.3679
56.7805
57.159
57.4912
57.7777
58.0317
58.2654
58.4908
58.7216
58.9805
59.2826
59.6223
59.9889
60.3611
60.7271
61.0706
61.3791
61.6597
61.9219
62.1718
62.4152
62.6572
62.8959
63.1272
63.3522
63.5668
63.7603
63.9297
64.0726
64.1897
64.2804
64.3516
64.4071
64.4506
64.4894
64.5259
64.5663
64.6137
64.6723
64.7476
64.843
64.9578
65.0918
65.2546
65.4427
65.6528
65.8845
66.143
66.4254
66.729
67.055
67.4071
67.7817
68.174
68.5742
68.9758
69.3536
69.7057
70.0397
70.3751
70.7443
71.1754
71.7253
72.3558
73.052
73.745
74.3614
74.914
47.1313
46.9558
46.6427
46.2822
45.9056
45.5627
45.2699
45.0498
44.9058
44.8317
44.8113
44.8096
44.7995
44.7798
44.7594
44.7464
44.7403
44.7322
44.7096
44.6611
44.5926
44.5176
44.4266
44.3193
44.2019
44.099
44.0143
43.9295
43.8361
43.7279
43.6056
43.4806
43.3575
43.2361
43.1206
43.0163
42.9268
42.8693
42.8517
42.8644
42.9021
42.9589
43.0253
43.0683
43.0781
43.0479
42.9856
42.9129
42.8573
42.8266
42.8041
42.7793
42.7521
42.7137
42.6395
42.528
42.4016
42.2839
42.196
42.1482
42.1481
42.18
42.2221
42.2439
42.223
42.1444
42.0041
41.8182
41.6322
41.4997
41.4546
41.4899
41.5872
41.7145
41.8395
41.9321
41.9772
41.9894
41.9944
42.0049
42.0287
42.0744
42.1267
42.1764
42.2202
42.2506
42.2661
42.2712
42.2808
42.302
42.3408
42.3892
42.4457
42.5159
42.607
42.7317
42.9014
43.1189
43.3811
43.679
43.9928
44.3107
44.6242
44.9278
45.2292
45.543
45.8817
46.253
46.6649
47.1173
47.592
48.0651
48.5166
48.9282
49.2862
49.5961
49.8681
50.1259
50.3995
50.7225
51.1003
51.5239
51.9602
52.3854
52.7758
53.1256
53.4456
53.7559
54.0712
54.3961
54.7411
55.1117
55.4949
55.8745
56.2317
56.5516
56.8359
57.0991
57.3481
57.5937
57.8469
58.1208
58.4277
58.7599
59.111
59.4679
59.8201
60.1601
60.4711
60.7584
61.031
61.2922
61.5464
61.7976
62.0423
62.2802
62.5108
62.7278
62.9219
63.092
63.2386
63.3599
63.4582
63.5389
63.6037
63.6526
63.6929
63.7263
63.7589
63.7962
63.8473
63.9125
64.0016
64.1164
64.2597
64.4364
64.6417
64.8659
65.1111
65.3756
65.6649
65.9787
66.319
66.6846
67.0778
67.4859
67.9057
68.3249
68.7304
69.1053
69.4712
69.8346
70.2512
70.7246
71.3061
71.9465
72.6652
73.384
74.0638
74.6112
47.1302
46.9598
46.6427
46.2709
45.8809
45.5236
45.2164
44.9829
44.8245
44.7354
44.6977
44.6798
44.6563
44.6256
44.5975
44.5802
44.5703
44.5548
44.5131
44.436
44.3396
44.2431
44.1376
44.0278
43.9171
43.8215
43.7459
43.6775
43.5995
43.5006
43.3854
43.2728
43.1656
43.0599
42.9566
42.858
42.7727
42.7111
42.6827
42.6796
42.6999
42.7436
42.8015
42.847
42.8729
42.8709
42.8451
42.8123
42.7918
42.7837
42.7621
42.7202
42.6629
42.586
42.4751
42.329
42.1649
42.0046
41.8739
41.7857
41.7476
41.75
41.7723
41.7848
41.7568
41.6699
41.5289
41.3578
41.2031
41.1074
41.0924
41.1438
41.248
41.382
41.5086
41.6028
41.658
41.6833
41.6994
41.7177
41.7466
41.7885
41.8297
41.8568
41.8688
41.8624
41.8436
41.8193
41.8039
41.8062
41.8348
41.887
41.9632
42.0653
42.1919
42.3537
42.5517
42.7822
43.042
43.3225
43.6145
43.9088
44.2077
44.5079
44.8136
45.1275
45.459
45.8139
46.195
46.6046
47.0336
47.4646
47.8807
48.2721
48.6231
48.929
49.2007
49.4583
49.7239
50.027
50.3763
50.7649
51.1718
51.5746
51.9564
52.307
52.6317
52.9456
53.2611
53.5777
53.9057
54.2457
54.5936
54.9385
55.2712
55.5795
55.8645
56.1353
56.4013
56.6669
56.9452
57.2376
57.5533
57.8806
58.2156
58.5525
58.8892
59.2228
59.5375
59.8284
60.1102
60.3809
60.6455
60.9047
61.1553
61.3935
61.6235
61.8379
62.0323
62.205
62.3572
62.4841
62.5916
62.6823
62.7576
62.8141
62.857
62.893
62.9255
62.9579
63.0039
63.0622
63.1419
63.2532
63.4027
63.5918
63.8115
64.0503
64.2993
64.5705
64.8627
65.1822
65.5311
65.903
66.3016
66.7243
67.1573
67.5914
68.0185
68.4295
68.841
69.2596
69.7439
70.2814
70.9061
71.5993
72.333
73.0922
73.734
74.3006
47.1946
47.027
46.707
46.3258
45.9238
45.5521
45.2307
44.9819
44.8064
44.6971
44.6358
44.5982
44.5622
44.5233
44.4885
44.4627
44.4415
44.4104
44.3471
44.2459
44.1291
44.0119
43.8911
43.777
43.673
43.5845
43.5203
43.4713
43.4136
43.334
43.2354
43.1435
43.0611
42.9805
42.8968
42.8131
42.7387
42.6765
42.6337
42.6064
42.6003
42.62
42.6588
42.698
42.7319
42.752
42.7581
42.7644
42.7809
42.7983
42.7901
42.7451
42.6692
42.5622
42.4165
42.2342
42.0318
41.8286
41.6505
41.5147
41.4261
41.3849
41.3757
41.3651
41.3225
41.2322
41.1083
40.9768
40.8797
40.8431
40.8718
40.9534
41.0713
41.2101
41.3401
41.4381
41.5019
41.5357
41.559
41.5844
41.6167
41.6496
41.6713
41.669
41.6439
41.5963
41.5416
41.4874
41.4476
41.4326
41.4535
41.5095
41.5998
41.7277
41.8897
42.0859
42.3117
42.5575
42.8202
43.0888
43.3635
43.6374
43.9235
44.2124
44.513
44.8215
45.1384
45.4736
45.8253
46.1952
46.579
46.9656
47.3427
47.7028
48.0351
48.3353
48.6026
48.8567
49.114
49.3981
49.7195
50.0698
50.4399
50.8103
51.1687
51.5065
51.8255
52.1321
52.4387
52.741
53.0502
53.3621
53.6776
53.9925
54.3
54.5958
54.8768
55.156
55.4366
55.7212
56.0171
56.3245
56.6461
56.9732
57.2968
57.6192
57.9436
58.2683
58.5819
58.8763
59.1626
59.4442
59.7172
59.9832
60.2372
60.4763
60.7014
60.9109
61.1025
61.2749
61.4311
61.5656
61.6793
61.78
61.8652
61.931
61.9835
62.0301
62.0715
62.1098
62.1571
62.2108
62.2805
62.3835
62.5327
62.73
62.9623
63.2119
63.468
63.7371
64.0304
64.3478
64.6955
65.0662
65.4653
65.8913
66.3375
66.7818
67.235
67.6754
68.1424
68.6243
69.1926
69.8006
70.5006
71.2361
71.9989
72.7528
73.4502
73.9616
47.3046
47.1333
46.8087
46.4197
46.0102
45.629
45.2984
45.0383
44.8491
44.7209
44.6344
44.5716
44.5195
44.4726
44.4311
44.3958
44.3624
44.3148
44.2316
44.1111
43.9812
43.8475
43.7126
43.5943
43.4978
43.418
43.3684
43.3377
43.3007
43.2446
43.1711
43.1082
43.0544
42.9984
42.9343
42.8674
42.7997
42.7381
42.6839
42.6341
42.6003
42.5903
42.6037
42.6309
42.6633
42.6938
42.7225
42.7617
42.8131
42.86
42.8752
42.8416
42.76
42.6316
42.4569
42.2449
42.01
41.7711
41.5476
41.3557
41.2073
41.1141
41.061
41.0143
40.9516
40.862
40.766
40.6876
40.6564
40.6864
40.7675
40.8876
41.0296
41.1799
41.3186
41.4261
41.4994
41.5395
41.5608
41.5813
41.6078
41.6276
41.6287
41.596
41.5336
41.4488
41.3627
41.2797
41.2161
41.1844
41.1941
41.2534
41.3531
41.4981
41.6868
41.9101
42.1591
42.4167
42.6842
42.9434
43.2071
43.4643
43.7361
44.0121
44.301
44.5976
44.8958
45.2078
45.5327
45.8673
46.2105
46.5559
46.8946
47.2202
47.5249
47.8097
48.0689
48.3165
48.5641
48.8281
49.1203
49.4315
49.7611
50.092
50.4214
50.7347
51.0401
51.3288
51.6196
51.9014
52.1893
52.475
52.7601
53.0483
53.3334
53.616
53.8927
54.174
54.4623
54.7566
55.0616
55.3755
55.7011
56.0287
56.3486
56.6641
56.9814
57.297
57.6073
57.9035
58.1929
58.4789
58.7578
59.0266
59.2848
59.523
59.7439
59.9456
60.1365
60.3075
60.4654
60.6043
60.7256
60.8351
60.9316
61.0089
61.0731
61.1338
61.1891
61.2358
61.2901
61.3471
61.4172
61.5158
61.6643
61.8626
62.1005
62.3542
62.6115
62.8806
63.168
63.4785
63.8186
64.18
64.5754
65.0002
65.4542
65.9086
66.3885
66.8624
67.387
67.926
68.5638
69.2518
70.0141
70.8323
71.6347
72.4448
73.0923
73.6695
47.4301
47.2489
46.913
46.5168
46.1065
45.7261
45.3968
45.1353
44.9425
44.8039
44.6987
44.6129
44.5426
44.4841
44.4328
44.3877
44.344
44.283
44.1842
44.0534
43.917
43.7742
43.6289
43.5046
43.4134
43.344
43.3082
43.2944
43.276
43.2425
43.1975
43.1649
43.1385
43.1046
43.0593
43.0051
42.9443
42.8837
42.8174
42.7472
42.6866
42.6456
42.6309
42.6388
42.6624
42.694
42.7351
42.7963
42.875
42.9508
42.9949
42.9836
42.9089
42.773
42.5807
42.3478
42.0895
41.8242
41.5631
41.3207
41.1189
40.9705
40.8636
40.7701
40.6812
40.5907
40.523
40.4961
40.5247
40.6169
40.7526
40.9148
41.0868
41.2531
41.4044
41.5226
41.604
41.6476
41.6629
41.6725
41.6849
41.6888
41.6693
41.6097
41.5159
41.4003
41.2875
41.1809
41.0965
41.048
41.0473
41.106
41.2105
41.3654
41.5723
41.8121
42.0755
42.3376
42.6093
42.8612
43.1162
43.3591
43.6166
43.8806
44.1531
44.4322
44.7096
44.9967
45.2918
45.5912
45.8958
46.2009
46.5016
46.7929
47.0677
47.3317
47.5789
47.8178
48.0547
48.2974
48.5627
48.8374
49.1302
49.4184
49.7163
49.9984
50.2824
50.5494
50.8171
51.0778
51.3419
51.6029
51.8615
52.1242
52.3857
52.6512
52.9192
53.1959
53.4837
53.7802
54.0881
54.4036
54.73
55.0568
55.3745
55.6855
55.9979
56.307
56.612
56.908
57.197
57.4814
57.7605
58.0262
58.2817
58.5188
58.7372
58.9386
59.1275
59.2988
59.456
59.6006
59.7274
59.8444
59.9505
60.0429
60.1213
60.1953
60.2647
60.3298
60.3987
60.4687
60.5495
60.6518
60.7975
60.9908
61.2231
61.4729
61.7267
61.989
62.2681
62.5734
62.9057
63.2574
63.6486
64.0587
64.5188
64.9757
65.4827
65.9863
66.5708
67.1663
67.865
68.6206
69.4467
70.3252
71.197
72.0531
72.8011
73.2801
47.5349
47.337
46.9844
46.5809
46.1772
45.8098
45.4974
45.2499
45.0686
44.932
44.8194
44.7187
44.6351
44.5685
44.511
44.4598
44.4086
44.3365
44.2274
44.0909
43.9517
43.8044
43.6517
43.5215
43.4326
43.3735
43.3511
43.3526
43.351
43.3336
43.3072
43.2951
43.2886
43.2748
43.2488
43.2069
43.153
43.0893
43.014
42.9272
42.8404
42.7688
42.724
42.7098
42.724
42.7534
42.7991
42.8717
42.9666
43.0648
43.1349
43.1482
43.0891
42.9573
42.7603
42.5166
42.2491
41.9722
41.6931
41.4158
41.1685
40.9665
40.8007
40.6549
40.5364
40.4391
40.3913
40.4032
40.4779
40.6177
40.7961
40.9929
41.1928
41.3767
41.542
41.6704
41.7591
41.8038
41.8143
41.8174
41.8196
41.8065
41.7639
41.6824
41.5623
41.4201
41.2829
41.1578
41.0589
41.0008
40.9941
41.0483
41.1562
41.3131
41.5265
41.7683
42.0378
42.3001
42.5706
42.8165
43.0652
43.3011
43.5433
43.7923
44.0492
44.3053
44.5574
44.8176
45.0804
45.3443
45.6093
45.874
46.1381
46.397
46.6428
46.8844
47.1179
47.3451
47.5718
47.7956
48.0384
48.278
48.5384
48.7841
49.0455
49.2961
49.5508
49.7945
50.0366
50.275
50.5125
50.7481
50.9784
51.2174
51.4545
51.7034
51.9587
52.2298
52.5118
52.8062
53.1111
53.4237
53.7432
54.0668
54.3806
54.6889
54.9946
55.2989
55.5952
55.8857
56.1689
56.4465
56.7178
56.9778
57.2276
57.4625
57.6792
57.8794
58.0667
58.2388
58.3994
58.5497
58.6833
58.8099
58.9281
59.0334
59.1275
59.2134
59.2996
59.3827
59.4697
59.5595
59.658
59.7696
59.9158
60.1014
60.3217
60.5584
60.8063
61.0576
61.3338
61.6262
61.9552
62.289
62.6775
63.0725
63.5358
63.9901
64.5209
65.049
65.6798
66.3292
67.075
67.8966
68.7688
69.7283
70.6536
71.59
72.2885
72.9422
47.5908
47.3709
46.996
46.585
46.1942
45.8542
45.5764
45.3629
45.2105
45.0916
44.9857
44.8827
44.7944
44.7246
44.667
44.6125
44.5551
44.4766
44.3627
44.2246
44.0878
43.9414
43.7864
43.6538
43.5652
43.5151
43.5049
43.5159
43.5213
43.5057
43.4826
43.4767
43.4797
43.4776
43.4669
43.4358
43.3907
43.3299
43.2515
43.1474
43.0353
42.9367
42.866
42.8309
42.8311
42.8554
42.9069
42.9877
43.0894
43.1988
43.2859
43.32
43.2813
43.1614
42.9708
42.7308
42.4709
42.1956
41.9116
41.6139
41.3317
41.0862
40.8678
40.6705
40.5185
40.4036
40.3605
40.3934
40.4985
40.6692
40.8763
41.0947
41.3144
41.5127
41.6894
41.8309
41.9264
41.9758
41.9867
41.985
41.9761
41.945
41.8839
41.7817
41.6392
41.4753
41.3186
41.1788
41.0717
41.01
41.0054
41.0547
41.1643
41.318
41.5302
41.7648
42.0317
42.2892
42.5557
42.7997
43.0407
43.2702
43.5007
43.7324
43.9689
44.2012
44.4257
44.6574
44.8871
45.1141
45.3422
45.5692
45.7971
46.0224
46.243
46.4603
46.678
46.8887
47.1052
47.3076
47.5293
47.7369
47.9661
48.1785
48.4042
48.6222
48.8455
49.063
49.2789
49.4899
49.698
49.9071
50.1102
50.3261
50.5429
50.7744
51.0176
51.2794
51.5554
51.842
52.141
52.4455
52.7564
53.0709
53.3816
53.6848
53.9839
54.2774
54.5653
54.8434
55.1188
55.3839
55.645
55.8946
56.1377
56.366
56.5822
56.7803
56.9696
57.1435
57.3109
57.4666
57.6116
57.7471
57.8755
57.9916
58.1027
58.2011
58.3062
58.4052
58.5089
58.6182
58.7383
58.8643
59.0146
59.1916
59.3989
59.6183
59.8586
60.0958
60.3644
60.6392
60.9635
61.2855
61.6703
62.0465
62.508
62.9595
63.5114
64.0575
64.7162
65.4077
66.1863
67.0476
67.9658
68.9618
69.9583
70.9478
71.8076
72.3128
47.5839
47.3334
46.9323
46.5191
46.1539
45.8593
45.6346
45.474
45.3641
45.2743
45.1861
45.0934
45.008
44.938
44.8806
44.8231
44.7619
44.6819
44.569
44.4334
44.3015
44.1596
44.0091
43.88
43.7927
43.7485
43.7438
43.7561
43.7612
43.7421
43.708
43.6902
43.6858
43.6862
43.6879
43.6695
43.6294
43.569
43.4884
43.3794
43.2517
43.1296
43.0369
42.9832
42.9711
42.9929
43.0483
43.1309
43.2352
43.3466
43.439
43.4856
43.4654
43.362
43.1884
42.963
42.7175
42.4561
42.1801
41.8796
41.578
41.2985
41.037
40.7951
40.6103
40.4727
40.4187
40.4521
40.5742
40.7569
40.9728
41.196
41.4255
41.6348
41.8207
41.9747
42.0753
42.1304
42.1427
42.1359
42.1188
42.0713
41.991
41.8674
41.7095
41.5343
41.3679
41.2194
41.1118
41.0525
41.052
41.0999
41.2091
41.3567
41.5622
41.7906
42.0486
42.3029
42.5615
42.8035
43.034
43.2545
43.4741
43.6913
43.9049
44.1111
44.3075
44.5103
44.7076
44.9002
45.094
45.2859
45.4808
45.673
45.8689
46.0589
46.2586
46.4477
46.6478
46.83
47.0275
47.2089
47.4061
47.5908
47.7814
47.9694
48.1613
48.3541
48.5415
48.7272
48.9082
49.091
49.2713
49.4647
49.6639
49.8799
50.1108
50.3614
50.6259
50.9031
51.1904
51.485
51.7826
52.0849
52.3864
52.6833
52.9713
53.2511
53.5248
53.7904
54.0525
54.3075
54.5552
54.7954
55.0286
55.2529
55.4647
55.665
55.8539
56.033
56.2049
56.3703
56.524
56.6723
56.81
56.9392
57.0621
57.1745
57.296
57.4105
57.5273
57.6544
57.7863
57.9267
58.081
58.2539
58.4506
58.6551
58.884
59.1053
59.3678
59.6261
59.9464
60.2497
60.6342
60.988
61.4527
61.8963
62.4547
63.0199
63.6867
64.4031
65.1944
66.0753
67.0048
68.0244
69.0282
70.0749
70.8227
71.6262
47.5059
47.2263
46.8122
46.423
46.1033
45.8704
45.7117
45.6061
45.5341
45.4726
45.4076
45.334
45.2575
45.1883
45.1295
45.0699
45.0045
44.9242
44.8147
44.6846
44.5588
44.4252
44.2856
44.1653
44.0811
44.0381
44.0334
44.0444
44.0471
44.0176
43.9675
43.9293
43.9064
43.894
43.8921
43.8809
43.8425
43.7833
43.7051
43.5956
43.4644
43.3331
43.2284
43.164
43.1445
43.1616
43.2145
43.2947
43.3952
43.5
43.594
43.6465
43.639
43.5535
43.3973
43.19
42.9648
42.7245
42.4649
42.1755
41.8744
41.5804
41.2936
41.0199
40.8035
40.6375
40.5647
40.5849
40.6937
40.8637
41.078
41.3003
41.5281
41.7378
41.9217
42.0795
42.1892
42.2498
42.2661
42.2529
42.2259
42.1632
42.072
41.9333
41.7643
41.5843
41.4158
41.268
41.1659
41.1084
41.1139
41.164
41.2733
41.4195
41.6166
41.8371
42.0855
42.3321
42.5791
42.8163
43.038
43.2482
43.4563
43.6578
43.8478
44.0285
44.2
44.3742
44.5444
44.7052
44.8694
45.0279
45.1955
45.3558
45.5268
45.6881
45.865
46.027
46.2052
46.3649
46.5339
46.6921
46.856
47.0153
47.1749
47.334
47.4951
47.6627
47.8236
47.9847
48.1461
48.308
48.4731
48.6486
48.8329
49.0346
49.2521
49.4884
49.7391
50.0026
50.2746
50.5531
50.8363
51.1226
51.4106
51.694
51.9699
52.2334
52.4928
52.7445
52.9937
53.235
53.4718
53.7
53.9253
54.1408
54.3507
54.5482
54.7414
54.925
55.1061
55.2795
55.4462
55.6036
55.753
55.8902
56.0237
56.1451
56.2793
56.4028
56.5317
56.6686
56.8109
56.9561
57.1197
57.2848
57.4773
57.6644
57.8861
58.0879
58.3475
58.5853
58.9015
59.1855
59.5685
59.9119
60.368
60.8074
61.3648
61.9268
62.5855
63.2963
64.0817
64.9362
65.8471
66.8074
67.7893
68.7609
69.6446
70.151
47.4124
47.1171
46.7201
46.3767
46.1156
45.9419
45.8349
45.7657
45.7191
45.6792
45.6373
45.5848
45.5192
45.4516
45.3914
45.3302
45.2618
45.1809
45.0761
44.9525
44.8312
44.7065
44.5799
44.4697
44.3899
44.3445
44.3322
44.3367
44.3332
44.2984
44.2391
44.1771
44.1323
44.1055
44.0921
44.072
44.0324
43.9725
43.9008
43.7988
43.6698
43.5358
43.4342
43.3695
43.3442
43.3537
43.3983
43.4679
43.5606
43.6559
43.7414
43.7921
43.7945
43.726
43.5938
43.4108
43.204
42.9851
42.7496
42.4799
42.1911
41.898
41.6073
41.3174
41.0737
40.8834
40.7843
40.7763
40.8583
41.0077
41.2015
41.4061
41.6195
41.8222
42.0022
42.1567
42.266
42.324
42.3439
42.3252
42.2913
42.2184
42.1166
41.9728
41.8023
41.6224
41.4597
41.3172
41.2226
41.1696
41.1837
41.2363
41.3461
41.4923
41.6818
41.8977
42.1366
42.3725
42.6084
42.8381
43.048
43.2469
43.445
43.6274
43.7971
43.9532
44.1029
44.251
44.3985
44.532
44.6729
44.803
44.9456
45.0768
45.2236
45.3522
45.4996
45.6346
45.7806
45.9179
46.0573
46.1891
46.3238
46.4537
46.588
46.7169
46.8524
46.9917
47.1322
47.2704
47.4172
47.5634
47.7214
47.8838
48.0604
48.2481
48.4542
48.6728
48.9078
49.1516
49.4064
49.6644
49.9308
50.1985
50.4706
50.7358
50.9963
51.2439
51.4886
51.7271
51.9627
52.1913
52.4173
52.636
52.8511
53.0573
53.2622
53.4592
53.654
53.8433
54.0319
54.2133
54.3899
54.5575
54.7157
54.8622
55.0035
55.1339
55.2747
55.4039
55.5376
55.6773
55.8223
55.967
56.1344
56.2904
56.4811
56.6485
56.8682
57.0476
57.3081
57.5223
57.8371
58.1049
58.4801
58.8152
59.2638
59.6898
60.2283
60.7821
61.4114
62.0866
62.821
63.6099
64.435
65.2947
66.131
66.9545
67.4584
68.2472
47.3599
47.0786
46.7128
46.4209
46.2099
46.0714
45.9887
45.9368
45.903
45.8773
45.8495
45.8119
45.7619
45.7056
45.649
45.5876
45.5173
45.4352
45.3359
45.2174
45.0984
44.9798
44.8627
44.7572
44.6782
44.6282
44.6066
44.6009
44.5918
44.558
44.4979
44.4248
44.3626
44.3122
44.2791
44.2542
44.2203
44.1579
44.0833
43.9867
43.8706
43.7472
43.646
43.5786
43.5533
43.5594
43.5967
43.6534
43.7349
43.8182
43.8964
43.9408
43.9418
43.8828
43.7736
43.6176
43.4353
43.2347
43.0184
42.7706
42.501
42.216
41.9304
41.6407
41.3878
41.182
41.0572
41.018
41.0646
41.176
41.34
41.5208
41.7126
41.8971
42.0637
42.2031
42.3096
42.3651
42.3889
42.3648
42.3238
42.2417
42.1366
41.9922
41.8316
41.6578
41.5062
41.3713
41.2877
41.2396
41.2568
41.3121
41.4224
41.5689
41.7552
41.9656
42.1962
42.4223
42.6495
42.865
43.0681
43.256
43.441
43.6068
43.7592
43.8917
44.0237
44.1447
44.275
44.3851
44.5075
44.6119
44.7321
44.8367
44.9542
45.0552
45.1677
45.2707
45.3856
45.4918
45.6049
45.7063
45.8148
45.9165
46.0245
46.1272
46.2406
46.3533
46.4776
46.5961
46.7341
46.8697
47.0246
47.1788
47.3511
47.5279
47.7218
47.9236
48.1391
48.3619
48.5938
48.831
49.0755
49.3222
49.5728
49.8187
50.0591
50.2944
50.5248
50.7525
50.9757
51.1952
51.4111
51.6228
51.8285
52.0277
52.2256
52.4234
52.6173
52.8113
53.0052
53.1932
53.3773
53.5521
53.7184
53.8719
54.0209
54.1571
54.3018
54.4301
54.5682
54.6986
54.8498
54.98
55.1491
55.2847
55.4815
55.6201
55.8488
55.9981
56.2571
56.4512
56.7593
57.01
57.3819
57.6994
58.1306
58.5423
59.048
59.5688
60.1588
60.761
61.4158
62.074
62.7611
63.406
64.0005
64.4326
64.5524
64.1214
47.4153
47.1818
46.8576
46.5785
46.3731
46.2355
46.1608
46.116
46.0825
46.0596
46.0345
46.003
45.9636
45.914
45.8601
45.8038
45.7393
45.6615
45.5689
45.4555
45.3372
45.2193
45.1069
45.0059
44.9297
44.8775
44.8461
44.8282
44.8108
44.7777
44.7232
44.6521
44.5833
44.5244
44.4812
44.4449
44.4034
44.3423
44.2711
44.1823
44.0782
43.9634
43.8686
43.8035
43.7704
43.7681
43.7965
43.8482
43.9186
43.9873
44.0485
44.0829
44.084
44.0379
43.9473
43.8099
43.6454
43.4596
43.2611
43.0348
42.7832
42.5139
42.2388
41.9544
41.702
41.4866
41.3415
41.2742
41.2838
41.3563
41.485
41.6397
41.807
41.9684
42.1183
42.2403
42.3413
42.3908
42.4143
42.3861
42.3367
42.2504
42.1447
42.0011
41.854
41.6918
41.5563
41.4343
41.3592
41.3188
41.3325
41.3902
41.4989
41.6461
41.8288
42.033
42.2573
42.4791
42.7
42.9039
43.0995
43.2801
43.4539
43.6021
43.7404
43.8525
43.9682
44.0678
44.1804
44.2714
44.3738
44.4587
44.5543
44.633
44.7194
44.7902
44.8706
44.9401
45.0252
45.0995
45.1834
45.2575
45.3379
45.4145
45.4987
45.5788
45.6728
45.7608
45.8732
45.9755
46.1084
46.2349
46.3872
46.5348
46.7018
46.8701
47.0526
47.2383
47.4353
47.6355
47.8442
48.0566
48.2781
48.5004
48.7275
48.9526
49.1756
49.3975
49.6185
49.834
50.0512
50.2603
50.4717
50.6744
50.8763
51.0668
51.2637
51.4561
51.6533
51.8465
52.0475
52.2351
52.4277
52.6038
52.7802
52.9329
53.095
53.2291
53.3821
53.5006
53.645
53.7565
53.9072
54.0165
54.1839
54.2962
54.4946
54.6122
54.8367
54.965
55.2215
55.388
55.6967
55.9222
56.2841
56.5833
56.994
57.3705
57.8386
58.2923
58.8206
59.3194
59.8555
60.3352
60.7832
61.1107
61.2265
61.006
59.7414
57.643
47.4444
47.3627
47.058
46.7808
46.5729
46.425
46.3323
46.2716
46.2272
46.2013
46.1812
46.1552
46.1238
46.0865
46.0416
45.9868
45.9204
45.841
45.7507
45.6444
45.531
45.4188
45.3125
45.2151
45.1336
45.0727
45.0351
45.0131
44.9937
44.9607
44.912
44.8491
44.7838
44.7235
44.6726
44.6271
44.5828
44.5241
44.4528
44.3668
44.2715
44.1702
44.082
44.0156
43.9791
43.9718
43.9935
44.033
44.087
44.1422
44.1915
44.2186
44.2169
44.1741
44.0951
43.9742
43.8276
43.6529
43.4618
43.2459
43.0121
42.7564
42.4942
42.2247
41.9792
41.7646
41.6058
41.5164
41.4983
41.5407
41.6362
41.761
41.9027
42.0413
42.1748
42.2815
42.3706
42.4117
42.4276
42.3977
42.343
42.2542
42.1485
42.0118
41.8779
41.732
41.611
41.5062
41.4377
41.4057
41.4184
41.477
41.5819
41.7255
41.904
42.1046
42.3208
42.537
42.7501
42.9496
43.1401
43.3153
43.4801
43.6146
43.7408
43.8387
43.9387
44.0219
44.1182
44.1941
44.2777
44.3435
44.4127
44.4674
44.5229
44.566
44.6149
44.6559
44.7077
44.7532
44.8064
44.8525
44.9075
44.957
45.0227
45.0794
45.1609
45.2284
45.331
45.4217
45.5478
45.6661
45.8106
45.9508
46.1103
46.2698
46.4434
46.6144
46.797
46.9748
47.1635
47.3517
47.5511
47.749
47.9544
48.1587
48.3658
48.5733
48.783
48.9884
49.1974
49.3997
49.6037
49.8005
49.9976
50.1872
50.3851
50.5757
50.7758
50.9694
51.1757
51.3616
51.5623
51.7367
51.9225
52.0721
52.2445
52.3739
52.5265
52.6342
52.7741
52.8666
53.0075
53.0941
53.256
53.3396
53.5403
53.6272
53.8628
53.959
54.221
54.3548
54.6603
54.8547
55.2046
55.4685
55.8534
56.176
56.5943
56.9561
57.4008
57.7537
58.1384
58.3613
58.5095
58.3327
57.799
56.5076
54.1299
44.7494
-41.9985
-4.10695
-7.48081
-2.40359
-3.52133
-1.59785
-1.29749
-0.154336
0.335256
0.966473
1.29657
1.62404
1.66752
1.79767
1.70891
1.68815
1.58814
1.24589
0.817597
0.636449
-28.9378
-4.41048
-7.46649
-2.5259
-3.64176
-1.71867
-1.43092
-0.277297
0.212119
0.853786
1.18757
1.52832
1.57713
1.72098
1.63615
1.62317
1.54152
1.19234
0.754799
0.590378
-18.7522
-4.23603
-7.2956
-2.69696
-3.83419
-1.91116
-1.66221
-0.499387
-0.0192997
0.631564
0.967366
1.33063
1.38703
1.55616
1.48649
1.48429
1.43144
1.07338
0.618748
0.496963
-9.82511
-3.34058
-6.53189
-2.82594
-3.93937
-2.12588
-1.89619
-0.765166
-0.288564
0.35533
0.69461
1.07945
1.14537
1.34101
1.29633
1.29828
1.2817
0.930923
0.449181
0.364012
-2.29884
-1.58816
-5.24231
-2.82864
-3.88883
-2.3153
-2.07623
-1.03629
-0.557239
0.0629913
0.399216
0.804967
0.884692
1.09876
1.08678
1.0877
1.09811
0.787178
0.278966
0.218334
3.85039
0.87022
-3.49595
-2.54828
-3.62704
-2.41828
-2.1727
-1.26965
-0.799209
-0.212992
0.110965
0.528075
0.625333
0.844868
0.866082
0.86123
0.878779
0.639773
0.126722
0.07494
8.87845
3.7398
-1.41196
-1.92309
-3.15182
-2.39721
-2.18225
-1.43491
-0.995768
-0.449513
-0.144587
0.266698
0.382512
0.593705
0.639852
0.629427
0.631126
0.477142
-0.00433624
-0.0558717
13.0842
6.74372
0.872746
-0.973808
-2.48981
-2.2252
-2.09518
-1.50405
-1.11922
-0.619299
-0.337542
0.045948
0.176658
0.364919
0.419499
0.404593
0.37127
0.291637
-0.116976
-0.165399
16.7116
9.71069
3.255
0.249737
-1.65144
-1.87232
-1.87535
-1.43752
-1.12697
-0.688586
-0.436731
-0.102157
0.0317114
0.181793
0.22239
0.196899
0.120178
0.0923554
-0.215369
-0.24865
19.8922
12.5339
5.64278
1.68916
-0.650593
-1.32503
-1.49958
-1.21713
-0.993304
-0.635803
-0.42311
-0.153491
-0.0374643
0.0595408
0.0634747
0.0179408
-0.095852
-0.0946444
-0.303216
-0.307518
22.6886
15.1497
7.96302
3.27025
0.475522
-0.603028
-0.973643
-0.851966
-0.718142
-0.458251
-0.29561
-0.103554
-0.0316074
-0.00239928
-0.0485962
-0.118365
-0.254415
-0.242367
-0.381987
-0.346837
25.1475
17.5294
10.1502
4.90225
1.67812
0.246238
-0.325777
-0.369216
-0.32909
-0.177926
-0.0831094
0.0170444
0.0251977
-0.0198477
-0.110387
-0.200957
-0.341028
-0.331668
-0.440825
-0.367752
27.3345
19.6794
12.1667
6.51488
2.91891
1.17492
0.403128
0.187584
0.120912
0.153574
0.164786
0.169742
0.110992
-1.5869e-05
-0.116478
-0.221432
-0.34573
-0.348881
-0.4599
-0.362961
29.2933
21.6023
13.9686
8.03831
4.14831
2.12617
1.15306
0.752265
0.564424
0.479826
0.409046
0.332433
0.220064
0.0652767
-0.0585674
-0.172919
-0.266703
-0.288727
-0.420527
-0.324642
31.0781
23.2968
15.5262
9.41129
5.30287
3.02953
1.85429
1.26819
0.960563
0.770814
0.633497
0.50163
0.357741
0.184361
0.065722
-0.0534542
-0.110465
-0.154759
-0.317384
-0.250797
32.7139
24.7434
16.8192
10.5904
6.31815
3.8171
2.44901
1.69951
1.28848
1.01652
0.832666
0.672514
0.518328
0.34748
0.240946
0.121501
0.0991284
0.0296432
-0.163876
-0.150453
34.1887
25.911
17.8461
11.5562
7.14871
4.44547
2.90578
2.02811
1.54045
1.2127
1.00363
0.833129
0.680368
0.522481
0.426385
0.307295
0.308114
0.216652
0.00367502
-0.0459151
35.4326
26.7227
18.566
12.2595
7.74333
4.8785
3.20853
2.24789
1.71467
1.35744
1.13877
0.964809
0.814117
0.666609
0.574217
0.45392
0.464945
0.359303
0.142976
0.0371614
36.3936
27.1552
18.9455
12.6357
8.04621
5.08342
3.34076
2.34338
1.79521
1.43201
1.21262
1.03724
0.886624
0.743847
0.651836
0.53115
0.544396
0.435792
0.228158
0.0857199
36.6266
27.188
19.0156
12.7151
8.10735
5.12454
3.36711
2.36375
1.81213
1.44642
1.22576
1.04922
0.898949
0.758578
0.668228
0.550172
0.563534
0.456718
0.262528
0.106613
)
;

boundaryField
{
    inlet
    {
        type            calculated;
        value           nonuniform List<scalar> 
20
(
87.3872
84.2769
82.3123
80.7774
79.5292
78.5452
77.7893
77.2364
76.8757
76.6955
76.6886
76.8577
77.2095
77.7562
78.5103
79.4923
80.7389
82.2732
84.2369
87.3464
)
;
    }
    outlet
    {
        type            calculated;
        value           uniform 0;
    }
    walls
    {
        type            calculated;
        value           nonuniform List<scalar> 
520
(
87.3464
74.9746
67.5343
63.9693
62.0432
60.619
59.3867
58.2472
57.192
56.1722
55.1972
54.2274
53.3034
52.3897
51.5463
50.7295
50.019
49.3655
48.8676
48.5259
48.49
48.4516
48.388
48.3055
48.2064
48.0959
47.9834
47.8778
47.7835
47.7015
47.6305
47.5687
47.5145
47.4664
47.4234
47.3848
47.3499
47.3184
47.2896
47.2634
47.2397
47.2182
47.199
47.1819
47.1665
47.1524
47.1392
47.1261
47.1127
47.0986
47.0834
47.0675
47.0511
47.0348
47.019
47.004
46.9898
46.9759
46.9621
46.9478
46.9333
46.9195
46.9073
46.8979
46.8915
46.8884
46.889
46.8931
46.9002
46.9097
46.9216
46.9358
46.9528
46.9734
46.9982
47.0264
47.057
47.0886
47.1204
47.1519
47.1833
47.2144
47.2446
47.2736
47.3016
47.3292
47.3561
47.3822
47.407
47.4299
47.4495
47.4647
47.4742
47.4771
47.477
47.4807
47.492
47.5105
47.5307
47.5461
47.5548
47.56
47.5642
47.558
47.5533
47.5816
47.6105
47.7093
47.7368
47.8406
47.8564
47.9692
47.9841
48.1353
48.2159
48.4401
48.5601
48.7993
48.9258
49.1724
49.2849
49.509
49.5842
49.7665
49.8032
49.9448
49.9681
50.1299
50.1561
50.3016
50.3171
50.4608
50.5037
50.7007
50.8116
51.0613
51.1996
51.4737
51.6174
51.9103
52.0514
52.3566
52.496
52.8225
52.9744
53.2932
53.444
53.744
53.8795
54.1547
54.2961
54.5806
54.7415
55.0388
55.2084
55.4861
55.6311
55.8771
56.0225
56.2757
56.4128
56.7452
56.8997
57.294
57.402
57.8598
57.808
58.3772
58.2232
58.843
58.5855
59.2065
58.947
59.5874
59.3306
59.9561
59.6929
60.3126
60.1569
60.8017
60.582
61.4107
61.0914
62.0218
61.6223
62.4567
61.9246
62.6217
62.1077
62.7756
62.2811
62.8988
62.3906
63.1156
62.4067
63.1006
62.2191
62.8396
61.8183
62.2794
61.3051
61.4908
60.4162
60.69
59.3731
59.8055
58.1552
58.858
57.011
57.3886
55.4973
55.1915
53.1908
52.3074
50.4045
48.7954
46.8764
45.1033
43.1374
41.1979
36.6266
27.188
19.0156
12.7151
8.10735
5.12454
3.36711
2.36375
1.81213
1.44642
1.22576
1.04922
0.898949
0.758578
0.668228
0.550172
0.563534
0.456718
0.262528
0.106613
87.3872
74.9395
67.5256
63.9556
62.0545
60.6116
59.3917
58.2326
57.191
56.1492
55.1862
54.1889
53.2704
52.3171
51.4616
50.5797
49.8058
49.0194
48.3227
47.5608
47.4871
47.4521
47.437
47.4254
47.3815
47.2948
47.1952
47.1313
47.1302
47.1946
47.3046
47.4301
47.5349
47.5908
47.5839
47.5059
47.4124
47.3599
47.4153
47.4444
47.4871
47.487
47.5027
47.43
47.2627
47.054
46.8462
46.6594
46.4982
46.3628
46.2509
46.1661
46.1128
46.08
46.0487
46.0297
46.0236
46.0125
46.0002
45.9928
45.9931
46.0015
45.9918
45.9609
45.9158
45.8561
45.8009
45.7679
45.7493
45.7112
45.6319
45.526
45.4219
45.3461
45.3011
45.2679
45.2279
45.1846
45.1497
45.1222
45.1065
45.1209
45.1462
45.1828
45.2385
45.2636
45.2405
45.1773
45.0855
44.9988
44.9498
44.9317
44.9283
44.9358
44.965
45.0082
45.0449
45.0577
45.0512
45.0368
45.0407
45.0618
45.0789
45.096
45.1023
45.0954
45.0657
45.0347
45.0212
45.0151
45.0394
45.0936
45.1699
45.2492
45.3116
45.3583
45.3715
45.3307
45.2618
45.2172
45.2194
45.2755
45.369
45.4806
45.5698
45.6281
45.7122
45.8368
45.9828
46.1213
46.2523
46.3768
46.4893
46.6063
46.7112
46.8295
46.9928
47.1696
47.3604
47.5742
47.8191
48.1127
48.4649
48.8742
49.3095
49.7489
50.1917
50.64
51.091
51.553
52.0235
52.4822
52.9168
53.3185
53.6989
54.0595
54.4028
54.7347
55.0724
55.4295
55.8032
56.1889
56.5676
56.9191
57.2477
57.5615
57.8644
58.1771
58.4948
58.8115
59.1336
59.4816
59.8808
60.2975
60.7092
61.1185
61.5014
61.8351
62.1189
62.3676
62.6054
62.8498
63.1129
63.3953
63.6915
63.9884
64.2761
64.5475
64.8019
65.0446
65.2791
65.5029
65.7126
65.9087
66.0936
66.2672
66.4358
66.6018
66.7642
66.9183
67.0615
67.1893
67.2997
67.3893
67.4598
67.5163
67.5663
67.6166
67.6732
67.7369
67.8093
67.8886
67.977
68.0787
68.197
68.3294
68.4685
68.6152
68.7832
68.9836
69.2134
69.4671
69.7354
70.0176
70.3246
70.6505
70.9828
71.3118
71.6383
71.987
72.3816
72.8299
73.3334
73.8912
74.4962
75.1
75.6486
76.0255
76.2367
76.3638
76.3638
76.2234
76.0091
75.7583
75.4881
75.1992
74.914
74.6112
74.3006
73.9616
73.6695
73.2801
72.9422
72.3128
71.6262
70.151
68.2472
64.1214
57.643
44.7494
-41.9985
-4.10695
-7.48081
-2.40359
-3.52133
-1.59785
-1.29749
-0.154336
0.335256
0.966473
1.29657
1.62404
1.66752
1.79767
1.70891
1.68815
1.58814
1.24589
0.817597
0.636449
)
;
    }
    frontAndBack
    {
        type            empty;
    }
}


// ************************************************************************* //
