/*--------------------------------*- C++ -*----------------------------------*\
| =========                 |                                                 |
| \\      /  F ield         | OpenFOAM: The Open Source CFD Toolbox           |
|  \\    /   O peration     | Version:  2.4.0                                 |
|   \\  /    A nd           | Web:      www.OpenFOAM.org                      |
|    \\/     M anipulation  |                                                 |
\*---------------------------------------------------------------------------*/
FoamFile
{
    version     2.0;
    format      ascii;
    class       volScalarField;
    location    "1.44";
    object      pPrime2Mean;
}
// * * * * * * * * * * * * * * * * * * * * * * * * * * * * * * * * * * * * * //

dimensions      [0 4 -4 0 0 0 0];

internalField   nonuniform List<scalar> 
8800
(
449183
437854
425699
413647
401760
390045
378504
367135
355939
344914
334061
323378
312861
302505
292299
282225
272243
262278
252147
241288
449198
437855
425698
413646
401759
390045
378504
367135
355939
344915
334062
323378
312861
302507
292301
282231
272253
262301
252203
241472
449208
437855
425695
413644
401759
390044
378503
367135
355939
344915
334062
323379
312863
302510
292307
282242
272274
262345
252305
241830
449216
437855
425692
413642
401758
390044
378503
367134
355939
344915
334063
323381
312865
302514
292315
282257
272305
262407
252447
242246
449223
437855
425689
413640
401757
390044
378503
367134
355939
344915
334063
323382
312868
302520
292326
282277
272343
262485
252619
242677
449228
437855
425687
413638
401756
390044
378503
367134
355939
344915
334064
323384
312872
302526
292339
282300
272389
262574
252807
243098
449231
437856
425686
413637
401756
390044
378503
367134
355939
344916
334065
323386
312876
302534
292353
282327
272439
262672
253004
243497
449234
437856
425685
413636
401755
390044
378503
367134
355939
344916
334067
323388
312881
302542
292369
282356
272493
262774
253202
243870
449236
437856
425684
413635
401755
390044
378503
367135
355939
344917
334068
323391
312886
302551
292385
282386
272550
262879
253396
244212
449237
437857
425684
413635
401754
390044
378504
367135
355940
344918
334069
323394
312891
302560
292402
282417
272606
262982
253581
244523
449237
437857
425684
413635
401754
390044
378504
367135
355940
344919
334071
323397
312896
302570
292419
282447
272662
263082
253756
244804
449236
437856
425684
413635
401755
390044
378504
367135
355941
344920
334073
323399
312901
302579
292436
282478
272717
263177
253917
245056
449234
437856
425685
413636
401755
390044
378504
367136
355941
344921
334074
323402
312906
302588
292452
282506
272767
263265
254063
245277
449231
437856
425686
413637
401756
390044
378504
367136
355942
344921
334076
323405
312911
302596
292467
282532
272814
263344
254193
245470
449227
437855
425687
413639
401757
390044
378504
367136
355942
344922
334077
323407
312915
302603
292480
282556
272855
263415
254306
245634
449222
437855
425689
413640
401758
390045
378504
367137
355943
344923
334078
323409
312918
302610
292491
282577
272891
263474
254400
245771
449216
437855
425692
413643
401758
390045
378505
367137
355944
344924
334079
323411
312921
302615
292501
282594
272920
263523
254476
245880
449208
437855
425695
413645
401759
390046
378505
367138
355944
344925
334080
323412
312924
302619
292508
282607
272942
263560
254533
245961
449198
437855
425698
413647
401760
390046
378505
367138
355944
344925
334081
323413
312925
302622
292513
282615
272957
263585
254571
246014
449183
437853
425699
413647
401761
390046
378505
367138
355944
344925
334081
323413
312926
302623
292516
282620
272965
263597
254590
246040
231446
228796
226773
225025
223404
221861
220373
218927
217514
216125
214758
213408
212072
210749
209436
208133
206838
205549
204266
202989
201717
200451
199190
197935
196684
195437
194195
192957
191724
190495
189271
188053
186840
185633
184432
183237
182047
180864
179685
178512
177343
176178
175017
173860
172706
171555
170408
169264
168124
166987
165854
164725
163598
162474
161353
160236
159124
158016
156911
155811
154713
153619
152528
151439
150354
149272
148195
147123
146056
144993
143935
142880
141829
140782
139738
138698
137661
136628
135600
134577
133559
132547
131541
130538
129541
128547
127556
126569
125584
124603
123625
122650
121676
120706
119737
118771
117808
116848
115890
114936
113986
113041
112099
111164
110233
109308
108389
107476
106569
105667
104769
103877
102989
102106
101227
100352
99481.4
98614.7
97751.7
96893.3
96038.6
95188.6
94342
93500.1
92660.7
91826
90993.1
90164.8
89338
88515
87693.5
86874.7
86057.5
85242.7
84429.9
83619.6
82812.1
82007.6
81206.5
80409.5
79616.4
78827.8
78043.5
77263.8
76488.5
75717.6
74951.2
74189
73430.6
72675.7
71924.1
71175.6
70429.5
69686.2
68945.2
68206.9
67471
66738.3
66008.7
65282.7
64560.3
63842.9
63129.3
62422
61719
61022.7
60330.8
59646.5
58967.2
58295.8
57629.1
56970.9
56316.2
55671.1
55027.1
54394.8
53760.1
53139.4
52513.9
51902.2
51286.1
50682.3
50074
49474.4
48870.4
48270
47664.9
47059.6
46445.8
45828.8
45198.3
44559
43900.4
43224.7
42520.3
41786
41005.1
40162
39258
38164.5
233334
230510
228207
226224
224430
222753
221157
219620
218129
216675
215250
213849
212468
211105
209757
208422
207098
205784
204478
203181
201890
200607
199331
198061
196798
195540
194288
193041
191799
190563
189333
188108
186890
185678
184472
183272
182079
180891
179709
178532
177359
176192
175028
173868
172712
171559
170410
169265
168123
166986
165852
164721
163594
162470
161349
160232
159119
158011
156907
155806
154709
153615
152524
151436
150351
149271
148194
147122
146055
144992
143933
142879
141827
140780
139736
138696
137659
136627
135600
134577
133560
132548
131542
130540
129542
128548
127558
126570
125586
124605
123627
122651
121677
120706
119738
118772
117808
116848
115891
114938
113989
113044
112104
111170
110240
109316
108398
107486
106579
105677
104780
103887
102999
102115
101236
100361
99489.2
98622.1
97759.2
96900.8
96046.4
95196.8
94350.8
93509.5
92671.1
91837.1
91005.5
90177.7
89352.1
88529.2
87708.3
86889.4
86072.5
85257.5
84444.9
83634.8
82827.6
82023.6
81223.3
80427.1
79635.1
78847.5
78064.6
77286.1
76512.2
75742.5
74977.5
74216.4
73459
72704.9
71954.4
71206.6
70461.2
69718.2
68977.4
68238.5
67502.1
66768.3
66037.3
65309.4
64585.3
63865.6
63149.9
62439.7
61733.9
61033.7
60338.1
59648.9
58964.6
58287
57613.9
56948.1
56285.5
55631.7
54978.2
54335.9
53691.1
53057.8
52421.4
51795
51166.2
50545
49922.1
49302.5
48681.8
48060.2
47434.9
46806.3
46170.4
45526.2
44870.5
44198.1
43508
42789.9
42044
41248.1
40419.8
39463.5
38481.3
37366.5
234644
231842
229432
227309
225385
223597
221906
220288
218726
217209
215729
214279
212856
211454
210072
208706
207354
206015
204686
203368
202060
200760
199469
198185
196910
195641
194378
193123
191873
190630
189393
188163
186939
185722
184511
183307
182109
180918
179731
178551
177375
176204
175038
173875
172717
171563
170412
169265
168122
166984
165848
164717
163589
162465
161344
160227
159115
158006
156902
155801
154704
153610
152520
151433
150349
149269
148193
147121
146054
144991
143932
142877
141826
140779
139735
138695
137659
136627
135600
134577
133561
132549
131543
130542
129544
128550
127560
126573
125589
124608
123629
122653
121679
120708
119739
118773
117810
116851
115895
114943
113995
113051
112113
111179
110251
109328
108411
107499
106592
105691
104794
103901
103012
102128
101248
100372
99500.2
98632.9
97770.2
96912.1
96058.3
95209.1
94364
93523.1
92685.9
91852.4
91022.2
90194.7
89370
88547
87726.4
86907.3
86090.4
85275.2
84462.5
83652.4
82845.5
82042
81242.4
80447.1
79656.2
78870
78088.6
77311.7
76539.2
75771.1
75007.4
74247.2
73490.8
72737.5
71988
71240.8
70495.9
69753.1
69012.1
68272.7
67535.5
66800.4
66067.8
65338.1
64612.1
63890.3
63172.4
62459.4
61751
61046.9
60347.8
59653.8
58964.4
58280.4
57600.4
56927.1
56255.8
55592.9
54930.1
54276.3
53622.3
52975.7
52329.3
51687.7
51047.3
50408.4
49771.5
49132.7
48495
47852.6
47209.1
46556.4
45901.5
45229.9
44552.6
43847.9
43133.4
42372.8
41604.5
40745.5
39897.4
38885.3
37865.8
36787.1
235642
232914
230473
228272
226258
224384
222613
220923
219296
217722
216191
214696
213231
211793
210377
208981
207603
206239
204889
203551
202225
200909
199603
198307
197019
195739
194467
193203
191946
190696
189453
188217
186988
185766
184550
183342
182140
180944
179754
178569
177390
176216
175047
173882
172722
171566
170414
169265
168121
166981
165845
164713
163585
162460
161339
160223
159110
158001
156897
155796
154699
153606
152516
151430
150347
149268
148192
147121
146054
144991
143932
142877
141826
140779
139735
138695
137658
136627
135600
134578
133562
132551
131545
130544
129546
128553
127562
126575
125592
124611
123632
122656
121682
120711
119742
118777
117814
116855
115901
114950
114004
113062
112125
111192
110266
109344
108427
107516
106610
105708
104810
103917
103028
102143
101262
100385
99513.5
98646.1
97783.8
96925.9
96073
95224.3
94380.1
93539.7
92703.5
91870.4
91041.1
90214.1
89389.9
88566.9
87746.3
86926.8
86109.7
85294.2
84481.5
83671.2
82864.6
82061.3
81262.6
80467.9
79678.3
78893.3
78113.5
77338
76567.3
75800.6
75038.5
74279.4
73524.2
72771.8
72023.2
71276.4
70532.1
69789.3
69048.3
68307.9
67569.6
66832.8
66098.3
65366.6
64639.1
63914.8
63195
62479.3
61768.4
61060.7
60358.3
59659.6
58965.3
58274.8
57588.1
56906.7
56227.2
55553.9
54882.7
54217.1
53554.1
52894.5
52238.2
51582.3
50929.9
50274.7
49623
48965.8
48312.2
47648.3
46989.3
46311.7
45641.4
44941
44249.2
43508.8
42783.2
41976.5
41198.9
40292.7
39417.7
38412.8
37392.9
36354.4
236445
233792
231357
229119
227047
225107
223271
221519
219837
218211
216633
215095
213593
212120
210672
209248
207843
206456
205085
203729
202385
201054
199734
198425
197126
195836
194555
193282
192017
190761
189511
188270
187036
185809
184589
183376
182170
180970
179776
178588
177406
176229
175057
173890
172727
171569
170416
169266
168121
166980
165843
164710
163581
162456
161335
160218
159106
157997
156893
155792
154695
153602
152513
151427
150345
149267
148193
147122
146055
144992
143934
142878
141827
140779
139735
138694
137658
136626
135600
134578
133563
132552
131546
130545
129548
128555
127565
126579
125595
124615
123636
122660
121687
120715
119747
118782
117821
116863
115910
114960
114016
113075
112140
111209
110283
109362
108446
107535
106629
105727
104829
103935
103045
102159
101278
100401
99528.6
98661.1
97799.1
96941.4
96089.2
95240.8
94397.3
93557.2
92721.6
91888.9
91060.3
90233.7
89409.7
88586.6
87765.8
86945.9
86128.6
85312.7
84499.9
83689.6
82883.3
82080.2
81282.3
80488
79699.6
78915.5
78137.3
77363.1
76594.4
75829.2
75069
74311.1
73557.4
72805.8
72058.5
71311.5
70568
69824.9
69083.8
68342.2
67603.2
66864.1
66128
65393.8
64664.9
63937.4
63216.2
62497.7
61784.4
61073.6
60368.1
59664.8
58965.8
58268.9
57576
56885.7
56199.1
55515.2
54835.9
54159.2
53487.1
52815.6
52149.1
51479.4
50815.1
50143.7
49479.2
48802.1
48136.1
47448.8
46777.8
46074.5
45392.8
44662.6
43960.3
43187.2
42449.3
41612.3
40812.1
39898.6
38994
38023.4
37024.6
36015.4
237122
234533
232115
229861
227752
225764
223877
222075
220343
218672
217052
215476
213937
212432
210956
209504
208075
206666
205275
203901
202541
201195
199862
198540
197230
195930
194640
193360
192088
190825
189570
188323
187083
185852
184628
183410
182200
180997
179799
178608
177423
176243
175068
173899
172734
171574
170419
169268
168122
166980
165842
164708
163579
162454
161333
160216
159103
157995
156890
155790
154694
153601
152512
151427
150346
149268
148194
147124
146057
144994
143935
142879
141827
140779
139734
138694
137657
136626
135600
134579
133563
132553
131548
130547
129550
128558
127569
126583
125600
124620
123642
122666
121693
120723
119755
118791
117830
116873
115921
114973
114030
113091
112157
111227
110303
109382
108467
107556
106649
105747
104848
103953
103063
102176
101295
100417
99544.6
98676.7
97814.7
96956.9
96105
95256.7
94413.6
93573.6
92738.3
91905.9
91077.6
90251
89427.2
88603.9
87782.9
86962.7
86145.1
85328.7
84515.9
83705.5
82899.4
82096.6
81299
80505.1
79717.7
78934.7
78158
77385.4
76618.7
75855
75096.6
74339.9
73587.7
72837.2
72090.7
71343.5
70600.7
69856.8
69115.9
68373.1
67633.8
66892.4
66155.4
65418.7
64688.2
63957.4
63234.7
62513.2
61798.1
61083.7
60375.7
59668
58964.8
58260.8
57562.6
56863.1
56170.2
55476.2
54789.4
54101.5
53421.5
52737.4
52062.6
51378.2
50704
50015.5
49340.3
48644.1
47966
47259.1
46574.2
45851.6
45154.4
44405.2
43683.8
42894.2
42132.4
41288.3
40461.6
39562.5
38648.1
37704.7
36726.7
35736.2
237704
235167
232771
230511
228379
226357
224431
222587
220815
219104
217446
215835
214265
212730
211226
209749
208298
206868
205458
204067
202692
201332
199985
198653
197332
196022
194724
193436
192157
190887
189627
188374
187130
185894
184666
183445
182231
181024
179823
178629
177440
176258
175081
173909
172742
171581
170424
169272
168125
166982
165843
164709
163579
162454
161333
160216
159103
157995
156890
155790
154694
153601
152513
151428
150347
149270
148196
147126
146059
144996
143937
142880
141828
140779
139734
138693
137656
136625
135599
134578
133563
132553
131549
130548
129552
128560
127572
126587
125605
124626
123649
122674
121702
120732
119765
118801
117841
116885
115934
114987
114046
113108
112176
111247
110322
109402
108487
107576
106670
105766
104867
103971
103080
102193
101311
100433
99559.8
98691.5
97829.1
96971
96118.7
95270.1
94426.5
93586.5
92751.3
91919.1
91091
90264.4
89440.6
88617.2
87795.9
86975.4
86157.3
85340.5
84527.4
83716.9
82910.8
82108.2
81310.6
80517.7
79731.1
78949.5
78174.4
77403.6
76638.8
75876.5
75119.3
74363.7
73612.6
72862.7
72116.9
71369.4
70627.2
69883.1
69141.8
68398.8
67658.9
66915.7
66177.6
65439
64706.2
63972.9
63248.3
62524.3
61807.1
61089.7
60379.1
59667.3
58960
58250
57545.6
56839.1
56138.4
55436.1
54740.8
54043.8
53354.9
52660.8
51976.3
51280.4
50594.2
49893.4
49203.6
48495.1
47799.9
47081.6
46378.3
45645.4
44928.3
44170.7
43428.3
42632.8
41850.3
41008.8
40167.2
39283.8
38371.6
37442.5
36477.4
35498.9
238208
235715
233341
231082
228936
226889
224933
223056
221249
219504
217814
216172
214572
213010
211481
209982
208509
207060
205633
204225
202836
201462
200104
198761
197430
196112
194805
193509
192224
190948
189682
188425
187176
185936
184703
183479
182261
181051
179847
178650
177459
176273
175094
173921
172752
171589
170431
169278
168129
166985
165846
164712
163582
162456
161335
160218
159105
157996
156892
155792
154695
153603
152514
151430
150349
149271
148198
147127
146060
144997
143937
142880
141827
140778
139732
138691
137655
136624
135598
134578
133563
132554
131549
130550
129554
128563
127575
126591
125611
124633
123657
122683
121711
120742
119775
118811
117852
116897
115947
115001
114061
113124
112193
111264
110341
109421
108506
107595
106688
105783
104883
103987
103095
102207
101324
100446
99572.5
98703.8
97840.7
96982
96128.8
95279.4
94435
93594.4
92758.9
91926.5
91098.4
90271.6
89447.5
88623.9
87802.3
86981.5
86163.1
85346
84532.6
83722
82916
82113.8
81316.7
80524.8
79739.3
78959.2
78185.5
77417.1
76653.2
75892.7
75136.2
74381.2
73630.7
72881.3
72135.9
71387.7
70645.8
69901.9
69159.9
68417.4
67676.6
66932.8
66193.1
65453
64717.5
63982.6
63255.2
62529.7
61809.8
61091
60377.3
59662.2
58950.2
58236.1
57525.3
56813.6
56104.5
55395.1
54691.4
53986.6
53288.4
52587.4
51891.6
51187.4
50488.3
49778.4
49073.2
48355.5
47644.4
46917.7
46198.5
45458.9
44725.8
43962.7
43204.6
42407.2
41611.7
40776.6
39927.3
39054.5
38144.6
37220.8
36264.1
35295.2
238653
236193
233838
231584
229428
227365
225385
223481
221646
219872
218154
216484
214859
213272
211721
210200
208708
207242
205798
204376
202972
201587
200218
198863
197524
196197
194882
193580
192288
191007
189736
188473
187220
185976
184740
183511
182291
181077
179871
178671
177477
176290
175109
173933
172763
171599
170439
169285
168135
166991
165851
164716
163585
162459
161337
160220
159107
157998
156894
155793
154697
153604
152515
151430
150349
149271
148197
147127
146060
144996
143935
142878
141825
140775
139730
138689
137653
136622
135596
134576
133562
132553
131549
130550
129555
128565
127578
126595
125616
124639
123665
122692
121721
120751
119785
118821
117862
116907
115958
115013
114073
113138
112207
111279
110356
109436
108521
107609
106701
105796
104896
103998
103106
102217
101334
100455
99580.8
98711.6
97847.6
96988.1
96133.6
95282.9
94437.4
93595.7
92759.4
91926.6
91098.1
90271.1
89446.6
88622.7
87800.8
86979.9
86161.4
85344.3
84531
83720.7
82915.1
82113.7
81317.5
80526.7
79742.4
78963.6
78191.6
77424.8
76662.1
75902.8
75146.8
74392.1
73641.3
72892.4
72146.2
71398.1
70656.6
69912.1
69169.7
68428.3
67686.2
66942.8
66201
65461.3
64721.6
63987.2
63255.4
62529.7
61805.9
61087.4
60370
59653.6
58935.7
58218.8
57500.8
56785
56068.8
55353.2
54641.7
53931.5
53223.1
52519.2
51810.7
51101.4
50389.7
49672.7
48954.2
48228.1
47504.7
46771.7
46040.4
45296.7
44551.3
43786.4
43016.3
42219.9
41414.4
40585.6
39729.8
38861.1
37953
37031
36081.9
35121.8
239045
236612
234273
232024
229864
227787
225789
223864
222005
220208
218465
216771
215123
213515
211943
210404
208894
207411
205953
204517
203101
201704
200324
198960
197612
196277
194956
193646
192349
191062
189786
188520
187262
186014
184775
183543
182319
181103
179894
178692
177496
176307
175124
173946
172775
171609
170448
169292
168142
166997
165856
164720
163589
162462
161340
160222
159109
158000
156895
155794
154697
153604
152515
151429
150348
149270
148195
147124
146056
144992
143931
142874
141821
140771
139726
138686
137650
136619
135593
134573
133559
132550
131547
130548
129554
128565
127580
126598
125620
124645
123671
122699
121728
120759
119792
118829
117870
116915
115966
115022
114082
113147
112217
111289
110366
109447
108531
107618
106710
105804
104902
104004
103111
102221
101337
100458
99583.2
98713.5
97848.7
96988.3
96132.4
95280.4
94433
93589.7
92752
91918.3
91089.2
90262.3
89437.5
88613.7
87791.6
86970.7
86152.4
85335.9
84523.3
83713.9
82909.5
82109.3
81314.5
80524.9
79741.8
78964
78193.2
77427.1
76665.4
75906.8
75151.2
74395.5
73644.9
72896.1
72147.6
71401.6
70658.7
69914.6
69172
68431.9
67687.5
66945.1
66201
65463.7
64718.4
63986.6
63248.2
62525.4
61796
61080
60357.1
59641.7
58916.1
58198.3
57473
56753.8
56031.2
55311.9
54593
53881.1
53161.9
52458.1
51737.5
51024.3
50302.1
49578
48849.8
48118.1
47384.7
46646.4
45905.1
45159.9
44403.7
43640.8
42858.2
42064.6
41248.6
40422.4
39561.7
38692.8
37787.6
36868.5
35927.4
34975.9
239389
236978
234654
232409
230246
228161
226149
224207
222329
220510
218747
217033
215365
213737
212147
210591
209066
207568
206096
204647
203220
201812
200423
199051
197694
196352
195024
193709
192406
191114
189834
188563
187302
186050
184807
183573
182346
181128
179916
178712
177514
176323
175138
173959
172786
171619
170457
169300
168148
167002
165860
164724
163592
162465
161342
160223
159109
158000
156894
155793
154696
153602
152512
151426
150344
149265
148190
147119
146051
144987
143926
142868
141815
140766
139721
138681
137645
136614
135589
134569
133554
132546
131543
130545
129552
128564
127580
126599
125623
124649
123676
122703
121733
120763
119797
118833
117874
116919
115970
115025
114086
113151
112221
111294
110370
109450
108534
107621
106711
105805
104903
104004
103109
102219
101335
100454
99579.6
98709.3
97843.7
96982.2
96125
95271.3
94422.1
93577
92737.6
91902.7
91072.8
90245
89420.3
88596.8
87775
86954.6
86137.2
85321.9
84510.8
83702.9
82900.2
82101.6
81308.5
80520.3
79738.1
78961.3
78191.1
77424.8
76664.1
75904.4
75148.9
74392.2
73640.9
72891.7
72141.7
71397.4
70652.1
69910
69167.2
68427.4
67681.9
66940.6
66194.6
65457.9
64710
63979.1
63234.7
62514.9
61778.5
61065.4
60337.2
59624.8
58890.6
58173.6
57441.7
56721.4
55994.2
55272
54547.4
53833.5
53105.8
52403.2
51673.5
50956
50227.2
49495.1
48760.8
48024.6
47281.7
46544.4
45793.8
45049.6
44279.1
43518.9
42723.8
41931
41106.1
40278.5
39416.1
38546.8
37645.6
36731
35798.4
34855.2
239690
237298
234984
232745
230581
228489
226466
224510
222616
220781
219000
217269
215583
213939
212333
210762
209222
207711
206227
204767
203329
201912
200514
199133
197770
196421
195087
193767
192459
191162
189878
188603
187339
186084
184838
183601
182372
181151
179937
178731
177531
176339
175152
173972
172797
171628
170465
169307
168154
167007
165864
164727
163594
162466
161342
160223
159108
157998
156892
155790
154692
153598
152508
151421
150338
149259
148184
147112
146044
144980
143919
142862
141808
140759
139715
138675
137640
136609
135584
134563
133549
132540
131537
130540
129548
128561
127578
126599
125623
124649
123677
122704
121733
120763
119797
118832
117874
116919
115969
115024
114085
113150
112220
111292
110368
109447
108530
107616
106706
105800
104897
103998
103103
102212
101327
100446
99571
98699.8
97833.6
96970.6
96112.2
95256.5
94405.7
93558.7
92717.7
91881.3
91050.3
90221.8
89397.1
88573.4
87752.9
86933.3
86117.4
85303.7
84494.5
83688.1
82887.3
82089.9
81298.6
80511.7
79731.1
78955.2
78185.8
77418.7
76658.9
75897
75140.6
74381.6
73630.5
72879.2
72128.6
71385.2
70639.6
69898.4
69155.9
68416.9
67671.8
66929.4
66184.3
65446.6
64697
63964.3
63218.5
62498
61757.8
61043.4
60312.6
59601.7
58863.4
58145
57410.1
56686.4
55957.2
55232.9
54504.9
53787
53057.5
52351.5
51615.2
50897.3
50161.3
49425.3
48684.3
47946.3
47198.3
46459.2
45699.1
44954.8
44174.7
43410.7
42608.7
41811.8
40981.8
40152.8
39290.4
38423
37526
36617.2
35693
34757.9
239952
237574
235270
233036
230871
228774
226743
224775
222869
221020
219224
217478
215777
214119
212499
210914
209362
207840
206344
204874
203427
202002
200596
199209
197838
196484
195145
193819
192507
191206
189918
188640
187373
186115
184866
183627
182395
181172
179957
178748
177547
176353
175164
173982
172806
171636
170471
169312
168158
167010
165866
164728
163594
162465
161341
160221
159106
157995
156888
155786
154687
153592
152501
151415
150332
149252
148177
147105
146037
144972
143912
142855
141802
140753
139709
138670
137635
136604
135578
134558
133543
132534
131531
130533
129542
128555
127574
126595
125620
124645
123673
122699
121729
120759
119792
118827
117869
116914
115964
115018
114079
113143
112213
111284
110360
109438
108520
107606
106696
105790
104887
103988
103093
102202
101316
100434
99558.3
98685.9
97819.1
96954.8
96095.3
95237.8
94385.7
93536.8
92694.7
91856.5
91024.6
90195.1
89370.3
88546.8
87727.4
86908.9
86095
85282.5
84475.2
83670.3
82871.2
82074.8
81284.9
80499.3
79720.2
78945.2
78176.9
77409
76649.2
75884.4
75126.3
74364.7
73612.8
72859.6
72111.5
71366
70621.9
69879.4
69138
68399.7
67656.5
66912
66170.8
65429.7
64680.6
63943.1
63198.7
62473.3
61732.9
61014.2
60284.2
59571.7
58831.9
58117.1
57378.1
56652.5
55919.3
55191
54461.6
53741
53010
52301.5
51563.9
50846.3
50103.7
49365.9
48621
47880.2
47128.7
46380.7
45622.1
44869.2
44083.6
43312.6
42508.2
41706.3
40875.5
40045.7
39184.3
38320.2
37427.6
36525.4
35609.2
34681.5
240177
237811
235515
233284
231118
229018
226980
225004
223087
221227
219419
217661
215948
214277
212645
211049
209486
207953
206449
204970
203515
202082
200669
199275
197900
196540
195196
193866
192550
191246
189954
188673
187403
186143
184892
183650
182417
181191
179974
178764
177561
176365
175175
173992
172814
171643
170477
169316
168161
167011
165867
164727
163593
162463
161338
160217
159101
157990
156883
155780
154681
153586
152494
151407
150324
149245
148169
147098
146030
144965
143905
142848
141796
140748
139704
138665
137630
136599
135573
134552
133537
132528
131524
130526
129534
128548
127567
126588
125612
124637
123664
122690
121719
120749
119782
118818
117860
116904
115954
115008
114069
113132
112202
111272
110348
109425
108507
107592
106683
105776
104874
103974
103079
102187
101301
100419
99543
98669.5
97801.9
96936
96075.4
95216.4
94363.3
93513
92670
91830.7
90998.2
90167.9
89342.9
88519.7
87701.2
86884.1
86071.5
85260.5
84454.6
83650.9
82852.9
82057.5
81269
80484.4
79707
78932.5
78164.7
77396
76634.7
75867.9
75107.3
74343.2
73591.2
72833.7
72088.9
71343.6
70600.3
69856.4
69116.6
68376.5
67636
66887.9
66153.5
65407.9
64661.3
63921.5
63178.9
62442.1
61705.6
60980.7
60249.8
59536.4
58800
58080.3
57343.5
56617.3
55879.4
55146
54419.2
53693.7
52968.1
52257.4
51514.5
50799.2
50055.8
49315.4
48568.1
47821.4
47070.2
46313.1
45553.5
44787.1
44004
43223.7
42421
41614.1
40786.6
39956.3
39097.1
38236.3
37348.6
36453.2
35543.7
34622.8
240369
238011
235721
233492
231326
229223
227180
225198
223273
221404
219586
217817
216094
214413
212771
211165
209593
208052
206539
205052
203590
202151
200733
199334
197953
196589
195241
193907
192587
191280
189986
188702
187429
186167
184914
183670
182435
181208
179989
178777
177573
176375
175184
173999
172820
171647
170480
169318
168162
167011
165866
164725
163590
162459
161333
160213
159096
157984
156877
155773
154674
153579
152488
151400
150317
149238
148162
147090
146022
144958
143898
142842
141790
140742
139699
138660
137625
136594
135568
134547
133531
132521
131517
130518
129526
128539
127557
126578
125600
124625
123651
122678
121707
120737
119769
118805
117847
116891
115940
114995
114056
113120
112189
111259
110334
109411
108493
107577
106667
105760
104858
103958
103063
102171
101285
100402
99525.6
98652.2
97783.5
96916.8
96054.6
95194.5
94340.3
93489.2
92645.7
91805.9
90972.9
90142.3
89317.2
88494.1
87676.1
86860
86047.9
85238.4
84433.6
83631.2
82834.1
82040.3
81252.8
80469.4
79692.8
78917.8
78149.6
77379.5
76615.7
75847
75085.8
74321.8
73565.4
72807.5
72064.1
71316.2
70575.4
69831.3
69090.6
68350.6
67614
66864.4
66131.5
65380.3
64642.6
63895
63150.2
62407.9
61680.2
60951.6
60219.5
59499
58763.9
58037.2
57306.5
56574.7
55838.9
55102.7
54381.3
53651.4
52928.8
52208.5
51472.2
50754.9
50012.7
49270
48525.4
47772.3
47015.5
46252.1
45491
44714.6
43932.2
43146
42350.3
41537.9
40715.9
39883.5
39027.5
38168.8
37287.3
36397.6
35493.1
34578.7
240527
238177
235890
233662
231496
229390
227344
225357
223426
221550
219725
217948
216216
214527
212876
211263
209683
208134
206615
205122
203654
202209
200786
199383
197998
196630
195278
193942
192619
191309
190012
188726
187452
186187
184932
183686
182450
181221
180000
178787
177582
176383
175190
174004
172824
171650
170482
169319
168162
167010
165864
164722
163586
162455
161329
160208
159091
157979
156871
155767
154668
153573
152481
151394
150311
149231
148156
147084
146016
144952
143892
142836
141784
140737
139694
138655
137620
136589
135563
134541
133525
132514
131510
130510
129517
128529
127545
126565
125586
124610
123635
122662
121691
120721
119754
118791
117832
116876
115926
114982
114042
113106
112175
111246
110320
109397
108477
107562
106651
105744
104841
103941
103046
102154
101267
100386
99508.3
98635.7
97765.8
96899.2
96035.2
95175.4
94319.7
93468.7
92624.5
91785.5
90951.3
90121.2
89295
88472.6
87653.9
86838.7
86026.3
85218.2
84413.1
83612.5
82815.6
82023.5
81236.3
80454
79676.4
78901.2
78130.7
77359.5
76592.7
75823.6
75060.5
74297
73542.1
72785
72037.2
71289.8
70548.8
69803.8
69065.6
68324.9
67587
66839.5
66107.5
65353.7
64615.1
63859.7
63123.8
62379.1
61653.1
60922
60186.9
59455.6
58725.5
57997.3
57267.9
56528.4
55801.8
55066.5
54343.9
53613.6
52895.3
52164.5
51438.6
50707.4
49974.7
49230.4
48485.5
47726.5
46969
46201.3
45431.3
44653.1
43874.2
43086
42292.4
41480.5
40661.9
39827.4
38975.6
38116.6
37241.3
36354.7
35454.6
34546.3
240654
238309
236023
233796
231629
229522
227474
225483
223548
221666
219835
218052
216314
214618
212961
211341
209755
208201
206676
205178
203705
202256
200829
199422
198034
196663
195309
193970
192645
191333
190033
188746
187469
186203
184946
183699
182461
181231
180009
178795
177588
176388
175195
174008
172827
171652
170483
169319
168161
167009
165861
164720
163583
162452
161325
160204
159087
157974
156866
155762
154663
153568
152476
151389
150305
149225
148150
147078
146010
144946
143887
142831
141779
140732
139689
138651
137616
136585
135558
134536
133520
132509
131503
130503
129508
128519
127533
126552
125572
124595
123620
122647
121675
120706
119739
118777
117817
116863
115913
114969
114029
113094
112161
111233
110306
109384
108463
107548
106636
105729
104825
103926
103030
102139
101252
100371
99492.7
98621.1
97750.3
96884.2
96019.4
95160.1
94303.6
93453.3
92608.5
91769.9
90934.8
90105.3
89277.9
88456
87635.9
86821.1
86007.9
85200.6
84394.8
83595.3
82798.3
82007.3
81219.2
80437.4
79657.7
78882.3
78108.7
77337
76567.2
75800
75035.2
74275.6
73517.1
72761.3
72012.7
71264.6
70520.3
69778.3
69040
68296.9
67558.7
66814.5
66077.8
65323.6
64585.9
63833.9
63101.1
62348.1
61624.2
60884.1
60150.8
59422.8
58692.7
57957.5
57228
56488.5
55766.3
55030.4
54312.1
53584.5
52864.5
52125.9
51406.4
50664.8
49937.9
49190.9
48452.4
47687
46930.5
46156.6
45385.6
44609.5
43828.5
43040.6
42248.1
41440.6
40620.5
39787.2
38937.9
38079.1
37207.1
36322.3
35426.6
34522.5
240749
238407
236121
233894
231728
229620
227571
225578
223639
221754
219918
218130
216387
214686
213024
211400
209809
208250
206721
205220
203744
202292
200862
199452
198061
196688
195332
193990
192663
191350
190049
188760
187482
186214
184957
183709
182469
181239
180016
178801
177593
176392
175198
174010
172828
171653
170483
169319
168161
167008
165860
164718
163581
162449
161323
160201
159084
157971
156863
155759
154659
153564
152472
151384
150301
149221
148145
147073
146005
144942
143882
142826
141775
140728
139685
138647
137612
136581
135554
134532
133515
132504
131498
130497
129501
128510
127523
126540
125559
124583
123606
122634
121662
120694
119727
118766
117805
116853
115901
114959
114017
113083
112150
111223
110295
109374
108452
107538
106625
105718
104813
103915
103017
102128
101239
100359
99480.5
98609.6
97738.5
96873.8
96008.9
95151.3
94293.7
93444.5
92598.2
91760.1
90923.7
90095
89266.7
88445.2
87623.4
86808.6
85993.8
85186.5
84379.5
83580.6
82782.6
81992.3
81202.7
80420.7
79639
78863.1
78086.5
77315.2
76543.2
75779.4
75012
74255.3
73494.4
72742.2
71988.7
71242.6
70495.2
69755.1
69012.3
68271.4
67532
66788.8
66047.8
65298.3
64559.2
63807.4
63075.8
62321.4
61596.2
60849.8
60122.2
59389.5
58657.1
57923.1
57193.9
56456.2
55735.4
54999.9
54283.5
53554.1
52833.7
52095
51373.8
50632.9
49908.7
49158.4
48420.5
47652.1
46899.4
46121.7
45351.8
44577
43796
43014.5
42218.1
41415.1
40590.1
39761.5
38911.8
38053.9
37182.7
36299.8
35406.8
34505.4
240809
238470
236186
233960
231794
229686
227635
225640
223700
221811
219973
218182
216436
214731
213067
211439
209845
208284
206752
205248
203770
202316
200883
199472
198079
196705
195347
194004
192676
191361
190059
188769
187490
186222
184964
183715
182475
181243
180020
178804
177596
176394
175200
174011
172830
171654
170484
169319
168160
167007
165860
164717
163580
162448
161321
160199
159082
157969
156860
155756
154657
153561
152469
151381
150297
149217
148141
147069
146002
144938
143878
142823
141771
140724
139682
138643
137608
136578
135551
134529
133513
132501
131494
130492
129496
128504
127515
126531
125549
124573
123596
122625
121652
120685
119718
118758
117797
116845
115893
114951
114009
113076
112141
111215
110287
109367
108445
107531
106617
105711
104805
103907
103009
102119
101230
100350
99471.1
98600.4
97729.1
96866.2
96002
95146.5
94288.1
93440.3
92591.5
91753.9
90915.9
90087.9
89258.3
88437.3
87614.1
86799.4
85983.1
85176
84367.7
83568.8
82769.4
81979
81188
80405.3
79622.1
78845.7
78067.3
77297.3
76524.2
75763.6
74993.6
74242.4
73476.6
72730.7
71969.7
71227.1
70473.8
69735.2
68989.5
68250.7
67506.9
66765.5
66019.9
65273.1
64534.5
63784.5
63052.4
62299.8
61572.3
60825.6
60100.3
59358.6
58629.5
57897.2
57165.3
56433
55713.5
54976.2
54258.3
53528
52802.5
52072.4
51348.8
50612.4
49886
49133.8
48391.5
47626.9
46874.2
46100.4
45330.9
44562
43779.8
43005.2
42199.5
41404.4
40572.6
39748.7
38895.7
38039.3
37166.5
36285.9
35393.8
34494.3
240839
238501
236219
233993
231827
229719
227667
225672
223730
221840
220001
218208
216460
214754
213088
211458
209863
208300
206768
205262
203783
202327
200894
199482
198088
196713
195354
194011
192682
191367
190064
188774
187494
186226
184967
183718
182477
181245
180022
178806
177597
176395
175201
174012
172830
171654
170484
169319
168160
167007
165859
164717
163580
162448
161321
160198
159081
157968
156859
155755
154655
153559
152467
151379
150295
149215
148139
147067
145999
144936
143876
142820
141769
140722
139680
138641
137606
136576
135549
134527
133510
132498
131491
130490
129493
128500
127509
126525
125542
124567
123590
122620
121646
120680
119712
118753
117792
116841
115889
114948
114004
113072
112137
111211
110282
109363
108440
107528
106613
105708
104801
103903
103004
102115
101225
100345
99465.4
98595
97723.8
96862
95998.1
95143.8
94284.7
93437.7
92587.2
91750.1
90910.7
90083.2
89252.8
88432.3
87608.4
86793.9
85976.8
85169.7
84360.7
83561.8
82762.1
81971.4
81179.6
80396.1
79611.8
78834.8
78055.2
77286.1
76512.1
75754.5
74982.6
74238.4
73466.4
72725.4
71957.7
71218.2
70458.4
69725.2
68972.1
68237.8
67488.3
66748.7
66000.3
65256
64514.1
63766.7
63029.7
62281.9
61550.8
60807.5
60080
59343.1
58613.6
57883.3
57150.7
56422.6
55696.1
54960.2
54239.1
53509
52781.5
52063.4
51332.8
50605.4
49870.4
49119.5
48372.7
47613.8
46856.6
46097.2
45318.5
44569.1
43772
43013.8
42194
41408
40565.1
39748.9
38888.5
38031.7
37157
36278.1
35385.7
34487.3
212314
212234
212075
211839
211528
211144
210691
210173
209594
208958
208269
207531
206747
205922
205059
204163
203236
202281
201302
200300
199278
198238
197183
196114
195034
193944
192846
191738
190623
189501
188373
187241
186106
184968
183829
182688
181547
180406
179265
178124
176984
175842
174702
173564
172429
171296
170165
169037
167911
166787
165667
164549
163432
162318
161206
160096
158989
157885
156786
155692
154602
153514
152431
151352
150279
149211
148147
147087
146030
144977
143929
142884
141843
140806
139771
138737
137703
136671
135643
134618
133596
132579
131567
130560
129558
128562
127570
126581
125597
124615
123638
122664
121694
120726
119761
118799
117842
116888
115938
114990
114048
113109
112174
111243
110315
109393
108476
107566
106661
105760
104863
103971
103083
102200
101321
100445
99573
98703.7
97838.4
96977.2
96119.2
95264.1
94412.1
93563
92716.8
91872.9
91031.2
90191.9
89354.9
88520.8
87690
86861.9
86035.7
85212.2
84391.5
83573.8
82759.2
81947.4
81138.5
80333.3
79532.3
78735.9
77944
77156.7
76374.3
75597.4
74826.4
74061.6
73302.6
72549
71800.4
71056.9
70318.6
69585.9
68859.1
68138
67422.6
66712.5
66007.9
65308.7
64615.4
63928.1
63247.2
62573.5
61907.7
61250.5
60602.4
59964
59335.9
58718.7
58112.9
57518.8
56936.4
56365.4
55804.9
55254.9
54716.4
54190.6
53676.5
53173.7
52683.6
52206.5
51745.9
51302.4
50874
50461.9
50068.5
49695.1
49341.4
49006.6
48690.4
48394
48118.9
47868.2
47647.3
47463.7
47321.7
47230.5
47178.8
47148.6
212370
212290
212130
211892
211579
211193
210737
210217
209635
208996
208304
207564
206778
205950
205086
204187
203258
202301
201320
200316
199293
198252
197196
196126
195045
193955
192856
191748
190633
189510
188381
187248
186111
184973
183833
182692
181551
180409
179268
178126
176986
175845
174705
173567
172432
171299
170168
169039
167913
166790
165669
164551
163435
162320
161207
160097
158989
157886
156787
155692
154602
153515
152432
151354
150281
149213
148150
147090
146033
144980
143932
142887
141846
140808
139772
138738
137704
136674
135646
134620
133598
132581
131568
130561
129560
128563
127571
126583
125598
124616
123639
122665
121696
120731
119768
118807
117850
116896
115945
114998
114054
113115
112178
111246
110319
109397
108481
107571
106666
105765
104868
103976
103087
102203
101324
100448
99576.5
98707.8
97843.4
96983.2
96125.9
95271.2
94419.3
93570
92723.9
91880.5
91038.9
90199.3
89361.8
88527.1
87695.7
86867.1
86040.8
85217
84396.3
83578.7
82764.1
81952.5
81143.9
80338.9
79537.6
78740.5
77948.1
77160.3
76377.6
75600.5
74829.5
74064.7
73306.1
72553.1
71805.1
71061.7
70323.2
69590.1
68862.8
68141.3
67425.4
66714.8
66009.7
65310.2
64616.7
63929.2
63248.1
62574.2
61908.3
61250.8
60602.6
59964.2
59336.1
58718.8
58113
57519.1
56937.2
56367
55807.9
55258.9
54720.5
54193.7
53678.3
53175.8
52686.1
52208.9
51748
51304.2
50876.2
50465.2
50072.4
49698
49342.2
49004.8
48686.2
48388
48111.7
47860
47638.4
47453.4
47310
47217.9
47164.8
47134
212482
212401
212239
211998
211681
211291
210830
210304
209717
209073
208375
207630
206839
206007
205137
204235
203302
202342
201357
200350
199323
198280
197221
196150
195068
193977
192877
191768
190651
189526
188396
187260
186122
184981
183840
182699
181557
180416
179274
178132
176991
175850
174710
173573
172437
171304
170173
169044
167918
166795
165674
164555
163439
162324
161210
160099
158991
157887
156789
155695
154604
153518
152435
151357
150284
149217
148154
147094
146038
144985
143936
142890
141848
140810
139774
138739
137706
136675
135647
134622
133600
132582
131569
130562
129560
128564
127571
126583
125599
124619
123643
122671
121702
120738
119776
118818
117861
116907
115956
115008
114063
113122
112184
111251
110324
109402
108487
107577
106671
105770
104873
103981
103092
102208
101329
100454
99583.7
98716.9
97854.3
96995.3
96138.8
95284.3
94432.1
93582
92734.9
91890.9
91049
90209.2
89371.9
88537.2
87705.3
86875.9
86048.8
85224.8
84404.6
83587.8
82773.7
81962.1
81153.3
80348
79546.6
78749.2
77956.1
77167.6
76384.4
75607.2
74836.2
74071.5
73312.9
72559.6
71811.2
71067.3
70328.4
69594.7
68866.8
68144.4
67427.3
66715.8
66010
65309.9
64615.8
63927.9
63246.5
62572.6
61906.8
61249.7
60601.6
59963.3
59335.1
58717.7
58112
57518.7
56937.8
56368.8
55810.8
55262.3
54723.1
54194.6
53677.5
53173.6
52682.5
52206.1
51746.6
51303.9
50877.1
50466.7
50073.2
49697.2
49339.3
48999.7
48678.9
48378
48099.1
47845.5
47620.9
47432.2
47283.8
47185.3
47126.6
47094.1
212652
212569
212404
212158
211835
211438
210970
210436
209840
209188
208482
207728
206930
206091
205215
204306
203367
202402
201411
200399
199368
198320
197258
196184
195101
194008
192907
191796
190676
189550
188416
187278
186137
184994
183852
182709
181567
180425
179283
178142
177000
175859
174720
173582
172447
171314
170182
169053
167926
166801
165680
164561
163444
162328
161214
160102
158994
157891
156793
155699
154609
153522
152439
151361
150289
149220
148157
147097
146041
144989
143939
142893
141851
140812
139775
138740
137707
136677
135649
134624
133601
132582
131569
130561
129560
128564
127573
126586
125603
124625
123650
122679
121711
120746
119786
118828
117872
116918
115966
115016
114070
113127
112189
111255
110327
109406
108491
107582
106677
105776
104879
103987
103098
102215
101336
100462
99593.5
98728.8
97868.1
97010.4
96154.7
95300.1
94446.8
93595.4
92746.8
91901.7
91059.6
90219.9
89382.9
88548.7
87716.6
86886.4
86058.9
85234.8
84414.9
83598.6
82785.1
81973.8
81165.2
80360.1
79558.9
78761.4
77967.9
77178.9
76395.2
75617.6
74846.4
74081.5
73322.4
72568.3
71818.9
71074
70334
69599.5
68870.5
68146.9
67428.5
66715.5
66008.4
65307.2
64612.4
63924
63242.3
62568.4
61902.8
61245.9
60598.3
59960.2
59332.1
58714.7
58109.2
57516.3
56936.2
56368.1
55810.4
55261.6
54721.1
54190.3
53670.7
53164.2
52672.6
52197.1
51738.3
51295.8
50869.3
50458.6
50064.2
49686.2
49325.8
48983.5
48660
48356.1
48075.1
47818.6
47590
47396.2
47240.1
47130.7
47064.8
47024.9
212880
212795
212625
212373
212042
211636
211157
210612
210005
209341
208625
207860
207051
206202
205317
204400
203454
202481
201484
200465
199428
198375
197308
196230
195144
194048
192944
191830
190708
189579
188442
187301
186157
185013
183868
182723
181580
180438
179296
178154
177013
175872
174733
173596
172461
171327
170194
169063
167935
166810
165687
164567
163450
162334
161219
160107
158999
157897
156799
155706
154616
153529
152445
151367
150293
149224
148159
147099
146042
144990
143941
142895
141853
140813
139776
138741
137708
136677
135650
134624
133601
132582
131568
130561
129560
128564
127574
126589
125608
124630
123657
122687
121719
120755
119794
118836
117880
116926
115973
115022
114074
113131
112191
111257
110329
109408
108494
107585
106681
105780
104884
103993
103105
102222
101343
100471
99603.2
98740.5
97881.7
97025.3
96170.3
95315.5
94460.8
93607.6
92757.4
91911.2
91068.8
90229.5
89393.2
88559.4
87727.3
86897
86069.6
85246.1
84426.7
83610.7
82797.2
81986
81177.3
80372.2
79571.2
78774
77980.6
77191.4
76407.3
75629.2
74857.5
74092.1
73332.2
72577.3
71827.1
71081.3
70340.3
69604.6
68874.3
68149.2
67429
66714.4
66005.7
65303.3
64607.4
63918.1
63235.9
62561.6
61895.8
61239
60591.5
59953.7
59325.9
58708.8
58103.4
57510.6
56930.7
56362.9
55804.9
55254.9
54712.6
54179.3
53657.1
53148.8
52656.7
52181.2
51722.4
51279.4
50851.6
50439.2
50042.9
49662.9
49299.6
48954.5
48628.4
48322.4
48037.5
47776.9
47542.8
47342.4
47176.3
47054.8
46977.1
46927.1
213169
213080
212905
212644
212303
211883
211391
210832
210210
209532
208802
208023
207202
206341
205445
204518
203562
202580
201574
200547
199502
198442
197369
196287
195196
194097
192988
191871
190746
189613
188473
187329
186182
185035
183889
182743
181598
180455
179312
178170
177029
175888
174749
173612
172476
171342
170208
169076
167947
166820
165696
164575
163457
162341
161226
160114
159006
157904
156806
155713
154623
153536
152452
151372
150297
149227
148161
147100
146043
144991
143941
142895
141853
140814
139776
138741
137708
136678
135650
134624
133600
132581
131567
130561
129560
128565
127576
126591
125612
124636
123663
122693
121726
120761
119799
118841
117885
116930
115977
115025
114077
113132
112192
111257
110329
109408
108493
107585
106681
105782
104887
103996
103109
102227
101349
100477
99611.3
98750.1
97892.9
97037.6
96182.8
95327.5
94471.8
93617.2
92765.8
91918.8
91076.2
90237.1
89401.1
88567.4
87735.6
86905.9
86079.3
85256.5
84437.3
83621.1
82807.1
81995.5
81186.7
80381.7
79581
78784.4
77991.4
77202.3
76418.1
75639.8
74867.7
74101.4
73340.6
72584.7
71833.5
71086.8
70344.8
69607.9
68876.3
68149.7
67428
66711.5
66001
65297
64599.7
63909.4
63226.4
62551.5
61885.2
61227.8
60579.9
59942
59314.5
58697.8
58092.5
57499.4
56918.9
56350.3
55791.1
55239.4
54695.2
54159.9
53635.9
53126.5
52633.8
52157.8
51697.9
51253
50823.1
50408.3
50009
49625.6
49259.2
48911.2
48581.9
48271.9
47982.7
47717.4
47477.1
47268.4
47092.9
46956.6
46863.5
46803.6
213520
213427
213244
212973
212617
212182
211673
211095
210456
209760
209012
208218
207380
206505
205597
204657
203690
202697
201681
200644
199590
198522
197443
196354
195258
194153
193040
191918
190789
189651
188508
187361
186212
185063
183914
182767
181620
180475
179331
178188
177046
175906
174767
173630
172494
171358
170224
169090
167960
166832
165707
164585
163466
162349
161234
160122
159014
157912
156814
155721
154630
153543
152458
151378
150302
149230
148163
147101
146045
144991
143942
142896
141853
140813
139775
138739
137706
136676
135648
134621
133598
132578
131566
130559
129560
128565
127576
126593
125613
124638
123666
122696
121729
120764
119802
118844
117887
116931
115977
115025
114076
113131
112190
111255
110327
109406
108490
107582
106678
105780
104886
103996
103111
102230
101353
100482
99616.3
98755.8
97899.4
97044.6
96189.9
95334.1
94477.9
93623
92771.3
91924
91081.4
90242.4
89406.4
88572.6
87741.1
86912.3
86086.7
85264.4
84445.2
83628.6
82814.1
82002.1
81193.3
80388.1
79587.5
78791.1
77998.7
77210.2
76426.4
75648.1
74875.7
74108.7
73346.8
72589.8
71837.4
71089.6
70346.8
69608.8
68875.9
68147.9
67424.7
66706.7
65994.5
65288.9
64590.1
63898.5
63214.2
62538.2
61870.7
61212.4
60563.7
59925.3
59297.6
58680.8
58075.4
57481.4
56899.4
56328.7
55767.3
55213.7
54667.8
54131.2
53606.5
53096.3
52602.5
52125.3
51663.4
51216.2
50783.4
50365
49961.8
49574.3
49203.6
48851.3
48517.6
48203.2
47908
47636.2
47387.9
47171.1
46985.3
46836.9
46728.8
46663.2
213936
213838
213645
213360
212987
212532
212002
211402
210741
210024
209256
208442
207587
206696
205772
204818
203837
202832
201804
200756
199692
198616
197528
196432
195329
194218
193098
191971
190836
189695
188548
187398
186247
185095
183944
182794
181646
180499
179353
178208
177066
175925
174786
173648
172512
171376
170240
169106
167974
166845
165719
164596
163476
162358
161243
160131
159023
157920
156822
155728
154638
153550
152466
151384
150307
149233
148165
147103
146045
144992
143942
142896
141852
140811
139773
138736
137702
136671
135643
134616
133593
132574
131562
130557
129558
128564
127575
126592
125613
124637
123665
122696
121729
120764
119802
118842
117885
116929
115974
115022
114072
113127
112186
111251
110322
109400
108485
107576
106673
105775
104882
103993
103109
102229
101353
100482
99616.6
98756.1
97899.6
97044.5
96189.6
95333.7
94477.9
93623.6
92772.4
91925.5
91083.1
90244.2
89408.1
88574.6
87743.5
86915.5
86090.6
85268.7
84449.5
83632.7
82818.1
82006.1
81197.3
80392.2
79591.4
78795.1
78002.9
77215
76431.7
75653.7
74881
74113.5
73350.6
72592.6
71839.1
71090.3
70346.4
69607.4
68873.2
68144
67419.5
66700.1
65986.5
65279.4
64579.1
63885.9
63200
62522.4
61853.3
61193.4
60543.1
59903.3
59274.4
58656.7
58050.4
57455.3
56871.2
56297.9
55733.9
55178.1
54630.6
54093.1
53567.6
53056.5
52561.3
52081.9
51617.6
51167.1
50730.3
50307.2
49899.1
49506.3
49130
48772.2
48432.6
48112.4
47809.8
47530.1
47273.7
47046.5
46851.4
46691.4
46575.4
46503.6
214421
214317
214111
213808
213414
212935
212379
211754
211066
210324
209532
208696
207820
206910
205969
204999
204004
202984
201943
200883
199808
198722
197625
196520
195408
194289
193162
192028
190888
189742
188591
187438
186284
185130
183977
182824
181674
180524
179377
178231
177087
175946
174806
173668
172530
171394
170258
169123
167991
166860
165733
164608
163487
162368
161253
160140
159033
157929
156831
155736
154645
153557
152472
151390
150312
149237
148168
147105
146046
144992
143942
142894
141850
140808
139769
138731
137697
136665
135635
134609
133586
132568
131557
130553
129555
128562
127573
126590
125610
124635
123663
122693
121726
120761
119799
118839
117880
116923
115968
115015
114066
113120
112179
111244
110314
109392
108476
107567
106665
105767
104875
103987
103104
102224
101349
100478
99612
98750.7
97893.2
97037.4
96182.1
95326.6
94471.7
93618.6
92768.7
91922.6
91080.5
90241.8
89406
88572.9
87742.6
86915.3
86091.1
85269.5
84450.4
83633.8
82819.5
82007.9
81199.5
80394.8
79594.1
78797.6
78005.6
77218
76435
75657.1
74884.3
74116.2
73352.6
72593.6
71839.2
71089.3
70344.3
69604
68868.4
68137.9
67412.3
66691.7
65976.9
65268.5
64566.7
63871.8
63184.3
62504.7
61833.7
61171.5
60519.1
59876.8
59245.6
58625.9
58017.9
57421.1
56835
56258.8
55692.2
55133.9
54584.5
54045.7
53519.3
53006.8
52509.6
52027.5
51559.5
51105.1
50663.5
50234.9
49820.4
49420.9
49037.5
48672.8
48324.7
47996.7
47684.7
47396.1
47129.3
46892.3
46687.3
46518.5
46393.1
46320.9
214980
214868
214646
214321
213900
213393
212806
212150
211432
210661
209841
208979
208080
207148
206187
205200
204188
203153
202097
201024
199937
198839
197731
196617
195495
194367
193232
192091
190944
189793
188638
187481
186324
185167
184011
182856
181703
180552
179402
178255
177110
175968
174827
173688
172550
171413
170276
169141
168008
166877
165748
164622
163499
162380
161264
160151
159043
157939
156839
155744
154652
153564
152478
151396
150317
149242
148172
147107
146048
144992
143941
142893
141847
140805
139764
138726
137690
136657
135626
134600
133577
132561
131551
130548
129551
128558
127570
126587
125607
124631
123659
122689
121722
120757
119794
118833
117874
116916
115961
115007
114057
113111
112170
111235
110305
109382
108467
107557
106654
105757
104865
103978
103095
102215
101340
100469
99602.3
98739.9
97881.1
97024.4
96168.8
95314
94460.3
93608.8
92760.3
91915.2
91073.5
90235.3
89400.1
88567.7
87738.2
86911.7
86088.1
85267.1
84448.5
83632.3
82818.7
82007.8
81200
80396
79595.8
78799.6
78007.7
77220.2
76437.3
75659.4
74886.2
74117.7
73353.5
72593.8
71838.6
71087.7
70341.3
69599.7
68862.5
68130.8
67403.7
66682.1
65966.2
65256.6
64553.3
63856.7
63167.4
62485.8
61812.5
61148
60492.9
59847.7
59213.4
58590.6
57979.7
57380.3
56791.6
56212.9
55643.4
55082.5
54530.8
53989.9
53461.7
52947.3
52447.4
51961.5
51489.3
51029.9
50582.8
50147.7
49725.4
49318.3
48925.3
48551.6
48192.7
47854.2
47530.8
47230.6
46952.7
46702.6
46487.7
46308
46179.1
46100.8
215620
215496
215254
214902
214449
213906
213283
212591
211838
211033
210182
209291
208365
207408
206425
205418
204387
203335
202264
201176
200076
198965
197847
196722
195590
194452
193308
192159
191005
189847
188688
187527
186366
185205
184046
182889
181733
180580
179429
178280
177135
175991
174850
173709
172570
171432
170295
169160
168026
166894
165764
164637
163513
162392
161275
160162
159053
157949
156848
155752
154660
153571
152485
151402
150323
149247
148177
147111
146050
144994
143941
142892
141845
140801
139760
138720
137683
136648
135617
134590
133569
132554
131545
130543
129546
128554
127567
126583
125603
124627
123654
122684
121716
120751
119788
118826
117867
116909
115952
114999
114048
113102
112160
111225
110295
109372
108456
107546
106643
105746
104853
103966
103083
102203
101327
100456
99587.9
98724.4
97864.5
97007.2
96151.6
95297.7
94445.3
93595.2
92747.9
91903.8
91062.9
90225.4
89390.9
88559.5
87730.9
86905.1
86082.2
85261.8
84443.9
83628.4
82815.7
82005.7
81198.9
80395.6
79596.1
78800.6
78008.9
77221.4
76438.7
75660.6
74887.3
74118.5
73353.8
72593.6
71837.5
71085.7
70338
69595.2
68856.5
68123.3
67394.9
66672.1
65955.2
65244.2
64539.7
63841.3
63150.2
62466.3
61790.9
61123.7
60465.8
59817.5
59179.9
58553.4
57938.8
57335.6
56743.4
56161.4
55588.9
55025
54470.5
53926.8
53395.8
52878.2
52374.6
51884.3
51406.5
50941.1
50486.8
50044.5
49612.8
49196.8
48792.1
48407.3
48034.7
47683.3
47345.6
47030.5
46738.3
46473.7
46246.2
46056.7
45917.8
45840.6
216347
216210
215942
215555
215062
214476
213810
213077
212284
211441
210554
209630
208674
207689
206681
205651
204601
203530
202441
201338
200223
199100
197969
196832
195690
194541
193388
192230
191069
189905
188739
187573
186408
185244
184081
182921
181764
180608
179456
178306
177159
176015
174872
173731
172591
171452
170314
169178
168044
166912
165781
164653
163527
162406
161288
160175
159065
157960
156859
155761
154668
153579
152493
151409
150330
149254
148183
147116
146054
144996
143942
142892
141844
140799
139756
138715
137676
136640
135608
134582
133562
132548
131541
130539
129542
128550
127563
126579
125599
124622
123649
122678
121710
120744
119781
118819
117859
116900
115944
114990
114039
113092
112151
111215
110285
109361
108445
107535
106631
105733
104840
103952
103068
102188
101311
100439
99570.7
98706.4
97845.6
96988.1
96132.6
95279.3
94427.9
93579.1
92732.8
91889.9
91050
90213.3
89379.8
88549.2
87721.5
86896.5
86074.2
85254.3
84437.2
83622.5
82810.6
82001.6
81195.7
80393.2
79594.5
78799.6
78008.4
77221.2
76438.6
75660.9
74887.4
74118.6
73353.5
72593.1
71836.2
71084
70335.1
69591.5
68851.5
68116.9
67387.2
66663.1
65944.9
65232.5
64526.5
63826.4
63133.4
62447.5
61769.6
61099.9
60439.2
59787.8
59146.7
58516.5
57897.5
57289.7
56692.8
56106.6
55530.1
54962.9
54405
53857.6
53322.6
52801
52292.1
51795.9
51311
50838.4
50375.4
49925.4
49482.6
49056.2
48638.2
48239.5
47850.3
47482
47127.2
46793.1
46483.3
46199.7
45956.9
45753.1
45608.9
45519.7
217174
217018
216717
216286
215743
215106
214390
213607
212768
211881
210954
209994
209004
207988
206952
205897
204824
203733
202626
201506
200376
199239
198096
196947
195793
194634
193471
192305
191135
189964
188793
187622
186452
185283
184117
182954
181794
180637
179483
178332
177184
176038
174895
173752
172611
171471
170332
169196
168061
166928
165797
164669
163543
162421
161303
160189
159079
157973
156871
155772
154678
153588
152501
151417
150337
149260
148188
147121
146058
145000
143944
142893
141844
140797
139753
138711
137671
136635
135603
134577
133558
132544
131537
130535
129539
128547
127559
126575
125595
124618
123644
122672
121704
120737
119773
118811
117851
116892
115935
114981
114030
113083
112141
111205
110274
109350
108433
107522
106618
105719
104826
103937
103052
102171
101294
100422
99552.5
98687.7
97826.3
96968.6
96113.2
95260.5
94409.8
93562
92716.6
91874.6
91035.7
90200.1
89367.5
88537.9
87711.1
86886.8
86065.1
85246
84429.4
83615.5
82804.2
81996.2
81190.9
80389.4
79591.2
78797.2
78006.5
77220.1
76437.8
75660.5
74887
74118.6
73353.2
72592.9
71835.3
71083.2
70333.7
69588.9
68848
68112.2
67381.5
66656.1
65936.5
65222.5
64514.9
63813
63117.9
62430
61749.7
61077.6
60414.2
59759.6
59115
58480.8
57857.4
57244.5
56642.5
56051
55469.5
54897.7
54335.5
53783.7
53243.5
52716.4
52200.7
51697.6
51203.7
50723.3
50249.4
49790
49334.9
48896.2
48462.9
48047.9
47639.9
47250.4
46874.5
46517.1
46184.8
45878.5
45614.2
45392.4
45231.5
45142.8
218112
217932
217587
217101
216497
215797
215020
214180
213288
212352
211380
210379
209352
208303
207236
206154
205056
203943
202816
201679
200534
199382
198226
197065
195899
194730
193557
192381
191204
190025
188848
187671
186497
185324
184154
182988
181825
180666
179510
178358
177208
176062
174917
173773
172630
171488
170349
169212
168076
166943
165813
164684
163559
162436
161318
160203
159093
157987
156884
155784
154689
153597
152509
151424
150343
149266
148194
147126
146063
145003
143947
142894
141844
140797
139751
138708
137668
136632
135600
134575
133556
132543
131536
130534
129537
128545
127557
126573
125592
124614
123639
122667
121698
120731
119766
118803
117842
116884
115926
114972
114021
113074
112132
111195
110264
109339
108421
107509
106604
105704
104810
103921
103035
102154
101277
100404
99534.6
98669.5
97807.9
96949.9
96094.8
95242.4
94392.5
93545.3
92700.9
91859.7
91021.8
90187.1
89355.4
88526.6
87700.5
86876.9
86055.9
85237.5
84421.6
83608.4
82797.6
81990.2
81185.6
80384.8
79587.3
78794
78004.1
77218.6
76436.8
75660.1
74887
74118.8
73353.6
72593.2
71835.9
71083.1
70333.5
69588.2
68846.8
68110
67378.3
66651.6
65930.6
65215.1
64505.7
63802
63105.1
62415
61732.3
61057.6
60391.4
59733.7
59085.6
58447.3
57819.2
57201.3
56593.7
55996.3
55408.9
54831.4
54263.5
53706.2
53159.4
52625.6
52101.6
51590.6
51086.4
50596.3
50110
49639.2
49169.9
48716.6
48265.4
47831
47401.6
46987.4
46586.9
46201.8
45841.3
45505.5
45213.2
44966.5
44791.5
44680.5
219181
218966
218562
218004
217323
216548
215699
214792
213839
212848
211828
210783
209716
208631
207531
206419
205295
204159
203012
201856
200695
199528
198358
197185
196008
194827
193644
192460
191274
190089
188905
187723
186543
185366
184192
183022
181857
180695
179537
178383
177232
176083
174937
173791
172646
171504
170363
169225
168090
166957
165827
164699
163573
162450
161331
160216
159106
158000
156896
155796
154700
153607
152518
151431
150349
149271
148198
147130
146065
145005
143948
142895
141844
140796
139750
138707
137667
136630
135599
134574
133556
132543
131536
130534
129537
128544
127555
126571
125590
124611
123636
122663
121692
120725
119759
118796
117834
116875
115917
114963
114012
113065
112122
111185
110253
109328
108409
107497
106591
105690
104795
103905
103019
102138
101260
100387
99517.8
98652.6
97790.8
96932.9
96077.8
95225.9
94376.6
93530.3
92686.6
91846.4
91009.2
90175.4
89344.5
88516.3
87690.9
86868
86047.5
85230.1
84414.4
83602
82791.6
81985
81180.7
80380.7
79583.6
78791
78001.7
77217.3
76436.2
75660.3
74887.7
74120
73355.3
72595.1
71838
71085.2
70335.7
69590.1
68848.3
68110.9
67378.3
66650.5
65928.1
65211.1
64499.9
63794.5
63095.4
62403.1
61717.9
61040.4
60371.2
59710.3
59058.5
58416.1
57783.3
57160.4
56547.1
55943.6
55349.5
54765.4
54190.4
53626.3
53071.3
52529.5
51995.6
51475.3
50959.4
50458.2
49958.3
49474
48988.4
48517.8
48046.7
47589.4
47135.9
46694.1
46264.1
45846.8
45451.6
45080.3
44750.6
44470
44261.3
44146.1
220406
220139
219652
218999
218220
217353
216419
215436
214416
213367
212293
211201
210092
208969
207836
206693
205541
204380
203212
202037
200859
199677
198493
197306
196117
194926
193734
192540
191347
190154
188964
187776
186591
185409
184231
183057
181888
180724
179563
178407
177254
176103
174955
173807
172661
171517
170375
169236
168101
166968
165838
164711
163585
162462
161342
160227
159117
158010
156907
155807
154710
153616
152525
151437
150353
149274
148200
147131
146067
145006
143948
142894
141843
140795
139749
138706
137666
136630
135599
134575
133557
132544
131537
130535
129537
128544
127555
126570
125588
124609
123633
122659
121688
120719
119753
118789
117827
116868
115910
114955
114004
113057
112114
111177
110245
109319
108399
107486
106579
105678
104782
103891
103005
102123
101245
100372
99502.8
98637.5
97775.7
96917.9
96063.1
95211.7
94362.9
93517.6
92674.6
91835.2
90998.7
90165.6
89335.4
88508
87683
86861.2
86041.1
85224.5
84409.2
83597.6
82787.5
81981.5
81177.4
80377.9
79581.2
78789.3
78000.8
77217.2
76437
75661.8
74890
74123
73359.1
72599.2
71842.7
71090.1
70340.9
69595.3
68853.4
68115.5
67382.2
66653.4
65929.8
65211.2
64498.3
63790.9
63089.7
62394.9
61707.1
61026.7
60354.4
59690
59034.4
58387.7
57750.2
57122.1
56503
55893.3
55292
54700.6
54117.1
53545.1
52980.3
52429.4
51884
51353
50824
50310.2
49794.8
49294.6
48791.7
48301.2
47808.3
47326.4
46846.3
46373.6
45909.7
45455.8
45018.8
44604.1
44226.4
43898.3
43653.5
43494.5
221827
221476
220866
220082
219182
218204
217174
216108
215015
213902
212773
211631
210478
209316
208148
206974
205793
204608
203417
202222
201026
199828
198629
197429
196228
195027
193824
192622
191421
190221
189024
187830
186639
185453
184271
183093
181920
180752
179589
178430
177274
176121
174970
173821
172673
171528
170385
169245
168110
166977
165847
164720
163594
162471
161351
160235
159124
158018
156915
155814
154717
153622
152530
151441
150356
149276
148201
147131
146066
145004
143947
142892
141841
140793
139747
138704
137665
136630
135600
134576
133558
132546
131538
130536
129538
128544
127554
126569
125586
124607
123630
122656
121684
120715
119748
118783
117821
116861
115903
114948
113997
113050
112107
111170
110237
109311
108391
107478
106570
105668
104772
103881
102994
102112
101233
100360
99490.3
98625.1
97763.2
96905.7
96051
95200.1
94351.7
93507.3
92665.1
91826.4
90990.6
90158.2
89328.5
88502.2
87677.7
86856.9
86037.2
85221.6
84406.7
83595.8
82786.1
81980.3
81176.6
80377.2
79581.1
78789.7
78002
77219
76439.7
75665.2
74894.4
74128.2
73365.4
72606.3
71850.6
71098.4
70349.7
69604.3
68862.5
68124.4
67390.4
66660.8
65935.9
65215.8
64501.1
63791.7
63088.2
62390.9
61700.4
61017
60341.2
59673.4
59013.5
58362.4
57719.8
57086.5
56461
55845.1
55236
54637.2
54044.2
53463.4
52887.3
52326.5
51767.6
51224.7
50681.2
50152.3
49620.9
49102.3
48580
48068.6
47553.4
47044.4
46536
46030.9
45529.9
45034.9
44550
44081.3
43641.8
43247
42933.7
42748.1
223511
223005
222208
221249
220198
219094
217957
216800
215630
214450
213262
212069
210871
209670
208466
207260
206051
204839
203626
202411
201196
199981
198767
197554
196341
195128
193916
192705
191496
190289
189085
187885
186688
185497
184310
183128
181952
180781
179614
178451
177293
176137
174984
173833
172684
171537
170393
169252
168116
166983
165853
164725
163600
162476
161356
160239
159128
158021
156918
155818
154720
153625
152533
151443
150357
149276
148200
147129
146063
145002
143944
142889
141838
140790
139745
138703
137664
136630
135601
134577
133559
132547
131539
130537
129539
128545
127554
126568
125585
124605
123628
122653
121681
120711
119744
118779
117816
116856
115898
114942
113991
113044
112102
111164
110232
109306
108386
107472
106564
105662
104765
103874
102986
102104
101225
100352
99481.6
98616.4
97754.1
96896.9
96041.9
95191.6
94343.5
93499.7
92658.2
91820.5
90985.1
90153.9
89324.4
88499.6
87675.3
86855.8
86036.6
85221.7
84407.3
83596.7
82787.4
81981.8
81178.6
80379.6
79584.1
78793.2
78006.1
77223.8
76445.4
75671.8
74902
74136.7
73375
72616.9
71862.1
71110.8
70362.6
69617.7
68875.9
68137.8
67403.3
66672.9
65946.7
65225.3
64508.6
63797.2
63091.4
62391.6
61698.1
61011.7
60332.1
59660.6
58996.2
58340.6
57692.4
57053.7
56421.1
55799
55181.6
54575.3
53972
53382.2
52793.6
52221.4
51648.7
51091.7
50532.8
49987.5
49437.8
48900.6
48358.2
47823.7
47284.9
46748.8
46209.9
45671.4
45130.8
44591.2
44052.4
43521.2
43006
42526
42120.5
41842.7
225590
224757
223671
222484
221256
220010
218759
217507
216256
215006
213759
212514
211270
210028
208788
207550
206312
205075
203838
202602
201369
200137
198907
197680
196454
195231
194009
192789
191572
190358
189147
187940
186738
185542
184351
183164
181984
180808
179638
178472
177310
176151
174996
173843
172692
171544
170399
169258
168120
166986
165856
164728
163602
162478
161358
160241
159129
158022
156918
155818
154720
153625
152533
151443
150357
149275
148198
147127
146060
144999
143940
142886
141835
140787
139743
138701
137663
136630
135601
134577
133559
132547
131540
130537
129539
128545
127554
126568
125584
124603
123626
122651
121679
120709
119741
118775
117812
116852
115894
114938
113987
113040
112098
111161
110229
109303
108383
107470
106562
105660
104762
103871
102983
102101
101222
100348
99477.1
98611.8
97749
96891.6
96036.6
95186.4
94338.8
93495.6
92654.7
91818.1
90983.2
90153.1
89324.2
88500.4
87677
86858
86039.5
85224.9
84411.1
83600.6
82791.9
81986.5
81184.1
80385.5
79590.9
78800.4
78014.1
77232.5
76455
75682.2
74913.6
74149.2
73388.7
72631.7
71877.9
71127.4
70380
69635.5
68894.2
68155.9
67421.1
66689.8
65962.6
65239.6
64521.2
63807.8
63099.6
62397.1
61700.7
61011
60327.4
59652
58982.5
58322.3
57667.9
57023.6
56383.6
55754.6
55128.5
54514.3
53900.6
53301
52700.3
52115.3
51528.1
50956.5
50380.3
49818.4
49250
48692.5
48129.3
47571
47007.6
46443.8
45874.2
45301.1
44720.4
44133.9
43539
42938.5
42336.9
41747.9
41203.6
40810.7
228198
226724
225218
223759
222334
220939
219569
218219
216886
215567
214259
212961
211671
210388
209112
207841
206575
205312
204052
202796
201543
200294
199049
197807
196569
195334
194102
192873
191648
190427
189209
187996
186789
185587
184391
183200
182015
180836
179662
178492
177326
176165
175007
173851
172699
171550
170404
169261
168123
166988
165856
164727
163601
162477
161357
160240
159127
158019
156915
155815
154717
153623
152531
151442
150356
149274
148197
147125
146058
144996
143937
142883
141832
140785
139740
138699
137662
136629
135600
134577
133559
132547
131540
130538
129540
128546
127555
126568
125583
124603
123625
122650
121677
120707
119738
118773
117809
116849
115891
114936
113985
113039
112097
111161
110229
109304
108384
107471
106563
105661
104764
103872
102984
102101
101222
100348
99477.2
98611.3
97748.3
96890.2
96035.4
95185.2
94338.1
93495.5
92655.3
91819.6
90985.7
90156.5
89328.6
88505.3
87683
86864.2
86046.5
85231.7
84418.6
83608.1
82800.1
81995.1
81193.4
80395.5
79601.6
78812
78026.6
77245.8
76469.4
75697.5
74929.9
74166.6
73407
72651.2
71898.4
71149
70402.2
69658.3
68917.2
68179
67443.7
66711.8
65983.4
65259.1
64538.7
63823.3
63112.3
62407.5
61707.7
61014.9
60326.9
59647.5
58972.8
58307.5
57646.8
56996
56348.6
55712
55076.9
54454
53830
53220.2
52606.6
52009.1
51406.6
50819.7
50226.8
49646.6
49060.1
48481.4
47897
47315
46726.2
46135.4
45534.4
44928.3
44306.6
43675.4
43023
42354.2
41657.8
40945.3
40221.2
39592.6
36360
30614.2
27328.6
24142.7
21351.7
18692.5
16241.1
13957.2
11846.4
9908.93
8136.26
6522.84
5082.68
3800.82
2708.88
1805.27
1097.37
589.236
235.219
26.8051
35541
30599.7
27324.2
24146.4
21360
18702.8
16251.7
13968
11856.7
9918.5
8145.47
6530.72
5089.57
3806.11
2712.67
1807.91
1099.09
591.494
237.463
27.3397
34935.7
30568
27321.2
24150.8
21376.4
18716.7
16270.7
13984.1
11874.2
9933.36
8160.19
6542.63
5100.02
3813.93
2718.31
1811.73
1101.29
594.593
240.85
28.2115
34433.6
30510.6
27301.1
24154
21392.3
18730.9
16291.2
14001.1
11893.2
9948.66
8175.24
6554.57
5110.09
3821.58
2723.61
1815.27
1102.66
596.253
243.148
29.1405
34028.1
30419.7
27260.1
24152.5
21401.4
18741
16307.2
14014.5
11908.2
9960.11
8186.54
6563.11
5116.82
3827.07
2727.08
1817.13
1102.2
594.326
242.306
29.5252
33707.9
30299.7
27195.6
24139.6
21398.1
18744.4
16313.7
14020.4
11914.8
9964.05
8190.32
6565.57
5117.86
3828.8
2727.75
1816.62
1099.56
588.04
237.131
28.9645
33452.8
30162.4
27109.1
24110
21377.8
18737.1
16307.7
14016
11910.3
9958.34
8184.53
6560.68
5112.57
3826.34
2725.57
1814.09
1095.32
578.58
228.32
27.5092
33245.5
30022.5
27006.4
24061.9
21338.8
18715.9
16287.5
13999.6
11894
9942.55
8168.96
6548.52
5101.61
3820.32
2721.59
1811.05
1091.17
568.857
218.315
25.6744
33075.6
29892.2
26896.7
23997.5
21283.3
18679.8
16253.8
13971.5
11866.7
9917.58
8144.94
6530.14
5086.63
3812.3
2717.64
1809.71
1089.58
562.377
210.367
24.184
32937.7
29780.1
26790.9
23922.9
21216.7
18631
16209
13933.4
11830.2
9885.35
8115.05
6507.55
5069.89
3804.3
2715.8
1812.43
1093.03
561.99
207.242
23.595
32828.5
29690.4
26698
23846.2
21146.4
18574.6
16157.6
13888.8
11788.3
9849.19
8082.87
6483.67
5054.04
3798.51
2717.95
1820.78
1102.77
568.586
209.767
24.0148
32745.1
29623.5
26623.9
23776
21079.8
18517.5
16105.2
13842.8
11746.1
9813.37
8052.32
6461.62
5041.48
3796.6
2724.92
1834.55
1118.02
580.854
216.735
25.1432
32684.1
29576.3
26570.2
23718.4
21022.4
18465.7
16057.4
13800.5
11708.2
9781.61
8026.49
6444.16
5033.72
3798.97
2735.77
1851.62
1136.22
596.047
225.928
26.5033
32641
29544.4
26534.3
23675.6
20977.3
18423.2
16017.7
13765.3
11677.2
9756.34
8007.28
6432.61
5030.73
3804.42
2748.2
1868.93
1154.28
611.191
234.964
27.6234
32611.3
29523.1
26511.8
23646.2
20944.3
18390.9
15987.4
13738.6
11654.4
9738.56
7994.87
6426.41
5031.05
3810.77
2759.54
1883.63
1169.5
623.83
241.93
28.1933
32590.3
29508.6
26497.9
23627.1
20921.7
18368.2
15966.1
13720.2
11639.2
9727.35
7987.64
6423.47
5032.32
3815.8
2767.7
1893.72
1179.92
632.259
245.713
28.1404
32574.2
29497.4
26488.3
23614.6
20906.8
18353.1
15952.2
13708.4
11629.9
9720.63
7983.32
6421.5
5032.62
3818.07
2771.6
1898.33
1184.64
635.664
246.145
27.5893
32561.6
29487.4
26480.3
23605.5
20896.5
18343.2
15943.7
13701.5
11624.4
9716.55
7980.32
6419.39
5031.4
3817.5
2771.54
1898.17
1184.44
634.797
244.135
26.8231
32552
29477.9
26472.9
23598.7
20889.6
18337.2
15939
13698
11621.7
9714.24
7978.29
6417.44
5029.51
3815.39
2769.27
1895.46
1181.68
631.94
241.436
26.156
32546.6
29470.6
26467.7
23594.9
20886.6
18335
15937.5
13696.9
11620.8
9713.39
7977.5
6416.48
5028.34
3813.87
2767.43
1893.18
1179.18
629.522
239.524
25.7571
)
;

boundaryField
{
    inlet
    {
        type            calculated;
        value           nonuniform List<scalar> 
20
(
449183
449198
449208
449216
449223
449228
449231
449234
449236
449237
449237
449236
449234
449231
449227
449222
449216
449208
449198
449183
)
;
    }
    outlet
    {
        type            calculated;
        value           uniform 0;
    }
    walls
    {
        type            calculated;
        value           nonuniform List<scalar> 
520
(
449183
437853
425699
413647
401761
390046
378505
367138
355944
344925
334081
323413
312926
302623
292516
282620
272965
263597
254590
246040
240839
238501
236219
233993
231827
229719
227667
225672
223730
221840
220001
218208
216460
214754
213088
211458
209863
208300
206768
205262
203783
202327
200894
199482
198088
196713
195354
194011
192682
191367
190064
188774
187494
186226
184967
183718
182477
181245
180022
178806
177597
176395
175201
174012
172830
171654
170484
169319
168160
167007
165859
164717
163580
162448
161321
160198
159081
157968
156859
155755
154655
153559
152467
151379
150295
149215
148139
147067
145999
144936
143876
142820
141769
140722
139680
138641
137606
136576
135549
134527
133510
132498
131491
130490
129493
128500
127509
126525
125542
124567
123590
122620
121646
120680
119712
118753
117792
116841
115889
114948
114004
113072
112137
111211
110282
109363
108440
107528
106613
105708
104801
103903
103004
102115
101225
100345
99465.4
98595
97723.8
96862
95998.1
95143.8
94284.7
93437.7
92587.2
91750.1
90910.7
90083.2
89252.8
88432.3
87608.4
86793.9
85976.8
85169.7
84360.7
83561.8
82762.1
81971.4
81179.6
80396.1
79611.8
78834.8
78055.2
77286.1
76512.1
75754.5
74982.6
74238.4
73466.4
72725.4
71957.7
71218.2
70458.4
69725.2
68972.1
68237.8
67488.3
66748.7
66000.3
65256
64514.1
63766.7
63029.7
62281.9
61550.8
60807.5
60080
59343.1
58613.6
57883.3
57150.7
56422.6
55696.1
54960.2
54239.1
53509
52781.5
52063.4
51332.8
50605.4
49870.4
49119.5
48372.7
47613.8
46856.6
46097.2
45318.5
44569.1
43772
43013.8
42194
41408
40565.1
39748.9
38888.5
38031.7
37157
36278.1
35385.7
34487.3
32546.6
29470.6
26467.7
23594.9
20886.6
18335
15937.5
13696.9
11620.8
9713.39
7977.5
6416.48
5028.34
3813.87
2767.43
1893.18
1179.18
629.522
239.524
25.7571
449183
437854
425699
413647
401760
390045
378504
367135
355939
344914
334061
323378
312861
302505
292299
282225
272243
262278
252147
241288
212314
212370
212482
212652
212880
213169
213520
213936
214421
214980
215620
216347
217174
218112
219181
220406
221827
223511
225590
228198
212314
212234
212075
211839
211528
211144
210691
210173
209594
208958
208269
207531
206747
205922
205059
204163
203236
202281
201302
200300
199278
198238
197183
196114
195034
193944
192846
191738
190623
189501
188373
187241
186106
184968
183829
182688
181547
180406
179265
178124
176984
175842
174702
173564
172429
171296
170165
169037
167911
166787
165667
164549
163432
162318
161206
160096
158989
157885
156786
155692
154602
153514
152431
151352
150279
149211
148147
147087
146030
144977
143929
142884
141843
140806
139771
138737
137703
136671
135643
134618
133596
132579
131567
130560
129558
128562
127570
126581
125597
124615
123638
122664
121694
120726
119761
118799
117842
116888
115938
114990
114048
113109
112174
111243
110315
109393
108476
107566
106661
105760
104863
103971
103083
102200
101321
100445
99573
98703.7
97838.4
96977.2
96119.2
95264.1
94412.1
93563
92716.8
91872.9
91031.2
90191.9
89354.9
88520.8
87690
86861.9
86035.7
85212.2
84391.5
83573.8
82759.2
81947.4
81138.5
80333.3
79532.3
78735.9
77944
77156.7
76374.3
75597.4
74826.4
74061.6
73302.6
72549
71800.4
71056.9
70318.6
69585.9
68859.1
68138
67422.6
66712.5
66007.9
65308.7
64615.4
63928.1
63247.2
62573.5
61907.7
61250.5
60602.4
59964
59335.9
58718.7
58112.9
57518.8
56936.4
56365.4
55804.9
55254.9
54716.4
54190.6
53676.5
53173.7
52683.6
52206.5
51745.9
51302.4
50874
50461.9
50068.5
49695.1
49341.4
49006.6
48690.4
48394
48118.9
47868.2
47647.3
47463.7
47321.7
47230.5
47178.8
47148.6
47148.6
47134
47094.1
47024.9
46927.1
46803.6
46663.2
46503.6
46320.9
46100.8
45840.6
45519.7
45142.8
44680.5
44146.1
43494.5
42748.1
41842.7
40810.7
39592.6
36360
30614.2
27328.6
24142.7
21351.7
18692.5
16241.1
13957.2
11846.4
9908.93
8136.26
6522.84
5082.68
3800.82
2708.88
1805.27
1097.37
589.236
235.219
26.8051
)
;
    }
    frontAndBack
    {
        type            empty;
    }
}


// ************************************************************************* //
