/*--------------------------------*- C++ -*----------------------------------*\
| =========                 |                                                 |
| \\      /  F ield         | OpenFOAM: The Open Source CFD Toolbox           |
|  \\    /   O peration     | Version:  2.4.0                                 |
|   \\  /    A nd           | Web:      www.OpenFOAM.org                      |
|    \\/     M anipulation  |                                                 |
\*---------------------------------------------------------------------------*/
FoamFile
{
    version     2.0;
    format      ascii;
    class       volScalarField;
    location    "0.63";
    object      pPrime2Mean;
}
// * * * * * * * * * * * * * * * * * * * * * * * * * * * * * * * * * * * * * //

dimensions      [0 4 -4 0 0 0 0];

internalField   nonuniform List<scalar> 
8800
(
1.02627e+06
1.00038e+06
972593
945047
917877
891101
864721
838736
813146
787948
763143
738724
714686
691015
667689
644663
621848
599070
575917
551095
1.02631e+06
1.00038e+06
972591
945046
917876
891101
864721
838736
813146
787949
763143
738725
714688
691019
667695
644675
621873
599122
576045
551516
1.02633e+06
1.00038e+06
972584
945041
917874
891100
864721
838736
813146
787949
763144
738727
714691
691026
667708
644699
621921
599222
576278
552333
1.02635e+06
1.00038e+06
972577
945036
917872
891099
864720
838736
813146
787950
763145
738730
714697
691036
667727
644735
621990
599365
576604
553284
1.02636e+06
1.00038e+06
972571
945032
917871
891099
864720
838735
813146
787950
763147
738733
714704
691049
667751
644780
622078
599543
576996
554268
1.02637e+06
1.00038e+06
972567
945028
917869
891098
864720
838735
813146
787951
763149
738737
714712
691064
667780
644834
622182
599748
577426
555228
1.02638e+06
1.00038e+06
972564
945024
917867
891098
864720
838735
813147
787952
763152
738742
714721
691082
667812
644895
622297
599971
577875
556141
1.02639e+06
1.00038e+06
972561
945022
917866
891098
864721
838736
813147
787954
763155
738748
714732
691101
667848
644961
622421
600206
578326
556992
1.02639e+06
1.00038e+06
972560
945020
917865
891098
864721
838736
813148
787955
763158
738754
714743
691122
667886
645031
622549
600444
578769
557776
1.02639e+06
1.00038e+06
972560
945020
917865
891099
864721
838737
813149
787957
763161
738760
714755
691143
667925
645102
622679
600681
579194
558491
1.02639e+06
1.00038e+06
972560
945020
917865
891099
864722
838737
813150
787959
763165
738767
714766
691164
667964
645172
622807
600910
579593
559134
1.02639e+06
1.00038e+06
972561
945021
917866
891099
864722
838738
813151
787961
763168
738773
714778
691185
668002
645241
622930
601127
579962
559709
1.02639e+06
1.00038e+06
972562
945023
917867
891099
864722
838739
813152
787963
763172
738779
714789
691205
668038
645306
623046
601328
580296
560216
1.02638e+06
1.00038e+06
972564
945025
917868
891100
864722
838739
813154
787965
763175
738785
714799
691224
668072
645367
623153
601511
580593
560656
1.02637e+06
1.00038e+06
972567
945028
917870
891100
864723
838740
813155
787967
763178
738791
714809
691241
668102
645421
623247
601671
580850
561031
1.02636e+06
1.00038e+06
972572
945033
917872
891101
864723
838741
813156
787969
763181
738796
714817
691256
668129
645468
623328
601807
581066
561343
1.02635e+06
1.00038e+06
972577
945037
917874
891101
864724
838742
813157
787971
763184
738800
714824
691268
668151
645506
623395
601918
581239
561592
1.02633e+06
1.00038e+06
972584
945042
917876
891103
864725
838743
813158
787972
763186
738803
714830
691278
668167
645536
623446
602002
581369
561776
1.02631e+06
1.00038e+06
972591
945047
917878
891104
864725
838744
813159
787973
763187
738805
714833
691284
668179
645556
623480
602059
581457
561899
1.02627e+06
1.00037e+06
972593
945048
917879
891104
864725
838744
813159
787973
763187
738806
714835
691287
668185
645566
623498
602087
581501
561958
528604
522548
517929
513935
510232
506708
503309
500005
496773
493600
490474
487387
484334
481310
478310
475331
472370
469425
466492
463573
460667
457773
454891
452021
449163
446314
443476
440649
437832
435026
432231
429448
426677
423918
421172
418439
415718
413009
410312
407625
404948
402280
399619
396966
394320
391680
389048
386422
383805
381195
378593
375998
373411
370832
368260
365698
363145
360602
358069
355545
353030
350525
348028
345540
343062
340594
338135
335688
333251
330823
328405
325996
323595
321202
318817
316440
314071
311711
309360
307020
304691
302374
300068
297773
295488
293213
290945
288686
286436
284193
281958
279731
277510
275296
273088
270887
268692
266504
264322
262148
259983
257827
255680
253543
251417
249303
247198
245105
243021
240947
238882
236826
234779
232740
230709
228686
226672
224666
222669
220680
218700
216729
214768
212816
210874
208943
207022
205112
203211
201320
199437
197563
195697
193838
191987
190143
188306
186476
184654
182840
181034
179236
177446
175665
173892
172127
170370
168622
166881
165150
163427
161713
160008
158312
156626
154949
153281
151624
149976
148338
146710
145092
143482
141884
140295
138717
137148
135590
134042
132505
130977
129460
127950
126453
124960
123482
122004
120544
119080
117636
116187
114755
113323
111901
110481
109069
107654
106246
104830
103416
101986
100550
99089.9
97609
96088.8
94525
92887
91144
89241.2
86960.2
532919
526466
521205
516675
512577
508745
505098
501587
498180
494855
491597
488395
485239
482124
479043
475991
472965
469961
466976
464010
461061
458128
455211
452310
449422
446548
443687
440839
438003
435180
432370
429573
426789
424019
421262
418519
415789
413070
410364
407670
404985
402310
399644
396986
394335
391692
389056
386429
383809
381197
378593
375998
373410
370831
368261
365700
363148
360605
358073
355550
353037
350532
348037
345551
343074
340607
338150
335703
333266
330838
328420
326011
323610
321217
318832
316456
314088
311729
309379
307040
304713
302398
300094
297800
295517
293242
290976
288717
286467
284226
281991
279764
277543
275328
273119
270917
268721
266533
264351
262177
260012
257855
255708
253572
251445
249329
247224
245128
243042
240966
238899
236840
234790
232749
230716
228692
226678
224671
222674
220686
218707
216737
214776
212826
210886
208956
207038
205129
203230
201340
199459
197586
195721
193862
192011
190166
188329
186499
184676
182862
181055
179257
177467
175685
173911
172144
170387
168636
166895
165162
163438
161724
160018
158322
156635
154957
153288
151629
149979
148339
146707
145086
143473
141870
140276
138692
137116
135551
133995
132449
130909
129381
127858
126347
124839
123345
121849
120370
118887
117419
115950
114491
113033
111581
110129
108682
107229
105778
104318
102851
101367
99864.8
98334
96766.3
95150
93459.3
91691.3
89728.7
87617.3
85135.2
535912
529510
524004
519153
514759
510674
506810
503112
499542
496074
492691
489378
486124
482921
479761
476638
473548
470487
467451
464438
461447
458477
455526
452593
449677
446778
443894
441026
438171
435332
432507
429696
426900
424118
421351
418598
415858
413131
410416
407713
405022
402340
399668
397004
394349
391703
389064
386434
383812
381198
378594
375998
373410
370832
368262
365702
363151
360610
358078
355556
353044
350541
348048
345563
343088
340623
338167
335720
333283
330856
328438
326029
323628
321235
318850
316474
314106
311748
309399
307062
304736
302422
300120
297828
295545
293272
291006
288749
286500
284259
282025
279798
277576
275360
273151
270949
268753
266564
264383
262210
260045
257888
255741
253604
251477
249359
247252
245154
243066
240987
238917
236855
234802
232758
230724
228699
226684
224677
222681
220693
218715
216746
214787
212838
210901
208973
207057
205150
203253
201365
199485
197612
195747
193888
192036
190191
188353
186522
184699
182884
181077
179278
177487
175705
173930
172162
170403
168651
166908
165175
163451
161736
160030
158334
156646
154967
153297
151636
149983
148340
146706
145080
143464
141856
140257
138668
137086
135514
133949
132393
130843
129303
127766
126242
124717
123206
121695
120195
118695
117203
115713
114228
112744
111263
109781
108298
106811
105317
103817
102299
100766
99201
97610.3
95959.3
94274.7
92466.6
90617.8
88530.6
86316.2
83854.3
538191
531959
526384
521354
516754
512470
508423
504561
500844
497246
493746
490329
486982
483694
480458
477267
474116
470999
467913
464856
461824
458817
455833
452870
449927
447003
444097
441208
438336
435481
432641
429817
427009
424216
421438
418675
415926
413190
410467
407756
405057
402369
399691
397023
394363
391713
389072
386439
383815
381201
378595
375999
373411
370834
368265
365706
363156
360616
358085
355565
353054
350552
348060
345577
343104
340640
338185
335740
333303
330876
328458
326049
323647
321254
318869
316493
314125
311767
309419
307083
304759
302446
300145
297854
295573
293301
291037
288781
286533
284293
282059
279831
277609
275393
273184
270981
268786
266597
264417
262244
260080
257923
255776
253638
251510
249391
247282
245181
243090
241008
238935
236870
234814
232768
230732
228706
226690
224684
222688
220701
218724
216756
214800
212853
210918
208993
207079
205174
203279
201392
199513
197641
195776
193916
192063
190216
188376
186544
184720
182904
181097
179298
177507
175723
173948
172179
170419
168666
166923
165188
163464
161749
160043
158347
156658
154978
153306
151643
149988
148341
146704
145075
143454
141842
140238
138643
137055
135476
133902
132337
130776
129224
127674
126135
124597
123068
121542
120022
118505
116991
115480
113969
112461
110949
109439
107921
106404
104867
103332
101762
100191
98559.9
96929.3
95195.2
93463.6
91566
89646.5
87526.4
85291.5
82906.2
540023
533963
528404
523290
518555
514121
509926
505924
502078
498362
494756
491241
487806
484439
481131
477875
474665
471495
468361
465261
462190
459148
456132
453140
450170
447223
444296
441388
438499
435627
432773
429936
427116
424312
421524
418751
415993
413248
410518
407799
405093
402399
399715
397042
394379
391725
389081
386446
383821
381205
378599
376002
373415
370837
368270
365711
363163
360624
358095
355575
353065
350565
348074
345593
343121
340658
338205
335760
333325
330898
328480
326069
323667
321273
318887
316510
314142
311784
309437
307102
304779
302468
300168
297879
295599
293328
291065
288811
286565
284325
282092
279864
277642
275426
273217
271014
268818
266630
264451
262278
260115
257959
255812
253673
251543
249422
247310
245207
243114
241028
238952
236883
234826
232777
230740
228712
226696
224690
222694
220708
218733
216767
214813
212868
210936
209013
207102
205200
203307
201421
199542
197670
195804
193943
192089
190240
188400
186565
184741
182923
181115
179315
177524
175740
173964
172195
170434
168681
166938
165203
163479
161762
160057
158359
156670
154987
153315
151648
149990
148341
146700
145067
143442
141825
140217
138616
137022
135435
133854
132279
130708
129144
127583
126027
124477
122931
121390
119851
118317
116781
115250
113712
112183
110639
109107
107551
106009
104428
102866
101243
99640.8
97951.4
96280.5
94488.5
92702.1
90767.2
88789.4
86683.2
84472.3
82156.6
541566
535652
530136
524986
520166
515623
511311
507192
503235
499415
495712
492109
488593
485152
481777
478460
475194
471974
468795
465653
462545
459469
456422
453402
450408
447438
444490
441564
438658
435771
432904
430054
427223
424408
421610
418827
416060
413307
410569
407843
405130
402430
399741
397063
394396
391739
389092
386455
383829
381212
378605
376008
373421
370844
368277
365719
363172
360634
358106
355588
353079
350580
348091
345611
343140
340678
338225
335781
333346
330919
328499
326088
323684
321289
318902
316524
314155
311798
309452
307118
304796
302486
300187
297899
295621
293352
291091
288838
286593
284355
282123
279895
277673
275457
273248
271045
268850
266662
264482
262311
260148
257993
255845
253705
251574
249451
247337
245231
243134
241045
238966
236895
234835
232784
230746
228718
226701
224695
222700
220715
218741
216777
214825
212883
210953
209033
207125
205224
203333
201448
199571
197698
195832
193969
192114
190263
188420
186584
184758
182939
181131
179330
177539
175754
173979
172209
170448
168694
166951
165216
163492
161773
160068
158368
156678
154993
153320
151650
149990
148337
146692
145054
143426
141804
140191
138584
136985
135390
133803
132217
130638
129060
127490
125919
124357
122794
121241
119680
118132
116571
115024
113458
111910
110336
108783
107194
105626
104010
102415
100756
99112.6
97387.7
95667.7
93847.1
92009.8
90067.6
88062.5
85975
83794.4
81532.1
542894
537101
531632
526471
521598
516977
512574
508361
504310
500400
496612
492929
489339
485830
482393
479019
475701
472434
469212
466031
462888
459780
456703
453657
450639
447647
444680
441736
438814
435913
433032
430170
427327
424502
421694
418903
416127
413366
410620
407888
405169
402463
399769
397087
394416
391756
389107
386468
383840
381222
378615
376018
373430
370854
368287
365730
363184
360647
358120
355602
353095
350596
348108
345628
343158
340696
338244
335800
333364
330936
328515
326102
323697
321300
318912
316533
314165
311807
309462
307129
304808
302499
300202
297915
295638
293370
291111
288860
286617
284381
282150
279923
277702
275486
273276
271073
268877
266689
264510
262339
260176
258021
255873
253732
251599
249474
247359
245250
243151
241058
238975
236902
234840
232789
230750
228721
226705
224699
222705
220721
218748
216786
214836
212896
210969
209051
207145
205246
203357
201473
199596
197724
195857
193993
192135
190282
188437
186600
184772
182952
181143
179342
177550
175766
173990
172219
170458
168704
166961
165224
163501
161780
160074
158372
156681
154994
153319
151645
149983
148327
146678
145036
143404
141777
140160
138545
136941
135339
133745
132149
130561
128972
127392
125808
124233
122657
121089
119512
117947
116366
114799
113213
111640
110045
108463
106854
105254
103616
101985
100301
98619.1
96870.7
95112.7
93275.9
91406.2
89464.1
87451
85375.2
83217.2
80995.5
544054
538355
532933
527774
522869
518192
513720
509431
505301
501314
497450
493697
490041
486470
482976
479549
476183
472872
469609
466392
463216
460077
456974
453903
450862
447849
444863
441902
438965
436050
433156
430283
427429
424594
421777
418977
416193
413425
410672
407934
405209
402498
399799
397113
394439
391776
389125
386484
383855
381236
378627
376030
373443
370866
368299
365743
363197
360660
358134
355617
353109
350611
348123
345643
343173
340711
338258
335813
333376
330946
328524
326110
323704
321306
318917
316538
314170
311812
309467
307135
304815
302507
300211
297925
295649
293383
291125
288876
286636
284401
282173
279947
277727
275510
273299
271095
268898
266710
264531
262360
260197
258042
255894
253752
251618
249492
247374
245264
243161
241066
238980
236904
234841
232789
230750
228723
226707
224702
222709
220726
218754
216793
214844
212906
210981
209065
207161
205264
203376
201493
199616
197743
195875
194010
192151
190296
188449
186610
184781
182960
181151
179349
177558
175774
173998
172227
170464
168709
166966
165229
163504
161781
160074
158371
156677
154989
153312
151635
149970
148310
146657
145011
143374
141743
140119
138500
136889
135283
133681
132078
130481
128885
127292
125698
124110
122523
120939
119349
117765
116170
114581
112978
111380
109768
108161
106534
104908
103250
101589
99885.2
98173
96406.6
94621.6
92777.3
90887.6
88944.3
86927.4
84857.7
82718
80529.4
545072
539450
534069
528919
523994
519278
514753
510402
506207
502153
498226
494410
490694
487068
483522
480047
476637
473285
469986
466734
463527
460360
457231
454136
451074
448042
445038
442061
439109
436181
433276
430391
427528
424683
421858
419050
416258
413484
410724
407980
405250
402534
399832
397142
394464
391799
389145
386502
383871
381251
378642
376044
373456
370879
368312
365755
363209
360672
358146
355629
353121
350623
348133
345653
343182
340719
338265
335819
333380
330950
328526
326111
323704
321305
318916
316537
314169
311812
309467
307135
304815
302507
300212
297928
295654
293389
291133
288886
286647
284415
282188
279964
277743
275526
273315
271109
268912
266723
264543
262372
260209
258054
255905
253763
251628
249501
247381
245269
243164
241066
238979
236902
234838
232787
230748
228721
226707
224703
222711
220729
218759
216798
214850
212912
210988
209074
207171
205275
203387
201505
199628
197755
195886
194020
192159
190304
188455
186615
184785
182963
181154
179352
177562
175778
174001
172229
170466
168709
166965
165226
163500
161776
160067
158363
156666
154978
153296
151619
149948
148287
146628
144981
143337
141703
140072
138449
136831
135225
133612
132005
130398
128796
127192
125590
123989
122393
120794
119194
117591
115984
114375
112756
111138
109510
107883
106243
104593
102921
101234
99513.5
97778.1
95999.5
94194.9
92344.9
90438
88489.7
86471.3
84406.9
82285.7
80125
545968
540408
535063
529923
524987
520243
515677
511277
507029
502919
498936
495065
491298
487622
484029
480511
477060
473671
470338
467055
463819
460626
457473
454356
451274
448224
445204
442212
439246
436306
433389
430495
427621
424768
421934
419119
416321
413540
410775
408026
405291
402571
399865
397171
394491
391822
389166
386522
383889
381267
378657
376057
373469
370890
368323
365766
363218
360681
358154
355636
353128
350629
348138
345657
343184
340720
338264
335816
333377
330945
328521
326104
323697
321298
318909
316530
314162
311805
309460
307128
304808
302501
300207
297924
295651
293388
291135
288889
286653
284423
282197
279973
277751
275534
273321
271115
268917
266727
264547
262375
260212
258056
255907
253764
251629
249500
247379
245265
243158
241060
238972
236895
234832
232780
230743
228717
226705
224703
222712
220731
218761
216800
214851
212914
210990
209076
207173
205278
203390
201507
199630
197757
195888
194022
192160
190305
188456
186616
184784
182963
181153
179350
177559
175774
173997
172224
170460
168701
166956
165216
163488
161765
160053
158349
156649
154964
153275
151598
149920
148263
146593
144949
143293
141661
140019
138397
136769
135165
133538
131933
130313
128708
127091
125486
123872
122272
120656
119050
117430
115814
114187
112552
110919
109279
107637
105986
104313
102628
100920
99185.2
97431.8
95645.4
93821.3
91963.9
90041.7
88086.9
86071.4
84014.9
81912
79775.4
546755
541245
535931
530803
525861
521096
516498
512059
507766
503610
499579
495662
491849
488129
484495
480938
477451
474028
470663
467352
464090
460873
457697
454561
451460
448394
445358
442352
439374
436423
433495
430591
427709
424848
422007
419185
416381
413595
410825
408070
405332
402607
399897
397200
394517
391846
389187
386540
383905
381282
378670
376069
373479
370900
368331
365772
363224
360686
358157
355638
353129
350628
348136
345653
343179
340714
338257
335807
333366
330933
328509
326092
323684
321285
318896
316518
314150
311793
309448
307116
304796
302489
300195
297912
295641
293380
291129
288886
286652
284422
282197
279972
277749
275531
273317
271110
268911
266721
264540
262367
260204
258047
255898
253755
251619
249489
247367
245252
243146
241048
238960
236884
234821
232771
230734
228711
226700
224700
222711
220731
218761
216800
214850
212911
210986
209072
207168
205272
203384
201501
199624
197750
195881
194017
192156
190301
188453
186613
184780
182959
181146
179343
177550
175764
173986
172210
170447
168685
166937
165200
163469
161749
160033
158332
156628
154944
153248
151574
149889
148236
146557
144917
143248
141617
139962
138344
136705
135104
133462
131858
130226
128624
126994
125384
123762
122159
120529
118917
117284
115657
114018
112368
110727
109076
107416
105764
104067
102372
100643
98898.7
97128.5
95334.8
93491.3
91622.3
89691.3
87732.8
85723.3
83676.4
81590.8
79475.4
547444
541975
536687
531570
526625
521844
517222
512751
508423
504228
500157
496199
492346
488589
484918
481326
477807
474354
470961
467624
464337
461099
457903
454749
451632
448550
445501
442482
439493
436530
433594
430681
427791
424923
422075
419247
416437
413646
410871
408112
405370
402642
399928
397228
394541
391867
389206
386557
383920
381294
378680
376078
373486
370905
368335
365774
363225
360685
358155
355635
353123
350621
348128
345644
343168
340701
338243
335793
333351
330917
328492
326075
323667
321269
318881
316503
314136
311779
309433
307099
304778
302471
300177
297894
295625
293366
291117
288876
286643
284413
282187
279960
277737
275517
273303
271094
268896
266704
264523
262349
260185
258028
255880
253735
251599
249468
247347
245232
243127
241030
238945
236870
234808
232759
230725
228702
226693
224695
222708
220728
218758
216796
214845
212905
210977
209061
207156
205260
203371
201487
199609
197736
195868
194004
192146
190292
188445
186604
184771
182949
181134
179330
177535
175746
173967
172190
170426
168663
166914
165177
163442
161727
160011
158313
156608
154923
153222
151547
149860
148206
146521
144879
143203
141571
139909
138288
136645
135040
133391
131781
130142
128536
126898
125289
123658
122054
120410
118794
117149
115516
113867
112209
110556
108897
107227
105562
103846
102146
100400
98648.4
96865.7
95057.5
93198
91318.9
89384.6
87426.7
85424.2
83387.3
81317.1
79220
548043
542607
537341
532234
527286
522494
517853
513356
508999
504772
500668
496677
492790
488999
485296
481674
478126
474646
471228
467868
464561
461303
458090
454919
451787
448691
445630
442600
439600
436629
433683
430763
427866
424991
422137
419304
416489
413693
410913
408151
405404
402673
399956
397252
394563
391886
389222
386570
383931
381303
378687
376082
373488
370906
368333
365772
363220
360679
358148
355625
353113
350609
348114
345629
343152
340685
338225
335774
333332
330898
328473
326056
323649
321251
318864
316487
314120
311762
309416
307081
304759
302451
300156
297874
295604
293346
291099
288859
286626
284394
282166
279937
277714
275493
273278
271069
268871
266680
264498
262323
260159
258001
255853
253708
251572
249441
247321
245207
243105
241009
238927
236853
234794
232745
230713
228691
226684
224687
222701
220722
218752
216789
214837
212895
210966
209047
207140
205241
203351
201466
199588
197715
195848
193985
192129
190275
188430
186588
184755
182931
181115
179310
177513
175722
173943
172164
170400
168635
166887
165151
163417
161702
159989
158289
156583
154899
153198
151519
149836
148176
146486
144836
143160
141520
139854
138224
136582
134972
133319
131711
130066
128455
126812
125195
123556
121948
120297
118679
117028
115390
113733
112069
110407
108742
107057
105379
103659
101944
100190
98427.2
96634.4
94810
92941.2
91055.7
89121.8
87166.4
85170.1
83142.9
81086.4
79005.3
548558
543149
537900
532800
527852
523051
518394
513878
509498
505245
501113
497093
493178
489359
485629
481981
478408
474905
471465
468085
464759
461484
458255
455070
451925
448817
445745
442706
439697
436717
433764
430836
427933
425052
422193
419354
416535
413734
410951
408185
405434
402699
399979
397273
394580
391901
389234
386579
383937
381307
378689
376082
373486
370901
368327
365764
363211
360668
358135
355612
353098
350593
348097
345611
343134
340665
338205
335754
333312
330878
328453
326037
323630
321233
318847
316470
314103
311746
309398
307063
304740
302430
300133
297850
295581
293324
291076
288836
286600
284367
282137
279907
277683
275461
273246
271037
268840
266648
264467
262291
260129
257970
255822
253676
251541
249410
247292
245180
243080
240987
238907
236835
234777
232730
230699
228679
226673
224676
222691
220712
218743
216778
214826
212881
210951
209029
207120
205218
203327
201441
199563
197690
195824
193961
192106
190253
188408
186565
184733
182907
181091
179283
177486
175694
173914
172136
170370
168605
166860
165120
163390
161675
159966
158262
156557
154868
153174
151484
149812
148143
146451
144796
143118
141456
139794
138158
136517
134899
133251
131635
129995
128383
126729
125100
123461
121843
120192
118572
116914
115274
113612
111946
110275
108605
106911
105222
103495
101762
100009
98229.9
96430.2
94593.3
92721.3
90832.6
88900.8
86947
84956.6
82938.7
80894.3
78827.1
548995
543607
538371
533276
528327
523519
518851
514320
509921
505648
501493
497450
493511
489669
485916
482245
478651
475128
471670
468272
464931
461641
458398
455201
452045
448927
445846
442798
439781
436794
433834
430901
427992
425106
422242
419398
416575
413770
410983
408213
405459
402721
399998
397289
394593
391911
389241
386584
383940
381307
378686
376077
373480
370893
368318
365753
363199
360655
358120
355596
353081
350575
348079
345592
343115
340645
338185
335734
333291
330858
328433
326018
323612
321216
318830
316455
314087
311729
309381
307045
304721
302409
300111
297827
295556
293298
291048
288806
286567
284333
282101
279871
277647
275426
273210
271002
268805
266613
264431
262258
260095
257938
255789
253644
251509
249380
247264
245153
243056
240965
238886
236816
234760
232715
230684
228665
226659
224663
222678
220699
218728
216764
214811
212865
210932
209009
207097
205193
203300
201412
199534
197660
195794
193931
192076
190224
188379
186538
184706
182879
181063
179254
177456
175664
173883
172106
170340
168578
166831
165090
163365
161647
159939
158232
156530
154835
153147
151455
149784
148098
146418
144744
143066
141395
139740
138101
136457
134827
133183
131555
129926
128302
126651
125012
123379
121744
120099
118471
116813
115167
113505
111840
110166
108490
106783
105082
103350
101604
99851.8
98057.7
96254.5
94410.3
92537.5
90646.9
88716.9
86764.6
84780
82770.2
80736
78680.8
549358
543985
538757
533665
528714
523902
519226
514683
510270
505981
501809
497747
493789
489927
486155
482467
478855
475316
471842
468430
465075
461773
458520
455312
452146
449020
445931
442875
439852
436859
433894
430955
428041
425150
422282
419435
416607
413799
411009
408236
405479
402738
400012
397300
394601
391917
389245
386585
383938
381304
378681
376070
373471
370883
368306
365741
363185
360640
358105
355580
353065
350558
348062
345574
343096
340626
338166
335714
333272
330838
328414
325999
323594
321200
318815
316440
314073
311714
309366
307029
304704
302391
300092
297806
295532
293271
291018
288774
286532
284295
282062
279833
277608
275388
273173
270967
268768
266577
264396
262225
260061
257905
255756
253614
251479
249354
247237
245130
243033
240945
238867
236799
234743
232700
230668
228650
226643
224648
222661
220683
218711
216748
214793
212847
210913
208988
207074
205168
203271
201383
199502
197627
195759
193897
192041
190191
188347
186507
184676
182849
181033
179224
177425
175634
173852
172074
170310
168552
166807
165069
163342
161620
159911
158201
156504
154805
153117
151421
149753
148052
146372
144679
143017
141340
139691
138048
136401
134757
133120
131485
129860
128216
126583
124939
123301
121661
120023
118379
116728
115073
113413
111747
110072
108388
106674
104964
103224
101472
99716.6
97915.2
96105.4
94260.3
92388.1
90494.9
88566
86615.5
84636
82633.1
80607
78561.8
549647
544286
539061
533970
529019
524203
519522
514971
510548
506247
502061
497985
494012
490135
486348
482645
479019
475466
471981
468557
465192
461880
458617
455401
452228
449095
445999
442938
439909
436911
433941
430998
428080
425185
422314
419463
416633
413821
411028
408252
405493
402749
400021
397307
394606
391919
389245
386584
383936
381299
378675
376063
373463
370874
368296
365729
363173
360627
358092
355566
353050
350543
348046
345558
343079
340610
338149
335697
333255
330822
328398
325984
323579
321185
318801
316426
314060
311702
309353
307015
304689
302376
300075
297787
295510
293246
290989
288742
286497
284259
282024
279796
277570
275351
273137
270932
268733
266545
264363
262193
260030
257876
255727
253587
251452
249330
247213
245110
243014
240928
238850
236785
234728
232686
230653
228635
226626
224631
222643
220665
218693
216731
214775
212830
210895
208970
207052
205145
203245
201354
199469
197594
195723
193861
192004
190155
188311
186475
184643
182818
181001
179194
177394
175604
173821
172045
170283
168529
166784
165045
163319
161592
159879
158169
156474
154768
153082
151385
149708
147996
146325
144635
142982
141289
139645
137988
136342
134698
133064
131420
129794
128146
126520
124869
123235
121596
119958
118304
116659
114992
113336
111668
109996
108298
106584
104863
103122
101367
99607.1
97801.3
95985.8
94144.5
92270.8
90375
88446.9
86497.3
84521.4
82524
80504.4
78467.2
549863
544510
539286
534196
529244
524427
519742
515186
510756
506445
502250
498163
494178
490290
486492
482778
479143
475580
472085
468653
465279
461960
458691
455469
452290
449151
446051
442985
439952
436950
433976
431030
428108
425211
422337
419484
416651
413837
411042
408264
405503
402757
400027
397311
394609
391921
389245
386583
383933
381296
378671
376057
373456
370866
368288
365720
363163
360617
358081
355555
353038
350531
348034
345545
343066
340596
338135
335684
333241
330808
328385
325971
323567
321173
318789
316415
314048
311691
309342
307004
304678
302364
300062
297772
295492
293225
290964
288713
286466
284229
281992
279765
277538
275322
273107
270904
268704
266518
264335
262167
260002
257852
255702
253565
251430
249311
247195
245094
242997
240915
238837
236773
234716
232674
230639
228621
226610
224615
222625
220649
218676
216716
214760
212817
210880
208956
207036
205128
203224
201332
199442
197565
195690
193829
191969
190123
188278
186445
184613
182791
180974
179168
177367
175577
173794
172022
170258
168506
166759
165020
163291
161561
159848
158134
156438
154728
153044
151342
149661
147958
146289
144590
142939
141245
139602
137935
136295
134647
133013
131368
129742
128091
126466
124814
123187
121542
119907
118251
116606
114933
113281
111604
109931
108224
106515
104785
103049
101288
99524.1
97720.2
95899.1
94061.8
92184
90288
88358.6
86409.3
84437
82442.9
80428.1
78396.6
550001
544654
539435
534347
529395
524576
519889
515329
510894
506578
502375
498281
494290
490394
486589
482868
479225
475656
472155
468717
465338
462014
458740
455514
452331
449189
446085
443016
439980
436975
433999
431051
428127
425228
422352
419497
416662
413847
411050
408271
405508
402762
400030
397313
394610
391921
389245
386582
383931
381293
378667
376054
373452
370861
368282
365714
363157
360610
358073
355547
353030
350523
348024
345536
343056
340586
338125
335673
333230
330797
328374
325960
323557
321163
318779
316405
314039
311681
309333
306996
304671
302356
300052
297760
295480
293209
290944
288690
286440
284204
281967
279742
277514
275299
273083
270882
268682
266498
264314
262148
259983
257835
255684
253550
251415
249298
247181
245082
242986
240905
238827
236764
234706
232664
230627
228608
226595
224601
222610
220635
218663
216705
214748
212808
210869
208946
207024
205116
203209
201316
199422
197544
195666
193804
191943
190097
188252
186421
184589
182769
180952
179146
177344
175556
173771
172004
170237
168488
166736
164999
163264
161538
159822
158102
156406
154694
153006
151307
149622
147925
146256
144557
142908
141214
139570
137895
136268
134604
132974
131331
129701
128050
126429
124777
123149
121500
119866
118213
116566
114895
113248
111556
109877
108172
106466
104739
103002
101238
99473.7
97672.7
95840.4
94011.5
92126
90232.3
88300
86351.3
84381.2
82389
80377.3
78349.4
550069
544725
539509
534422
529471
524651
519962
515401
510963
506644
502438
498341
494345
490446
486637
482912
479267
475694
472190
468750
465368
462041
458765
455536
452352
449208
446102
443031
439994
436988
434011
431061
428137
425236
422359
419503
416668
413852
411054
408274
405511
402764
400032
397314
394611
391921
389245
386581
383930
381292
378665
376051
373449
370859
368280
365711
363154
360606
358070
355543
353026
350518
348020
345531
343051
340580
338119
335667
333225
330792
328369
325955
323551
321158
318774
316399
314033
311676
309328
306991
304665
302351
300046
297755
295473
293200
290932
288676
286424
284188
281951
279727
277499
275285
273069
270870
268669
266486
264303
262138
259972
257825
255674
253542
251407
249290
247173
245075
242978
240900
238821
236759
234699
232658
230620
228601
226587
224593
222601
220628
218654
216699
214740
212803
210862
208940
207015
205108
203198
201305
199410
197532
195652
193790
191927
190082
188237
186407
184574
182755
180939
179133
177329
175542
173756
171993
170223
168476
166720
164987
163247
161524
159801
158084
156381
154672
152982
151288
149600
147906
146232
144536
142883
141189
139545
137869
136240
134578
132951
131308
129677
128031
126404
124748
123121
121474
119840
118194
116542
114881
113226
111529
109848
108143
106438
104717
102972
101228
99445.5
97665.9
95818.5
93999.4
92099.4
90204.9
88270.5
86321.8
84351.9
82361.1
80351
78325.2
484875
484692
484329
483790
483081
482207
481174
479993
478671
477219
475645
473959
472168
470282
468311
466261
464142
461960
459722
457431
455095
452718
450306
447863
445395
442904
440392
437860
435310
432745
430168
427581
424988
422387
419782
417174
414565
411954
409344
406735
404125
401516
398909
396308
393713
391122
388535
385950
383369
380794
378226
375664
373108
370558
368016
365480
362951
360431
357920
355419
352925
350437
347959
345490
343033
340585
338144
335709
333279
330857
328442
326037
323641
321251
318866
316486
314113
311747
309391
307044
304708
302380
300063
297755
295458
293174
290900
288635
286378
284130
281891
279663
277444
275236
273038
270848
268665
266488
264318
262154
259998
257850
255710
253577
251452
249336
247228
245131
243044
240964
238892
236828
234773
232728
230694
228670
226655
224649
222649
220657
218672
216695
214729
212773
210825
208883
206949
205023
203105
201196
199297
197407
195524
193650
191784
189928
188082
186245
184418
182602
180797
179003
177219
175446
173682
171928
170184
168450
166726
165013
163312
161621
159942
158275
156618
154974
153343
151723
150117
148525
146946
145381
143831
142296
140776
139272
137785
136315
134864
133432
132020
130630
129261
127915
126593
125294
124020
122771
121547
120350
119182
118046
116943
115876
114847
113858
112910
112009
111158
110360
109618
108934
108312
107757
107273
106867
106543
106303
106146
106070
485003
484820
484454
483912
483199
482319
481282
480094
478766
477308
475728
474035
472239
470348
468371
466318
464194
462008
459764
457470
455130
452751
450336
447891
445421
442929
440416
437883
435332
432765
430187
427598
425002
422400
419793
417184
414574
411963
409350
406740
404131
401522
398916
396315
393720
391129
388541
385957
383377
380802
378233
375671
373115
370564
368020
365483
362955
360435
357924
355423
352929
350443
347965
345497
343040
340592
338152
335718
333288
330865
328450
326044
323645
321253
318868
316489
314116
311751
309395
307049
304712
302384
300066
297758
295461
293176
290901
288636
286379
284132
281895
279666
277448
275240
273042
270852
268670
266493
264323
262160
260004
257855
255715
253583
251458
249342
247234
245137
243049
240969
238897
236832
234776
232731
230698
228675
226662
224657
222659
220668
218683
216706
214738
212780
210832
208891
206957
205030
203112
201202
199303
197413
195529
193654
191788
189931
188085
186250
184424
182609
180804
179009
177225
175451
173686
171931
170187
168452
166728
165016
163314
161623
159944
158276
156620
154976
153344
151724
150118
148525
146946
145381
143830
142295
140775
139270
137783
136313
134861
133428
132016
130625
129256
127909
126586
125286
124011
122761
121537
120340
119172
118035
116930
115861
114830
113838
112890
111986
111132
110330
109585
108898
108274
107715
107229
106820
106493
106251
106093
106016
485260
485075
484705
484157
483435
482546
481497
480297
478956
477485
475892
474188
472380
470478
468491
466428
464296
462101
459850
457548
455201
452815
450395
447946
445473
442980
440465
437930
435375
432805
430223
427629
425028
422421
419812
417201
414590
411979
409367
406755
404144
401535
398930
396330
393735
391144
388556
385972
383391
380816
378247
375683
373125
370572
368026
365488
362959
360441
357933
355433
352941
350455
347977
345508
343050
340602
338163
335730
333301
330878
328460
326050
323648
321256
318870
316491
314119
311755
309400
307054
304715
302386
300067
297758
295461
293176
290902
288636
286380
284133
281896
279669
277452
275245
273048
270859
268677
266501
264332
262168
260010
257861
255720
253587
251463
249347
247240
245142
243053
240972
238899
236836
234782
232738
230707
228686
226676
224675
222680
220690
218706
216727
214756
212795
210843
208901
206967
205040
203122
201214
199314
197423
195538
193661
191796
189940
188095
186260
184436
182621
180816
179021
177236
175460
173693
171937
170191
168456
166732
165018
163315
161624
159945
158277
156621
154977
153345
151725
150118
148524
146944
145378
143827
142290
140769
139265
137776
136306
134853
133420
132006
130614
129243
127895
126570
125268
123992
122740
121515
120317
119147
118008
116900
115828
114793
113797
112843
111934
111075
110269
109518
108826
108195
107632
107139
106725
106393
106146
105983
105903
485647
485459
485084
484526
483791
482886
481819
480600
479240
477750
476139
474416
472590
470672
468670
466592
464447
462239
459976
457663
455305
452910
450482
448028
445551
443053
440535
437995
435436
432861
430273
427673
425065
422454
419840
417226
414613
412002
409390
406778
404167
401557
398952
396353
393758
391167
388578
385993
383412
380835
378264
375699
373139
370583
368035
365496
362967
360452
357946
355448
352956
350470
347990
345520
343062
340612
338171
335738
333310
330888
328470
326058
323654
321258
318871
316493
314121
311759
309405
307058
304718
302387
300066
297757
295460
293175
290902
288637
286381
284133
281896
279670
277455
275250
273053
270865
268684
266509
264339
262175
260017
257866
255723
253589
251464
249349
247243
245145
243057
240978
238905
236842
234789
232748
230719
228701
226695
224697
222705
220717
218732
216752
214777
212811
210855
208911
206976
205050
203133
201227
199328
197435
195549
193673
191807
189953
188108
186274
184450
182636
180832
179037
177250
175472
173704
171946
170198
168462
166736
165021
163317
161625
159945
158277
156621
154977
153344
151723
150115
148521
146940
145373
143821
142283
140761
139255
137766
136295
134841
133406
131991
130596
129223
127872
126544
125239
123960
122706
121478
120277
119105
117962
116851
115773
114732
113730
112769
111853
110987
110173
109414
108713
108074
107502
107002
106579
106238
105984
105817
105733
486170
485977
485592
485020
484267
483340
482249
481005
479619
478103
476466
474719
472869
470929
468906
466810
464647
462422
460143
457815
455444
453036
450597
448134
445650
443146
440622
438076
435512
432931
430335
427728
425114
422497
419879
417262
414646
412033
409421
406810
404198
401589
398984
396384
393790
391198
388607
386019
383436
380858
378285
375717
373155
370597
368048
365508
362980
360465
357961
355465
352974
350486
348004
345532
343071
340619
338176
335742
333315
330894
328476
326064
323658
321261
318873
316493
314122
311760
309407
307060
304719
302386
300064
297754
295458
293173
290900
288636
286380
284133
281896
279671
277456
275251
273056
270868
268688
266514
264345
262180
260021
257869
255724
253589
251464
249348
247243
245148
243062
240983
238913
236851
234800
232760
230733
228717
226714
224719
222730
220744
218759
216776
214797
212826
210867
208920
206984
205058
203142
201237
199339
197447
195562
193686
191821
189967
188123
186288
184464
182650
180847
179052
177265
175485
173715
171955
170206
168469
166742
165026
163321
161628
159946
158278
156621
154975
153341
151720
150111
148515
146934
145366
143813
142274
140751
139243
137752
136278
134823
133385
131968
130571
129194
127840
126508
125199
123915
122656
121424
120219
119043
117897
116781
115697
114648
113636
112667
111742
110866
110041
109272
108561
107912
107329
106818
106382
106029
105766
105592
105504
486831
486631
486233
485641
484864
483909
482786
481509
480091
478542
476873
475094
473215
471247
469199
467079
464894
462649
460350
458003
455614
453191
450740
448265
445772
443259
440725
438172
435601
433012
430408
427794
425175
422552
419930
417309
414690
412074
409460
406847
404236
401627
399022
396422
393826
391232
388640
386050
383464
380883
378307
375738
373173
370615
368064
365524
362996
360482
357977
355480
352988
350498
348015
345540
343076
340622
338178
335743
333316
330894
328477
326065
323660
321263
318874
316493
314121
311760
309407
307059
304717
302384
300062
297752
295456
293171
290897
288632
286377
284130
281894
279669
277454
275249
273054
270866
268687
266514
264346
262181
260022
257868
255722
253586
251461
249346
247242
245148
243064
240988
238919
236860
234811
232773
230747
228733
226731
224739
222752
220767
218781
216796
214814
212840
210878
208928
206991
205065
203150
201245
199348
197457
195574
193700
191835
189981
188137
186302
184477
182663
180859
179064
177277
175497
173726
171965
170215
168476
166748
165031
163325
161631
159948
158278
156619
154972
153337
151714
150104
148507
146925
145356
143801
142261
140736
139226
137733
136257
134798
133358
131938
130537
129157
127798
126461
125147
123857
122592
121354
120144
118962
117810
116687
115596
114538
113516
112536
111599
110711
109875
109093
108368
107706
107110
106584
106134
105767
105490
105307
105213
487634
487425
487009
486392
485584
484592
483431
482113
480653
479063
477355
475538
473625
471624
469546
467398
465187
462917
460594
458225
455817
453376
450909
448420
445914
443389
440844
438281
435701
433103
430492
427872
425246
422619
419991
417366
414743
412123
409506
406890
404278
401669
399063
396463
393866
391270
388675
386082
383494
380910
378332
375760
373194
370635
368083
365542
363013
360497
357991
355492
352997
350506
348021
345544
343077
340621
338176
335741
333314
330892
328475
326064
323660
321263
318873
316492
314119
311756
309402
307054
304712
302379
300058
297749
295452
293167
290892
288627
286371
284125
281890
279665
277450
275244
273048
270861
268681
266508
264340
262176
260017
257863
255717
253581
251455
249341
247238
245146
243063
240989
238923
236866
234820
232784
230759
228745
226744
224752
222766
220782
218796
216810
214827
212851
210887
208936
206998
205072
203157
201252
199355
197466
195584
193711
191848
189994
188149
186314
184488
182673
180869
179074
177287
175507
173736
171975
170224
168484
166755
165037
163330
161634
159950
158278
156618
154969
153332
151707
150095
148497
146913
145342
143785
142243
140716
139204
137709
136230
134768
133325
131901
130496
129112
127747
126405
125084
123787
122516
121270
120052
118863
117703
116572
115471
114402
113369
112375
111425
110522
109671
108874
108134
107456
106842
106298
105832
105449
105157
104961
104861
488586
488364
487926
487278
486429
485393
484184
482816
481306
479667
477912
476052
474097
472059
469946
467766
465524
463226
460876
458482
456051
453591
451105
448600
446077
443536
440978
438403
435811
433204
430586
427958
425327
422694
420061
417431
414804
412179
409557
406938
404324
401713
399107
396505
393906
391308
388712
386117
383526
380940
378360
375785
373217
370656
368103
365560
363029
360510
358001
355499
353002
350509
348022
345543
343075
340617
338171
335736
333308
330886
328470
326059
323656
321259
318869
316487
314113
311749
309392
307044
304703
302371
300051
297743
295447
293161
290886
288620
286365
284119
281883
279658
277443
275237
273040
270852
268672
266498
264329
262164
260005
257852
255707
253571
251447
249334
247232
245140
243059
240987
238924
236870
234826
232791
230767
228753
226750
224757
222771
220785
218800
216814
214832
212857
210894
208943
207005
205079
203164
201258
199362
197473
195593
193722
191859
190006
188161
186325
184499
182683
180878
179082
177294
175515
173744
171983
170232
168491
166761
165042
163334
161637
159952
158278
156615
154964
153325
151699
150085
148485
146898
145325
143766
142221
140692
139177
137679
136197
134732
133285
131857
130449
129059
127690
126341
125014
123709
122429
121174
119947
118748
117577
116435
115322
114241
113194
112185
111220
110301
109432
108618
107859
107159
106525
105959
105472
105071
104762
104555
104447
489695
489458
488991
488302
487405
486315
485047
483619
482050
480354
478544
476632
474630
472549
470397
468180
465905
463574
461194
458772
456316
453833
451326
448801
446259
443700
441125
438535
435930
433313
430686
428052
425414
422776
420138
417502
414869
412239
409613
406991
404374
401761
399154
396550
393949
391349
388751
386155
383562
380974
378391
375813
373242
370678
368123
365577
363043
360521
358008
355502
353003
350508
348019
345539
343069
340611
338164
335727
333299
330876
328460
326050
323646
321250
318860
316477
314103
311737
309379
307029
304689
302359
300040
297734
295438
293153
290878
288613
286357
284111
281876
279651
277435
275228
273031
270841
268659
266483
264313
262148
259988
257836
255692
253558
251435
249323
247222
245132
243052
240982
238922
236870
234828
232794
230770
228755
226751
224755
222766
220780
218794
216810
214830
212858
210896
208947
207011
205085
203170
201264
199367
197480
195600
193730
191869
190015
188171
186335
184509
182693
180886
179089
177301
175521
173751
171991
170240
168498
166767
165048
163338
161640
159953
158277
156612
154959
153318
151690
150074
148471
146882
145306
143744
142196
140663
139146
137644
136159
134691
133240
131809
130395
129001
127626
126270
124935
123622
122332
121068
119829
118618
117434
116279
115152
114056
112993
111968
110984
110046
109158
108321
107539
106815
106156
105565
105054
104631
104305
104082
103968
490972
490716
490213
489474
488517
487359
486022
484524
482886
481123
479250
477280
475224
473092
470895
468638
466325
463959
461545
459092
456609
454100
451570
449022
446458
443879
441286
438679
436059
433430
430793
428152
425507
422862
420218
417576
414938
412304
409673
407048
404428
401813
399203
396597
393993
391391
388791
386193
383599
381008
378422
375841
373266
370700
368142
365593
363056
360529
358012
355502
352999
350503
348013
345532
343061
340602
338154
335717
333286
330863
328446
326037
323633
321236
318846
316463
314088
311721
309362
307012
304672
302344
300027
297722
295428
293144
290869
288604
286348
284103
281868
279642
277426
275218
273019
270828
268644
266466
264294
262128
259968
257816
255673
253540
251419
249308
247209
245121
243043
240975
238916
236867
234826
232792
230768
228752
226745
224747
222755
220767
218781
216799
214822
212853
210895
208948
207012
205087
203172
201267
199371
197484
195606
193737
191876
190023
188179
186344
184518
182702
180895
179098
177309
175530
173759
171999
170247
168506
166774
165053
163342
161642
159954
158276
156609
154954
153311
151681
150063
148457
146865
145286
143720
142169
140633
139112
137607
136118
134645
133191
131755
130337
128937
127556
126193
124849
123526
122226
120950
119698
118473
117275
116104
114962
113850
112769
111725
110721
109760
108847
107984
107175
106421
105732
105112
104572
104124
103774
103538
103414
492432
492152
491602
490801
489769
488531
487111
485532
483814
481974
480030
477993
475875
473687
471439
469137
466782
464376
461926
459440
456926
454389
451833
449261
446673
444072
441459
438833
436198
433555
430907
428256
425603
422950
420300
417653
415009
412370
409736
407108
404485
401867
399254
396645
394038
391433
388831
386232
383635
381042
378452
375868
373290
370721
368160
365608
363067
360536
358014
355500
352995
350496
348006
345524
343052
340593
338144
335704
333273
330849
328432
326022
323618
321221
318830
316447
314071
311703
309344
306994
304656
302329
300014
297710
295416
293133
290859
288594
286340
284095
281860
279634
277416
275207
273007
270814
268628
266448
264275
262108
259947
257796
255653
253522
251401
249292
247195
245108
243032
240965
238909
236860
234820
232786
230761
228744
226734
224733
222739
220750
218765
216784
214810
212845
210889
208944
207010
205086
203173
201269
199374
197488
195611
193742
191882
190030
188187
186352
184527
182711
180905
179107
177318
175539
173769
172008
170256
168513
166781
165059
163347
161645
159955
158275
156607
154950
153304
151672
150051
148443
146847
145265
143695
142140
140600
139075
137566
136073
134596
133137
131696
130272
128867
127478
126107
124754
123421
122109
120820
119554
118314
117100
115913
114753
113622
112523
111457
110430
109443
108501
107606
106765
105975
105249
104595
104021
103543
103168
102909
102778
494094
493782
493174
492294
491170
489835
488316
486642
484831
482905
480879
478768
476581
474330
472025
469671
467269
464821
462331
459809
457262
454695
452111
449513
446901
444276
441641
438996
436344
433686
431025
428363
425701
423040
420383
417729
415080
412437
409799
407168
404542
401922
399306
396693
394082
391475
388870
386269
383670
381074
378481
375894
373313
370741
368178
365623
363078
360542
358017
355500
352991
350491
347999
345516
343044
340584
338133
335693
333260
330835
328418
326007
323603
321205
318815
316431
314055
311687
309327
306979
304641
302316
300001
297698
295405
293122
290849
288585
286331
284086
281851
279625
277407
275197
272995
270801
268613
266432
264257
262089
259929
257778
255636
253505
251385
249277
247181
245094
243019
240954
238898
236850
234810
232777
230751
228732
226721
224718
222722
220732
218747
216769
214797
212834
210881
208938
207006
205084
203171
201269
199375
197490
195614
193746
191887
190036
188193
186360
184535
182720
180914
179117
177328
175548
173778
172017
170265
168522
166788
165065
163352
161649
159956
158275
156604
154945
153298
151662
150039
148428
146829
145243
143670
142111
140566
139037
137523
136026
134544
133080
131632
130202
128789
127393
126012
124650
123306
121981
120678
119399
118142
116911
115705
114526
113374
112253
111164
110110
109093
108120
107187
106306
105475
104706
104010
103395
102879
102473
102193
102041
495982
495628
494944
493964
492728
491274
489640
487853
485937
483910
481793
479598
477335
475014
472645
470234
467780
465285
462753
460193
457611
455012
452400
449774
447136
444488
441831
439166
436496
433822
431148
428474
425802
423132
420466
417806
415151
412503
409861
407227
404599
401976
399356
396740
394125
391514
388906
386302
383700
381102
378508
375918
373335
370761
368195
365638
363090
360551
358021
355501
352989
350487
347993
345510
343037
340576
338125
335683
333250
330824
328406
325994
323590
321192
318801
316417
314041
311673
309315
306967
304630
302305
299992
297689
295397
293114
290840
288577
286323
284079
281844
279618
277400
275190
272986
270792
268602
266420
264244
262075
259914
257763
255622
253491
251372
249264
247167
245082
243007
240942
238886
236838
234798
232764
230738
228719
226707
224703
222705
220715
218731
216754
214784
212824
210873
208932
207001
205081
203169
201268
199375
197492
195616
193750
191891
190041
188200
186367
184543
182729
180923
179126
177338
175558
173788
172027
170274
168531
166796
165072
163357
161653
159959
158275
156603
154942
153292
151654
150027
148413
146810
145220
143644
142081
140532
138998
137479
135976
134489
133019
131565
130127
128706
127300
125911
124537
123181
121844
120528
119232
117959
116709
115482
114282
113107
111962
110845
109763
108712
107703
106727
105801
104923
104104
103357
102691
102127
101678
101364
101202
498127
497717
496933
495826
494449
492854
491080
489162
487124
484985
482765
480478
478131
475733
473295
470820
468310
465765
463188
460588
457970
455338
452695
450042
447378
444706
442026
439341
436653
433963
431275
428589
425905
423226
420551
417883
415222
412569
409923
407285
404654
402028
399404
396783
394165
391550
388939
386331
383727
381127
378531
375940
373355
370779
368211
365652
363102
360561
358028
355505
352991
350486
347990
345505
343032
340569
338118
335676
333242
330815
328396
325985
323581
321183
318791
316408
314032
311664
309306
306959
304623
302299
299987
297684
295392
293109
290836
288574
286320
284077
281842
279615
277396
275186
272982
270786
268595
266412
264235
262066
259905
257753
255612
253481
251361
249253
247157
245070
242995
240930
238874
236826
234786
232752
230726
228707
226695
224690
222691
220701
218717
216741
214773
212815
210865
208926
206997
205078
203168
201268
199376
197494
195620
193754
191897
190048
188207
186375
184552
182738
180933
179136
177348
175569
173798
172036
170284
168540
166805
165079
163363
161658
159962
158277
156602
154938
153286
151645
150016
148398
146792
145198
143618
142050
140497
138958
137435
135926
134432
132955
131493
130047
128617
127202
125802
124418
123050
121699
120368
119056
117765
116495
115247
114023
112822
111650
110502
109389
108299
107249
106228
105250
104319
103441
102632
101903
101277
100775
100423
100225
500570
500082
499164
497892
496339
494570
492632
490560
488382
486119
483787
481399
478961
476482
473969
471427
468856
466258
463635
460993
458337
455671
452997
450314
447624
444928
442226
439521
436814
434108
431405
428706
426011
423322
420638
417962
415294
412635
409983
407341
404706
402075
399448
396822
394199
391580
388965
386355
383749
381147
378550
375958
373373
370795
368225
365664
363113
360571
358037
355512
352995
350488
347991
345503
343028
340565
338113
335670
333235
330809
328390
325978
323574
321177
318786
316402
314027
311660
309302
306956
304621
302297
299985
297684
295392
293110
290838
288576
286323
284079
281844
279617
277398
275187
272982
270785
268594
266409
264232
262062
259901
257749
255607
253475
251355
249246
247149
245062
242986
240920
238864
236815
234775
232741
230715
228696
226683
224679
222680
220690
218707
216732
214765
212808
210860
208922
206994
205076
203168
201269
199378
197497
195625
193760
191904
190056
188216
186385
184562
182748
180943
179147
177359
175580
173809
172047
170293
168549
166813
165087
163370
161663
159966
158279
156602
154936
153281
151637
150005
148384
146774
145177
143592
142021
140463
138919
137389
135874
134374
132889
131419
129965
128525
127100
125689
124293
122911
121547
120200
118871
117560
116270
114998
113750
112522
111321
110138
108989
107857
106761
105690
104655
103662
102717
101834
101029
100326
99751
99335.7
99115.4
503371
502765
501657
500167
498392
496411
494279
492033
489701
487302
484849
482353
479819
477254
474663
472051
469417
466763
464092
461407
458712
456010
453303
450591
447875
445154
442430
439704
436980
434257
431539
428826
426119
423419
420725
418040
415365
412700
410042
407394
404754
402118
399486
396855
394228
391605
388987
386374
383765
381162
378565
375973
373387
370808
368237
365675
363123
360580
358046
355519
353001
350493
347994
345505
343028
340563
338109
335666
333231
330804
328385
325974
323571
321174
318783
316400
314025
311659
309303
306957
304622
302300
299988
297687
295397
293116
290844
288583
286330
284087
281851
279624
277404
275193
272988
270790
268598
266412
264234
262064
259902
257749
255606
253474
251353
249243
247145
245057
242980
240914
238856
236808
234766
232733
230706
228687
226675
224670
222672
220682
218699
216725
214760
212803
210857
208919
206993
205076
203169
201271
199382
197502
195631
193768
191913
190066
188227
186396
184574
182760
180955
179158
177370
175591
173820
172058
170304
168559
166823
165096
163378
161670
159971
158282
156604
154935
153278
151631
149995
148371
146758
145157
143568
141992
140429
138880
137344
135823
134316
132823
131344
129880
128430
126994
125571
124162
122768
121388
120024
118677
117346
116035
114738
113465
112206
110974
109755
108567
107391
106244
105119
104021
102959
101938
100969
100074
99272
98599.2
98105
97814.2
506620
505822
504433
502644
500589
498357
496004
493567
491069
488524
485943
483333
480699
478045
475375
472691
469993
467281
464559
461829
459093
456355
453614
450872
448128
445382
442636
439890
437147
434408
431674
428948
426228
423517
420814
418120
415437
412763
410099
407445
404798
402156
399519
396884
394253
391625
389004
386388
383778
381174
378576
375984
373398
370818
368246
365683
363130
360587
358053
355526
353008
350499
347999
345509
343030
340563
338108
335664
333229
330802
328383
325972
323569
321173
318784
316402
314028
311663
309307
306962
304629
302307
299996
297696
295407
293127
290856
288595
286342
284099
281863
279636
277416
275204
272999
270800
268607
266422
264243
262072
259909
257755
255611
253478
251355
249244
247145
245057
242979
240911
238853
236804
234762
232728
230700
228681
226668
224664
222666
220676
218695
216721
214757
212802
210856
208920
206994
205078
203172
201275
199388
197509
195639
193777
191924
190078
188239
186409
184587
182773
180968
179171
177382
175603
173832
172069
170315
168570
166833
165105
163387
161677
159977
158286
156606
154935
153275
151626
149987
148360
146744
145139
143546
141965
140397
138842
137300
135772
134257
132756
131268
129794
128333
126886
125450
124029
122619
121224
119842
118477
117124
115790
114467
113167
111876
110612
109353
108123
106902
105702
104519
103356
102218
101113
100047
99040.3
98114.5
97307.6
96685.7
96329
510472
509319
507500
505310
502911
500389
497792
495148
492473
489775
487061
484333
481596
478851
476099
473342
470579
467809
465035
462258
459481
456704
453929
451156
448383
445612
442844
440078
437317
434561
431812
429071
426338
423616
420903
418199
415507
412826
410154
407492
404838
402190
399547
396908
394273
391642
389018
386399
383787
381182
378583
375991
373405
370825
368253
365689
363136
360592
358058
355532
353014
350506
348006
345515
343035
340566
338110
335665
333229
330802
328384
325973
323571
321175
318787
316407
314034
311671
309316
306972
304639
302318
300008
297709
295421
293142
290872
288611
286359
284115
281880
279653
277433
275220
273014
270815
268622
266436
264256
262084
259921
257766
255621
253487
251363
249251
247151
245061
242982
240914
238854
236804
234761
232726
230698
228678
226665
224660
222663
220673
218692
216720
214756
212802
210857
208922
206997
205082
203177
201282
199395
197518
195649
193789
191936
190091
188253
186423
184601
182787
180982
179185
177396
175616
173845
172082
170327
168581
166844
165116
163396
161685
159983
158291
156609
154936
153274
151622
149981
148351
146731
145123
143526
141941
140367
138807
137258
135723
134200
132690
131192
129708
128235
126777
125328
123893
122468
121057
119656
118271
116895
115538
114187
112860
111534
110235
108939
107663
106396
105141
103897
102667
101448
100251
99076.3
97941.6
96863.8
95884.5
95078.7
94566.1
515223
513321
510842
508133
505328
502482
499623
496762
493902
491046
488195
485347
482505
479667
476833
474002
471173
468345
465518
462694
459874
457058
454248
451442
448641
445845
443054
440267
437488
434715
431951
429195
426450
423716
420992
418279
415577
412887
410207
407537
404875
402220
399572
396928
394289
391656
389029
386408
383794
381188
378588
375995
373409
370829
368257
365693
363140
360596
358062
355537
353020
350512
348013
345523
343042
340573
338115
335669
333232
330805
328387
325977
323575
321181
318794
316415
314043
311681
309328
306985
304653
302333
300024
297727
295439
293162
290893
288632
286380
284137
281901
279674
277455
275241
273035
270835
268642
266455
264274
262101
259937
257781
255636
253501
251376
249263
247161
245071
242991
240921
238860
236808
234763
232728
230699
228679
226665
224660
222663
220673
218693
216721
214758
212804
210860
208926
207002
205089
203185
201291
199406
197530
195662
193802
191950
190105
188268
186438
184616
182803
180997
179200
177411
175630
173859
172096
170341
168594
166856
165126
163405
161693
159991
158297
156613
154939
153274
151620
149977
148344
146721
145110
143509
141919
140340
138774
137218
135676
134144
132626
131118
129623
128139
126667
125205
123755
122314
120887
119466
118062
116660
115281
113900
112544
111186
109848
108515
107192
105876
104568
103260
101961
100661
99367.6
98077.7
96799.4
95543.7
94340.7
93267.1
92521.6
521182
517815
514376
511044
507789
504603
501473
498388
495341
492325
489336
486369
483420
480488
477571
474667
471771
468884
466005
463133
460269
457415
454569
451731
448902
446079
443265
440458
437660
434870
432091
429321
426563
423816
421082
418359
415647
412948
410259
407581
404911
402250
399595
396947
394305
391668
389038
386415
383800
381192
378591
375998
373411
370831
368259
365696
363142
360599
358065
355541
353025
350518
348020
345531
343052
340582
338124
335676
333240
330812
328394
325984
323583
321189
318804
316426
314056
311695
309343
307001
304671
302352
300044
297748
295462
293186
290917
288657
286406
284163
281928
279701
277480
275267
273060
270860
268665
266477
264296
262123
259958
257802
255656
253520
251394
249281
247177
245086
243004
240932
238869
236816
234770
232733
230703
228682
226668
224662
222665
220675
218695
216724
214762
212809
210866
208933
207011
205098
203196
201303
199420
197544
195677
193818
191967
190122
188285
186456
184634
182820
181014
179217
177428
175647
173875
172111
170355
168607
166868
165138
163415
161703
159998
158304
156618
154943
153277
151621
149975
148340
146714
145099
143494
141900
140316
138744
137181
135632
134091
132564
131046
129540
128043
126559
125082
123618
122159
120716
119273
117850
116424
115020
113612
112223
110835
109458
108084
106719
105351
103990
102620
101252
99869.3
98480.9
97073.2
95649.1
94196.7
92730.2
91263.4
90071.7
80438.1
69501.9
61825.7
54669.7
48234.1
42189
36595.8
31398.2
26602.5
22208.6
18195.2
14569
11340.3
8500.05
6073.04
4055.87
2457
1277.56
480.699
54.4266
79423.5
69449.3
61811.1
54668.5
48240.1
42198.3
36606.3
31408.8
26612.2
22217.6
18203.7
14576
11346.1
8504.36
6076.09
4057.94
2458.23
1279.12
482.305
54.8532
78586.5
69354.7
61786.6
54662.9
48251.8
42210.3
36624.6
31424.4
26628.6
22231.6
18217
14586.3
11354.9
8510.64
6080.54
4060.86
2459.7
1281.27
484.74
55.517
77844.4
69215.1
61734.1
54651.5
48259.7
42220.3
36642.7
31439.9
26645.8
22245.5
18230.3
14596.4
11363.2
8516.77
6084.82
4063.54
2460.48
1282.11
485.949
56.1675
77202
69028.9
61651.3
54630.9
48257.3
42224.2
36654.5
31450.7
26658.3
22255.4
18240.2
14603.7
11368.7
8521.18
6087.71
4064.95
2459.91
1280.11
484.492
56.3095
76656.9
68808.2
61539.3
54596
48241
42220.1
36656
31454
26662.2
22257.6
18243.5
14605.9
11369.7
8522.54
6088.47
4064.75
2457.93
1274.87
479.63
55.6588
76192.5
68569.8
61402.7
54543.1
48207.7
42205.1
36644.9
31447.4
26656
22250.8
18238.1
14601.7
11365.5
8520.58
6087.14
4063.45
2455.18
1267.51
472.082
54.3072
75792
68330.9
61249.5
54471.2
48156.1
42176.9
36620.4
31429.8
26639.4
22234.6
18223.6
14591
11356.7
8516.09
6084.69
4062.44
2453.11
1260.52
464.007
52.7306
75445.1
68105.4
61090.7
54383.3
48088.5
42134.7
36583
31400.8
26612.7
22209.6
18201.2
14574.7
11344.8
8510.63
6082.82
4063.6
2453.83
1256.83
458.228
51.5611
75146
67902.3
60937.7
54285.7
48010.9
42080.8
36535.6
31362
26577.4
22177.9
18173.1
14554.5
11331.4
8505.82
6083.37
4068.85
2459.36
1258.65
456.968
51.2549
74891.1
67726.5
60800
54187.1
47930.5
42020.2
36482.3
31316.5
26536.7
22142.3
18142.6
14533.1
11318.9
8503.3
6087.88
4079.21
2470.42
1266.31
460.528
51.844
74676.6
67578.6
60683.4
54096
47854.3
41958.9
36428.4
31269.5
26494.9
22106.8
18113.4
14513.3
11309.3
8504.22
6096.73
4094.07
2485.78
1278.24
467.456
52.9704
74498.7
67456.6
60589.5
54018.9
47788.1
41903
36379.1
31226.2
26456.9
22075.3
18088.9
14497.9
11303.9
8508.61
6108.62
4111.04
2502.9
1291.96
475.687
54.169
74352.8
67357
60516.3
53958.3
47734.8
41856.3
36337.7
31190.1
26426
22050.5
18070.7
14487.9
11302.4
8515.09
6121.12
4127.22
2519.13
1305.15
483.413
55.0756
74234.3
67276.2
60459.7
53912.6
47694.6
41820.2
36305.9
31162.8
26403.3
22033.2
18059
14482.7
11303.4
8521.64
6131.84
4140.33
2532.38
1316.01
489.303
55.4977
74138.4
67211
60415.8
53878.6
47665.4
41794.5
36283.5
31143.9
26388
22022.2
18052.1
14480.2
11304.9
8526.46
6139.22
4149.01
2541.29
1323.24
492.483
55.3958
74061.4
67158.7
60381.2
53853.1
47644.6
41776.9
36268.8
31131.6
26378.2
22015.4
18047.9
14478.5
11305.3
8528.53
6142.63
4152.77
2545.14
1326.09
492.758
54.874
74002.8
67118.5
60354.9
53834.3
47629.9
41765.1
36259.4
31124.2
26372.4
22011.1
18044.8
14476.5
11304.2
8527.87
6142.39
4152.25
2544.6
1325.16
490.91
54.1767
73963
67089.9
60336.2
53821.3
47620.2
41758
36254.3
31120.5
26369.5
22008.7
18042.8
14474.6
11302.3
8525.75
6140.14
4149.55
2541.9
1322.55
488.497
53.5811
73943.9
67074
60325.9
53814.8
47615.9
41755.3
36252.6
31119.3
26368.6
22008
18042.1
14473.8
11301.3
8524.33
6138.42
4147.41
2539.61
1320.42
486.808
53.2272
)
;

boundaryField
{
    inlet
    {
        type            calculated;
        value           nonuniform List<scalar> 
20
(
1.02627e+06
1.02631e+06
1.02633e+06
1.02635e+06
1.02636e+06
1.02637e+06
1.02638e+06
1.02639e+06
1.02639e+06
1.02639e+06
1.02639e+06
1.02639e+06
1.02639e+06
1.02638e+06
1.02637e+06
1.02636e+06
1.02635e+06
1.02633e+06
1.02631e+06
1.02627e+06
)
;
    }
    outlet
    {
        type            calculated;
        value           uniform 0;
    }
    walls
    {
        type            calculated;
        value           nonuniform List<scalar> 
520
(
1.02627e+06
1.00037e+06
972593
945048
917879
891104
864725
838744
813159
787973
763187
738806
714835
691287
668185
645566
623498
602087
581501
561958
550069
544725
539509
534422
529471
524651
519962
515401
510963
506644
502438
498341
494345
490446
486637
482912
479267
475694
472190
468750
465368
462041
458765
455536
452352
449208
446102
443031
439994
436988
434011
431061
428137
425236
422359
419503
416668
413852
411054
408274
405511
402764
400032
397314
394611
391921
389245
386581
383930
381292
378665
376051
373449
370859
368280
365711
363154
360606
358070
355543
353026
350518
348020
345531
343051
340580
338119
335667
333225
330792
328369
325955
323551
321158
318774
316399
314033
311676
309328
306991
304665
302351
300046
297755
295473
293200
290932
288676
286424
284188
281951
279727
277499
275285
273069
270870
268669
266486
264303
262138
259972
257825
255674
253542
251407
249290
247173
245075
242978
240900
238821
236759
234699
232658
230620
228601
226587
224593
222601
220628
218654
216699
214740
212803
210862
208940
207015
205108
203198
201305
199410
197532
195652
193790
191927
190082
188237
186407
184574
182755
180939
179133
177329
175542
173756
171993
170223
168476
166720
164987
163247
161524
159801
158084
156381
154672
152982
151288
149600
147906
146232
144536
142883
141189
139545
137869
136240
134578
132951
131308
129677
128031
126404
124748
123121
121474
119840
118194
116542
114881
113226
111529
109848
108143
106438
104717
102972
101228
99445.5
97665.9
95818.5
93999.4
92099.4
90204.9
88270.5
86321.8
84351.9
82361.1
80351
78325.2
73943.9
67074
60325.9
53814.8
47615.9
41755.3
36252.6
31119.3
26368.6
22008
18042.1
14473.8
11301.3
8524.33
6138.42
4147.41
2539.61
1320.42
486.808
53.2272
1.02627e+06
1.00038e+06
972593
945047
917877
891101
864721
838736
813146
787948
763143
738724
714686
691015
667689
644663
621848
599070
575917
551095
484875
485003
485260
485647
486170
486831
487634
488586
489695
490972
492432
494094
495982
498127
500570
503371
506620
510472
515223
521182
484875
484692
484329
483790
483081
482207
481174
479993
478671
477219
475645
473959
472168
470282
468311
466261
464142
461960
459722
457431
455095
452718
450306
447863
445395
442904
440392
437860
435310
432745
430168
427581
424988
422387
419782
417174
414565
411954
409344
406735
404125
401516
398909
396308
393713
391122
388535
385950
383369
380794
378226
375664
373108
370558
368016
365480
362951
360431
357920
355419
352925
350437
347959
345490
343033
340585
338144
335709
333279
330857
328442
326037
323641
321251
318866
316486
314113
311747
309391
307044
304708
302380
300063
297755
295458
293174
290900
288635
286378
284130
281891
279663
277444
275236
273038
270848
268665
266488
264318
262154
259998
257850
255710
253577
251452
249336
247228
245131
243044
240964
238892
236828
234773
232728
230694
228670
226655
224649
222649
220657
218672
216695
214729
212773
210825
208883
206949
205023
203105
201196
199297
197407
195524
193650
191784
189928
188082
186245
184418
182602
180797
179003
177219
175446
173682
171928
170184
168450
166726
165013
163312
161621
159942
158275
156618
154974
153343
151723
150117
148525
146946
145381
143831
142296
140776
139272
137785
136315
134864
133432
132020
130630
129261
127915
126593
125294
124020
122771
121547
120350
119182
118046
116943
115876
114847
113858
112910
112009
111158
110360
109618
108934
108312
107757
107273
106867
106543
106303
106146
106070
106070
106016
105903
105733
105504
105213
104861
104447
103968
103414
102778
102041
101202
100225
99115.4
97814.2
96329
94566.1
92521.6
90071.7
80438.1
69501.9
61825.7
54669.7
48234.1
42189
36595.8
31398.2
26602.5
22208.6
18195.2
14569
11340.3
8500.05
6073.04
4055.87
2457
1277.56
480.699
54.4266
)
;
    }
    frontAndBack
    {
        type            empty;
    }
}


// ************************************************************************* //
