/*--------------------------------*- C++ -*----------------------------------*\
| =========                 |                                                 |
| \\      /  F ield         | OpenFOAM: The Open Source CFD Toolbox           |
|  \\    /   O peration     | Version:  2.4.0                                 |
|   \\  /    A nd           | Web:      www.OpenFOAM.org                      |
|    \\/     M anipulation  |                                                 |
\*---------------------------------------------------------------------------*/
FoamFile
{
    version     2.0;
    format      ascii;
    class       volScalarField;
    location    "0.94";
    object      p;
}
// * * * * * * * * * * * * * * * * * * * * * * * * * * * * * * * * * * * * * //

dimensions      [0 2 -2 0 0 0 0];

internalField   nonuniform List<scalar> 
8800
(
91.1151
78.7407
71.3463
67.8262
65.9422
64.5197
63.3603
62.1979
61.2485
60.2308
59.2582
58.4572
57.3619
56.6567
55.7172
54.8483
54.4057
53.1948
52.9593
52.8033
88.0013
78.3862
71.5158
67.9401
66.0025
64.5436
63.3696
62.1967
61.2463
60.2314
59.2481
58.4649
57.3533
56.6545
55.7225
54.8268
54.4361
53.1776
52.9123
52.7906
86.0339
78.4633
72.1202
68.3165
66.1695
64.6211
63.4173
62.2269
61.2718
60.2503
59.2529
58.4799
57.3464
56.6553
55.7269
54.7977
54.467
53.1478
52.9672
52.9171
84.4964
78.5234
72.7109
68.7409
66.354
64.7084
63.4772
62.2835
61.3196
60.2914
59.2793
58.499
57.359
56.658
55.7329
54.7806
54.4616
53.1388
53.0075
53.2011
83.2456
78.4968
73.1911
69.1488
66.5208
64.7792
63.5216
62.3423
61.375
60.3405
59.3226
58.5192
57.379
56.6669
55.7334
54.7759
54.4302
53.1483
52.8842
53.5868
82.2603
78.3969
73.559
69.4978
66.6753
64.8197
63.5488
62.3907
61.4199
60.3982
59.353
58.5372
57.3973
56.6569
55.7456
54.7703
54.3727
53.194
52.8873
54.0238
81.5036
78.2863
73.8241
69.7785
66.8133
64.8525
63.5473
62.4318
61.4532
60.4452
59.3796
58.5472
57.4058
56.6445
55.7538
54.75
54.338
53.2596
52.891
54.3472
80.9554
78.1896
74.0045
69.9921
66.937
64.8677
63.5498
62.4462
61.4869
60.4899
59.4041
58.5706
57.4198
56.6384
55.7523
54.7387
54.3153
53.3573
52.9037
54.5813
80.5966
78.1181
74.1248
70.1331
67.0263
64.8839
63.5363
62.4714
61.4931
60.5148
59.429
58.58
57.4549
56.642
55.7764
54.7551
54.302
53.4481
52.9157
54.6807
80.4187
78.085
74.1773
70.2107
67.0709
64.8867
63.5348
62.4754
61.5022
60.5258
59.4397
58.5805
57.4741
56.6355
55.7865
54.7583
54.2843
53.5052
52.9504
54.5801
80.4201
78.086
74.1813
70.2093
67.0721
64.8889
63.5312
62.4859
61.4909
60.5352
59.445
58.5669
57.4974
56.6262
55.789
54.7864
54.2628
53.5681
52.9773
54.3915
80.591
78.1358
74.1241
70.1371
67.0273
64.8818
63.5359
62.4811
61.4759
60.5135
59.4441
58.5514
57.5185
56.6172
55.8042
54.8197
54.2422
53.6042
52.9958
54.1947
80.9489
78.2116
74.0125
69.9887
66.9426
64.8728
63.5388
62.475
61.4442
60.5018
59.4356
58.5247
57.5371
56.6145
55.8014
54.8541
54.2435
53.5999
53.0301
53.9858
81.4947
78.3168
73.8273
69.7739
66.817
64.8539
63.5432
62.4538
61.4086
60.4772
59.4159
58.4926
57.5543
56.6076
55.8104
54.9072
54.231
53.6209
53.0416
53.7819
82.2513
78.4294
73.5629
69.486
66.6788
64.8253
63.535
62.4285
61.3567
60.4446
59.3914
58.4478
57.5714
56.6049
55.8129
54.9525
54.2552
53.6421
53.0456
53.5933
83.2318
78.5312
73.1964
69.134
66.528
64.7774
63.5109
62.3882
61.2967
60.4053
59.3625
58.401
57.5837
56.5971
55.8122
55.0044
54.2835
53.6671
53.085
53.3486
84.4798
78.5579
72.722
68.7231
66.3576
64.7118
63.4629
62.3391
61.2334
60.3575
59.3372
58.3576
57.5846
56.5965
55.8137
55.0357
54.3193
53.7011
53.1485
53.0495
86.0144
78.4956
72.1379
68.2966
66.1736
64.6258
63.4005
62.2861
61.1846
60.3171
59.3172
58.3341
57.5799
56.5988
55.8156
55.0558
54.349
53.7238
53.2081
52.8887
87.9807
78.4153
71.5366
67.9211
66.0049
64.5485
63.3537
62.2537
61.1643
60.2956
59.3095
58.3322
57.5746
56.6069
55.82
55.0658
54.3634
53.7363
53.2077
52.7814
91.0935
78.7681
71.3666
67.8078
65.9449
64.5234
63.3469
62.2504
61.1708
60.2956
59.3099
58.3413
57.5718
56.6107
55.8241
55.0667
54.3673
53.7378
53.2111
52.9018
51.9602
51.5286
51.1434
50.8888
50.8849
51.08
51.3966
51.7664
52.1222
52.4207
52.641
52.7604
52.8023
52.7322
52.5954
52.3631
52.0497
51.664
51.233
50.7803
50.3343
49.9131
49.5458
49.2296
48.9982
48.8637
48.841
48.9164
49.1002
49.3383
49.632
49.9383
50.2493
50.5173
50.7161
50.8112
50.8109
50.6965
50.5256
50.3004
50.0814
49.8583
49.7015
49.5903
49.588
49.6439
49.7931
50.005
50.2721
50.6198
51.0162
51.4974
52.0763
52.7798
53.6078
54.4942
55.412
56.1816
56.6781
56.6951
56.1338
54.8032
52.8259
50.3219
47.6668
45.1974
42.7441
40.607
38.7813
37.6206
37.0047
37.1757
37.8673
39.0743
40.4547
41.8989
43.3021
44.5974
45.7762
46.7899
47.67
48.4339
49.0141
49.4495
49.7561
49.8943
49.9614
49.9255
49.8197
49.7173
49.5607
49.3609
49.1727
48.9524
48.6943
48.4356
48.0776
47.7318
47.241
46.6816
45.9972
45.148
44.2284
43.142
42.0736
40.9003
39.7129
38.6494
37.4005
36.4992
35.2542
34.495
33.4793
32.7093
32.101
31.4586
31.0221
30.6162
30.3244
30.088
29.8182
29.7706
29.4318
29.3784
29.3158
28.8875
28.9891
28.8117
28.548
28.6396
28.7553
28.6992
29.1379
29.6676
30.294
31.2993
32.5918
34.1647
35.8421
38.0418
40.188
42.5902
44.8926
47.2845
49.564
51.7267
53.7383
55.621
57.5225
59.1365
60.7655
62.2042
63.5229
64.857
66.0418
67.137
68.1013
68.8095
69.5044
69.0538
68.9518
68.2604
65.3906
63.095
61.017
57.9642
55.2185
53.077
50.9892
49.2371
48.0328
47.1319
46.6043
46.4213
46.3535
46.8042
47.7957
49.1958
51.4781
54.3577
57.1961
60.1015
62.9074
65.057
66.7776
68.3971
69.7288
70.6614
71.5914
72.3963
72.6439
72.5202
72.0131
70.5151
66.8866
60.1903
51.5647
41.268
28.6251
1.33718
51.8369
51.3627
50.9436
50.7368
50.7568
50.9741
51.3169
51.7325
52.1313
52.4738
52.7213
52.8335
52.8478
52.7372
52.556
52.291
51.9541
51.5673
51.1467
50.7056
50.2807
49.8707
49.5309
49.2422
49.054
48.9325
48.9288
49.0139
49.2006
49.4373
49.731
50.0207
50.321
50.5712
50.7453
50.8283
50.8017
50.6862
50.496
50.2582
50.0284
49.8031
49.6397
49.527
49.5299
49.5998
49.7611
50.0029
50.2983
50.6855
51.1183
51.6453
52.2358
52.9397
53.7209
54.5194
55.3069
55.8992
56.2863
56.2112
55.6215
54.4124
52.5442
50.3389
47.7843
45.4345
43.1168
41.1149
39.4129
38.2494
37.6498
37.742
38.3647
39.3747
40.6146
41.9383
43.2537
44.4859
45.6331
46.6471
47.5669
48.3244
48.9667
49.409
49.7728
49.9479
50.046
50.0521
49.9858
49.8768
49.7309
49.5382
49.2705
49.074
48.7087
48.4415
48.0007
47.5948
47.0689
46.4067
45.7552
44.822
43.975
42.8835
41.8618
40.8107
39.5883
38.7014
37.4835
36.6169
35.6259
34.7096
34.0523
33.2188
32.6214
32.1455
31.6031
31.2539
31.0473
30.7145
30.5134
30.4349
30.1476
29.9978
29.9799
29.6486
29.6166
29.5456
29.4722
29.4121
29.7151
29.8458
30.2273
30.8964
31.6909
32.7213
34.0476
35.684
37.3799
39.427
41.4751
43.7566
45.8342
48.0838
50.1508
52.1998
54.0925
55.8961
57.7243
59.2603
60.9003
62.324
63.7053
65.0423
66.2934
67.5448
68.4974
69.4589
70.2576
69.6708
69.7706
68.7609
65.3471
62.7602
60.3761
56.9237
53.5809
50.8425
48.4732
46.7179
45.3871
44.4378
44.3062
44.7372
44.9483
45.2473
45.8601
47.068
49.1555
51.5732
54.2497
57.5238
60.5763
62.7512
64.6655
66.5657
68.0365
68.8553
69.6527
70.2408
70.4224
70.0335
69.2948
67.5289
63.8253
56.8947
47.0188
34.827
21.256
-5.80337
51.768
51.3237
51.0987
50.846
50.7588
50.922
51.2529
51.6816
52.093
52.44
52.7085
52.8094
52.8272
52.663
52.4611
52.1689
51.8292
51.4628
51.0559
50.6606
50.2537
49.8959
49.5753
49.3289
49.1543
49.0587
49.0644
49.1474
49.3271
49.5432
49.8184
50.0842
50.3516
50.5708
50.7209
50.779
50.7512
50.6256
50.442
50.217
49.9716
49.7901
49.6143
49.5478
49.5383
49.6226
49.798
50.0554
50.3723
50.7741
51.2252
51.7535
52.3315
52.984
53.673
54.3625
54.9849
55.4553
55.683
55.5486
54.9442
53.8331
52.1638
50.1639
47.8591
45.6482
43.5027
41.627
40.0516
38.943
38.38
38.4101
38.9416
39.8059
40.9003
42.0969
43.3063
44.4543
45.5515
46.5392
47.4638
48.1944
48.8738
49.3152
49.706
49.915
50.0358
50.0677
50.0144
49.9364
49.719
49.6071
49.2665
49.0811
48.6698
48.352
47.9046
47.3805
46.9019
46.1094
45.5232
44.5469
43.7518
42.7526
41.6934
40.8411
39.6076
38.8119
37.7775
36.8172
36.1364
35.1645
34.5636
33.9342
33.2142
32.8678
32.4084
31.9577
31.8188
31.5197
31.2615
31.2121
30.9743
30.7734
30.7337
30.5602
30.4797
30.4317
30.5383
30.4988
30.7951
31.1314
31.5936
32.2491
33.2141
34.267
35.5768
37.1794
38.8291
40.7334
42.5934
44.7495
46.6225
48.7448
50.6531
52.5691
54.3718
56.095
57.8382
59.349
61.0015
62.4176
63.9521
65.3107
66.6482
68.0379
68.971
70.2626
71.0157
70.4541
71.0275
69.5811
65.7036
62.6499
59.7255
55.5803
51.3154
47.716
45.1618
43.5899
42.0136
40.8306
41.361
42.7166
43.5615
44.156
44.6998
45.6556
47.3385
49.3387
51.965
55.4844
58.5568
60.6136
62.6803
64.8631
66.4378
67.1537
67.8359
68.3245
68.3759
67.9048
66.8475
64.9248
60.9645
54.3426
44.4624
30.469
17.6011
-2.7148
51.6325
51.2109
51.1938
50.8879
50.6151
50.6657
50.996
51.5196
51.9778
52.3336
52.5927
52.6889
52.714
52.5502
52.3251
52.046
51.699
51.3726
50.9837
50.6303
50.2762
49.9514
49.6858
49.4476
49.3117
49.2266
49.2285
49.3122
49.4547
49.6601
49.8816
50.1229
50.3438
50.5312
50.656
50.6974
50.6637
50.5471
50.3716
50.1847
49.9477
49.7975
49.6458
49.5953
49.6156
49.7006
49.8845
50.1425
50.4519
50.8522
51.2817
51.778
52.3112
52.8763
53.4588
54.0162
54.5067
54.8427
54.9489
54.7499
54.1668
53.1568
51.7197
49.9394
47.9357
45.9195
43.9847
42.2704
40.8446
39.8215
39.2703
39.2417
39.6333
40.3876
41.3286
42.3948
43.4896
44.5205
45.5505
46.4531
47.3487
48.0398
48.7144
49.1418
49.5507
49.7657
49.9089
49.9759
49.8975
49.8868
49.6288
49.531
49.1884
48.9515
48.563
48.1694
47.7488
47.1543
46.6939
45.8917
45.3019
44.4051
43.581
42.7666
41.6593
40.9576
39.8419
38.9953
38.219
37.2331
36.5983
35.8677
35.1441
34.6682
34.0452
33.6085
33.2717
32.8517
32.5967
32.4379
32.1739
32.0292
31.924
31.727
31.6186
31.601
31.5149
31.4954
31.7007
31.7261
32.0666
32.4433
33.0406
33.6899
34.6612
35.7516
36.9748
38.5067
40.0488
41.8389
43.5234
45.5543
47.2508
49.2578
51.0733
52.8428
54.5966
56.27
57.9132
59.4737
61.0815
62.5317
64.2491
65.5723
67.0842
68.5771
69.4616
71.0907
71.8761
71.6137
72.6044
70.5061
66.0868
62.6834
59.2712
54.1651
49.0811
44.6197
41.8931
40.492
38.4729
36.7673
37.7711
40.1492
42.0415
43.2137
43.9639
44.7543
45.9531
47.5731
50.2975
53.9944
56.9668
58.8731
61.0179
63.3875
64.9974
65.7109
66.2529
66.7561
66.58
66.1452
64.8125
62.8871
58.9935
52.2534
43.9116
29.3167
16.8907
2.16259
53.1505
52.3502
51.3864
50.6628
50.2251
50.1891
50.5516
51.2075
51.7567
52.1685
52.3995
52.4898
52.5141
52.4018
52.1845
51.9211
51.5925
51.2969
50.9408
50.6192
50.3397
50.0439
49.8303
49.6073
49.4922
49.4304
49.3982
49.4806
49.5715
49.7569
49.9315
50.122
50.3113
50.4527
50.5619
50.589
50.5512
50.4672
50.3194
50.1694
49.987
49.8465
49.743
49.6955
49.7352
49.8277
49.9974
50.2373
50.5298
50.8881
51.2821
51.7127
52.1714
52.634
53.1044
53.5129
53.9008
54.1007
54.1287
53.8788
53.3407
52.4703
51.2439
49.7264
48.0273
46.2717
44.5819
43.0669
41.7942
40.8667
40.3175
40.223
40.4842
41.108
41.9032
42.8291
43.7983
44.6953
45.6203
46.4082
47.2219
47.8582
48.4794
48.9075
49.2743
49.5269
49.6493
49.7766
49.6901
49.7002
49.4802
49.3381
49.0498
48.7657
48.4021
47.9832
47.5646
46.9775
46.5024
45.7805
45.1671
44.4072
43.5441
42.8742
41.8876
41.1275
40.2754
39.3792
38.6622
37.8988
37.1512
36.5795
35.9655
35.3813
34.9344
34.5249
34.0972
33.8328
33.5145
33.3224
33.2053
32.9419
32.9048
32.7959
32.5955
32.6929
32.6276
32.603
32.8875
32.9644
33.3483
33.6969
34.3772
35.0356
35.9231
37.0417
38.1656
39.5901
41.0204
42.7043
44.2796
46.1582
47.7914
49.6603
51.39
53.0877
54.7956
56.4129
58.0316
59.6176
61.1909
62.6284
64.3968
65.6583
67.4374
69.009
69.9493
71.9852
72.8741
73.0731
74.3636
71.549
66.4749
62.6825
58.6301
52.2657
46.7797
42.174
39.5255
38.1694
35.7603
33.676
34.5034
37.361
40.2046
42.2225
43.5089
44.3238
45.1191
46.3686
49.1347
52.8788
55.6249
57.3701
59.5679
62.0991
63.7573
64.575
65.0011
65.5469
65.2188
64.7111
63.4112
61.2988
58.369
51.0841
44.382
31.2492
18.5456
7.13736
54.024
53.0978
51.6053
50.6239
50.0406
49.8771
50.1551
50.8488
51.4824
51.968
52.1998
52.2726
52.332
52.2281
52.0605
51.8008
51.5355
51.2479
50.9273
50.6443
50.4033
50.1674
49.9518
49.7828
49.6578
49.626
49.5745
49.6244
49.6993
49.8321
49.987
50.1083
50.2666
50.3741
50.4698
50.4904
50.4556
50.399
50.2902
50.1636
50.0373
49.9078
49.8457
49.816
49.8423
49.9567
50.1007
50.3075
50.5877
50.8755
51.2204
51.5721
51.9396
52.3009
52.6696
52.9784
53.2463
53.3609
53.3121
53.0552
52.5724
51.8258
50.7976
49.5352
48.1226
46.6448
45.2241
43.9222
42.8105
41.9942
41.4639
41.3068
41.4609
41.9075
42.5746
43.34
44.1721
44.9482
45.7156
46.4221
47.0907
47.683
48.2165
48.6318
48.9526
49.2153
49.3278
49.4734
49.4444
49.4185
49.2787
49.0887
48.8526
48.5525
48.2209
47.8135
47.3955
46.8942
46.3621
45.7875
45.1662
44.5002
43.7709
43.042
42.2703
41.4769
40.7286
39.9511
39.2091
38.573
37.8771
37.2911
36.8066
36.2393
35.7746
35.4697
35.0277
34.7301
34.5351
34.2414
34.1664
33.9993
33.8376
33.8507
33.6766
33.688
33.7552
33.6911
34.011
34.1224
34.5218
34.8673
35.5107
36.2078
36.9779
38.0791
39.1389
40.459
41.8168
43.3772
44.9364
46.6221
48.2807
50.011
51.6469
53.3206
54.9971
56.5255
58.1382
59.6733
61.1956
62.6233
64.3593
65.5944
67.5769
69.1778
70.5379
72.7631
73.7018
74.3149
75.8777
72.7224
67.2726
62.9821
57.6272
49.674
43.366
39.2055
37.1508
35.8937
33.6192
31.6933
32.3724
35.1153
38.2839
41.0968
43.1597
44.2133
44.7331
45.8062
48.6447
52.2718
54.6656
56.1021
58.2107
60.8966
62.7493
63.6716
64.1211
64.6541
64.3748
63.5739
62.7244
60.1537
58.3619
51.4569
45.3141
34.6655
22.2566
12.6051
54.5847
53.6616
51.9167
50.7365
50.0397
49.7027
49.8736
50.4889
51.1984
51.7493
52.0216
52.1098
52.1791
52.0821
51.958
51.7326
51.5081
51.2419
50.9059
50.6825
50.4594
50.2802
50.0669
49.9271
49.8311
49.7871
49.758
49.7415
49.8178
49.8953
50.0188
50.0954
50.2134
50.3081
50.385
50.4057
50.3689
50.3482
50.2624
50.1748
50.0822
49.9793
49.9433
49.9319
49.9381
50.0622
50.1763
50.3406
50.5992
50.8176
51.1047
51.3984
51.6686
51.958
52.2374
52.4779
52.6378
52.6917
52.6007
52.3405
51.9244
51.2756
50.4247
49.3905
48.2324
47.0109
45.8404
44.7352
43.7797
43.0641
42.577
42.3466
42.4283
42.7159
43.2418
43.8698
44.5441
45.2116
45.8165
46.4428
46.9862
47.5074
47.9822
48.3638
48.6496
48.9145
49.0271
49.1651
49.1953
49.1236
49.0656
48.8515
48.6469
48.3801
48.0423
47.7058
47.2642
46.863
46.3208
45.8229
45.28
44.6185
44.0368
43.3187
42.6454
41.9297
41.2216
40.5242
39.8453
39.2268
38.5854
38.0731
37.5657
37.0944
36.6764
36.2829
36.0242
35.6372
35.4259
35.2904
35.0284
35.0159
34.8552
34.7506
34.7982
34.6428
34.7861
34.7827
34.9756
35.2058
35.5236
35.8975
36.4818
37.1551
37.8931
38.9229
39.9805
41.1759
42.4913
43.9575
45.4881
47.0246
48.6696
50.3242
51.861
53.4927
55.1466
56.5941
58.1354
59.6125
61.0349
62.4682
64.1783
65.498
67.4345
68.9987
70.8443
73.1178
73.8957
75.0942
76.5101
73.2471
67.8668
63.1483
56.5555
47.7871
40.4555
36.1719
34.4083
33.2316
31.4554
29.9179
30.6366
33.2697
36.5598
40.0614
42.8852
44.2939
44.8558
46.0886
48.9698
52.2802
54.2604
55.297
57.2551
60.0454
62.1365
63.0531
63.6119
63.9763
64.0539
62.8912
62.5341
59.7152
58.1077
52.5809
46.4612
38.2605
27.5228
18.661
55.0062
54.019
52.1614
50.8242
50.0921
49.6407
49.7106
50.2208
50.9688
51.5548
51.8848
52.0158
52.0748
51.9949
51.8531
51.6983
51.4746
51.2424
50.8937
50.6978
50.5265
50.355
50.1803
50.0169
49.9707
49.9109
49.8814
49.845
49.9052
49.972
50.0536
50.1109
50.1866
50.2659
50.3279
50.3394
50.3019
50.3103
50.2319
50.1852
50.1032
50.0266
50.0147
49.9974
50.0111
50.1124
50.2115
50.3403
50.5626
50.7419
50.9677
51.2207
51.4184
51.6783
51.8634
52.0239
52.1177
52.1198
52.0157
51.7587
51.4136
50.8516
50.1427
49.312
48.3446
47.3488
46.3828
45.4342
44.6182
43.9861
43.5216
43.2579
43.273
43.4606
43.8457
44.3601
44.8788
45.4423
45.9239
46.4568
46.9168
47.3598
47.7871
48.1324
48.3969
48.6468
48.7851
48.8852
48.9703
48.8588
48.8567
48.6669
48.4612
48.2606
47.9154
47.6212
47.2223
46.8231
46.3525
45.8934
45.3945
44.8104
44.2554
43.6359
43.019
42.3544
41.7202
41.0516
40.4448
39.867
39.2421
38.8197
38.3144
37.8721
37.5546
37.1152
36.8984
36.5927
36.2827
36.253
35.9795
35.8944
35.9004
35.6517
35.7722
35.6626
35.6621
35.8353
35.846
36.1611
36.4514
36.7496
37.3888
37.9387
38.7262
39.6558
40.6719
41.8416
43.0483
44.4419
45.8812
47.3962
48.9472
50.5575
52.0177
53.5997
55.1367
56.5974
58.0136
59.4431
60.7279
62.2325
63.8517
65.1928
67.0734
68.7063
70.5795
72.6374
73.5557
74.7566
75.57
72.5981
67.4363
62.2532
55.2064
47.2047
39.7171
34.935
32.6004
31
29.6225
28.5136
29.373
32.0136
35.3496
39.2677
42.6539
44.4452
45.3216
46.8997
49.8022
52.6449
54.1949
54.9579
56.8111
59.6192
61.9241
62.7592
63.4361
63.629
64.117
62.8834
62.5685
60.0123
57.7955
53.8277
48.0105
42.0006
33.4184
25.0114
55.4164
54.3843
52.3852
50.9432
50.1765
49.6877
49.6413
50.0541
50.7522
51.3759
51.7497
51.9665
52.0078
51.9373
51.7725
51.6563
51.4505
51.2268
50.8947
50.6901
50.5811
50.3925
50.2703
50.1011
50.084
50.0408
49.9729
49.9645
49.9701
50.0475
50.0808
50.1191
50.1733
50.2269
50.2948
50.2827
50.2626
50.2839
50.2175
50.1936
50.1189
50.0496
50.0672
50.029
50.054
50.135
50.2027
50.3243
50.4992
50.6541
50.8363
51.0345
51.19
51.3704
51.5213
51.6111
51.6699
51.6423
51.5299
51.3004
51.0062
50.5321
49.934
49.2696
48.4585
47.6344
46.8411
46.0058
45.3137
44.7493
44.3066
44.0482
44.0121
44.1246
44.3824
44.7867
45.1704
45.6393
46.0293
46.4778
46.8706
47.251
47.6295
47.9387
48.1953
48.4178
48.5728
48.658
48.7499
48.6798
48.6649
48.5151
48.3343
48.1342
47.8497
47.5481
47.2068
46.8358
46.3932
46.022
45.5067
45.0249
44.5003
43.9209
43.4021
42.739
42.187
41.5708
40.9798
40.4921
39.8699
39.5187
39.0346
38.6307
38.3528
37.9396
37.7384
37.4591
37.2026
37.103
36.928
36.7877
36.7925
36.654
36.6338
36.628
36.563
36.7181
36.7675
37
37.3157
37.5542
38.2066
38.6637
39.4214
40.2973
41.2112
42.4062
43.4331
44.8277
46.1254
47.6669
49.1703
50.6479
52.1391
53.6742
55.0298
56.5294
57.8341
59.1044
60.4285
61.7681
63.3014
64.5417
66.4132
68.2644
69.8049
71.4189
72.3683
73.5481
73.5257
71.0552
66.4183
61.0302
53.7773
46.4651
39.1709
34.1353
31.23
29.4764
28.6544
28.1851
29.2708
31.7296
34.8497
38.8224
42.5744
44.6916
46.0075
47.8408
50.5291
52.8092
54.1498
54.9953
56.8885
59.6881
62.0514
62.7481
63.4844
63.6902
64.4141
63.5712
62.8934
60.8992
58.2096
55.5587
50.6469
45.987
39.0166
31.2111
55.792
54.7209
52.5975
51.0305
50.2049
49.7539
49.6376
50.0188
50.6162
51.2639
51.6432
51.9085
51.9538
51.8549
51.7114
51.5848
51.4361
51.2078
50.9182
50.7007
50.6144
50.4343
50.3221
50.1815
50.1581
50.141
50.0419
50.0429
50.0363
50.1064
50.1169
50.1359
50.1753
50.217
50.2729
50.24
50.2296
50.2575
50.2026
50.1879
50.1207
50.0541
50.0933
50.0433
50.0759
50.1367
50.1747
50.2939
50.4137
50.5597
50.6974
50.8502
50.9749
51.0917
51.2208
51.2615
51.2931
51.257
51.1417
50.9421
50.6907
50.2896
49.7817
49.2412
48.5612
47.8634
47.2095
46.4769
45.8866
45.3838
44.9745
44.72
44.6506
44.6992
44.851
45.1596
45.4424
45.8224
46.1492
46.5163
46.8555
47.179
47.5049
47.7829
48.0202
48.2207
48.3716
48.4566
48.537
48.5075
48.4981
48.3753
48.2423
48.0327
47.7958
47.5393
47.2082
46.9233
46.4654
46.1443
45.6761
45.1988
44.7839
44.1943
43.7644
43.141
42.6051
42.1145
41.4588
41.0991
40.4952
40.136
39.7788
39.313
39.1302
38.7275
38.5422
38.3077
38.0528
37.9922
37.7726
37.7178
37.6451
37.5644
37.5641
37.4314
37.5367
37.5081
37.6311
37.8393
38.0149
38.4058
38.8543
39.3105
40.0174
40.7783
41.6497
42.7774
43.7312
45.0999
46.3098
47.7686
49.3191
50.5877
52.1908
53.6342
54.8635
56.3728
57.5959
58.7751
60.0307
61.2261
62.524
63.6072
65.2716
67.141
68.9673
70.2139
70.8371
71.9346
71.4017
69.267
65.9767
60.4816
52.9772
45.281
37.8517
32.7741
29.5053
28.1471
28.39
28.8921
30.1169
32.1287
34.8959
38.686
42.5878
44.8499
46.7865
48.8516
51.1889
53.0567
54.3222
55.466
57.561
60.2246
62.3865
62.9975
63.74
64.147
64.9776
64.7067
63.7162
62.4264
59.6235
57.8637
53.9382
49.7498
43.8295
36.9371
56.0866
55.0509
52.8011
51.1098
50.212
49.8186
49.6855
50.0659
50.5563
51.1875
51.577
51.8432
51.9298
51.7923
51.6825
51.5054
51.4072
51.1789
50.9154
50.7376
50.6108
50.4971
50.3544
50.2568
50.2358
50.2027
50.1334
50.088
50.1136
50.1508
50.1426
50.1608
50.1665
50.2273
50.2497
50.2057
50.2089
50.2245
50.2002
50.1807
50.1107
50.0661
50.094
50.0593
50.0812
50.1263
50.1428
50.2372
50.332
50.4442
50.5494
50.6594
50.7589
50.8424
50.9446
50.973
50.9738
50.9435
50.8224
50.6534
50.433
50.0871
49.6706
49.2145
48.6523
48.0667
47.5156
46.8888
46.3746
45.9344
45.5528
45.3182
45.2072
45.2041
45.2832
45.4926
45.717
46.0007
46.275
46.5711
46.8451
47.1279
47.3953
47.6386
47.875
48.0292
48.1977
48.2762
48.3493
48.3617
48.3455
48.2727
48.1546
47.9771
47.7735
47.5492
47.2501
46.9891
46.5819
46.2619
45.8821
45.3991
45.0521
44.5087
44.0712
43.5639
42.9953
42.6059
41.9731
41.6113
41.1454
40.6958
40.4701
40.0189
39.8039
39.5535
39.2806
39.1385
38.897
38.8211
38.6584
38.5736
38.5416
38.4135
38.4557
38.2727
38.3917
38.3281
38.3775
38.6268
38.6479
39.1086
39.4111
39.8261
40.5348
41.1041
42.0378
43.0196
43.9248
45.2492
46.4205
47.7582
49.2338
50.5099
52.0123
53.482
54.7959
56.157
57.307
58.4607
59.4378
60.4441
61.6038
62.4053
63.853
65.7234
67.5387
68.8147
69.4754
69.9532
69.9293
68.7158
66.2571
60.8006
53.3478
45.4445
37.6161
32.3278
28.1247
26.7959
28.1268
29.3748
30.969
32.6571
35.4378
39.0349
42.8566
45.2901
47.4548
49.763
51.9248
53.5902
54.7495
56.136
58.3688
60.9313
62.8517
63.4139
64.2534
64.9323
65.8795
66.1297
65.084
64.3231
61.6472
60.2493
57.0175
53.0064
47.9083
41.9648
56.1914
55.2431
52.9144
51.1667
50.2026
49.9014
49.7922
50.1984
50.5977
51.1568
51.5665
51.7624
51.9112
51.6954
51.6486
51.4324
51.3404
51.1736
50.8836
50.7974
50.5981
50.5532
50.3982
50.3044
50.3246
50.2391
50.2255
50.1264
50.174
50.1984
50.1523
50.1926
50.1533
50.2387
50.2432
50.1698
50.2046
50.1913
50.1991
50.1751
50.0929
50.0793
50.0781
50.0578
50.0719
50.0844
50.0979
50.1596
50.2365
50.3301
50.4047
50.4925
50.5562
50.614
50.7005
50.7063
50.6952
50.6649
50.5476
50.4135
50.2238
49.9244
49.5963
49.2077
48.7333
48.2596
47.775
47.2476
46.8026
46.4112
46.0639
45.8428
45.7028
45.6593
45.6816
45.806
45.9739
46.1738
46.3893
46.6225
46.8392
47.0758
47.3034
47.5061
47.7329
47.8649
48.0311
48.1223
48.1896
48.2343
48.2243
48.1814
48.0953
47.9468
47.7757
47.5802
47.3192
47.08
46.7277
46.4254
46.0852
45.6395
45.2992
44.8217
44.3888
43.9229
43.4237
43.0097
42.4934
42.1161
41.7003
41.3242
41.0417
40.7428
40.4624
40.2905
40.0684
39.8726
39.7734
39.5967
39.5342
39.4416
39.3526
39.3285
39.2235
39.1631
39.1382
39.0858
39.1454
39.1869
39.341
39.6114
39.8957
40.3101
40.8424
41.4499
42.2275
43.1313
44.0752
45.2071
46.4365
47.681
48.9681
50.536
51.7846
53.1216
54.7747
55.782
56.7937
58.1172
58.9939
59.7078
60.4957
61.1988
62.5606
64.3123
66.0473
67.2118
67.7838
68.4926
68.8221
68.3946
66.2165
61.5146
54.3107
46.5247
39.2281
33.4626
27.7893
26.432
28.0923
29.4464
30.9268
32.4608
35.3754
39.557
43.7675
46.2879
48.3351
50.6864
52.5869
54.1151
55.2051
56.8409
59.1247
61.6634
63.3282
63.9784
64.9738
65.94
67.2392
67.8001
66.993
66.3705
63.7866
62.3383
59.5709
55.8029
51.3002
46.1595
56.0566
55.2643
52.942
51.2166
50.2296
50.0054
49.9725
50.3858
50.7332
51.168
51.5798
51.6923
51.8548
51.6251
51.5819
51.3932
51.2626
51.1763
50.8788
50.8454
50.6271
50.5834
50.4659
50.341
50.395
50.2771
50.2797
50.1829
50.1996
50.2495
50.1618
50.216
50.1623
50.2322
50.2489
50.1418
50.1997
50.1687
50.1851
50.1728
50.0751
50.0836
50.0581
50.0466
50.0546
50.037
50.0559
50.0767
50.139
50.2024
50.2482
50.3166
50.3493
50.3967
50.4626
50.4622
50.4484
50.4266
50.3177
50.2147
50.0596
49.7937
49.5491
49.2099
48.8196
48.4375
48.015
47.5737
47.1901
46.8433
46.5214
46.3141
46.1518
46.0693
46.0535
46.1015
46.2076
46.3408
46.4914
46.6677
46.8342
47.0241
47.2184
47.386
47.5973
47.7247
47.8747
47.9852
48.0539
48.1147
48.1284
48.1084
48.0494
47.9475
47.7961
47.6467
47.4151
47.207
46.9006
46.6064
46.3012
45.8783
45.5635
45.1126
44.7187
44.2725
43.8202
43.4316
42.95
42.6276
42.2018
41.9173
41.6243
41.3506
41.1632
40.9305
40.8278
40.6122
40.5312
40.432
40.2934
40.291
40.1339
40.1329
40.0094
39.8963
39.8922
39.7098
39.8071
39.7171
39.8638
40.067
40.2189
40.7453
41.0552
41.6592
42.3651
43.0462
44.1495
45.1983
46.3371
47.5961
48.7532
50.2934
51.6872
52.8589
54.3071
55.5674
56.4686
57.4511
58.5842
59.4924
59.901
60.3982
61.7617
63.4344
64.978
66.1228
66.3623
66.6411
66.9598
66.6792
65.1733
61.2991
55.4814
48.159
41.672
35.4056
29.8585
28.3006
28.9352
29.8162
31.2485
32.2942
35.1608
40.3032
44.9607
47.1907
49.1106
51.6221
53.1067
54.5246
55.8103
57.7255
60.0534
62.4494
63.7855
64.7263
65.8445
67.2962
69.0219
69.6047
69.1984
68.3755
65.8901
64.2353
61.6849
58.2136
54.2177
49.68
55.6621
55.0392
52.8958
51.2671
50.3388
50.1548
50.2426
50.6166
50.9395
51.2482
51.5773
51.6574
51.7451
51.5788
51.4818
51.3315
51.1911
51.1204
50.8965
50.8379
50.6752
50.601
50.5226
50.4012
50.4303
50.3348
50.3134
50.2417
50.2295
50.2705
50.1888
50.2211
50.1811
50.2262
50.2389
50.1496
50.1864
50.1611
50.1751
50.1546
50.0737
50.0731
50.0391
50.0262
50.0176
49.9884
49.9887
49.993
50.0245
50.0676
50.0984
50.147
50.1642
50.1957
50.2468
50.2434
50.2343
50.2108
50.1248
50.0436
49.9147
49.705
49.505
49.2313
48.9145
48.6022
48.245
47.8756
47.549
47.2292
46.9454
46.7318
46.5578
46.4458
46.3822
46.3776
46.4179
46.4962
46.5835
46.7083
46.8351
46.9706
47.1474
47.2759
47.4673
47.5968
47.723
47.8621
47.9218
48.0202
48.0453
48.0563
48.0347
47.9591
47.8599
47.7197
47.5514
47.3443
47.0887
46.8155
46.5146
46.1562
45.8209
45.4186
45.0326
44.6147
44.1891
43.8144
43.3872
43.0598
42.6998
42.4205
42.1661
41.9156
41.7667
41.5641
41.4596
41.3274
41.206
41.1616
41.0286
40.9974
40.8819
40.7936
40.7158
40.5385
40.4737
40.2977
40.2563
40.21
40.223
40.373
40.5407
40.92
41.2651
41.7699
42.4096
43.0692
44.1158
45.2019
46.248
47.4988
48.6643
49.9627
51.4174
52.8152
53.8562
54.9972
56.3883
57.3632
58.2652
59.1969
59.6724
60.3322
61.6808
63.2274
64.5387
65.5117
65.4542
64.7012
65.2992
64.7457
63.8769
61.5365
57.4108
50.8809
44.3684
38.3162
33.289
31.3755
30.776
30.8879
31.8868
33.9362
37.2003
41.2963
45.571
48.1796
49.9151
52.264
53.5948
54.944
56.4735
58.7471
61.1693
63.1176
64.3435
65.6556
66.9272
69.1042
70.9714
71.6427
71.4362
70.2614
68.0441
66.1261
63.4852
60.3836
56.846
52.6234
54.9698
54.4671
52.7181
51.3487
50.6321
50.4763
50.6803
50.9162
51.1675
51.3705
51.5369
51.6162
51.5893
51.5132
51.3965
51.2968
51.1785
51.0651
50.9506
50.8371
50.7293
50.6425
50.5482
50.4846
50.4398
50.3928
50.3437
50.282
50.2779
50.2592
50.2303
50.2121
50.1961
50.2244
50.203
50.1707
50.1655
50.1588
50.1685
50.1324
50.0874
50.0641
50.027
50.0067
49.9759
49.9381
49.9213
49.9063
49.9145
49.9317
49.9405
49.9584
49.9778
50.0149
50.0399
50.0414
50.0433
50.0142
49.965
49.898
49.7974
49.6414
49.4785
49.2657
49.0094
48.7571
48.4506
48.1567
47.8642
47.5799
47.3293
47.1035
46.9234
46.7778
46.681
46.6304
46.6091
46.6352
46.6703
46.7401
46.8332
46.927
47.0689
47.1825
47.3416
47.4768
47.5959
47.7422
47.8256
47.9344
47.9903
48.022
48.0386
47.9888
47.9293
47.8191
47.6741
47.5053
47.2649
47.0278
46.7284
46.404
46.082
45.6743
45.3262
44.9048
44.5154
44.1519
43.7481
43.4483
43.1142
42.8594
42.6332
42.4144
42.2786
42.1043
42.0067
41.8964
41.7902
41.7472
41.6313
41.582
41.4529
41.3558
41.2259
41.0339
40.9113
40.6894
40.6075
40.5179
40.4893
40.6126
40.7674
41.0851
41.4231
41.8721
42.4653
43.1431
44.1379
45.1475
46.1536
47.4601
48.6345
49.6993
51.1839
52.6323
53.7221
54.8979
56.0049
57.1143
58.2692
59.2037
59.8109
60.6212
61.9879
63.2807
64.5341
65.1573
65.0083
64.1504
64.274
63.9039
63.3362
62.5529
59.3639
54.4625
48.4377
42.3795
37.3607
34.9061
33.45
33.1238
33.7604
35.7879
39.8333
43.4316
46.4424
48.8541
50.747
52.835
54.0166
55.4405
57.3653
59.8897
62.2153
63.7455
65.1072
66.634
68.2769
71.2198
73.1223
74.0179
73.5717
72.2084
70.2057
67.8552
65.1164
62.3905
59.0034
54.8923
54.0745
53.6707
52.5096
51.5435
51.0653
50.9307
51.0988
51.2274
51.3633
51.4757
51.5034
51.5678
51.4901
51.4473
51.3398
51.2263
51.168
51.0283
50.9757
50.8437
50.7567
50.6785
50.5693
50.5407
50.4499
50.4228
50.364
50.3111
50.3075
50.2562
50.258
50.2205
50.2195
50.2273
50.1918
50.1919
50.1642
50.1628
50.1576
50.1149
50.0892
50.0481
50.0099
49.9794
49.9306
49.8926
49.8558
49.8285
49.8167
49.8074
49.8137
49.8155
49.833
49.8613
49.8696
49.8861
49.8888
49.8689
49.8451
49.7899
49.7122
49.6009
49.4703
49.2991
49.1016
48.8872
48.636
48.3926
48.131
47.8751
47.6392
47.4088
47.2165
47.0547
46.9204
46.8322
46.766
46.742
46.74
46.7646
46.8265
46.8894
47.0016
47.1071
47.2396
47.3772
47.4988
47.6483
47.7511
47.8673
47.9478
48.0007
48.0387
48.0195
47.9872
47.9021
47.7806
47.6279
47.4211
47.1854
46.9072
46.5929
46.2726
45.8879
45.5293
45.1437
44.7651
44.4166
44.0465
43.7512
43.4517
43.2109
43.0045
42.8042
42.6763
42.525
42.4205
42.3299
42.2236
42.1744
42.0689
41.9867
41.8672
41.7344
41.5847
41.3782
41.1963
40.9613
40.8271
40.7259
40.7003
40.8046
40.9624
41.2307
41.5317
41.9466
42.5451
43.2858
44.2314
45.1275
46.1047
47.3246
48.5393
49.8134
51.2271
52.3591
53.4571
54.8154
56.03
57.1529
58.2909
59.216
60.0274
61.0206
62.4359
63.4504
64.5166
65.2032
65.0004
64.247
63.9729
64.0114
63.3049
63.2529
60.9981
57.578
52.5974
47.2136
42.69
39.5771
36.965
35.3607
36.1671
38.4872
41.7316
44.9349
47.7203
49.6134
51.1554
53.3742
54.8943
56.0991
58.5191
61.0088
63.0743
64.4258
66.0713
67.797
70.0121
73.5756
75.6246
76.5239
75.759
74.3442
72.2656
69.4879
66.7509
64.1249
60.5689
56.5359
53.148
52.9273
52.3835
51.8759
51.6151
51.4794
51.4985
51.5041
51.5123
51.5307
51.4809
51.5016
51.4155
51.3772
51.2946
51.1984
51.1498
51.0179
50.9722
50.852
50.7729
50.7044
50.605
50.5772
50.4854
50.45
50.3924
50.34
50.3197
50.2633
50.2603
50.2258
50.2198
50.2141
50.1857
50.1948
50.169
50.1634
50.1488
50.11
50.0865
50.0384
49.9947
49.9511
49.8952
49.8518
49.8046
49.7705
49.7436
49.7224
49.7188
49.7186
49.7288
49.7459
49.7539
49.7717
49.7788
49.77
49.7603
49.7194
49.6619
49.5828
49.4732
49.3358
49.173
48.9897
48.7749
48.5592
48.3244
48.0855
47.8584
47.6288
47.4326
47.2516
47.0936
46.9767
46.8775
46.8203
46.7874
46.7837
46.8175
46.8641
46.9555
47.051
47.1704
47.3066
47.4321
47.5801
47.6977
47.8185
47.9147
47.9821
48.0343
48.0345
48.0142
47.948
47.8392
47.6955
47.503
47.2781
47.0087
46.7063
46.3888
46.0264
45.6753
45.306
44.9471
44.6062
44.2672
43.9774
43.6983
43.4737
43.2686
43.0886
42.9493
42.8112
42.7025
42.6064
42.5044
42.4407
42.3407
42.2431
42.1308
41.9725
41.8207
41.6019
41.3781
41.1408
40.9489
40.8562
40.8587
40.9784
41.145
41.3911
41.6255
42.0093
42.6484
43.3572
44.3832
45.4464
46.2537
47.3562
48.5136
49.7581
51.2416
52.4051
53.5281
54.8471
56.036
57.2
58.3307
59.3073
60.2951
61.4052
62.8073
63.731
64.4602
65.1403
64.9135
64.3457
64.2987
64.051
63.2459
63.1851
61.9393
59.7342
56.8267
52.809
48.3468
44.6199
41.5042
38.9447
38.9735
41.0481
43.5236
46.0401
48.131
50.3234
52.0566
53.7109
55.5305
57.2978
59.6994
61.8692
63.7613
65.1695
67.2991
69.2489
72.2805
76.1607
78.3709
79.129
78.2664
76.5926
74.3077
71.299
68.3945
65.564
61.9256
57.9748
52.4317
52.3719
52.355
52.205
52.0557
51.8913
51.7817
51.6906
51.6084
51.565
51.4895
51.464
51.3833
51.3344
51.2713
51.1894
51.1396
51.0287
50.9685
50.8664
50.782
50.7166
50.6246
50.5855
50.5047
50.457
50.4071
50.3517
50.3263
50.2759
50.2654
50.2394
50.2223
50.2157
50.1917
50.1936
50.1724
50.1533
50.1363
50.0998
50.0703
50.0259
49.9759
49.9283
49.8734
49.8245
49.777
49.7367
49.7057
49.6795
49.6692
49.6646
49.6685
49.6828
49.6938
49.7097
49.7215
49.7203
49.713
49.685
49.6385
49.572
49.4795
49.3596
49.2171
49.0518
48.858
48.6567
48.4373
48.2077
47.986
47.7654
47.5602
47.3708
47.2013
47.0632
46.9491
46.8696
46.8193
46.7991
46.8157
46.8556
46.9292
47.0203
47.1332
47.2624
47.3923
47.5326
47.6577
47.7785
47.8787
47.9543
48.0089
48.0223
48.0056
47.9497
47.8507
47.7129
47.5313
47.3116
47.0522
46.7637
46.4499
46.1034
45.7586
45.4037
45.0565
44.7277
44.4042
44.1218
43.8601
43.6334
43.4361
43.2582
43.1127
42.9782
42.8627
42.7595
42.6625
42.583
42.486
42.3874
42.2693
42.1217
41.9514
41.7434
41.498
41.2445
41.0388
40.9179
40.9601
41.101
41.3307
41.5803
41.7659
42.2365
42.8023
43.3846
44.4389
45.395
46.3667
47.5152
48.7114
49.9376
51.2568
52.4102
53.5918
54.9025
56.0724
57.2324
58.3224
59.3898
60.5949
61.7822
63.1945
64.0628
64.3267
64.9925
64.885
64.3489
64.2926
63.721
63.1772
63.246
62.3381
61.2081
60.2368
58.1282
54.8767
50.5616
46.2799
43.1622
42.2963
43.347
45.286
47.3522
49.0707
50.5625
51.9982
54.596
56.2195
57.9596
60.8086
62.4329
64.3
66.0933
68.8339
70.8219
74.976
78.7751
80.915
81.7413
80.7748
78.7327
76.265
73.1414
69.9122
66.8096
63.243
59.3512
52.4845
52.4185
52.3978
52.3173
52.202
52.0467
51.915
51.7828
51.6684
51.5848
51.4959
51.441
51.3678
51.3143
51.2548
51.1834
51.1226
51.0293
50.9596
50.8694
50.7899
50.72
50.6406
50.5885
50.5171
50.4643
50.4123
50.362
50.3275
50.2851
50.2655
50.2404
50.2231
50.2109
50.1919
50.1863
50.1667
50.1473
50.126
50.0923
50.0601
50.0156
49.967
49.918
49.8646
49.815
49.7675
49.7276
49.6933
49.6675
49.6537
49.6471
49.6512
49.6627
49.6738
49.6896
49.7007
49.7017
49.6959
49.6711
49.6285
49.5675
49.4808
49.3695
49.2355
49.0763
48.8929
48.6968
48.4844
48.2622
48.0438
47.8255
47.6191
47.4263
47.2524
47.1061
46.9851
46.8961
46.8378
46.8113
46.8192
46.8547
46.9206
47.0082
47.1162
47.2404
47.3698
47.5054
47.6321
47.7502
47.8505
47.9281
47.9815
47.9996
47.9847
47.9319
47.8365
47.7016
47.525
47.3091
47.0562
46.7744
46.4662
46.1307
45.7898
45.4462
45.1074
44.7828
44.472
44.1902
43.936
43.7116
43.5132
43.3387
43.1864
43.0498
42.9296
42.8215
42.722
42.636
42.5418
42.4417
42.3254
42.1828
42.0153
41.8156
41.5784
41.3517
41.138
41.0223
41.0347
41.1398
41.3957
41.6423
41.8905
42.3895
42.9682
43.6434
44.603
45.5946
46.5249
47.6237
48.8026
50.0309
51.328
52.4304
53.6141
54.9266
56.1447
57.3042
58.3459
59.4397
60.8421
62.0752
63.5171
64.4702
64.3679
64.6701
64.8921
64.5134
64.1925
63.6752
63.068
62.8404
62.4301
62.5058
62.7201
62.1503
60.0564
56.1369
51.4549
47.9138
46.1021
45.5591
46.4947
48.1109
49.6039
50.987
52.7903
54.8382
56.551
59.2522
60.7848
62.7983
65.0927
67.0253
70.109
72.8387
77.2731
80.8754
82.7955
83.7681
82.6146
80.3669
77.7154
74.5675
71.0931
67.7869
64.2842
60.5369
52.639
52.523
52.4218
52.3175
52.2094
52.0775
51.9453
51.8149
51.6937
51.5938
51.5023
51.4341
51.3641
51.3068
51.2472
51.1805
51.1137
51.0298
50.9543
50.8698
50.7906
50.7184
50.6455
50.5869
50.5216
50.4661
50.4142
50.3663
50.3281
50.2899
50.2652
50.2418
50.2237
50.2091
50.1925
50.1818
50.1641
50.144
50.1205
50.0888
50.0544
50.0117
49.9645
49.9154
49.8637
49.8146
49.7685
49.7283
49.6959
49.6704
49.6558
49.65
49.6526
49.6619
49.6732
49.6866
49.6963
49.6977
49.6899
49.6657
49.6236
49.5618
49.4756
49.3648
49.2311
49.0737
48.894
48.6994
48.4898
48.2733
48.0561
47.8411
47.6356
47.4438
47.2709
47.1231
47.0014
46.9101
46.8503
46.8227
46.828
46.8626
46.9256
47.0117
47.1177
47.2385
47.3667
47.4976
47.6225
47.738
47.8367
47.9134
47.9642
47.982
47.9654
47.907
47.8122
47.6778
47.5033
47.2906
47.0424
46.7639
46.4587
46.131
45.7948
45.4564
45.123
44.8014
44.496
44.2164
43.9637
43.7393
43.5403
43.3644
43.21
43.0716
42.9481
42.8357
42.7326
42.6374
42.5395
42.4345
42.3146
42.1715
42.0036
41.8051
41.5825
41.3636
41.1863
41.0952
41.1047
41.2301
41.4498
41.6748
41.9926
42.4795
43.0023
43.6969
44.6818
45.6004
46.5798
47.6996
48.8547
50.0689
51.3274
52.4853
53.643
54.9154
56.1898
57.3655
58.4183
59.4854
60.9297
62.1641
63.6949
64.6349
64.4071
64.5711
64.9853
64.5755
64.0355
63.628
63.257
63.3068
63.2207
62.8506
62.6963
63.8622
63.1702
59.3609
54.7811
50.8113
48.2201
47.1612
47.5495
48.5927
49.5302
51.0799
53.2971
55.1332
56.8274
59.5035
60.7835
63.2406
65.2809
67.7125
70.7975
73.9679
78.5802
81.8878
83.7364
84.7126
83.3751
81.091
78.283
75.119
71.5469
68.143
64.6186
60.9164
51.5238
51.5147
51.5205
51.5305
51.5219
51.5004
51.4734
51.445
51.4169
51.3882
51.3581
51.3233
51.2646
51.1712
51.0447
50.8877
50.6947
50.4891
50.2941
50.1156
49.9896
49.9508
50.0043
50.1345
50.3056
50.4377
50.4848
50.4576
50.38
50.283
50.2216
50.2121
50.2068
50.1822
50.1483
50.1348
50.1595
50.2203
50.3233
50.4604
50.6393
50.8654
51.1114
51.3767
51.6971
52.0664
52.4469
52.8211
53.1146
53.2585
53.0059
52.3831
51.5514
50.7375
50.164
49.8859
49.8897
50.1226
50.3152
50.1272
49.6727
49.5693
49.6627
49.9182
50.0869
49.9483
49.6
49.1519
48.6828
48.2019
47.6841
47.136
46.561
45.9603
45.4134
44.9488
44.658
44.6034
44.8303
45.2901
45.4118
44.782
44.0075
43.9413
44.3195
44.7457
45.2812
45.9391
46.6776
47.2874
47.5805
47.4355
46.8425
45.8776
44.5613
42.877
41.0503
39.3366
37.8562
36.6412
35.7393
35.1887
34.9465
34.8637
34.8456
34.9227
35.0432
35.1082
35.155
35.2744
35.4356
35.5063
35.3917
35.2747
35.2634
35.1923
35.1408
35.1967
34.8557
33.6242
32.3418
32.22
33.3485
34.2962
34.2817
33.8409
33.1755
32.4973
31.9249
31.5234
31.3213
31.3459
31.6154
32.1099
32.815
33.7612
34.9231
36.2613
37.8157
39.5532
41.4142
43.4266
45.5677
47.7696
50.035
52.3449
54.6502
56.9363
59.1972
61.3988
63.5199
65.5759
67.5422
69.396
71.1693
72.8549
74.4274
75.9043
77.3067
78.6191
79.8503
81.0029
82.084
83.0908
84.0311
84.8818
85.6681
86.3919
87.0383
87.591
88.0812
88.5189
88.868
89.1286
89.3555
89.5646
89.7518
89.9304
90.125
90.3823
90.6307
90.7733
90.9213
91.1926
91.5681
91.9982
92.5005
93.0097
93.5483
94.379
95.4424
96.1838
96.843
98.3763
100.865
103.263
104.845
106.227
107.463
108.503
51.5196
51.5072
51.5143
51.5261
51.5174
51.4969
51.4707
51.4444
51.4178
51.3896
51.3586
51.3222
51.2644
51.1709
51.0424
50.8778
50.6794
50.4625
50.2506
50.0663
49.9253
49.8738
49.9277
50.0668
50.2615
50.4337
50.5217
50.5113
50.4209
50.3058
50.1988
50.1491
50.1403
50.1151
50.0956
50.0982
50.1076
50.1668
50.2839
50.4211
50.6004
50.8276
51.0669
51.3257
51.6325
51.9771
52.3316
52.6836
52.9585
53.0619
52.7662
52.1144
51.2594
50.458
49.8881
49.5906
49.5399
49.6895
49.8501
49.7411
49.5883
49.5654
49.5854
49.8083
49.9548
49.8246
49.4791
49.0551
48.6155
48.1521
47.6346
47.0881
46.4803
45.855
45.2576
44.7413
44.363
44.1795
44.2032
44.4525
44.4279
43.9135
43.8882
44.2713
44.4683
44.6558
45.0836
45.7376
46.5324
47.1716
47.4615
47.2859
46.649
45.6418
44.297
42.6206
40.7938
39.0533
37.5358
36.2811
35.3589
34.8419
34.681
34.6893
34.7319
34.8829
35.0835
35.1955
35.259
35.3133
35.3702
35.4321
35.4673
35.4771
35.337
34.7291
34.4635
35.2613
36.0164
34.8405
33.0348
32.0523
32.5358
33.228
33.3862
33.0488
32.4831
31.8955
31.4101
31.0834
30.9434
31.0167
31.3247
31.8521
32.5798
33.5409
34.7243
36.0732
37.6298
39.3809
41.2594
43.2716
45.4256
47.6512
49.9229
52.2396
54.5607
56.8535
59.1122
61.3192
63.4448
65.4944
67.4596
69.311
71.0736
72.753
74.325
75.7882
77.1828
78.4904
79.7107
80.8607
81.9388
82.9406
83.887
84.7366
85.5181
86.2586
86.9123
87.4835
87.9878
88.4357
88.8048
89.0849
89.3011
89.4996
89.7151
89.8989
90.0416
90.267
90.5417
90.6987
90.8216
91.1373
91.6203
92.0506
92.3976
92.8196
93.386
94.1573
95.2783
96.1924
96.8639
98.2063
100.704
103.116
104.814
106.147
107.313
108.399
51.5198
51.5184
51.5079
51.5122
51.4975
51.4752
51.4543
51.4352
51.4186
51.3971
51.3684
51.3313
51.2715
51.1745
51.0382
50.8611
50.6536
50.4352
50.2101
49.9877
49.816
49.7425
49.7916
49.9458
50.1741
50.3861
50.476
50.4537
50.3557
50.2554
50.1677
50.1042
50.0612
50.0053
49.9667
49.9743
50.0025
50.0654
50.1892
50.3444
50.52
50.7316
50.9639
51.2074
51.4779
51.778
52.0877
52.3935
52.6337
52.6824
52.3233
51.6288
50.7518
49.9917
49.453
49.1397
49.0546
49.1747
49.3909
49.5681
49.687
49.7372
49.7878
49.9389
49.9697
49.7439
49.364
48.9716
48.5654
48.1098
47.5836
47.0186
46.3793
45.7199
45.0559
44.4481
43.9497
43.6107
43.4657
43.5462
43.6901
43.7935
44.0009
44.2207
44.3902
44.784
45.3833
46.0555
46.7647
47.3045
47.5084
47.2285
46.4762
45.344
43.8384
42.0744
40.2279
38.4223
36.7521
35.3833
34.4995
34.1281
34.132
34.361
34.7006
35.034
35.2606
35.3793
35.4913
35.5716
35.4936
35.3507
35.0556
35.2492
35.7853
35.9864
35.2529
34.6794
34.5421
34.067
33.022
32.1239
31.856
31.8993
31.8465
31.5961
31.2136
30.8169
30.5097
30.3287
30.3122
30.482
30.8379
31.4146
32.193
33.1582
34.3496
35.7358
37.2704
39.0361
40.9566
42.9768
45.1486
47.4104
49.703
52.036
54.379
56.6867
58.9481
61.1645
63.2976
65.3409
67.3081
69.16
70.9111
72.5796
74.1494
75.5989
76.9788
78.2791
79.4825
80.6188
81.6926
82.682
83.6192
84.4722
85.2291
85.9858
86.6486
87.2283
87.7827
88.2578
88.6412
88.9771
89.2147
89.3645
89.5945
89.8148
89.9265
90.0791
90.3255
90.5155
90.7334
91.0538
91.558
91.8672
92.0504
92.4644
93.2551
94.2159
95.1944
96.0993
96.9008
98.2836
100.673
102.801
104.316
105.569
106.571
107.67
51.5273
51.523
51.501
51.48
51.4544
51.4296
51.4149
51.4112
51.4166
51.4155
51.3976
51.3616
51.2978
51.1935
51.05
50.8735
50.6694
50.4408
50.1951
49.9485
49.7365
49.6311
49.6626
49.8153
50.0438
50.2476
50.3351
50.3139
50.2329
50.1403
50.047
49.9692
49.9154
49.8608
49.8205
49.8261
49.8606
49.9309
50.0645
50.2324
50.4173
50.6227
50.8393
51.0605
51.2842
51.519
51.7657
52.0014
52.1898
52.1853
51.7964
51.0836
50.2488
49.5714
49.0741
48.7202
48.6135
48.7446
49.0137
49.381
49.8036
50.1143
50.2623
50.2871
50.1653
49.8405
49.4261
48.975
48.5388
48.0627
47.5053
46.9193
46.2606
45.5797
44.88
44.2213
43.6461
43.1865
42.9745
42.9827
43.1829
43.5291
43.9968
44.5373
45.1089
45.7027
46.272
46.8667
47.43
47.7885
47.8194
47.3879
46.5032
45.2386
43.557
41.615
39.5912
37.6081
35.8081
34.3629
33.4693
33.2289
33.4457
33.9096
34.4787
35.0587
35.5878
35.867
35.8395
35.5599
35.2674
35.438
35.6596
35.3296
35.0375
34.9653
34.6501
33.9999
33.3451
32.6513
31.9064
31.247
30.811
30.5516
30.3523
30.1526
29.9268
29.7077
29.569
29.5421
29.6401
29.8938
30.3085
30.9315
31.7418
32.709
33.9115
35.3245
36.8799
38.6426
40.5842
42.6378
44.8267
47.1091
49.4373
51.7941
54.1486
56.477
58.7549
60.9736
63.1099
65.1544
67.1177
68.9586
70.7019
72.3652
73.9208
75.3435
76.7049
78.005
79.1782
80.286
81.3512
82.3339
83.2381
84.0923
84.8337
85.5708
86.2425
86.832
87.4375
87.93
88.3357
88.746
89.0198
89.1928
89.4684
89.7375
89.8451
89.94
90.1634
90.4078
90.4826
90.8806
91.2393
91.3692
91.4226
91.8917
92.803
93.6205
94.3667
95.4754
96.939
98.9116
100.725
102.421
103.65
104.712
105.523
106.57
51.5427
51.5177
51.4775
51.431
51.3904
51.3644
51.3587
51.3751
51.4098
51.439
51.4419
51.4128
51.3462
51.2404
51.1001
50.9269
50.7267
50.4958
50.2302
49.9629
49.7339
49.6031
49.6084
49.7251
49.9095
50.071
50.1343
50.1132
50.0451
49.9624
49.8779
49.8029
49.7458
49.6869
49.6453
49.66
49.7035
49.7681
49.9043
50.0924
50.2948
50.503
50.7108
50.9085
51.0911
51.266
51.4412
51.5971
51.7276
51.6893
51.3195
50.6125
49.861
49.2766
48.7938
48.3988
48.2879
48.4212
48.7159
49.1989
49.8838
50.4252
50.6908
50.6409
50.4255
49.9901
49.4963
48.9961
48.4904
47.945
47.3496
46.7352
46.09
45.4107
44.7065
44.0353
43.3921
42.8681
42.6284
42.5865
42.8007
43.2786
43.9641
44.8156
45.7122
46.5551
47.2633
47.8299
48.2733
48.4767
48.3002
47.7183
46.7389
45.3165
43.5204
41.4664
39.2372
36.9808
34.9864
33.4646
32.593
32.4321
32.7943
33.4772
34.2972
35.0391
35.5579
35.8565
36.0371
36.2252
35.35
35.0944
35.0479
34.8496
34.3983
33.9341
33.4149
32.7308
31.9674
31.2197
30.5637
30.053
29.6801
29.3919
29.1696
29.0127
28.8904
28.7931
28.7657
28.8484
29.0233
29.3266
29.7879
30.4178
31.2396
32.2295
33.4415
34.8544
36.4262
38.2087
40.1635
42.2392
44.46
46.7694
49.1252
51.5118
53.8884
56.2368
58.5271
60.7523
62.8917
64.9289
66.8916
68.7176
70.4436
72.106
73.6424
75.0369
76.36
77.6621
78.8081
79.8656
80.9159
81.8834
82.7498
83.5811
84.3111
84.9967
85.6599
86.2567
86.8839
87.4145
87.8489
88.3105
88.6271
88.8123
89.2079
89.5777
89.6163
89.6747
89.9429
90.3155
90.7292
90.9562
90.9586
90.7102
90.5655
91.0464
92.0265
92.8489
93.54
94.7993
96.6291
98.532
100.353
101.811
102.784
103.568
104.175
105.138
51.5455
51.5032
51.4387
51.3745
51.3249
51.3007
51.3049
51.3394
51.4025
51.4627
51.4875
51.4713
51.4104
51.3148
51.1866
51.0197
50.8155
50.579
50.3142
50.0464
49.8156
49.6745
49.6456
49.7015
49.8047
49.8954
49.9247
49.9024
49.852
49.7821
49.6921
49.6065
49.5574
49.5175
49.4819
49.5038
49.554
49.6178
49.755
49.9496
50.1646
50.398
50.6072
50.7932
50.9541
51.0782
51.1855
51.2757
51.3461
51.2996
50.9581
50.3002
49.6097
49.0994
48.6103
48.2041
48.0929
48.2066
48.5112
49.0774
49.9009
50.6229
50.9114
50.8001
50.4899
50.0323
49.4581
48.8571
48.2543
47.633
47.0071
46.3871
45.7766
45.1503
44.4943
43.8384
43.1942
42.6753
42.4093
42.3189
42.5419
43.099
43.9107
44.9664
46.0701
47.0827
47.9209
48.5714
48.9895
49.1442
48.8369
48.1583
47.1436
45.5672
43.7014
41.5493
39.1741
36.7632
34.6408
33.0406
32.1233
31.9531
32.3456
33.0848
33.959
34.7973
35.5206
35.9105
35.8688
35.684
35.2584
34.848
34.4729
34.0364
33.4369
32.7518
32.05
31.33
30.6265
29.9687
29.4092
28.9934
28.6871
28.446
28.2698
28.159
28.0987
28.078
28.1161
28.2566
28.4834
28.8153
29.2943
29.9319
30.754
31.7449
32.9477
34.3628
35.9464
37.7331
39.7067
41.8098
44.0578
46.4012
48.7881
51.2077
53.6093
55.9788
58.2766
60.504
62.6533
64.6745
66.625
68.4529
70.1309
71.7891
73.3264
74.6785
75.9594
77.243
78.3771
79.3621
80.3893
81.3315
82.15
82.9504
83.6496
84.2665
84.9049
85.4766
86.08
86.6473
87.0974
87.6039
88.0009
88.2415
88.5944
88.9871
89.1788
89.4206
89.767
90.1429
90.5702
90.8026
90.5652
90.0167
89.7313
90.2323
91.3606
92.3992
93.2913
94.6184
96.4104
98.146
99.7692
100.967
101.691
102.153
102.465
103.343
51.5255
51.4728
51.3922
51.3196
51.2675
51.2479
51.2631
51.3145
51.4001
51.4854
51.5286
51.5219
51.4705
51.3953
51.2845
51.1224
50.917
50.683
50.4266
50.1677
49.9321
49.7676
49.6989
49.6938
49.7206
49.7447
49.736
49.7013
49.6545
49.5927
49.5143
49.4381
49.4018
49.3863
49.3613
49.3803
49.4471
49.5179
49.6431
49.8406
50.0686
50.3162
50.5394
50.7262
50.869
50.9629
51.0303
51.0757
51.1054
51.0598
50.7502
50.1542
49.5278
49.0531
48.5543
48.1468
48.0189
48.0922
48.4029
49.0218
49.8566
50.5618
50.7675
50.6657
50.3223
49.775
49.0677
48.3365
47.62
46.909
46.2508
45.6578
45.1181
44.6055
44.0917
43.5581
43.007
42.5581
42.2868
42.2086
42.4667
43.0334
43.8854
45.0303
46.2137
47.3061
48.1869
48.7539
49.1544
49.5625
49.3677
48.5982
47.4025
45.8473
43.9813
41.808
39.4138
36.9668
34.7832
33.112
32.0974
31.7774
32.0809
32.7893
33.6802
34.515
35.1284
35.4901
35.5395
35.3273
34.9177
34.3939
33.7878
33.1035
32.3664
31.6034
30.843
30.1365
29.5049
28.9452
28.48
28.1416
27.8985
27.712
27.5859
27.5235
27.5041
27.5251
27.6069
27.7696
28.0128
28.3529
28.8402
29.4653
30.2755
31.2583
32.4473
33.8549
35.4395
37.2299
39.2268
41.3522
43.6279
46.018
48.4381
50.8876
53.3163
55.711
58.0163
60.2321
62.3848
64.39
66.2984
68.142
69.7789
71.3786
72.9337
74.2425
75.489
76.7386
77.8443
78.7591
79.7381
80.6697
81.392
82.1377
82.7992
83.3647
83.9378
84.4578
84.9934
85.5818
86.0862
86.5495
86.9535
87.2681
87.775
88.2274
88.4572
88.7916
89.24
89.6791
90.11
90.2873
89.9956
89.434
89.1431
89.6131
90.7681
92.1094
93.3459
94.7028
96.2342
97.7833
99.2342
100.075
100.459
100.522
100.504
101.25
51.4883
51.4346
51.349
51.275
51.2247
51.2116
51.2384
51.3058
51.4083
51.5077
51.5623
51.5621
51.5252
51.465
51.3657
51.2177
51.0269
50.8022
50.5496
50.2898
50.0466
49.8575
49.7446
49.6767
49.6365
49.6091
49.5689
49.5239
49.4851
49.4345
49.3747
49.3212
49.2958
49.3005
49.3012
49.3254
49.3966
49.4784
49.6003
49.7904
50.0089
50.2552
50.4954
50.6826
50.8143
50.9013
50.958
50.9929
51.0128
50.9773
50.6941
50.1564
49.5953
49.1307
48.6584
48.2793
48.1371
48.1888
48.4661
49.0442
49.7852
50.3311
50.4905
50.3169
49.8353
49.0868
48.1562
47.2005
46.3252
45.5649
44.9245
44.407
44.0129
43.7044
43.4339
43.1493
42.8166
42.5087
42.3006
42.2744
42.521
43.088
43.9412
45.0501
46.1855
47.298
48.3074
49.107
49.4761
49.4722
49.1992
48.6227
47.5581
46.0784
44.3099
42.2697
40.0214
37.706
35.5879
33.8995
32.7937
32.3151
32.4341
32.9756
33.722
34.4577
35.0147
35.3107
35.3135
35.0274
34.5089
33.8463
33.0796
32.258
31.4298
30.6262
29.8769
29.2049
28.6307
28.162
27.7752
27.4879
27.305
27.169
27.0747
27.05
27.062
27.1012
27.2117
27.3741
27.6234
27.9527
28.4235
29.0243
29.8118
30.7735
31.9394
33.3403
34.9192
36.7042
38.7317
40.8807
43.1883
45.6323
48.0837
50.5747
53.0375
55.4396
57.758
59.9617
62.1011
64.0919
65.9351
67.755
69.3983
70.9101
72.4334
73.6983
74.8895
76.1513
77.2098
78.0121
78.8802
79.848
80.4964
81.0652
81.7091
82.1888
82.7266
83.1371
83.585
84.1852
84.6205
85.1085
85.6233
85.9563
86.4559
87.0086
87.3705
87.7969
88.383
88.8626
89.2371
89.4567
89.3081
88.9022
88.6972
89.1689
90.3017
91.7849
93.2169
94.575
95.9671
97.4307
98.6326
99.0846
99.1751
98.8433
98.6122
98.9999
51.4572
51.4066
51.3219
51.2507
51.2041
51.1988
51.2361
51.3191
51.4301
51.5337
51.5909
51.5959
51.5762
51.5336
51.4472
51.306
51.1119
50.8841
50.6433
50.3963
50.1506
49.9303
49.7644
49.6387
49.5373
49.4693
49.4092
49.3559
49.3313
49.3036
49.2644
49.247
49.2538
49.2769
49.3054
49.3446
49.4216
49.5177
49.636
49.8062
50.0065
50.24
50.4728
50.6544
50.7796
50.8638
50.9329
50.9881
51.0282
51.0108
50.7621
50.2793
49.762
49.3149
48.9048
48.6053
48.5004
48.5535
48.7689
49.2055
49.7522
50.0969
50.1146
49.7283
48.9606
47.9077
46.6991
45.5152
44.5031
43.6845
43.0787
42.6946
42.5274
42.5264
42.5867
42.6493
42.669
42.6226
42.5925
42.6354
42.8576
43.3305
44.0977
45.1094
46.1898
47.2403
48.0716
48.6707
49.0748
49.1627
48.8299
48.2177
47.3321
46.1709
44.6891
42.9516
41.0234
39.0166
37.1389
35.5794
34.472
33.9147
33.8289
34.1209
34.6006
35.0788
35.4059
35.4951
35.3042
34.8475
34.1813
33.3647
32.4808
31.5797
30.6911
29.872
29.1588
28.5249
27.9922
27.5923
27.2704
27.0202
26.8774
26.7827
26.7185
26.7035
26.7485
26.7815
26.911
27.0546
27.2974
27.6045
28.0433
28.613
29.3631
30.2992
31.4334
32.8254
34.4006
36.1671
38.2351
40.4103
42.7402
45.251
47.7621
50.2675
52.7706
55.1976
57.5104
59.6908
61.831
63.8001
65.5727
67.3263
68.9506
70.4292
71.8871
73.0927
74.1396
75.3648
76.4743
77.1805
77.8349
78.7312
79.3924
79.7787
80.2482
80.6878
81.1584
81.5301
81.8096
82.3294
82.8558
83.2856
83.7629
84.1795
84.7218
85.4263
85.9324
86.451
87.1066
87.6055
87.9861
88.2766
88.3793
88.3065
88.3156
88.8181
89.8983
91.3554
92.8497
94.2236
95.5755
97.0071
97.9631
98.0991
97.8033
97.0924
96.7397
96.6031
51.4461
51.4008
51.3206
51.2528
51.212
51.2145
51.2626
51.3518
51.4673
51.5676
51.6237
51.6371
51.6335
51.6056
51.5272
51.3874
51.1864
50.9465
50.6982
50.4478
50.2029
49.9675
49.7556
49.58
49.4281
49.3196
49.2472
49.1918
49.1811
49.1914
49.1921
49.2117
49.2627
49.3216
49.3663
49.4248
49.5172
49.6214
49.735
49.8857
50.0644
50.2706
50.4755
50.6408
50.7555
50.8432
50.9273
51.0098
51.0867
51.1032
50.908
50.4891
50.0143
49.6019
49.257
49.0377
48.981
49.0509
49.2171
49.4841
49.7843
49.8752
49.5863
48.8521
47.7128
46.3461
44.9292
43.6587
42.6464
41.862
41.2658
40.9949
41.0269
41.3172
41.7263
42.1561
42.5845
42.9266
43.2028
43.4234
43.7092
44.1404
44.7537
45.5674
46.4526
47.325
48.0035
48.4376
48.6258
48.5623
48.287
47.7911
47.0745
46.1569
45.0441
43.733
42.2545
40.7057
39.2204
37.9602
37.0228
36.442
36.1846
36.167
36.2714
36.3507
36.2926
36.019
35.525
34.8411
33.9897
33.0218
32.0409
31.0896
30.174
29.3445
28.6492
28.0652
27.5717
27.2005
26.9346
26.7245
26.6024
26.5156
26.5068
26.4682
26.5494
26.5544
26.6939
26.8091
27.0337
27.3067
27.7144
28.2367
28.9355
29.8504
30.9425
32.3078
33.8884
35.6386
37.7168
39.9622
42.2883
44.8387
47.4627
49.9891
52.5035
54.969
57.3029
59.4065
61.5362
63.5187
65.1966
66.9155
68.4665
69.8811
71.3032
72.4601
73.4211
74.4601
75.4826
76.2574
76.6624
77.3507
78.0757
78.2326
78.489
78.8814
79.1697
79.4767
79.6799
80.1343
80.6153
81.0007
81.552
82.0657
82.6502
83.4169
84.0386
84.6292
85.3616
85.9952
86.4717
86.9161
87.2959
87.5564
87.8227
88.3571
89.3582
90.7574
92.2681
93.5854
95.0753
96.4778
97.1526
96.8591
96.172
95.1403
94.4854
93.956
51.4583
51.4177
51.3435
51.2833
51.2481
51.2581
51.3137
51.4062
51.5194
51.6118
51.6644
51.6879
51.699
51.6782
51.6003
51.4575
51.246
50.9933
50.7426
50.4781
50.2153
49.9617
49.7119
49.4989
49.3167
49.1735
49.0872
49.0377
49.0368
49.0767
49.1292
49.2004
49.2956
49.3886
49.4577
49.5348
49.6373
49.7507
49.8641
49.9975
50.1558
50.3307
50.5015
50.6358
50.736
50.8225
50.9116
51.0245
51.1427
51.2042
51.0731
50.7388
50.3211
49.9636
49.6941
49.5463
49.5279
49.6114
49.7375
49.8631
49.9216
49.7059
49.0723
47.9311
46.4812
44.9578
43.4873
42.1484
41.0513
40.2723
39.7387
39.5577
39.7583
40.2659
40.9821
41.7368
42.5512
43.3277
43.9919
44.514
44.9632
45.4335
45.9592
46.5449
47.1365
47.6702
48.0548
48.2532
48.261
48.0889
47.78
47.3853
46.8797
46.2262
45.4465
44.552
43.5415
42.4799
41.4346
40.4964
39.7456
39.1694
38.7633
38.4597
38.185
37.8583
37.3822
36.7314
35.9272
34.9858
33.931
32.8453
31.7711
30.7652
29.8445
29.0217
28.3271
27.7729
27.3328
26.9785
26.7574
26.5521
26.4812
26.3673
26.4229
26.3273
26.4667
26.4161
26.5542
26.6463
26.8291
27.0751
27.4333
27.9109
28.5412
29.4245
30.4772
31.782
33.3858
35.1139
37.1548
39.5091
41.8858
44.4119
47.145
49.7573
52.2593
54.728
57.1384
59.1636
61.2101
63.2581
64.7822
66.4493
68.0184
69.2811
70.699
71.7661
72.6446
73.5767
74.4339
75.1133
75.439
75.799
76.4123
76.5226
76.4794
76.7396
76.9623
77.0868
77.2065
77.5406
78.039
78.4409
79.0535
79.5786
80.1736
81.0038
81.7854
82.476
83.3469
84.1396
84.7263
85.3233
85.9721
86.539
87.0466
87.6828
88.7008
90.1291
91.6167
93.0583
94.481
95.6942
95.9979
95.3872
94.3608
93.0418
91.6633
91.1118
51.4914
51.4547
51.388
51.3344
51.3066
51.3234
51.383
51.4751
51.5818
51.6654
51.7154
51.7507
51.7732
51.7568
51.6661
51.5078
51.288
51.0316
50.7804
50.5042
50.2099
49.9249
49.64
49.3848
49.1749
49.0077
48.9069
48.8649
48.8776
48.9429
49.0356
49.148
49.293
49.4374
49.5452
49.6385
49.7474
49.8647
49.9736
50.0895
50.2199
50.3678
50.5191
50.6359
50.7241
50.797
50.8726
51.001
51.1603
51.2562
51.2027
50.9819
50.655
50.3623
50.1698
50.1027
50.1426
50.2455
50.3297
50.3975
50.2772
49.7146
48.5803
47.0628
45.4671
43.8363
42.2863
40.8643
39.6682
38.8772
38.4505
38.32
38.6852
39.4022
40.3958
41.4368
42.5689
43.6893
44.6931
45.5359
46.2056
46.7694
47.2469
47.6313
47.9541
48.1518
48.2127
48.1654
48.0117
47.7647
47.466
47.1538
46.8139
46.3808
45.8805
45.3254
44.7169
44.0767
43.4112
42.7645
42.1812
41.5981
41.0384
40.5057
39.9055
39.2142
38.3987
37.4525
36.3568
35.1901
33.989
32.7886
31.6404
30.5988
29.673
28.8569
28.1843
27.6258
27.2471
26.8958
26.7427
26.4941
26.4978
26.3347
26.4266
26.3234
26.4384
26.4121
26.4741
26.559
26.6941
26.8964
27.2055
27.645
28.1925
29.0285
30.0566
31.2626
32.8748
34.6364
36.5913
39.0155
41.5282
44.0288
46.8137
49.5667
52.084
54.4921
56.9817
59.0215
60.8596
63.0001
64.4657
65.9077
67.5685
68.6856
69.9651
71.1518
71.8533
72.6383
73.3699
73.9068
74.0704
74.223
74.6618
74.5598
74.3156
74.5688
74.5703
74.4199
74.5995
74.8805
75.2327
75.6414
76.1425
76.8608
77.5176
78.3667
79.2826
80.1234
81.0635
82.0025
82.8132
83.5369
84.3578
85.1893
86.0393
86.9404
88.0164
89.4405
90.8508
92.2118
93.6195
94.5921
94.559
93.6623
92.2103
90.6542
88.592
88.1257
51.5381
51.5045
51.4434
51.3944
51.373
51.3944
51.4559
51.5455
51.6457
51.7234
51.7749
51.82
51.8534
51.8413
51.7461
51.5711
51.331
51.06
50.7986
50.5175
50.198
49.8749
49.5547
49.2567
49.0126
48.8233
48.7084
48.676
48.7108
48.7969
48.924
49.0838
49.2737
49.4699
49.6248
49.7409
49.8574
49.9754
50.0772
50.1717
50.2691
50.3861
50.5148
50.6249
50.7077
50.7744
50.8183
50.9499
51.1141
51.2324
51.2609
51.1786
50.9918
50.7976
50.6955
50.7234
50.8567
51.0253
51.1161
51.121
50.8012
49.8888
48.2574
46.4477
44.7562
43.0561
41.3987
39.874
38.5336
37.5941
37.1926
37.1911
37.7567
38.6753
39.9471
41.2693
42.6397
44.0084
45.2347
46.3058
47.1426
47.7731
48.2192
48.4926
48.6174
48.597
48.4391
48.2075
47.9442
47.6604
47.3863
47.136
46.8918
46.6173
46.3383
46.0325
45.7124
45.3744
44.9949
44.5627
44.0629
43.4743
42.7932
42.0798
41.2302
40.2646
39.2096
38.0089
36.732
35.4331
34.0988
32.7983
31.633
30.5626
29.6335
28.8192
28.1903
27.5887
27.2893
26.9214
26.8321
26.5761
26.6038
26.4319
26.4915
26.4134
26.4675
26.4645
26.4654
26.5252
26.6278
26.7678
27.0215
27.4418
27.9009
28.6583
29.6917
30.7997
32.3548
34.1953
36.1101
38.5163
41.2133
43.7411
46.5058
49.3808
51.9976
54.3121
56.7565
58.9705
60.6016
62.6237
64.2691
65.4376
67.0689
68.2445
69.1965
70.4007
71.2508
71.6993
72.2981
72.8347
72.6274
72.6656
72.9304
72.6007
72.1996
72.3631
72.2314
71.856
71.9895
72.226
72.389
72.874
73.463
74.0506
74.774
75.75
76.6766
77.5894
78.6396
79.7017
80.6681
81.5795
82.6161
83.7049
84.8304
85.9675
87.1476
88.568
89.9166
91.1752
92.5224
93.2677
92.8039
91.3988
89.5416
87.7838
85.3666
85.2835
51.5864
51.554
51.4968
51.4507
51.4341
51.4579
51.519
51.607
51.7038
51.7818
51.8407
51.895
51.94
51.9337
51.8375
51.6467
51.3896
51.0981
50.8096
50.5134
50.1792
49.8184
49.4616
49.1334
48.8613
48.6619
48.5438
48.5208
48.5921
48.7106
48.8745
49.0753
49.2969
49.5254
49.7201
49.862
49.9828
50.0897
50.1756
50.2467
50.3085
50.381
50.4798
50.5717
50.6485
50.7109
50.7683
50.8755
51.0232
51.1582
51.2583
51.2976
51.2604
51.2135
51.2522
51.4051
51.6614
51.9176
52.1203
52.0649
51.5555
50.338
48.306
46.2282
44.5611
42.85
40.9601
39.1411
37.5865
36.4078
36.021
36.1361
36.9321
38.0874
39.61
41.2062
42.7671
44.3148
45.6623
46.8354
47.7374
48.4069
48.8418
49.0349
49.0542
48.9246
48.6641
48.3554
48.0548
47.7489
47.5086
47.3039
47.1266
46.9621
46.8042
46.6436
46.5035
46.3482
46.1199
45.7927
45.3556
44.7648
43.9897
43.1105
42.1147
40.9721
39.7302
38.4034
37.0284
35.6265
34.2425
32.8903
31.6958
30.5854
29.7206
28.8665
28.2968
27.6884
27.4342
27.0556
26.9758
26.7692
26.7625
26.6139
26.6192
26.5736
26.5435
26.5578
26.529
26.5183
26.6034
26.7005
26.8639
27.2792
27.6788
28.3103
29.3433
30.4159
31.8813
33.7881
35.7529
38.0924
40.9363
43.5969
46.3249
49.1944
51.9483
54.2565
56.5066
58.8347
60.4997
62.2093
64.0496
65.1324
66.5337
67.9193
68.6145
69.609
70.6535
70.8711
71.3145
71.7982
71.3842
71.1439
71.2799
70.6856
70.1932
70.2654
69.8576
69.3124
69.4516
69.5567
69.5954
70.1127
70.658
71.1709
72.0117
73.0874
74.0582
75.0344
76.1728
77.3675
78.4868
79.5425
80.7199
82.0359
83.3775
84.672
85.9576
87.3768
88.6565
89.9103
91.1422
91.6954
90.7071
88.6791
86.4175
84.3247
82.1027
81.2892
51.6236
51.5896
51.5303
51.4831
51.4708
51.4979
51.5622
51.6537
51.7542
51.8417
51.9166
51.982
52.0343
52.0474
51.9559
51.7542
51.4821
51.1651
50.8456
50.5225
50.1678
49.7844
49.3965
49.0508
48.7615
48.5512
48.4417
48.431
48.5288
48.6877
48.8846
49.1242
49.3847
49.6343
49.8472
50.0082
50.1296
50.2121
50.2673
50.308
50.3327
50.3556
50.4098
50.477
50.5522
50.6253
50.6926
50.7918
50.9266
51.07
51.2128
51.3382
51.4388
51.5596
51.7935
52.1167
52.5334
52.9192
53.2198
53.1723
52.5563
51.0208
48.677
46.4195
44.6648
42.7929
40.6746
38.4922
36.7748
35.3504
35.0019
35.199
36.2338
37.6463
39.3658
41.19
42.8961
44.5854
45.9917
47.213
48.1127
48.744
49.1473
49.2837
49.2813
49.1238
48.853
48.5531
48.2577
48.0044
47.7656
47.5823
47.4397
47.3113
47.2167
47.1328
47.0807
47.0541
46.8646
46.6285
46.1889
45.5614
44.6944
43.7035
42.6225
41.3639
40.0071
38.6396
37.2274
35.7922
34.3963
32.9905
31.8389
30.6906
29.8725
29.0071
28.477
27.8983
27.6217
27.3051
27.1881
27.0185
26.9777
26.8536
26.7823
26.782
26.6871
26.657
26.6431
26.5474
26.5945
26.7044
26.73
27.112
27.5145
28.0419
29.0287
30.119
31.5153
33.4937
35.5617
37.8979
40.7575
43.5717
46.3344
49.1321
51.8755
54.267
56.4108
58.5949
60.4155
61.9578
63.7071
64.9803
66.1225
67.5678
68.2748
68.9699
69.9915
70.1936
70.3643
70.7687
70.3161
69.8289
69.5927
68.8176
68.248
68.0191
67.3562
66.6728
66.6984
66.6359
66.5736
67.073
67.5274
68.1014
69.1659
70.3551
71.3885
72.4964
73.7589
75.0833
76.3098
77.4854
78.7971
80.1908
81.6374
83.0338
84.3986
85.839
87.0842
88.2737
89.4144
89.7354
88.2462
85.5937
82.6712
80.0637
77.4985
76.5617
51.6478
51.6115
51.5394
51.4882
51.4761
51.51
51.584
51.6877
51.8017
51.9082
52.0024
52.0811
52.1406
52.1687
52.0945
51.9068
51.6233
51.2836
50.929
50.5662
50.1863
49.7863
49.3843
49.0254
48.7255
48.5132
48.4151
48.421
48.5372
48.7328
48.9698
49.233
49.5173
49.789
50.0111
50.1757
50.2889
50.3438
50.3578
50.3573
50.341
50.319
50.3266
50.3655
50.4294
50.5049
50.5855
50.6798
50.81
50.9637
51.1397
51.3275
51.5332
51.8294
52.2658
52.776
53.3927
54.0115
54.3905
54.3984
53.6259
51.8793
49.2955
46.8345
44.8609
42.8004
40.5105
38.0683
36.2122
34.6477
34.2469
34.5328
35.7601
37.3749
39.2333
41.2201
43.0472
44.7949
46.1865
47.3867
48.263
48.847
49.2804
49.4318
49.4283
49.2991
49.06
48.7753
48.4843
48.2729
48.0479
47.8946
47.7849
47.6568
47.5959
47.515
47.4529
47.3628
47.2253
47.0445
46.6199
45.9533
45.0532
44.0095
42.8294
41.5316
40.1339
38.7385
37.3718
35.8892
34.5606
33.1513
32.0312
30.8772
30.0782
29.2764
28.7056
28.2127
27.8823
27.6113
27.479
27.2969
27.2341
27.1748
26.9923
27.0294
26.9256
26.7784
26.7802
26.627
26.579
26.755
26.6837
26.9874
27.3934
27.8915
28.8535
30.0351
31.388
33.4005
35.6153
38.0251
40.8485
43.7257
46.4862
49.3148
51.9248
54.2312
56.4977
58.4354
60.2643
61.888
63.4339
64.8242
65.9387
67.2617
68.0229
68.6174
69.3798
69.5191
69.6339
69.6818
69.176
68.775
67.9436
66.7398
66.1372
65.4772
64.3069
63.5516
63.3472
63.0342
62.9205
63.4584
63.761
64.5
66.0044
67.4678
68.6169
70.0085
71.4053
72.7577
74.1501
75.437
76.7666
78.1894
79.6998
81.1185
82.5496
84.0863
85.2849
86.2225
87.1621
87.1587
85.2886
82.0286
78.2482
74.827
72.4046
70.1789
51.669
51.6028
51.5151
51.4489
51.4404
51.4878
51.5828
51.7097
51.8485
51.9828
52.099
52.1919
52.2595
52.2937
52.2465
52.0823
51.8062
51.4474
51.0637
50.6608
50.2497
49.8381
49.4297
49.0597
48.7619
48.5585
48.4767
48.5015
48.6376
48.8533
49.1068
49.3896
49.6915
49.9654
50.1813
50.3399
50.4336
50.4607
50.436
50.3875
50.3254
50.26
50.2265
50.2372
50.2827
50.3508
50.4348
50.5306
50.6771
50.8431
51.0357
51.2434
51.5552
52.0078
52.5928
53.2993
54.1372
54.9312
55.3989
55.5377
54.7418
52.8403
50.1076
47.378
45.1408
42.9118
40.5341
37.9393
35.9637
34.4145
33.9606
34.3365
35.583
37.2677
39.2231
41.2898
43.1964
44.9121
46.2657
47.3898
48.2471
48.8702
49.2986
49.4936
49.5085
49.388
49.2244
48.9911
48.7377
48.478
48.3509
48.224
48.1123
47.9952
47.9188
47.8405
47.7549
47.6796
47.4415
47.2592
46.7426
46.0368
45.1435
44.0439
42.8641
41.5368
40.1843
38.7697
37.4564
36.0127
34.7406
33.3936
32.2804
31.1869
30.3579
29.6813
29.0314
28.5998
28.2755
27.9505
27.8521
27.7021
27.5261
27.5513
27.2818
27.2841
27.2121
26.9286
26.9402
26.8125
26.6566
26.82
26.7092
26.9814
27.4634
27.9443
28.8645
30.2249
31.7005
33.6416
35.9857
38.4898
41.2602
44.1552
46.8417
49.6119
52.2031
54.333
56.5692
58.4818
60.2009
61.8606
63.3233
64.6756
65.8664
67.0231
67.822
68.4157
68.9782
68.8727
69.0562
68.7453
67.8669
67.5385
66.348
64.561
63.6619
62.5867
60.9517
60.0882
59.5192
58.8215
58.636
58.7863
59.2946
60.3187
62.2935
64.1196
65.5147
67.2059
68.9262
70.4925
72.0096
73.4019
74.7951
76.2083
77.6499
79.0289
80.5188
82.0517
83.0631
83.7986
84.4806
84.2018
81.9152
77.8237
73.1706
68.956
65.4837
63.763
51.6775
51.5838
51.4541
51.3676
51.3626
51.4345
51.566
51.7342
51.9177
52.0733
52.2121
52.3182
52.3894
52.4201
52.3858
52.2385
51.9808
51.6275
51.2281
50.801
50.363
49.9398
49.535
49.1705
48.8843
48.6953
48.6263
48.663
48.8013
49.016
49.2829
49.5684
49.8575
50.1244
50.3404
50.4858
50.557
50.5534
50.486
50.3817
50.2683
50.1629
50.0928
50.05
50.0837
50.1314
50.2312
50.3556
50.5253
50.7121
50.9398
51.1993
51.5999
52.1183
52.8522
53.7266
54.7047
55.6337
56.2327
56.4042
55.6799
53.8443
51.1337
48.1254
45.6335
43.1962
40.758
38.1271
36.1084
34.6601
34.1533
34.549
35.74
37.4427
39.4468
41.5142
43.3529
44.9207
46.2049
47.2792
48.1713
48.8179
49.2257
49.492
49.5809
49.5106
49.4104
49.2656
49.0465
48.9145
48.708
48.5518
48.4589
48.3107
48.1914
48.0704
47.9607
47.8121
47.5378
47.2763
46.725
45.9602
45.0429
43.9388
42.7768
41.4542
40.1531
38.7812
37.4984
36.1425
34.9406
33.6587
32.5668
31.6311
30.6609
30.1295
29.4729
29.0212
28.7651
28.3946
28.2393
28.1677
27.8633
27.9524
27.6483
27.5462
27.5467
27.1794
27.1955
27.0401
26.7821
27.0377
26.9815
27.1365
27.7321
28.4082
29.2394
30.6703
32.394
34.3627
36.6511
39.261
41.9668
44.7641
47.4252
50.0167
52.5548
54.6061
56.7711
58.569
60.2461
61.9168
63.2758
64.6464
65.8045
66.8424
67.6873
68.2397
68.7423
68.5347
68.6226
68.1531
66.7486
66.0226
64.6535
62.3795
60.9771
59.5236
57.7448
56.7843
55.7921
54.7302
54.4995
54.5317
54.7957
55.9796
58.1448
60.1288
61.9652
64.2247
66.3476
68.1069
69.7965
71.3848
72.8164
74.2028
75.6292
76.9537
78.3499
79.6532
80.4484
81.042
81.5024
80.9794
78.2977
73.2988
67.6671
62.6267
57.8324
54.4364
51.7304
51.5478
51.3491
51.2241
51.2229
51.329
51.5096
51.7311
51.9534
52.1716
52.3439
52.4634
52.5319
52.5505
52.4986
52.3419
52.0829
51.7292
51.3188
50.8816
50.441
50.0177
49.628
49.2817
49.0125
48.8371
48.7768
48.8137
48.9541
49.1689
49.4338
49.7159
50.0088
50.2724
50.4752
50.5987
50.6429
50.5999
50.5054
50.3603
50.2004
50.0433
49.9406
49.8794
49.92
49.9961
50.0819
50.1948
50.3952
50.6243
50.9051
51.2263
51.6791
52.3081
53.1534
54.08
55.1014
56.0777
56.6327
56.9232
56.2373
54.5849
52.1736
49.1015
46.4585
43.7966
41.2869
38.7688
36.747
35.4045
34.8715
35.2393
36.3801
38.0403
39.9372
41.7817
43.4178
44.8237
46.0682
47.1113
47.962
48.6586
49.1482
49.4763
49.6551
49.706
49.6152
49.5039
49.3319
49.1892
49.0033
48.8477
48.6782
48.5501
48.4156
48.2425
48.0707
47.864
47.5284
47.1456
46.5616
45.7611
44.8306
43.7298
42.5855
41.3094
40.0402
38.7247
37.5228
36.2254
35.0622
33.9936
32.7577
32.0529
30.9953
30.5214
29.9719
29.4648
29.244
28.908
28.6569
28.6664
28.2892
28.3843
28.0948
27.8858
27.9791
27.5455
27.5124
27.5197
27.1206
27.3711
27.5726
27.6712
28.1769
29.166
30.1236
31.5122
33.3179
35.4426
37.6319
40.2522
42.837
45.5779
48.1067
50.5328
52.9655
54.9258
57.0122
58.7467
60.3818
61.9882
63.3165
64.678
65.7936
66.7702
67.6533
68.188
68.6749
68.4929
68.4368
67.9203
66.0573
64.5857
62.976
60.4992
58.53
56.8308
55.1729
53.9979
52.7478
51.6459
51.2718
51.034
51.0146
52.1341
54.0344
55.9223
58.2133
60.9703
63.3785
65.4692
67.5295
69.3104
70.7797
72.2118
73.5537
74.654
75.8853
77.1022
77.7826
78.1998
78.3019
77.3811
74.2754
68.7275
62.0692
55.613
48.4768
42.1885
51.7273
51.5177
51.2337
51.0451
51.0496
51.2068
51.461
51.7569
52.0447
52.2999
52.4973
52.6213
52.6673
52.6613
52.5766
52.3906
52.1093
51.7357
51.309
50.8604
50.4159
49.9916
49.6117
49.2787
49.0255
48.8569
48.8003
48.8662
49.0311
49.2513
49.5323
49.8332
50.1378
50.4061
50.6107
50.7329
50.7555
50.671
50.5283
50.3345
50.1377
49.9395
49.8075
49.7129
49.7018
49.7426
49.8876
50.0626
50.3076
50.5965
50.9477
51.3523
51.891
52.5701
53.3956
54.3134
55.2893
56.2313
56.8491
57.0714
56.4165
54.9057
52.7663
49.9066
47.246
44.6388
42.1159
39.7958
37.8368
36.633
36.0223
36.2855
37.1869
38.6549
40.2879
41.8818
43.3733
44.7205
45.9377
46.9614
47.812
48.5405
49.0768
49.456
49.6948
49.8023
49.7978
49.7211
49.5902
49.4525
49.2987
49.1232
48.9636
48.7716
48.591
48.3759
48.102
47.828
47.4217
46.9198
46.2939
45.4645
44.5263
43.4462
42.324
41.085
39.8879
38.6531
37.4522
36.3715
35.1016
34.2776
32.9953
32.3745
31.5028
30.9262
30.499
29.9961
29.7563
29.494
29.1745
29.1994
28.8149
28.86
28.653
28.3239
28.4951
28.114
27.899
28.0929
27.8399
27.8583
28.2713
28.5785
29.0645
30.1139
31.3146
32.7128
34.4582
36.7027
38.8478
41.4046
43.8401
46.4122
48.8678
51.1141
53.3438
55.3089
57.268
58.9481
60.5759
62.084
63.4073
64.7607
65.8455
66.861
67.8052
68.3368
68.9257
68.6714
68.5331
68.0164
65.6679
63.6477
61.7693
59.0417
56.673
54.7986
53.0375
51.5529
50.2783
49.312
48.797
48.3627
48.2438
49.0748
50.5106
52.166
54.6104
57.6176
60.2843
62.7208
65.2025
67.2531
68.8106
70.2581
71.5032
72.4704
73.5924
74.7
75.1203
75.2701
75.0401
73.8059
70.2689
64.2469
56.7478
48.3876
38.5458
24.1135
-76.3207
-15.1801
-17.6029
-9.16122
-9.82561
-9.01612
-4.83769
1.63169
5.89722
7.1312
6.81323
5.32291
3.73721
2.51214
0.767763
0.198789
0.598445
1.11022
1.71813
0.833719
-62.1886
-15.5482
-17.1999
-9.23979
-9.69577
-9.1333
-4.98283
1.60382
5.98183
7.17616
6.83433
5.33157
3.72702
2.5337
0.746506
0.110293
0.592869
1.09877
1.74443
0.880801
-49.3052
-15.2395
-16.063
-9.26898
-9.55641
-9.34027
-5.26177
1.47751
6.01091
7.19936
6.8385
5.31799
3.71535
2.56668
0.706526
0.0570457
0.598096
1.09175
1.79048
0.930333
-35.9089
-13.8906
-14.2379
-9.04874
-9.38578
-9.56969
-5.60817
1.23799
5.88006
7.06912
6.6962
5.20721
3.68552
2.61544
0.700351
0.0353831
0.629985
1.07449
1.8265
0.966727
-23.5197
-11.7164
-12.0635
-8.56262
-9.18892
-9.79402
-6.00116
0.899742
5.59559
6.76066
6.36942
4.95506
3.60502
2.64924
0.750497
0.118362
0.70567
1.04328
1.76665
0.954511
-12.9523
-8.95034
-9.72868
-7.78578
-8.94557
-9.97448
-6.37889
0.472656
5.18463
6.30199
5.87671
4.54869
3.45156
2.64865
0.846297
0.26088
0.841156
1.03678
1.6046
0.885759
-3.83024
-5.5686
-7.24309
-6.73843
-8.50568
-9.94779
-6.60398
0.0274048
4.66648
5.72171
5.26957
4.07901
3.2347
2.58232
0.939212
0.421422
0.992404
1.06046
1.39124
0.786477
4.60047
-1.54975
-4.57862
-5.48007
-7.84915
-9.65122
-6.6397
-0.395407
4.03807
5.06374
4.6027
3.56361
2.96634
2.46631
1.01009
0.572649
1.13017
1.08461
1.22532
0.695906
12.5373
2.96355
-1.73585
-4.02282
-6.95015
-9.11212
-6.51853
-0.790211
3.2995
4.30999
3.89569
3.03857
2.6801
2.32186
1.05771
0.707519
1.23838
1.1083
1.09114
0.60851
19.9201
7.86001
1.29602
-2.42419
-5.85455
-8.31364
-6.2502
-1.19065
2.48869
3.47523
3.14728
2.51225
2.38103
2.15947
1.10342
0.84854
1.31874
1.13546
0.997073
0.520202
26.7234
12.8824
4.40759
-0.743388
-4.60799
-7.25746
-5.83234
-1.64137
1.59979
2.59308
2.35859
1.99579
2.08407
1.96724
1.14918
0.983731
1.38062
1.22562
0.939183
0.440261
32.6581
17.59
7.41964
0.968432
-3.22214
-5.98246
-5.28089
-2.16333
0.614433
1.68889
1.54052
1.49246
1.79837
1.76171
1.19322
1.10355
1.44677
1.30955
0.910476
0.380251
37.5394
21.7787
10.261
2.71506
-1.76565
-4.63111
-4.66049
-2.7396
-0.443405
0.795561
0.740787
1.00987
1.52136
1.56093
1.22981
1.21672
1.52398
1.39891
0.926342
0.360906
41.5705
25.4667
12.8606
4.43992
-0.275707
-3.30508
-4.04051
-3.32942
-1.49709
-0.0476978
0.0261575
0.582285
1.27927
1.38974
1.26543
1.32936
1.59857
1.49899
0.976025
0.357664
44.8519
28.4596
15.0411
6.03807
1.17612
-2.03381
-3.45339
-3.84583
-2.41079
-0.754444
-0.512546
0.254197
1.07522
1.25422
1.32614
1.45456
1.66929
1.59353
1.02977
0.349725
47.3013
30.6216
16.7547
7.73334
2.5438
-0.861361
-2.94106
-4.18614
-3.06006
-1.26834
-0.857242
0.0476392
0.926244
1.15476
1.38952
1.57068
1.74344
1.68139
1.06874
0.3314
49.1448
32.1342
18.0676
9.06983
3.79623
0.116914
-2.55356
-4.31618
-3.39366
-1.5784
-1.04421
-0.0704398
0.816681
1.10555
1.46208
1.67346
1.80653
1.73089
1.05095
0.302623
50.6302
33.0892
18.9828
10.0248
4.65865
0.716432
-2.29469
-4.24771
-3.46276
-1.73044
-1.08471
-0.124801
0.757736
1.10484
1.5174
1.73681
1.83108
1.72578
1.04028
0.292161
51.8495
33.5007
19.337
10.4044
4.93637
0.927477
-2.14936
-4.09748
-3.41143
-1.79988
-1.09638
-0.13232
0.730845
1.11317
1.53284
1.75046
1.82646
1.70695
1.03873
0.295333
52.3319
33.4495
19.3046
10.4334
4.94102
0.961372
-2.09074
-4.00488
-3.34906
-1.83753
-1.10401
-0.129502
0.71152
1.11346
1.53487
1.75512
1.82747
1.69465
1.03485
0.29991
)
;

boundaryField
{
    inlet
    {
        type            zeroGradient;
    }
    outlet
    {
        type            fixedValue;
        value           uniform 0;
    }
    walls
    {
        type            zeroGradient;
    }
    frontAndBack
    {
        type            empty;
    }
}


// ************************************************************************* //
