/*--------------------------------*- C++ -*----------------------------------*\
| =========                 |                                                 |
| \\      /  F ield         | OpenFOAM: The Open Source CFD Toolbox           |
|  \\    /   O peration     | Version:  2.4.0                                 |
|   \\  /    A nd           | Web:      www.OpenFOAM.org                      |
|    \\/     M anipulation  |                                                 |
\*---------------------------------------------------------------------------*/
FoamFile
{
    version     2.0;
    format      ascii;
    class       volScalarField;
    location    "0.17";
    object      k_0;
}
// * * * * * * * * * * * * * * * * * * * * * * * * * * * * * * * * * * * * * //

dimensions      [0 2 -2 0 0 0 0];

internalField   nonuniform List<scalar> 
8800
(
8.12743
10.2617
8.81383
6.79459
5.73523
4.94217
4.55137
4.11975
3.93504
3.64378
3.5506
3.36012
3.28549
3.15109
3.07328
2.96769
2.86467
2.77051
2.65146
2.5093
1.4084
4.34426
5.33414
5.28543
5.13621
4.78688
4.59839
4.27284
4.13188
3.87153
3.7751
3.5905
3.50683
3.38319
3.31315
3.2103
3.15011
3.05956
2.96405
2.91701
0.0846008
0.721454
1.57615
1.93974
2.28238
2.42751
2.58471
2.59744
2.62343
2.6066
2.58812
2.54229
2.52487
2.47623
2.46071
2.41796
2.40906
2.37259
2.36006
2.31504
0.00336663
0.0692066
0.258017
0.430423
0.574688
0.704874
0.836551
0.930693
1.01485
1.10847
1.15766
1.20626
1.27482
1.29754
1.34361
1.37361
1.4132
1.44125
1.49331
1.50648
0.000124009
0.00492052
0.0217207
0.0607959
0.0830632
0.129213
0.156691
0.208897
0.235216
0.294398
0.317169
0.357337
0.393363
0.430269
0.452681
0.506782
0.533494
0.588421
0.620555
0.697175
2.48948e-05
0.000306943
0.00144615
0.00530863
0.00760346
0.0133995
0.0173308
0.0266372
0.0319935
0.046224
0.0521933
0.0647465
0.0727809
0.0873188
0.0942199
0.112951
0.122589
0.144991
0.157566
0.195586
2.16315e-05
4.24028e-05
0.000119971
0.000412253
0.000558299
0.000948334
0.00124635
0.0020391
0.00252586
0.00411951
0.00487139
0.00648393
0.00776761
0.0100833
0.0111966
0.0144069
0.0162696
0.0206113
0.023584
0.0322662
2.10372e-05
2.86993e-05
4.43188e-05
8.33515e-05
9.381e-05
0.000119094
0.000134649
0.000177138
0.000198172
0.000300346
0.00035229
0.000432372
0.000567098
0.000740569
0.000812343
0.00106187
0.00123063
0.00163878
0.00195286
0.00274098
2.09553e-05
2.76172e-05
4.05665e-05
6.62547e-05
6.88429e-05
7.12339e-05
7.20774e-05
7.58195e-05
7.81875e-05
8.8236e-05
9.12081e-05
9.29364e-05
9.85546e-05
0.00010958
0.000113635
0.000127006
0.000136317
0.000154998
0.000168544
0.000201249
2.06325e-05
2.6339e-05
4.63539e-05
6.40845e-05
6.29947e-05
6.21802e-05
6.36264e-05
6.76872e-05
6.93911e-05
7.46612e-05
7.58629e-05
7.51664e-05
7.51587e-05
7.49134e-05
7.46383e-05
7.59632e-05
8.01893e-05
8.19731e-05
8.26818e-05
8.58045e-05
2.05995e-05
2.79862e-05
5.07002e-05
5.4329e-05
5.4827e-05
6.27432e-05
6.78417e-05
7.2908e-05
7.37288e-05
7.63135e-05
7.56741e-05
7.34613e-05
7.39208e-05
7.57834e-05
7.75501e-05
7.84502e-05
7.9454e-05
8.22515e-05
8.41181e-05
8.59477e-05
2.07985e-05
3.41961e-05
4.28679e-05
4.67941e-05
6.33545e-05
7.60766e-05
8.18352e-05
8.64756e-05
8.69255e-05
8.8554e-05
8.73e-05
8.84527e-05
9.91971e-05
0.000107066
0.000109458
0.000116204
0.000129142
0.000148374
0.000156063
0.000172919
2.10748e-05
3.33261e-05
4.28568e-05
6.99582e-05
9.40149e-05
0.000125828
0.000143564
0.000187001
0.000216812
0.000287018
0.00032418
0.0004053
0.000515257
0.00061966
0.000700216
0.000972211
0.00115244
0.00153423
0.00172132
0.00207919
2.16189e-05
4.28439e-05
0.000120545
0.000335838
0.000483193
0.00091655
0.00125455
0.00216418
0.00272935
0.00389091
0.00458943
0.00625181
0.0071944
0.00932689
0.0106468
0.0138757
0.0155378
0.0195204
0.0216895
0.0272909
2.50521e-05
0.000300138
0.00155637
0.00437473
0.00679221
0.013456
0.0177303
0.0276312
0.033373
0.0441608
0.0503325
0.0643943
0.0710442
0.0852588
0.0927664
0.111012
0.119464
0.139919
0.150403
0.178017
0.000124737
0.0048588
0.0246229
0.0526711
0.0812215
0.132759
0.158595
0.208839
0.245392
0.283638
0.311315
0.363971
0.385077
0.42913
0.451062
0.502957
0.524172
0.578052
0.601923
0.665193
0.00337907
0.0690803
0.260947
0.415495
0.582481
0.713477
0.823122
0.934694
1.03172
1.08718
1.15593
1.22008
1.25321
1.30139
1.32928
1.37847
1.39427
1.43948
1.45788
1.50015
0.0846823
0.724977
1.56706
1.93466
2.28594
2.43336
2.57463
2.60386
2.62478
2.59731
2.58727
2.54169
2.52501
2.47105
2.45846
2.41813
2.40652
2.37736
2.36853
2.34312
1.4067
4.34559
5.32089
5.28632
5.13527
4.79523
4.59445
4.27729
4.12279
3.88132
3.77986
3.57833
3.52438
3.37192
3.33578
3.21215
3.18825
3.07694
3.04682
2.95679
8.11713
10.2612
8.79722
6.81685
5.71821
4.95466
4.54743
4.12914
3.92326
3.66147
3.55635
3.35667
3.30883
3.14863
3.12131
2.96533
2.94123
2.77623
2.72435
2.51806
1.62472
1.0387
0.757184
0.645041
0.577813
0.54087
0.510666
0.470171
0.419765
0.379644
0.341682
0.333606
0.32218
0.309959
0.28539
0.274931
0.254867
0.248345
0.239124
0.230993
0.226968
0.229772
0.22781
0.226928
0.219056
0.210453
0.191554
0.177331
0.167889
0.163858
0.162748
0.16519
0.180401
0.197077
0.213461
0.221517
0.225127
0.226218
0.227109
0.230329
0.239453
0.2557
0.257206
0.253995
0.246313
0.228885
0.201765
0.138795
0.0761661
0.0430503
0.0270777
0.0190081
0.0153297
0.0139691
0.0136401
0.0131693
0.0123691
0.0119099
0.0115303
0.0115798
0.0116476
0.0112049
0.0104662
0.0102861
0.0103132
0.0105544
0.0113682
0.0132559
0.0175173
0.0277983
0.0527559
0.12044
0.157968
0.17488
0.182328
0.182451
0.179991
0.174463
0.169402
0.167171
0.164001
0.155873
0.151968
0.145028
0.138218
0.132535
0.120883
0.0935327
0.0595915
0.0480652
0.0507753
0.0796797
0.0917526
0.0882946
0.0728858
0.0608797
0.0587077
0.0596126
0.0647104
0.0866676
0.118013
0.129885
0.129741
0.125164
0.110337
0.0871
0.0710906
0.0612972
0.0550458
0.0491362
0.044893
0.0419393
0.0375913
0.0331029
0.0296236
0.0282097
0.0278266
0.0283651
0.0313106
0.041816
0.0759921
0.0982495
0.115624
0.163231
0.212994
0.221326
0.199546
0.184931
0.19563
0.210726
0.20425
0.181964
0.161757
0.141968
0.122312
0.101203
0.0841955
0.0700233
0.0611619
0.0550353
0.0506953
0.0478863
0.0451731
0.0422082
0.041702
0.0420874
0.043149
0.0456519
0.0530366
0.0589066
0.0611897
0.0642463
0.0714566
0.100061
0.216646
0.284301
0.282784
0.212701
0.115678
0.0866476
0.0868734
0.0980165
0.11152
0.110966
0.104199
0.0859551
0.0790325
0.065231
0.062715
0.0566525
0.0566357
0.0535562
0.0531988
0.0504736
0.0513019
0.0499126
0.0514492
0.0518133
0.0560543
0.0621105
0.0653101
0.0668469
0.0670017
0.0654224
0.0637984
0.0588926
0.0600735
0.0584055
0.0620511
0.0630026
0.0693169
0.0761249
0.111403
0.113644
0.11803
0.0957293
0.108646
0.105693
0.232347
0.578634
2.45521
1.98014
1.62456
1.3752
1.20112
1.08676
0.999944
0.935722
0.858381
0.807045
0.741814
0.664822
0.581264
0.527177
0.460327
0.414301
0.386998
0.362626
0.347659
0.337785
0.33556
0.33321
0.325879
0.321983
0.317348
0.305906
0.290227
0.280728
0.261568
0.250392
0.241061
0.23838
0.239137
0.243076
0.246947
0.254486
0.262656
0.270412
0.286919
0.289213
0.286442
0.279221
0.26754
0.243638
0.217525
0.163705
0.0968408
0.0536138
0.0307482
0.0203154
0.015187
0.0130033
0.0121252
0.0121668
0.0127197
0.0127506
0.0121247
0.0118164
0.012369
0.0135362
0.014121
0.0144948
0.0144286
0.0143118
0.0144662
0.0150702
0.0165518
0.0197772
0.0283222
0.0524674
0.122137
0.164034
0.17518
0.18028
0.179064
0.171038
0.158991
0.15749
0.158675
0.158769
0.156033
0.147623
0.144887
0.142025
0.137774
0.131747
0.127289
0.118653
0.0916361
0.058973
0.0540209
0.0647179
0.08756
0.0878412
0.0833115
0.0700681
0.0624079
0.0609609
0.0619082
0.0679403
0.094914
0.125773
0.134567
0.133728
0.128343
0.113196
0.092523
0.0767994
0.064924
0.0545967
0.0498241
0.0465339
0.0409876
0.0342618
0.0304009
0.0294764
0.0294897
0.0305016
0.0350347
0.0482838
0.0902608
0.116382
0.133019
0.180697
0.229458
0.232246
0.208251
0.205337
0.223352
0.226113
0.206377
0.182008
0.162426
0.140681
0.112731
0.089836
0.0730849
0.0626997
0.0553101
0.0488389
0.0438968
0.0407109
0.0390156
0.0378119
0.0379333
0.0381882
0.038693
0.0403144
0.0449475
0.0524971
0.0556783
0.0590727
0.065488
0.084113
0.178265
0.269116
0.279409
0.242144
0.134572
0.0886683
0.0789871
0.0813693
0.0930301
0.101367
0.10132
0.0941035
0.0894144
0.0761953
0.072912
0.0633433
0.062339
0.0572314
0.0566249
0.0539167
0.0551115
0.054293
0.0563907
0.0608458
0.0642191
0.068679
0.0658113
0.0672272
0.0617675
0.0604226
0.0534502
0.0514282
0.0526505
0.0519348
0.0611896
0.0597383
0.0765051
0.0768577
0.121232
0.129919
0.235678
0.216322
0.305209
0.195339
0.318591
0.452382
2.06828
1.8241
1.59141
1.41781
1.2751
1.17092
1.08834
1.02743
0.964397
0.92259
0.873846
0.842714
0.801921
0.773862
0.727541
0.695569
0.6631
0.619967
0.596508
0.579299
0.555958
0.543079
0.538874
0.52726
0.521919
0.513254
0.488511
0.475911
0.455679
0.434701
0.414147
0.394357
0.38032
0.373147
0.369015
0.364768
0.354666
0.342344
0.327972
0.306666
0.281258
0.248342
0.204073
0.149921
0.0917093
0.0536116
0.0312898
0.0190873
0.0135015
0.0114638
0.0104446
0.0104737
0.0108689
0.0118077
0.0133232
0.013355
0.0131807
0.0135867
0.0161357
0.0180687
0.0188173
0.0188144
0.0186136
0.0187175
0.01949
0.0207542
0.0228505
0.0285217
0.0469466
0.11271
0.161067
0.176452
0.176717
0.167083
0.146773
0.128475
0.12445
0.126982
0.134366
0.134933
0.132519
0.129446
0.12639
0.126896
0.128522
0.127657
0.125308
0.122291
0.114814
0.0809168
0.0593097
0.0597359
0.0733322
0.0837812
0.0822149
0.0766296
0.0682716
0.0635252
0.0624223
0.0633515
0.0709329
0.108222
0.134311
0.138805
0.13671
0.130027
0.112266
0.096215
0.0820231
0.0675373
0.0586224
0.0531997
0.0463941
0.0378832
0.0336048
0.0328769
0.0331526
0.0348264
0.0408489
0.0593592
0.107087
0.134047
0.149581
0.19497
0.240931
0.238113
0.221437
0.229937
0.24399
0.235777
0.204478
0.185692
0.167238
0.134858
0.10468
0.0819443
0.0659725
0.0566182
0.0468987
0.0417561
0.0352574
0.033651
0.0335173
0.0337997
0.0346742
0.0347704
0.0348726
0.0357557
0.0386864
0.0463221
0.0502705
0.0535192
0.0598858
0.0739521
0.147329
0.252697
0.275776
0.257833
0.166004
0.0960561
0.0744784
0.0730644
0.0774503
0.087116
0.0962352
0.0934692
0.0935427
0.0853496
0.0822596
0.0717384
0.0704391
0.0643999
0.0640479
0.061658
0.0633431
0.0631641
0.0664857
0.0689652
0.0683417
0.0691914
0.0624403
0.0613543
0.0528745
0.0518498
0.0486684
0.0485152
0.0488291
0.0497573
0.05309
0.0544375
0.0635739
0.0637962
0.0758686
0.0883701
0.152808
0.184111
0.284635
0.314284
0.361989
0.437778
1.40174
1.28215
1.16951
1.06936
0.981174
0.906474
0.860249
0.822419
0.790111
0.76454
0.722821
0.701278
0.673274
0.658487
0.649655
0.630617
0.613362
0.602811
0.579131
0.560291
0.547206
0.536185
0.532404
0.521726
0.519599
0.520443
0.51952
0.50785
0.497936
0.485375
0.472465
0.459498
0.443042
0.420238
0.398539
0.370722
0.342137
0.304508
0.251003
0.198379
0.145161
0.0950934
0.0602247
0.0376817
0.0238165
0.0151774
0.0107
0.00854017
0.00846994
0.00870515
0.00906774
0.00978252
0.0115091
0.0143328
0.016232
0.0165836
0.0168884
0.0195948
0.023709
0.0256226
0.0262668
0.0259516
0.0257395
0.0260262
0.0266147
0.0276596
0.0309549
0.0439755
0.097456
0.153673
0.174232
0.17359
0.158105
0.130094
0.120925
0.116672
0.115411
0.116814
0.118642
0.119342
0.118911
0.119433
0.120202
0.118439
0.117131
0.117509
0.118583
0.119562
0.118545
0.106814
0.0703864
0.061536
0.0641586
0.0729478
0.0772643
0.0757332
0.0713842
0.0664521
0.0633125
0.06309
0.0650339
0.0789714
0.123084
0.139001
0.139362
0.136063
0.125818
0.110758
0.0973023
0.0834594
0.073282
0.0653992
0.0553615
0.0438263
0.0386358
0.0378407
0.0383977
0.0409458
0.0488847
0.0795001
0.12624
0.149627
0.162191
0.213155
0.24809
0.239217
0.234471
0.250683
0.257217
0.235736
0.205509
0.195323
0.168434
0.12724
0.0953625
0.0713757
0.0572337
0.0455493
0.0387894
0.0339689
0.0306427
0.0292847
0.0292551
0.0295467
0.0301838
0.0318354
0.0327249
0.0334544
0.0352908
0.0412032
0.0448366
0.0478237
0.0533931
0.0647673
0.109573
0.217909
0.263487
0.258546
0.203596
0.11344
0.0780999
0.0678241
0.070965
0.0751872
0.0886107
0.0897162
0.0932194
0.0880664
0.0858555
0.0769785
0.0761357
0.0715521
0.071713
0.0708211
0.0703573
0.0703594
0.0692817
0.068665
0.0627023
0.0602985
0.0532122
0.0499103
0.0488848
0.0474759
0.0472518
0.0478694
0.0482301
0.0516311
0.051091
0.0546797
0.0540873
0.055298
0.0548486
0.060379
0.0646702
0.106817
0.129771
0.230764
0.25395
0.344034
0.667496
0.628135
0.586253
0.548764
0.516394
0.476598
0.443879
0.433019
0.428552
0.427935
0.427058
0.419228
0.403691
0.388312
0.383136
0.381049
0.375739
0.37412
0.373266
0.371855
0.36474
0.349034
0.337372
0.330228
0.321914
0.320953
0.324699
0.32595
0.3264
0.323669
0.310592
0.298514
0.274206
0.246928
0.216319
0.176183
0.136976
0.0996269
0.0692331
0.0467526
0.0306565
0.0202494
0.013287
0.00956286
0.00722251
0.00617183
0.00625136
0.00655122
0.00761333
0.00841796
0.00975317
0.0125693
0.0167625
0.021416
0.0239467
0.0241193
0.0250243
0.0312916
0.0331415
0.0332692
0.0333335
0.0332203
0.0341606
0.0348816
0.0343334
0.0348557
0.041272
0.0787432
0.141149
0.167055
0.166337
0.148299
0.129081
0.120554
0.117599
0.11618
0.115365
0.114245
0.11306
0.113231
0.114984
0.116752
0.117849
0.117064
0.113173
0.111391
0.111351
0.113188
0.116909
0.113738
0.091858
0.0677443
0.0656172
0.0691159
0.0703121
0.0713279
0.070252
0.0674012
0.0649722
0.0644862
0.0651219
0.0689236
0.0968582
0.132167
0.139248
0.138161
0.133136
0.120363
0.109278
0.0992945
0.0892197
0.0788574
0.0644294
0.0504333
0.0447406
0.044289
0.0452568
0.0491984
0.0600745
0.105163
0.147368
0.158858
0.168882
0.222496
0.250317
0.23956
0.243204
0.264125
0.26362
0.231863
0.216939
0.20371
0.16281
0.115318
0.0834008
0.0625982
0.0494166
0.0410144
0.0356013
0.0315615
0.0295434
0.0278235
0.0270366
0.0270438
0.0277278
0.0306923
0.0329266
0.0334858
0.0345659
0.0391224
0.0414707
0.0436246
0.0482396
0.0580652
0.0911706
0.192187
0.249278
0.253633
0.226616
0.143894
0.089857
0.069421
0.0692911
0.0700314
0.0773406
0.0799192
0.0903497
0.0870956
0.08678
0.081583
0.0788765
0.0747995
0.0720482
0.0711638
0.0685193
0.0678939
0.0635649
0.060461
0.0552707
0.0505724
0.0502023
0.0484725
0.0504461
0.0493989
0.0520015
0.0505096
0.0530392
0.052514
0.0529092
0.0557672
0.0549142
0.0586041
0.0557834
0.058622
0.0551172
0.0686118
0.0717016
0.119513
0.144294
0.228557
0.192654
0.187887
0.177259
0.17171
0.163363
0.150225
0.142011
0.141103
0.141921
0.146341
0.153116
0.155288
0.154063
0.148719
0.146578
0.145945
0.143349
0.142485
0.14601
0.147111
0.146671
0.14534
0.141596
0.134728
0.122824
0.118163
0.118266
0.117793
0.117178
0.115414
0.110882
0.106731
0.0969342
0.08308
0.0660284
0.0495795
0.0354242
0.0240416
0.0158086
0.0103232
0.00703531
0.00518084
0.00430857
0.00430123
0.00445767
0.00508829
0.006088
0.00767631
0.0109979
0.0137347
0.0192533
0.0256969
0.0305951
0.0363486
0.0387343
0.0392243
0.0420761
0.0441432
0.0454894
0.0466696
0.0463719
0.043383
0.041586
0.0392041
0.0390957
0.0421189
0.0591238
0.125935
0.158367
0.160046
0.149172
0.136072
0.126038
0.121901
0.122459
0.122095
0.11865
0.113359
0.111282
0.111546
0.116122
0.119271
0.119214
0.117063
0.11245
0.107965
0.106489
0.107304
0.113618
0.1132
0.10176
0.0747499
0.0682335
0.0695855
0.0690478
0.0667529
0.066343
0.0658722
0.0668454
0.0691949
0.0705022
0.0731341
0.0812277
0.11655
0.135785
0.137227
0.135059
0.126381
0.11687
0.111009
0.102645
0.0911775
0.0738152
0.0594385
0.0537209
0.0534951
0.0547138
0.059895
0.075201
0.132527
0.15911
0.16241
0.171294
0.228127
0.24785
0.239375
0.25132
0.27269
0.263478
0.23247
0.228209
0.210054
0.157764
0.109424
0.0784929
0.0579255
0.0466544
0.03953
0.0344903
0.0311151
0.029317
0.0278243
0.0269525
0.0267256
0.0276583
0.0314307
0.0344653
0.0343566
0.035145
0.0393933
0.0412803
0.042048
0.044558
0.0519603
0.0757215
0.16867
0.23014
0.249754
0.235632
0.173709
0.109433
0.0749597
0.0699318
0.0639656
0.0657764
0.0701037
0.0724359
0.0797276
0.0790429
0.0788212
0.0744072
0.0727664
0.0687663
0.0679516
0.0639339
0.0603587
0.0568307
0.0530432
0.0525517
0.0515085
0.0538609
0.0543696
0.0591096
0.0588807
0.062385
0.0609091
0.0628371
0.0596802
0.0589499
0.0547829
0.053971
0.0527659
0.049691
0.0525273
0.0517897
0.0629285
0.064189
0.086557
0.0927382
0.127996
0.0323729
0.0321478
0.031263
0.0307063
0.0294721
0.0279365
0.0275046
0.0275885
0.0288617
0.0317184
0.0349722
0.0362561
0.0358976
0.034904
0.0340212
0.0329776
0.0316207
0.0312261
0.0334967
0.0362772
0.0378342
0.0383137
0.0381617
0.0361346
0.0307618
0.027368
0.0258646
0.0255172
0.0262678
0.0263193
0.0260364
0.0250655
0.0236427
0.0201912
0.0153083
0.0108918
0.00723871
0.00494531
0.00345086
0.00271088
0.00269253
0.00281938
0.00329265
0.00409234
0.00577651
0.00942316
0.0132024
0.0186796
0.0264388
0.0350052
0.0450455
0.0512403
0.0582013
0.0632455
0.0631965
0.0623885
0.059432
0.0558359
0.0572634
0.060639
0.0600287
0.0546971
0.0472747
0.0461562
0.0480068
0.0563536
0.101918
0.155966
0.162856
0.153335
0.143076
0.136834
0.133917
0.13548
0.136054
0.132545
0.121366
0.112885
0.110526
0.111129
0.116255
0.118093
0.116339
0.112946
0.110676
0.106773
0.102486
0.102375
0.108439
0.111711
0.106284
0.0837122
0.0733873
0.0724514
0.0700696
0.065587
0.0644556
0.0649783
0.0718191
0.079278
0.0806738
0.0807884
0.0825614
0.103081
0.128985
0.134874
0.134177
0.128423
0.121275
0.118129
0.113773
0.102121
0.0825732
0.0683608
0.0631014
0.0625771
0.0639164
0.0701547
0.0969443
0.15072
0.163339
0.162172
0.171399
0.22938
0.239187
0.234978
0.258176
0.275454
0.258338
0.245919
0.239513
0.21715
0.157223
0.107295
0.0753533
0.0559655
0.0461024
0.0394276
0.0348331
0.032186
0.0312357
0.0307248
0.0292903
0.027723
0.0280996
0.0311506
0.0338893
0.036103
0.036755
0.0405569
0.0419711
0.0416961
0.0429313
0.0477501
0.0642379
0.146436
0.212868
0.239993
0.231632
0.192483
0.140675
0.0877464
0.0751957
0.0637624
0.0570477
0.0596012
0.0573624
0.0633818
0.0615277
0.0670356
0.062266
0.0628431
0.0582083
0.0573578
0.0535063
0.052773
0.052812
0.0523956
0.0540841
0.0551782
0.0612037
0.0684462
0.0726676
0.0730515
0.0700733
0.0706593
0.068563
0.0683532
0.064602
0.0626214
0.0637616
0.0598092
0.0596683
0.0561258
0.0517145
0.0530987
0.0525131
0.0597118
0.0633159
0.072357
0.00295449
0.00300252
0.00299287
0.00299144
0.00297195
0.00292972
0.00292142
0.00299032
0.00337861
0.00374158
0.00422071
0.00436587
0.0043333
0.00429139
0.00410803
0.00392798
0.00369397
0.00365731
0.00418732
0.00496664
0.0054953
0.00564478
0.00563641
0.00522807
0.00422725
0.00351612
0.00317051
0.00313989
0.00355441
0.003882
0.00395277
0.00393178
0.0038304
0.00318059
0.00249672
0.00185408
0.00162043
0.00162614
0.00171939
0.00206795
0.0027882
0.00455759
0.00758871
0.0111456
0.0196304
0.0271433
0.0380235
0.0526814
0.0657659
0.0804274
0.0903299
0.0974775
0.101272
0.100212
0.0923441
0.0835569
0.0806966
0.0812886
0.0811258
0.0766334
0.0646534
0.0602101
0.0605571
0.0631411
0.0683512
0.0876553
0.151708
0.169043
0.160269
0.144494
0.145356
0.153007
0.152343
0.144091
0.139559
0.134306
0.121318
0.11187
0.108893
0.109502
0.112252
0.112909
0.112031
0.110985
0.11076
0.1077
0.101164
0.100581
0.107182
0.112065
0.109797
0.0947669
0.0863335
0.0807816
0.0727983
0.0660445
0.0643564
0.0653779
0.0781817
0.0898451
0.0908675
0.0860891
0.0838822
0.0914796
0.120023
0.131395
0.132441
0.130167
0.125629
0.123435
0.12079
0.111219
0.0904867
0.0772431
0.073496
0.0732682
0.0753367
0.0827281
0.122259
0.161443
0.162754
0.151727
0.163203
0.219955
0.224643
0.225004
0.263164
0.271248
0.260004
0.252909
0.252098
0.236021
0.166465
0.106898
0.0740624
0.0556482
0.0484613
0.0422219
0.0393462
0.0369218
0.0349221
0.0345563
0.0342562
0.0321536
0.0299983
0.0310461
0.0333195
0.0359736
0.0404795
0.0431012
0.0434462
0.0425622
0.0424714
0.046591
0.0600069
0.130288
0.190202
0.235146
0.228767
0.207695
0.160249
0.106535
0.0844398
0.066026
0.0558716
0.0537436
0.0486647
0.050843
0.0481721
0.0518183
0.0480697
0.0494636
0.0470744
0.0472139
0.0472801
0.0483641
0.0510183
0.0522021
0.0582957
0.0691305
0.0780598
0.0795723
0.0782086
0.074503
0.067249
0.064082
0.0617591
0.0598576
0.0544754
0.0543696
0.0548668
0.0616932
0.0640876
0.0652181
0.0635993
0.0573506
0.0487105
0.0477961
0.0502112
0.0558031
0.000220994
0.000232371
0.000236104
0.000241169
0.000251161
0.000254555
0.000255745
0.000256094
0.000260092
0.000284349
0.000336965
0.00036167
0.000384593
0.000388062
0.00038556
0.000372726
0.000353409
0.000351169
0.000387334
0.000432177
0.000456018
0.000459418
0.000460658
0.000444636
0.000382028
0.000340985
0.00033147
0.000354393
0.000399603
0.00048278
0.000560999
0.00059233
0.000650204
0.000709811
0.000780314
0.000929576
0.00131622
0.00194896
0.00337184
0.00621598
0.0097353
0.0176081
0.0248917
0.0393102
0.0575287
0.0755506
0.10159
0.12549
0.143918
0.161117
0.166536
0.165701
0.16153
0.145732
0.13247
0.125099
0.115646
0.110871
0.101345
0.08484
0.0771023
0.0765006
0.0771824
0.0778454
0.0841965
0.135332
0.170658
0.167235
0.145689
0.143392
0.163977
0.176622
0.160211
0.143839
0.139378
0.135158
0.122441
0.112198
0.108872
0.109223
0.110834
0.109507
0.10963
0.11328
0.116609
0.112202
0.101492
0.10098
0.108466
0.11334
0.111112
0.100078
0.094698
0.0901257
0.0779014
0.0676093
0.0649339
0.0668972
0.0836816
0.0955613
0.0961839
0.0883778
0.0815866
0.0822321
0.100027
0.120293
0.128126
0.12854
0.126963
0.126003
0.124828
0.116384
0.0975796
0.0871146
0.083349
0.0830885
0.0854125
0.0946672
0.140028
0.165186
0.159112
0.139275
0.152555
0.205951
0.211949
0.222389
0.263038
0.267236
0.267457
0.264656
0.27956
0.268713
0.17729
0.108253
0.0745956
0.0604487
0.0535158
0.0471589
0.0457965
0.0415155
0.0375881
0.0363576
0.03739
0.0363276
0.0327785
0.0314308
0.0322915
0.0352349
0.0408689
0.0448751
0.0444425
0.0429114
0.0426451
0.0445561
0.056031
0.128171
0.183953
0.226558
0.224876
0.212907
0.181477
0.116083
0.0986266
0.0716629
0.0603614
0.0560198
0.0466536
0.0461961
0.0427184
0.0442149
0.0418529
0.0424237
0.041971
0.0422043
0.0440064
0.0467392
0.0516966
0.0694869
0.0785925
0.0913169
0.0872677
0.0865081
0.0796609
0.0736214
0.0662691
0.0631047
0.0618649
0.0587089
0.0529759
0.0468951
0.042493
0.0422798
0.041871
0.0444807
0.0484414
0.0540841
0.052076
0.0501936
0.0489349
0.0497826
8.56365e-05
8.63937e-05
9.18384e-05
9.399e-05
9.57797e-05
9.64132e-05
9.92675e-05
0.000100828
0.000101807
0.00010246
0.000102412
0.000102695
0.000103517
0.000105269
0.000106206
0.000110623
0.000111445
0.000113065
0.000113642
0.000113968
0.000116345
0.000124877
0.000127755
0.000133452
0.00013749
0.000145018
0.000153432
0.000167148
0.000217896
0.000264758
0.000354625
0.000449536
0.000628227
0.000985225
0.00152829
0.00266408
0.00529987
0.00806376
0.0149299
0.0220162
0.0367707
0.0542584
0.0749521
0.111196
0.14655
0.188225
0.227967
0.257824
0.280987
0.284113
0.279721
0.268703
0.247416
0.215001
0.193745
0.183435
0.164428
0.139317
0.123583
0.112014
0.0996557
0.0875218
0.0811485
0.0817903
0.108317
0.168883
0.174448
0.156339
0.144236
0.157312
0.188279
0.183646
0.155779
0.138137
0.136994
0.13543
0.123953
0.11397
0.109828
0.109546
0.111502
0.112055
0.113593
0.117838
0.118476
0.110931
0.102143
0.10268
0.112236
0.116431
0.114251
0.107447
0.106826
0.105225
0.0853289
0.0705181
0.0668507
0.0710098
0.0925468
0.102777
0.102612
0.0913274
0.0828393
0.08174
0.0898809
0.111998
0.124089
0.126635
0.126662
0.127198
0.127614
0.122557
0.105036
0.0962762
0.0922176
0.0914961
0.0934688
0.111597
0.152919
0.166104
0.152472
0.130971
0.150139
0.18775
0.189748
0.217481
0.242139
0.2654
0.267931
0.278766
0.320879
0.297146
0.180266
0.114504
0.0856711
0.0705596
0.0574032
0.0518588
0.0503442
0.0454579
0.0411842
0.0374946
0.0369021
0.0360748
0.0328246
0.0303567
0.0302721
0.0325034
0.0382577
0.0435658
0.0434138
0.0427131
0.0433661
0.0448428
0.0568032
0.122732
0.179028
0.224693
0.22317
0.210855
0.192828
0.133953
0.113295
0.082833
0.0690244
0.0631026
0.0497089
0.0467376
0.0415127
0.0403758
0.0396989
0.0396909
0.0410404
0.0429604
0.0454881
0.0603153
0.0726634
0.092596
0.0931445
0.0950918
0.0888377
0.0849618
0.0733615
0.0710902
0.0654541
0.0653155
0.0627576
0.0605349
0.052693
0.048327
0.0428997
0.0400029
0.0380941
0.0381719
0.038904
0.043957
0.0452454
0.0461708
0.04598
0.0463254
8.60983e-05
8.66186e-05
8.98285e-05
9.05287e-05
9.25686e-05
9.25894e-05
9.28468e-05
9.32012e-05
9.48856e-05
9.96085e-05
0.000100717
0.00010131
0.000102423
0.000100713
0.000100637
0.00010102
0.000102165
0.000104246
0.000110694
0.000114006
0.000122699
0.000129159
0.000142435
0.000164645
0.000202047
0.000275274
0.000343442
0.000514274
0.000718379
0.000928135
0.00143439
0.00202123
0.00307281
0.00503282
0.00752134
0.0132502
0.0212354
0.0308832
0.0509156
0.070463
0.10821
0.148117
0.201887
0.267202
0.336212
0.39861
0.441577
0.465638
0.466116
0.458653
0.434656
0.411661
0.367028
0.323253
0.297072
0.252406
0.198428
0.162344
0.138464
0.128433
0.117898
0.0993133
0.0927375
0.10159
0.159218
0.178311
0.172732
0.152609
0.153888
0.173584
0.191292
0.178393
0.150301
0.137202
0.136933
0.137513
0.126157
0.114856
0.109761
0.10943
0.111749
0.114683
0.114634
0.11506
0.112436
0.106618
0.104251
0.111014
0.121695
0.120493
0.117218
0.117791
0.121567
0.112228
0.0866661
0.0734965
0.0708185
0.0783632
0.105732
0.116514
0.116444
0.104723
0.088776
0.0828652
0.0833269
0.0994928
0.116288
0.122018
0.125641
0.129528
0.13091
0.129302
0.117055
0.107303
0.101809
0.100672
0.10197
0.125217
0.16004
0.167626
0.147605
0.120592
0.129381
0.160834
0.16946
0.202132
0.223366
0.259576
0.267511
0.309184
0.346416
0.313463
0.201462
0.142412
0.106719
0.0801983
0.0634337
0.0597589
0.0559756
0.049612
0.0451281
0.0374204
0.0384684
0.0344111
0.0337952
0.029927
0.0300468
0.0317579
0.0360735
0.0383006
0.0397353
0.0394544
0.0457972
0.0458739
0.0600149
0.124443
0.171617
0.217606
0.216189
0.204897
0.189426
0.146904
0.131268
0.0995674
0.0826158
0.0686312
0.0540733
0.0483082
0.0426708
0.0411311
0.0398728
0.04031
0.0416829
0.0453876
0.0596705
0.0833891
0.0927138
0.0987941
0.0983224
0.0948662
0.0820834
0.0772713
0.0700165
0.068183
0.065145
0.0643763
0.0604795
0.0553494
0.0488798
0.0462268
0.0406186
0.0395886
0.0370041
0.0368835
0.0364316
0.0371751
0.0374608
0.0379979
0.0408093
0.0419244
0.000172056
0.000171103
0.000172975
0.000173098
0.000179552
0.000189529
0.000203735
0.000210652
0.000219358
0.000221294
0.000208823
0.00020144
0.000196766
0.000196513
0.000203474
0.000230758
0.000279008
0.000341608
0.000380425
0.000422532
0.000527869
0.000615599
0.000798921
0.000978647
0.00134773
0.00188072
0.00231614
0.00336699
0.00451372
0.0057376
0.008606
0.0111418
0.0153127
0.0227617
0.0332854
0.0464222
0.0736543
0.0994841
0.142488
0.19865
0.272416
0.361095
0.45458
0.53985
0.583192
0.604658
0.604947
0.598162
0.583035
0.556054
0.523168
0.493382
0.454496
0.404335
0.337973
0.266778
0.228658
0.201572
0.171122
0.150275
0.124283
0.102544
0.0999797
0.120838
0.172949
0.182961
0.176437
0.156378
0.153891
0.171535
0.189901
0.180121
0.164331
0.146032
0.139471
0.138371
0.128117
0.119253
0.113152
0.11067
0.110058
0.11195
0.112405
0.111908
0.109716
0.10772
0.111131
0.121964
0.126293
0.126889
0.126802
0.13385
0.132126
0.110469
0.0855338
0.0754275
0.0765858
0.0999388
0.128015
0.135051
0.131582
0.107872
0.0888115
0.082761
0.0839713
0.0991163
0.10888
0.115208
0.123865
0.131967
0.134517
0.133896
0.12318
0.112093
0.107036
0.106811
0.109761
0.136496
0.164267
0.170336
0.145266
0.115685
0.119692
0.133394
0.153612
0.181341
0.20395
0.235256
0.266296
0.333025
0.352688
0.356789
0.268598
0.179226
0.12879
0.0935214
0.0767514
0.0722367
0.0602462
0.0531023
0.0520819
0.0403992
0.0378524
0.0343908
0.0338247
0.0302297
0.0312257
0.0328297
0.0382327
0.0382255
0.0429677
0.0402071
0.0555504
0.0510377
0.0632559
0.122713
0.179452
0.205816
0.211737
0.202844
0.190087
0.159313
0.143606
0.111068
0.0910988
0.0745485
0.05807
0.0519764
0.0478259
0.0469104
0.0466154
0.0494608
0.0534453
0.0699885
0.0859184
0.100491
0.102032
0.103598
0.0979541
0.0890413
0.0802081
0.0750981
0.0717998
0.0712234
0.0713711
0.0679038
0.0626697
0.0533231
0.0503244
0.0444782
0.0379169
0.0346061
0.0335142
0.033796
0.0340106
0.0350434
0.0363607
0.0359799
0.0354632
0.0356056
0.00216312
0.00227182
0.00231881
0.00232225
0.00228604
0.00220895
0.00221756
0.00224012
0.00232295
0.00238016
0.00234953
0.00234469
0.00235568
0.00240518
0.00267238
0.00317153
0.00358023
0.00392789
0.00427006
0.00456021
0.00530475
0.0059562
0.00689623
0.00839567
0.0101537
0.0123569
0.014978
0.0199222
0.0235248
0.0289542
0.0386583
0.0463712
0.0571225
0.0849069
0.106765
0.14892
0.195899
0.266852
0.35254
0.465937
0.564419
0.619251
0.652919
0.66668
0.665676
0.660317
0.64941
0.625574
0.593956
0.573793
0.543336
0.493984
0.457935
0.413704
0.352263
0.307788
0.272312
0.222754
0.178424
0.148278
0.121911
0.111948
0.116523
0.157129
0.188515
0.190942
0.174122
0.145371
0.144218
0.170222
0.205943
0.212702
0.208324
0.170161
0.14133
0.135782
0.128203
0.123695
0.120149
0.116384
0.11231
0.111418
0.112709
0.115272
0.116044
0.119695
0.129618
0.135664
0.136859
0.135307
0.144292
0.145718
0.12913
0.0993935
0.0843343
0.0821396
0.0908596
0.122893
0.142497
0.144162
0.127601
0.0964196
0.0832746
0.0807236
0.0838063
0.0918689
0.101411
0.112247
0.124658
0.133228
0.136112
0.134556
0.123581
0.115622
0.113531
0.113942
0.117529
0.140172
0.169415
0.175334
0.144281
0.102311
0.0990962
0.108045
0.135193
0.153297
0.165585
0.191223
0.262363
0.332861
0.357837
0.444081
0.341788
0.216807
0.157305
0.122593
0.099478
0.0820125
0.0664673
0.0632709
0.056412
0.0510595
0.0480866
0.0384278
0.036906
0.040197
0.0334808
0.0366362
0.0386199
0.0370448
0.0525188
0.0427002
0.0731254
0.0596779
0.0836029
0.124675
0.196839
0.206951
0.205642
0.206496
0.200578
0.177713
0.149931
0.131406
0.105127
0.0922837
0.0723339
0.0687046
0.0653616
0.0654291
0.0660663
0.0702975
0.0781012
0.0961441
0.104176
0.107491
0.107137
0.103323
0.0934878
0.0854548
0.0807848
0.0775983
0.0772885
0.0770538
0.0769469
0.0686645
0.0643511
0.057795
0.0522871
0.044714
0.0384378
0.0345307
0.031604
0.0310801
0.0309283
0.0312271
0.032188
0.0329731
0.032732
0.0327544
0.0274801
0.0273836
0.0270398
0.0266422
0.0256472
0.0247158
0.0245963
0.0247289
0.0250346
0.0255389
0.0255849
0.0256414
0.0258029
0.0268765
0.0282872
0.0293647
0.0309128
0.0315223
0.0325454
0.0336633
0.0361688
0.0390592
0.0414854
0.0481376
0.0522667
0.0600027
0.0672643
0.078347
0.0882298
0.102856
0.125673
0.142945
0.179906
0.223854
0.277627
0.367801
0.466939
0.559674
0.62561
0.673872
0.692488
0.695653
0.694063
0.682729
0.660185
0.63377
0.612453
0.582091
0.538277
0.510303
0.491506
0.459911
0.42905
0.393076
0.342205
0.298102
0.249581
0.206379
0.181157
0.151926
0.128546
0.125793
0.141154
0.181053
0.192781
0.183278
0.158868
0.141296
0.143133
0.185642
0.238672
0.264146
0.26732
0.209629
0.154938
0.137986
0.130988
0.125378
0.123591
0.124614
0.124392
0.119474
0.118563
0.121415
0.124648
0.130389
0.13815
0.142092
0.144301
0.15512
0.15637
0.14094
0.111515
0.0957986
0.0897078
0.092335
0.118467
0.14914
0.156993
0.147849
0.110412
0.0873206
0.0787794
0.0780639
0.0826115
0.0922843
0.105428
0.116447
0.127461
0.13536
0.138306
0.134005
0.123254
0.119424
0.119512
0.121233
0.125177
0.140496
0.17101
0.177543
0.143117
0.095202
0.0881897
0.0962353
0.120442
0.130026
0.132112
0.142805
0.231967
0.323076
0.37219
0.490876
0.407021
0.280863
0.202972
0.16303
0.13491
0.111598
0.0832774
0.0699676
0.0627224
0.0611103
0.06027
0.0572548
0.0574164
0.0545646
0.0485799
0.0484095
0.0476237
0.0399987
0.0782074
0.0487811
0.124449
0.0734878
0.106912
0.131957
0.18999
0.211467
0.206076
0.206164
0.19971
0.190445
0.165465
0.143906
0.115703
0.0990304
0.0831253
0.0798379
0.0778973
0.0784194
0.0899001
0.0968796
0.110053
0.118088
0.118966
0.116823
0.110285
0.0998169
0.0939383
0.0895037
0.0890128
0.0894563
0.0910535
0.0895252
0.0873134
0.0783026
0.072915
0.0639854
0.0573573
0.0523782
0.0427447
0.0367418
0.0314438
0.0302631
0.0293501
0.0296922
0.0299196
0.0319298
0.0334926
0.0329663
0.175175
0.171555
0.16384
0.157338
0.15171
0.144203
0.141448
0.140487
0.137611
0.13632
0.133884
0.132857
0.13271
0.133854
0.13478
0.135212
0.136637
0.136947
0.137808
0.139493
0.142949
0.147064
0.152824
0.165209
0.172562
0.184611
0.20416
0.216601
0.240197
0.267925
0.302443
0.349302
0.414489
0.493133
0.569245
0.634281
0.675798
0.693039
0.70652
0.70668
0.697795
0.665547
0.632819
0.578499
0.525105
0.494903
0.465614
0.461352
0.456775
0.429441
0.412446
0.396494
0.361793
0.336265
0.312009
0.274195
0.233939
0.201796
0.173307
0.144314
0.1315
0.135455
0.170018
0.187721
0.183488
0.162699
0.162037
0.156798
0.162155
0.21552
0.283599
0.330007
0.348103
0.27667
0.183508
0.149991
0.138748
0.130746
0.127155
0.128323
0.133594
0.134791
0.134581
0.135591
0.141503
0.149435
0.156119
0.159868
0.163432
0.164467
0.149403
0.124293
0.108151
0.0993852
0.102273
0.12905
0.155599
0.162924
0.154898
0.120002
0.0975781
0.0861016
0.0831695
0.0846116
0.0895147
0.105071
0.11487
0.120133
0.1314
0.14224
0.14305
0.134667
0.129566
0.129524
0.13025
0.130624
0.131712
0.14226
0.167958
0.173144
0.140054
0.0925168
0.0806296
0.084566
0.0988013
0.10011
0.0984071
0.104341
0.189314
0.302985
0.379928
0.497824
0.482874
0.384138
0.266821
0.216893
0.193448
0.161182
0.122974
0.0930941
0.0789944
0.0711634
0.0638991
0.0612019
0.0618175
0.0625591
0.0708473
0.067384
0.0780376
0.0599211
0.155986
0.0562818
0.227097
0.111802
0.139897
0.150406
0.193202
0.220454
0.215651
0.211628
0.196575
0.185546
0.169868
0.145378
0.119426
0.104619
0.101405
0.101212
0.104359
0.118818
0.130491
0.135126
0.138192
0.136545
0.1276
0.11585
0.110054
0.109163
0.111537
0.115614
0.123983
0.13046
0.131389
0.128664
0.125695
0.117221
0.104634
0.0966646
0.0838917
0.0701367
0.0582403
0.0492731
0.0425696
0.0370978
0.033517
0.0327548
0.0327012
0.0338684
0.0337707
0.033105
0.639782
0.606114
0.563372
0.526977
0.501297
0.475255
0.456823
0.443221
0.423235
0.413339
0.401027
0.390338
0.382689
0.374
0.365079
0.359265
0.356603
0.351134
0.349545
0.35047
0.352446
0.355846
0.365784
0.374685
0.388082
0.398984
0.421892
0.441702
0.471624
0.523918
0.571447
0.616493
0.65017
0.674169
0.695253
0.707254
0.705328
0.691811
0.66418
0.606439
0.538898
0.491998
0.458039
0.442504
0.431067
0.414118
0.38646
0.370796
0.360198
0.344392
0.326711
0.311999
0.291027
0.268898
0.252474
0.228691
0.206004
0.185578
0.15941
0.140568
0.140248
0.159442
0.175564
0.179165
0.166696
0.166993
0.177486
0.179438
0.195877
0.254161
0.331678
0.428647
0.481759
0.417209
0.266641
0.188758
0.156839
0.140892
0.13335
0.131815
0.137666
0.144121
0.150214
0.156544
0.160298
0.164226
0.166939
0.167599
0.16358
0.154062
0.137555
0.124097
0.117887
0.126052
0.150049
0.163431
0.166987
0.156478
0.130823
0.113321
0.100548
0.0912696
0.0898275
0.0921141
0.109628
0.121509
0.123675
0.127706
0.151341
0.162375
0.156415
0.13987
0.136562
0.136894
0.135518
0.135421
0.138972
0.153381
0.168715
0.171181
0.141037
0.0995743
0.085459
0.0865313
0.0914148
0.0890956
0.0856803
0.0904719
0.155049
0.263529
0.395692
0.480295
0.519232
0.553733
0.382116
0.291259
0.249189
0.219393
0.197482
0.175456
0.161306
0.134377
0.0895824
0.077208
0.074496
0.0737107
0.0872168
0.0857217
0.10034
0.103346
0.289462
0.0949542
0.509669
0.130374
0.224901
0.211759
0.231536
0.232058
0.23259
0.225404
0.209074
0.189052
0.166831
0.148634
0.135833
0.137363
0.141633
0.153173
0.157344
0.160481
0.160294
0.153249
0.141937
0.133431
0.13257
0.135635
0.151897
0.166949
0.196395
0.219942
0.239938
0.245632
0.245418
0.240039
0.23066
0.211281
0.190535
0.165881
0.146713
0.122553
0.108344
0.0880346
0.0756141
0.0641974
0.0557441
0.0498221
0.0483047
0.0483246
0.0490638
0.0471056
1.39998
1.28073
1.15991
1.06987
0.994948
0.929084
0.87838
0.830304
0.787216
0.751967
0.722257
0.691059
0.669569
0.651211
0.628276
0.616401
0.60387
0.594417
0.588536
0.584974
0.585082
0.586193
0.590723
0.597781
0.60778
0.629523
0.646346
0.665301
0.683087
0.692032
0.699781
0.706377
0.705874
0.696776
0.673041
0.623301
0.55465
0.502444
0.465618
0.439041
0.427008
0.408362
0.390478
0.38006
0.361462
0.34406
0.332531
0.3238
0.315265
0.308401
0.301673
0.297823
0.289947
0.275382
0.260437
0.241348
0.220435
0.197735
0.177372
0.167765
0.165187
0.165817
0.166553
0.157844
0.154624
0.164867
0.19479
0.220429
0.243327
0.281077
0.365743
0.513229
0.659658
0.654613
0.494472
0.315203
0.233889
0.183843
0.157311
0.14671
0.143485
0.146877
0.154907
0.160306
0.162851
0.163919
0.164185
0.165539
0.164023
0.157824
0.157162
0.164585
0.176974
0.18582
0.187835
0.185412
0.172632
0.154735
0.140994
0.13156
0.119118
0.10904
0.105998
0.111127
0.131373
0.141598
0.143185
0.146439
0.15323
0.154267
0.150929
0.147779
0.148155
0.149319
0.152361
0.162362
0.186555
0.191905
0.187686
0.167696
0.144834
0.121646
0.104366
0.101416
0.10204
0.0979414
0.0901537
0.0922472
0.11758
0.228022
0.397838
0.437122
0.537372
0.659491
0.559396
0.434387
0.360815
0.293041
0.259865
0.255309
0.26002
0.253966
0.218743
0.218288
0.233274
0.230532
0.292593
0.293664
0.194892
0.258648
0.29119
0.148663
0.311788
0.18235
0.273057
0.276304
0.318705
0.28297
0.271177
0.250561
0.237578
0.216028
0.19545
0.191618
0.189654
0.191653
0.188904
0.187492
0.177581
0.168236
0.168649
0.172236
0.188361
0.21311
0.245094
0.313216
0.38427
0.440553
0.50794
0.543287
0.557713
0.547054
0.537528
0.510015
0.456977
0.416257
0.373772
0.32926
0.312559
0.282287
0.250336
0.216283
0.196411
0.168835
0.151051
0.141903
0.141402
0.146212
0.150858
0.137894
2.09077
1.82159
1.60411
1.44266
1.31556
1.21462
1.1327
1.06426
1.00629
0.959925
0.918766
0.884488
0.857329
0.833735
0.814548
0.800267
0.790111
0.780561
0.777114
0.77332
0.771635
0.772198
0.773836
0.773401
0.769131
0.765745
0.758382
0.749581
0.73547
0.71279
0.680061
0.626887
0.56329
0.489147
0.429488
0.387761
0.370743
0.366047
0.355915
0.340758
0.330471
0.325982
0.32528
0.318202
0.309676
0.302149
0.297272
0.295378
0.294384
0.294304
0.298846
0.301481
0.300646
0.287506
0.27042
0.249901
0.226081
0.204681
0.186407
0.173386
0.166636
0.1639
0.161243
0.158073
0.155868
0.163587
0.204731
0.256146
0.281516
0.305638
0.371799
0.520812
0.758296
0.948937
0.97823
0.709393
0.523609
0.388054
0.277748
0.217548
0.183391
0.170854
0.169581
0.175042
0.17581
0.175964
0.176528
0.181046
0.198343
0.204781
0.210125
0.2096
0.209683
0.205964
0.194831
0.17745
0.156421
0.142963
0.133203
0.125769
0.120035
0.116377
0.116427
0.125742
0.13705
0.147824
0.154021
0.156782
0.158683
0.161617
0.174483
0.185657
0.193908
0.216979
0.2665
0.29773
0.305502
0.298087
0.243607
0.17164
0.148194
0.141249
0.116694
0.102672
0.101673
0.101702
0.0989985
0.0993401
0.110408
0.195266
0.35847
0.430668
0.546114
0.648962
0.722103
0.726995
0.62638
0.51181
0.382996
0.323201
0.30229
0.295814
0.276443
0.277856
0.323229
0.345541
0.359688
0.383017
0.331003
0.399437
0.544188
0.194482
0.53226
0.402251
0.415072
0.438029
0.402268
0.396574
0.3539
0.324752
0.293413
0.265169
0.25326
0.243601
0.231176
0.230835
0.239881
0.261702
0.325663
0.37938
0.489109
0.56584
0.731222
0.812628
0.988896
1.09624
1.26198
1.35542
1.36863
1.35135
1.30795
1.18328
1.10876
0.933983
0.875581
0.792606
0.739308
0.711886
0.683979
0.613899
0.56933
0.524194
0.496418
0.438861
0.405984
0.372152
0.331713
0.300756
0.278709
0.235614
2.47463
2.02023
1.71922
1.51598
1.37509
1.27579
1.20339
1.14847
1.10782
1.07711
1.05216
1.03341
1.01902
1.00547
0.994461
0.98489
0.973828
0.962569
0.950103
0.93546
0.916716
0.895805
0.866783
0.833226
0.792189
0.741723
0.681877
0.612663
0.539856
0.462422
0.394096
0.336577
0.29841
0.27916
0.265274
0.254069
0.236799
0.226589
0.238939
0.25493
0.263206
0.267372
0.264592
0.254509
0.23928
0.22237
0.209379
0.203117
0.198607
0.195635
0.19408
0.197899
0.202095
0.203551
0.203842
0.202528
0.19923
0.195961
0.192676
0.189707
0.188771
0.190565
0.194533
0.196789
0.195136
0.193341
0.198577
0.243629
0.306027
0.3313
0.365622
0.475747
0.706717
1.0414
1.35805
1.52449
1.5002
1.30446
1.04742
0.806302
0.572379
0.376375
0.286291
0.2481
0.234583
0.228786
0.220885
0.211823
0.212526
0.214197
0.211789
0.20639
0.201406
0.190929
0.169324
0.153016
0.148404
0.149691
0.158851
0.162901
0.162824
0.162669
0.168643
0.193334
0.217847
0.232705
0.246398
0.2672
0.304228
0.389548
0.460215
0.548691
0.682473
0.777938
0.79275
0.770698
0.648181
0.508303
0.457155
0.443803
0.42134
0.359394
0.280721
0.247905
0.244333
0.244912
0.238081
0.21325
0.205967
0.218905
0.291441
0.472421
0.557619
0.62946
0.768722
0.92132
1.03573
1.02939
0.953352
0.792777
0.698824
0.67576
0.537419
0.45935
0.481972
0.496493
0.548989
0.581672
0.514453
0.4936
0.732993
0.287908
0.619401
0.988418
0.707708
0.628237
0.506679
0.499606
0.480814
0.489488
0.507977
0.553687
0.605107
0.775041
0.920262
1.27755
1.53898
1.96267
2.19687
2.57138
2.73574
2.97279
3.03828
3.05434
3.01017
2.88131
2.67372
2.44311
2.217
2.0198
1.75457
1.5774
1.37368
1.20566
1.11735
0.99662
0.935108
0.871703
0.80273
0.745886
0.691837
0.640322
0.611451
0.572669
0.544774
0.523988
0.51126
0.505506
0.49893
0.495065
1.80624
1.45188
1.2924
1.22498
1.20252
1.20046
1.19977
1.19652
1.18817
1.17115
1.14928
1.12472
1.09885
1.07143
1.04298
1.01125
0.97633
0.936946
0.894214
0.847037
0.79591
0.740541
0.680176
0.614966
0.544516
0.469187
0.39096
0.314077
0.243984
0.184591
0.14148
0.114553
0.100517
0.0962583
0.0997452
0.110977
0.130145
0.159903
0.203303
0.260742
0.32706
0.396106
0.460981
0.517706
0.562806
0.597683
0.627373
0.652796
0.66596
0.662392
0.631296
0.586502
0.53266
0.4718
0.410841
0.356115
0.311151
0.279737
0.263392
0.259617
0.27992
0.333061
0.441518
0.621734
0.804743
0.911655
0.925162
0.898416
0.791455
0.591958
0.438792
0.386108
0.411802
0.591462
1.03255
1.69134
2.3702
2.91253
3.25515
3.39751
3.42447
3.18776
2.77529
2.3385
1.87436
1.46348
1.04255
0.660324
0.495153
0.367109
0.272477
0.213237
0.181922
0.168794
0.169881
0.186217
0.220081
0.268496
0.314125
0.346673
0.385425
0.442891
0.530815
0.65805
0.765505
0.854979
0.980349
1.19955
1.46957
1.64598
1.70208
1.71176
1.66671
1.52777
1.38181
1.27615
1.18181
1.10567
1.01575
0.938028
0.852711
0.794465
0.763115
0.775671
0.801625
0.839473
0.873304
0.919718
0.984311
1.01433
1.01335
0.881817
0.664448
0.604177
0.684035
0.907681
1.21591
1.5629
1.90643
2.10502
2.27304
2.4016
2.41716
2.19931
1.82982
1.77628
1.73477
1.64458
2.10159
0.968212
1.57302
1.55727
0.697358
0.810558
0.90204
1.12663
1.42624
2.13251
2.60583
3.58395
4.45151
5.42095
6.18006
6.97781
7.35213
7.62572
7.59147
7.50301
7.11801
6.81705
6.0852
5.69119
4.85039
4.46457
3.67795
3.35114
2.69042
2.44591
1.98878
1.86478
1.59619
1.543
1.35695
1.31739
1.15721
1.11741
1.01363
1.0108
0.978053
1.0529
1.07185
1.18413
1.24767
1.46253
1.54584
1.7315
1.87794
2.13885
2.21494
2.44288
0.0183468
0.0581753
0.103045
0.13597
0.156803
0.183482
0.195107
0.176634
0.123058
0.0761488
0.0858482
0.0847063
0.072517
0.0861505
0.124365
0.117278
0.0943176
0.0879625
0.0982809
0.124756
0.164886
0.254303
0.352773
0.505548
0.740267
1.00096
1.35181
1.6551
1.80762
1.74513
1.51671
1.05704
0.576391
0.276309
0.168845
0.135919
0.178265
0.461996
0.592069
0.490825
0.638217
2.46616
4.12031
4.83455
5.18107
5.29335
5.29347
5.03343
4.69856
4.22243
3.75088
3.27249
2.82395
2.41507
2.05657
1.74235
1.47101
1.22601
1.02036
0.834101
0.675376
0.539682
0.441103
0.345967
0.265087
0.225722
0.166811
0.142529
0.111243
0.0976109
0.0852162
0.0799313
0.0782313
0.0815726
0.0896789
0.102242
0.118074
0.137284
0.159481
0.183061
0.199599
0.206134
0.206219
0.204518
0.207066
0.218167
0.239214
0.270826
0.323477
0.417187
0.554029
0.701729
0.791002
0.789539
0.699327
0.445794
0.258059
0.160178
0.110572
0.0932059
0.0986368
0.126946
0.145386
0.146998
0.121617
0.101381
0.0926202
0.0908201
0.0982994
0.113478
0.131682
0.151613
0.171813
0.19645
0.229674
0.272658
0.320353
0.363069
0.391754
0.400927
0.395783
0.383898
0.373612
0.366664
0.362433
0.359228
0.354193
0.349303
0.348604
0.355564
0.37383
0.404202
0.446801
0.50464
0.581252
0.678245
0.7868
0.890636
0.970669
1.00262
0.973149
0.885083
0.809435
0.753177
0.71181
0.684029
0.678019
0.68496
0.727048
0.841998
0.968757
1.06409
1.11013
1.1145
1.07769
1.05023
1.05436
1.09073
1.19175
1.38675
1.65437
1.93066
2.02783
2.0056
1.90908
1.67286
1.35394
0.865493
0.518928
0.616987
1.41691
2.16834
2.74862
3.17355
3.40278
3.48247
3.41647
3.19954
2.86858
2.47749
2.09742
1.76735
1.38748
1.0775
0.923928
0.726678
0.569312
0.496196
0.37022
0.309237
0.253127
0.187452
0.144734
0.11237
0.0892395
0.0628632
0.0500317
0.0369331
0.0301097
0.0219733
0.0214029
0.191557
0.220311
0.19969
0.165055
0.134703
0.134507
0.14133
0.142767
0.13923
0.118387
0.102019
0.125295
0.129753
0.110839
0.0787975
0.0671689
0.0741727
0.0910845
0.122645
0.154583
0.192282
0.215085
0.242653
0.254612
0.252167
0.257102
0.305325
0.4263
0.602993
0.75186
0.717628
0.585982
0.35799
0.202691
0.335579
0.413383
1.60813
2.34368
2.28243
2.23612
2.32485
2.32533
1.67812
1.37364
0.952893
0.748239
0.530201
0.431989
0.377232
0.351758
0.31669
0.297612
0.271208
0.256891
0.237664
0.221297
0.20665
0.192999
0.184291
0.171146
0.160442
0.15532
0.144112
0.139353
0.134497
0.126388
0.123275
0.118766
0.11504
0.11299
0.111727
0.111022
0.109403
0.106959
0.104339
0.101313
0.0973369
0.0957501
0.0960166
0.0984557
0.105682
0.121922
0.143155
0.160788
0.166781
0.163764
0.147027
0.132034
0.130509
0.139047
0.150718
0.165019
0.213164
0.263471
0.251655
0.153729
0.0912856
0.0721003
0.0735053
0.0863895
0.101613
0.0934036
0.0770425
0.0690816
0.0680602
0.0701255
0.0701685
0.0685686
0.0679097
0.0680346
0.0707999
0.0786669
0.0903041
0.103354
0.114778
0.123967
0.136263
0.164872
0.224696
0.282148
0.319812
0.333694
0.334993
0.331196
0.325651
0.314328
0.288545
0.256529
0.231497
0.217114
0.211757
0.212579
0.21662
0.223312
0.234899
0.258533
0.295099
0.345469
0.414981
0.492708
0.531296
0.517138
0.399812
0.270585
0.181647
0.124231
0.092997
0.0818917
0.0817865
0.0883125
0.107677
0.12405
0.130468
0.130076
0.12531
0.111018
0.104651
0.105586
0.113741
0.131652
0.157432
0.246734
0.327913
0.339708
0.395612
0.847998
1.48076
1.69809
1.74944
1.79271
1.85133
1.55996
1.24835
0.952835
0.690098
0.466277
0.315186
0.235528
0.19028
0.172987
0.15662
0.136134
0.123482
0.116748
0.103774
0.0882737
0.0810536
0.0733134
0.0590245
0.0517875
0.0461141
0.0423185
0.0375607
0.0351321
0.0339093
0.0337777
0.0318492
0.0271375
0.0293863
0.17672
0.345552
0.286599
0.218053
0.174837
0.142117
0.121293
0.121407
0.131623
0.14901
0.149648
0.103322
0.0990686
0.0724653
0.0610445
0.0593478
0.0675893
0.0955278
0.130829
0.171364
0.206574
0.249202
0.296166
0.341127
0.370996
0.375162
0.362782
0.326639
0.314849
0.334798
0.401471
0.437821
0.413486
0.322358
0.399695
1.57506
2.08818
1.95961
1.79665
1.37227
1.17362
0.824808
0.499037
0.363795
0.292869
0.259937
0.251165
0.250402
0.262201
0.266397
0.270882
0.272539
0.274366
0.274456
0.275039
0.270372
0.266462
0.262577
0.254272
0.250205
0.24644
0.237727
0.232018
0.231058
0.221296
0.221977
0.212626
0.212331
0.205176
0.20101
0.193647
0.185245
0.176841
0.168
0.158518
0.148797
0.139478
0.126979
0.111453
0.095189
0.0843636
0.0818762
0.0853309
0.0991634
0.108256
0.109718
0.108801
0.10503
0.0921552
0.0830424
0.0827908
0.0875969
0.104104
0.159674
0.194091
0.186991
0.11212
0.0628675
0.052335
0.0557036
0.0660083
0.0792915
0.0743519
0.0603956
0.0486754
0.0451358
0.0513323
0.0553626
0.0550906
0.0551579
0.0593943
0.0667284
0.0820952
0.0983174
0.114449
0.129709
0.1356
0.132766
0.116543
0.097847
0.0888666
0.0895145
0.1033
0.110865
0.111804
0.111808
0.110003
0.101959
0.0905353
0.0848501
0.0891995
0.112374
0.133115
0.145491
0.152525
0.156171
0.158332
0.160315
0.163664
0.176056
0.194674
0.217899
0.284356
0.35227
0.36629
0.332002
0.203422
0.10962
0.0624245
0.0448127
0.0397761
0.0396057
0.045795
0.0601043
0.0643925
0.0626507
0.0574419
0.0574937
0.0610913
0.0731934
0.0905684
0.110552
0.153142
0.253354
0.554286
1.11822
1.46248
1.56007
1.5472
1.40777
1.04621
0.622032
0.40144
0.247044
0.164366
0.121411
0.102633
0.0964886
0.0951767
0.0949621
0.0951679
0.0978897
0.102653
0.105683
0.106962
0.107227
0.10632
0.107439
0.103457
0.0991701
0.0914159
0.0815536
0.0733239
0.0581973
0.048245
0.0392098
0.0362036
0.0321544
0.0252071
0.0307643
0.516634
0.41067
0.266548
0.185717
0.138094
0.117016
0.100516
0.100677
0.110094
0.141876
0.173468
0.103477
0.0760454
0.0626461
0.0598453
0.0596325
0.0799126
0.117205
0.150415
0.183072
0.219203
0.265293
0.320055
0.370939
0.421088
0.456473
0.4509
0.42487
0.354065
0.328447
0.338798
0.359867
0.395157
0.660032
1.75854
1.88663
1.64072
1.10388
0.708207
0.537216
0.388561
0.291868
0.252139
0.243355
0.244629
0.25495
0.259517
0.26578
0.268612
0.271182
0.27235
0.272195
0.272964
0.272188
0.272347
0.26954
0.266149
0.262684
0.25914
0.252831
0.249452
0.25127
0.238735
0.242082
0.234803
0.23614
0.232672
0.231968
0.231259
0.230322
0.229339
0.22768
0.22565
0.222794
0.218562
0.21414
0.208851
0.202481
0.196304
0.186431
0.163581
0.132524
0.113389
0.110948
0.112533
0.112037
0.110451
0.104021
0.08754
0.0789019
0.0785907
0.0865184
0.122564
0.15286
0.160657
0.147037
0.087349
0.0515262
0.0433243
0.0463775
0.054794
0.0692903
0.0645438
0.0482045
0.0388635
0.0375084
0.0416027
0.049327
0.0524735
0.0565825
0.0658679
0.0765626
0.0937241
0.10796
0.124112
0.1469
0.167617
0.179976
0.183541
0.163714
0.110856
0.0743286
0.0570896
0.0487706
0.0451944
0.0450508
0.0470492
0.0538579
0.0619785
0.0796031
0.111177
0.13519
0.148326
0.155861
0.157703
0.155132
0.147408
0.144881
0.141285
0.137578
0.138017
0.143691
0.160456
0.201743
0.287838
0.324866
0.32163
0.244094
0.139311
0.0863059
0.0590867
0.0464867
0.043017
0.042935
0.0428765
0.0427819
0.0438853
0.0495923
0.0712358
0.107953
0.147148
0.225643
0.373012
0.695051
1.07009
1.29273
1.3884
1.28941
0.952672
0.575901
0.334
0.189014
0.126888
0.0977014
0.0862447
0.0819582
0.0803039
0.0794883
0.0785395
0.0771483
0.074783
0.0739962
0.0737777
0.0753788
0.0780561
0.0831544
0.0911166
0.0957098
0.0967862
0.101082
0.103082
0.103205
0.0987497
0.0885997
0.0828787
0.0679593
0.053304
0.0378983
0.0315669
0.0350505
0.655632
0.402173
0.194911
0.116981
0.0881005
0.0757043
0.0711134
0.0735235
0.0844136
0.121637
0.180505
0.10279
0.0672371
0.0675973
0.0667879
0.0655583
0.0903688
0.125417
0.151902
0.175817
0.204051
0.247945
0.302848
0.369993
0.436568
0.485904
0.514488
0.505563
0.44651
0.362604
0.366861
0.442251
0.924588
1.5297
1.62732
1.30483
0.704668
0.458798
0.325763
0.266257
0.236294
0.226839
0.226852
0.234058
0.236597
0.23817
0.237105
0.235051
0.232671
0.230156
0.229632
0.228083
0.228218
0.231044
0.228543
0.22491
0.224738
0.215389
0.215315
0.215275
0.205869
0.20213
0.198007
0.195784
0.195714
0.193535
0.193696
0.193737
0.193101
0.192733
0.192827
0.193516
0.195524
0.198451
0.201694
0.205661
0.211409
0.2172
0.218807
0.214059
0.208229
0.206782
0.202929
0.184091
0.161722
0.156853
0.153036
0.133059
0.0989091
0.0826621
0.0822105
0.0994424
0.136624
0.147937
0.143791
0.113309
0.072549
0.0479861
0.040155
0.043288
0.049283
0.0601468
0.0570107
0.043679
0.0408799
0.0391733
0.0405234
0.0482402
0.0518749
0.0568366
0.0648327
0.0712155
0.0772186
0.0784676
0.0883241
0.108985
0.140603
0.17134
0.194596
0.20339
0.190485
0.130333
0.0768894
0.0512899
0.0414162
0.0397341
0.0416517
0.0480982
0.0603799
0.0949844
0.1278
0.140299
0.140726
0.139272
0.136256
0.131784
0.129119
0.122445
0.118818
0.118623
0.120415
0.122173
0.125978
0.137539
0.162599
0.249205
0.302521
0.30571
0.266251
0.17095
0.107216
0.068095
0.0475144
0.0384576
0.0359887
0.0364174
0.0408213
0.0591638
0.106623
0.172046
0.273015
0.439547
0.658602
0.909008
1.08662
1.17173
0.997132
0.666468
0.400259
0.220055
0.135853
0.0989516
0.0854391
0.0799017
0.0772052
0.0733021
0.068325
0.0639425
0.0622815
0.0614987
0.0610117
0.059244
0.0580947
0.0582021
0.0586122
0.0585026
0.0602655
0.0608423
0.0639045
0.0670301
0.0782933
0.0888923
0.0923967
0.0887166
0.086295
0.0803657
0.0728218
0.0612021
0.0417252
0.0377041
0.696226
0.285182
0.111423
0.0749887
0.0628476
0.058967
0.0546123
0.056301
0.0654723
0.100117
0.179338
0.104258
0.0683181
0.0727233
0.0688903
0.0687376
0.0906109
0.116039
0.13255
0.146594
0.168745
0.203544
0.243972
0.318586
0.415615
0.493742
0.547947
0.585495
0.595383
0.578694
0.66078
0.964698
1.26122
1.35599
1.01864
0.539697
0.337192
0.256066
0.223456
0.213959
0.212692
0.218244
0.219004
0.218953
0.213756
0.205751
0.199227
0.194007
0.193659
0.194743
0.196802
0.20202
0.203977
0.208886
0.207691
0.202164
0.200506
0.197051
0.195247
0.190943
0.18171
0.175487
0.172137
0.167624
0.163078
0.160402
0.157415
0.155518
0.154162
0.152472
0.151938
0.152156
0.153074
0.154626
0.155327
0.155497
0.156204
0.157662
0.16048
0.177301
0.210378
0.21345
0.208959
0.197912
0.182233
0.167464
0.157746
0.152483
0.14033
0.11396
0.103632
0.110354
0.142658
0.149664
0.138487
0.091854
0.0610627
0.0468652
0.0400621
0.0415136
0.0459967
0.0514195
0.0492231
0.0435111
0.0474712
0.0456914
0.0431875
0.0473356
0.0506414
0.0519316
0.052056
0.050153
0.0489875
0.0486729
0.0530494
0.0620814
0.0762394
0.105535
0.153438
0.196871
0.21256
0.206223
0.158616
0.0935468
0.0599877
0.0481137
0.0468154
0.0498153
0.0732995
0.111855
0.126438
0.12777
0.121596
0.114076
0.111699
0.111817
0.117252
0.12451
0.123329
0.114743
0.10995
0.109042
0.109207
0.11052
0.116491
0.135245
0.222658
0.288729
0.302199
0.281322
0.181895
0.101686
0.0589669
0.0403169
0.0352484
0.0358944
0.0445972
0.0795223
0.157169
0.253656
0.389638
0.557921
0.733771
0.890538
0.947215
0.776467
0.526329
0.303696
0.174828
0.111472
0.085738
0.0757221
0.0716462
0.0677028
0.0636631
0.0571469
0.0520813
0.0508631
0.0506592
0.0507858
0.0510817
0.0514364
0.0525997
0.0533565
0.0541186
0.0533827
0.0512037
0.0497658
0.0531355
0.0557951
0.0587271
0.0568591
0.0658096
0.0859439
0.0817702
0.0752786
0.0742782
0.0726837
0.0534151
0.0467117
0.703419
0.191845
0.0766112
0.0581552
0.0509453
0.0505777
0.0487686
0.0483979
0.0539675
0.0852915
0.175912
0.110232
0.0699665
0.0729201
0.070922
0.071135
0.0893432
0.11185
0.127659
0.13969
0.161146
0.190399
0.219105
0.271114
0.361136
0.461854
0.544483
0.603715
0.668799
0.754335
0.870526
1.00309
1.07284
0.787656
0.439767
0.284064
0.224591
0.20542
0.20107
0.204754
0.20676
0.208058
0.203127
0.191054
0.178886
0.174291
0.173994
0.176285
0.180715
0.186177
0.189289
0.195838
0.198557
0.200992
0.198057
0.192317
0.187034
0.187063
0.184757
0.177412
0.169787
0.165762
0.16041
0.153874
0.14915
0.145776
0.141137
0.136096
0.133393
0.131536
0.129245
0.128994
0.129138
0.128793
0.129251
0.130781
0.132033
0.137447
0.144928
0.144585
0.14461
0.149053
0.160807
0.188238
0.204145
0.202524
0.18009
0.150629
0.135263
0.122658
0.117008
0.120092
0.145656
0.152524
0.141376
0.0919565
0.0584964
0.0470101
0.0417068
0.0403657
0.0419708
0.0441648
0.0423442
0.043074
0.0544784
0.0572827
0.0493278
0.0479361
0.0515094
0.0516903
0.049465
0.0449814
0.0441762
0.044472
0.0474478
0.0533016
0.0589238
0.0690565
0.0904528
0.142585
0.195053
0.211579
0.202162
0.143354
0.0866059
0.0636679
0.0576182
0.0596127
0.0854623
0.113426
0.124691
0.128634
0.126638
0.113781
0.106944
0.106883
0.108416
0.110951
0.114282
0.115065
0.112771
0.107918
0.105559
0.105479
0.106247
0.111068
0.128626
0.214421
0.290586
0.313229
0.289967
0.170386
0.0846204
0.0482106
0.038235
0.0389519
0.0525008
0.106066
0.201099
0.318174
0.449308
0.585889
0.707282
0.750124
0.622657
0.43483
0.260713
0.151687
0.101054
0.0801298
0.0725311
0.0696217
0.0656522
0.0614929
0.0560942
0.0527321
0.0509289
0.0493406
0.0491032
0.0493789
0.0498688
0.0500142
0.0508194
0.0522921
0.0533695
0.052838
0.0482459
0.046422
0.0472992
0.0517854
0.05581
0.0509964
0.0500189
0.0569813
0.0785862
0.0747273
0.074045
0.0761696
0.0678816
0.0488351
0.651095
0.130761
0.0625546
0.0510298
0.0450536
0.0441229
0.0433704
0.043773
0.0471692
0.0772388
0.173848
0.10914
0.0709336
0.0725076
0.0699469
0.0694486
0.0867503
0.110719
0.125764
0.136807
0.159075
0.186584
0.209187
0.239952
0.294329
0.38064
0.492126
0.573153
0.649949
0.730009
0.775585
0.772092
0.592513
0.363645
0.254959
0.2117
0.198491
0.195956
0.198504
0.199702
0.198487
0.190161
0.174615
0.16539
0.162908
0.16291
0.166899
0.17369
0.179666
0.186882
0.192658
0.197153
0.199592
0.197223
0.190122
0.181406
0.175625
0.172129
0.163854
0.154935
0.152877
0.150473
0.142532
0.137077
0.131504
0.126627
0.123921
0.118427
0.110925
0.108057
0.104465
0.0976981
0.0951195
0.0951857
0.0954383
0.0972207
0.10086
0.0997275
0.0990317
0.101318
0.113403
0.129301
0.134121
0.139152
0.151863
0.172409
0.174133
0.166926
0.150929
0.149021
0.144966
0.139796
0.149535
0.156192
0.147819
0.0999215
0.061133
0.0488221
0.0437247
0.0406273
0.039748
0.0385537
0.038032
0.0421595
0.060265
0.0676158
0.0529559
0.0490147
0.052425
0.0537517
0.0538169
0.0498903
0.0476829
0.048051
0.0484454
0.0527442
0.056106
0.0611158
0.07027
0.0940563
0.142868
0.184102
0.195696
0.166658
0.100892
0.0675844
0.0608143
0.0648005
0.0931439
0.123509
0.138536
0.140217
0.135482
0.119771
0.102338
0.0932843
0.0924037
0.0970566
0.102255
0.102738
0.100704
0.0987451
0.0987085
0.101906
0.104707
0.105891
0.110381
0.129215
0.226458
0.308312
0.323006
0.272192
0.137093
0.0685026
0.0460379
0.0452246
0.0610811
0.128766
0.23543
0.349185
0.462083
0.560622
0.58419
0.528895
0.38852
0.238683
0.143454
0.0968042
0.0777174
0.0703802
0.0672483
0.0620888
0.0588465
0.0555894
0.0527712
0.051012
0.050788
0.0509478
0.0505795
0.0503207
0.0503953
0.0510299
0.0509782
0.0527815
0.0545746
0.0571981
0.0512628
0.0492753
0.0463426
0.0477276
0.0482206
0.0509345
0.0487143
0.0478958
0.055109
0.0726003
0.0705038
0.0781646
0.0742372
0.0524753
0.588211
0.106788
0.0580239
0.0464159
0.0415922
0.0401524
0.0401335
0.0409796
0.0435685
0.0697677
0.169188
0.1082
0.0705588
0.0706675
0.0674826
0.0673908
0.0833699
0.106632
0.126992
0.140064
0.160052
0.189032
0.210851
0.231979
0.264879
0.301837
0.371075
0.445485
0.500849
0.522269
0.500277
0.420647
0.317305
0.239823
0.210219
0.199513
0.196425
0.19591
0.197563
0.194352
0.183765
0.167521
0.160172
0.155812
0.155983
0.162539
0.169906
0.181679
0.194107
0.20225
0.209377
0.207873
0.200485
0.190494
0.178535
0.163629
0.153902
0.144018
0.128804
0.119015
0.112888
0.110815
0.106897
0.1013
0.097088
0.0914825
0.0882116
0.086259
0.0811616
0.0765489
0.0746306
0.0706219
0.067296
0.066249
0.0665572
0.0660132
0.0644177
0.0648979
0.0680792
0.0745791
0.077816
0.0814697
0.0897444
0.102869
0.107642
0.111884
0.124513
0.137072
0.138747
0.141364
0.153406
0.156283
0.158068
0.162496
0.15781
0.120686
0.0706607
0.0539412
0.0474519
0.041933
0.0398183
0.037361
0.0373868
0.0425182
0.0613674
0.0681575
0.0531768
0.0495328
0.0481353
0.0547329
0.0598404
0.0631759
0.0609364
0.0626976
0.061806
0.0582492
0.0564503
0.0592069
0.0637401
0.0777723
0.118669
0.167085
0.205373
0.225008
0.205461
0.136463
0.10113
0.101619
0.128191
0.145811
0.148388
0.145143
0.131125
0.108443
0.0952954
0.0896487
0.0884537
0.0906486
0.0981039
0.100535
0.0993522
0.0931448
0.0894895
0.0890258
0.0930952
0.0972992
0.100431
0.108072
0.139314
0.26197
0.324955
0.323246
0.232981
0.110694
0.0613793
0.0538568
0.0681231
0.142198
0.251011
0.357918
0.441158
0.473251
0.440977
0.360564
0.238477
0.143616
0.0972077
0.0772523
0.0693519
0.0656708
0.0620144
0.0589449
0.0575359
0.0555298
0.0530335
0.0514858
0.0514771
0.0518889
0.0519437
0.0525019
0.0518258
0.0527578
0.052538
0.0546816
0.0544977
0.0585372
0.0585074
0.0591214
0.0513269
0.0478376
0.0464743
0.0477648
0.0493586
0.0460962
0.0490955
0.0636297
0.0683252
0.0810322
0.0866364
0.0478616
0.51783
0.101333
0.0571516
0.0442196
0.0386909
0.037167
0.0391707
0.0388216
0.0410255
0.0645468
0.159043
0.110165
0.0699417
0.068184
0.0653481
0.065097
0.0759817
0.097874
0.124335
0.145208
0.163994
0.192975
0.221392
0.239894
0.26068
0.276094
0.297773
0.332138
0.348725
0.354205
0.330423
0.279215
0.245155
0.217466
0.206487
0.201778
0.200716
0.199365
0.193631
0.182222
0.168134
0.155623
0.152045
0.153343
0.158782
0.17597
0.192834
0.205642
0.212048
0.213752
0.213637
0.210815
0.196792
0.174666
0.165086
0.149844
0.125551
0.107495
0.0972342
0.0843718
0.0724243
0.0674948
0.0651805
0.0621546
0.0578155
0.0544064
0.0527667
0.0505183
0.0469089
0.0450943
0.0442248
0.0415515
0.0401037
0.0397473
0.0394805
0.0398513
0.0425073
0.0468429
0.0479054
0.0489625
0.0511607
0.0529282
0.0551816
0.0610763
0.074268
0.0803705
0.088346
0.104465
0.112205
0.120663
0.147494
0.162148
0.15937
0.15994
0.158724
0.14147
0.0924735
0.0683721
0.0570931
0.0460536
0.0411938
0.038721
0.0393526
0.0481708
0.0614612
0.0644612
0.0510948
0.0495391
0.0463485
0.049574
0.0586457
0.063238
0.0626166
0.0667737
0.0702009
0.0631025
0.0602415
0.0590014
0.0612239
0.0687056
0.0911628
0.125506
0.16942
0.225242
0.257196
0.265679
0.249104
0.219328
0.212866
0.206092
0.180252
0.133299
0.106064
0.0970946
0.091636
0.0880441
0.0875311
0.0898749
0.096859
0.100701
0.100724
0.095725
0.0895817
0.0868534
0.0869891
0.09177
0.0943356
0.097402
0.108151
0.17365
0.297482
0.329995
0.30631
0.180476
0.0906086
0.0680933
0.0770863
0.148605
0.253186
0.35077
0.385502
0.384394
0.335424
0.247043
0.155015
0.10228
0.0782153
0.0687177
0.0647805
0.0619944
0.059847
0.0587746
0.0578209
0.0563242
0.0536802
0.0527457
0.0532413
0.0538629
0.0532971
0.0531922
0.0521464
0.0530885
0.0530209
0.0557173
0.0569107
0.05892
0.0607297
0.0608528
0.0586814
0.0509247
0.0467522
0.0456789
0.0472273
0.0466577
0.0472524
0.05667
0.0657586
0.0858718
0.0891694
0.0733517
0.451907
0.112229
0.0616834
0.0443751
0.0384062
0.0368076
0.0380542
0.0366101
0.0395092
0.0629081
0.14634
0.110939
0.0694819
0.0673655
0.0658541
0.0656363
0.0721936
0.0869419
0.108702
0.139976
0.169059
0.187044
0.215794
0.249565
0.268935
0.285179
0.292506
0.299729
0.301179
0.296085
0.277942
0.25358
0.234976
0.219748
0.213326
0.211313
0.202538
0.196954
0.186842
0.168027
0.154023
0.147328
0.14868
0.163476
0.177813
0.202897
0.215022
0.218785
0.21674
0.214838
0.210207
0.202536
0.182869
0.159747
0.137154
0.116833
0.0949054
0.0751499
0.0637938
0.0552311
0.0446346
0.0371277
0.0341312
0.0316491
0.0309642
0.0313148
0.0294907
0.0288358
0.029575
0.0291639
0.0287816
0.0291594
0.028126
0.0267928
0.027312
0.0299537
0.0312112
0.0328291
0.0357452
0.0383546
0.0412254
0.0426911
0.0434866
0.0452995
0.051675
0.0596931
0.0654293
0.078882
0.0864496
0.092926
0.117692
0.153861
0.161807
0.163327
0.162321
0.153502
0.112514
0.085679
0.0779817
0.0624429
0.0467567
0.0417883
0.0421855
0.050056
0.0590048
0.0557891
0.0451888
0.0461807
0.0439343
0.0416292
0.0469865
0.0509944
0.051157
0.0572781
0.0631831
0.0603247
0.0604804
0.0588898
0.0599854
0.0646628
0.0800252
0.111343
0.138479
0.168334
0.202936
0.237821
0.263344
0.26289
0.242089
0.200179
0.164291
0.124247
0.0971598
0.0909438
0.0916385
0.0921381
0.0926893
0.0942412
0.0997965
0.102783
0.102988
0.0974435
0.0896593
0.0865953
0.085894
0.0893806
0.0939215
0.0949273
0.0978292
0.116795
0.232524
0.320896
0.329859
0.262655
0.129252
0.0817123
0.0846537
0.146076
0.249033
0.321669
0.339941
0.316333
0.25824
0.177026
0.114534
0.0824143
0.070484
0.0654183
0.0621109
0.0607761
0.0596377
0.0594626
0.0592824
0.058934
0.0557076
0.0545663
0.054688
0.0546809
0.054001
0.0531585
0.0519244
0.0524187
0.0524159
0.0535344
0.0575363
0.0579667
0.060939
0.0601744
0.0601436
0.0568792
0.0513696
0.0443007
0.0463232
0.0482873
0.0478529
0.0523569
0.0642913
0.078726
0.0785528
0.119846
0.413179
0.130826
0.0744289
0.0524304
0.0434564
0.0399704
0.0388098
0.0367442
0.0400163
0.0580743
0.13769
0.11376
0.0703245
0.068516
0.0693795
0.069442
0.0737314
0.0816171
0.0942517
0.117005
0.152617
0.185821
0.206979
0.236101
0.260883
0.280852
0.291999
0.29544
0.29451
0.28672
0.272908
0.252594
0.238787
0.23203
0.22075
0.212559
0.202764
0.191813
0.172322
0.151835
0.144144
0.149849
0.159193
0.184778
0.212509
0.224436
0.223395
0.220892
0.216399
0.207006
0.1963
0.191719
0.179209
0.151573
0.12435
0.0993364
0.0763041
0.0581476
0.0442583
0.0337568
0.0260617
0.0196384
0.015921
0.0141059
0.0118311
0.0111607
0.0114774
0.011657
0.0120801
0.0133674
0.013288
0.0130792
0.0133127
0.0135992
0.0139995
0.0146421
0.0158478
0.0192964
0.0247253
0.0288513
0.0337619
0.038941
0.0417672
0.0424256
0.043302
0.044727
0.0465696
0.052121
0.0638482
0.0692179
0.0789181
0.117185
0.148334
0.159461
0.161242
0.158543
0.134358
0.095608
0.0869251
0.0825133
0.0696411
0.0504764
0.0458841
0.0500584
0.0504498
0.043827
0.0405741
0.0384674
0.0410044
0.0404301
0.0407652
0.0454073
0.0431457
0.0438101
0.0429067
0.043776
0.0519972
0.0529448
0.0553195
0.0594553
0.0687464
0.0989102
0.129362
0.154359
0.16673
0.165693
0.155374
0.147096
0.131764
0.106586
0.0958007
0.090753
0.087371
0.0877206
0.0962155
0.102183
0.105152
0.105473
0.105468
0.105146
0.104471
0.0980082
0.0899838
0.0859736
0.0843685
0.0851212
0.0916409
0.0932078
0.0941813
0.101026
0.152241
0.292028
0.334358
0.31595
0.192582
0.104142
0.0942749
0.137986
0.232829
0.292357
0.301157
0.262749
0.208495
0.136792
0.0925985
0.0748813
0.0659302
0.0629753
0.061399
0.0600722
0.0593282
0.0596281
0.0594391
0.0588411
0.0570316
0.0554382
0.0553952
0.054011
0.0529014
0.0520313
0.0509762
0.0508316
0.0515335
0.0518922
0.0552407
0.0558847
0.0585933
0.0606636
0.0593332
0.0600576
0.0540279
0.0461944
0.0449202
0.0489572
0.0500733
0.0537381
0.0611784
0.0719562
0.100228
0.115933
0.390928
0.15747
0.0962599
0.0691581
0.0552188
0.0479881
0.0418515
0.0390381
0.0426379
0.0546853
0.12554
0.122471
0.0772149
0.0741391
0.0756346
0.0755365
0.078365
0.0812786
0.0829487
0.098597
0.126096
0.164112
0.201653
0.22937
0.253626
0.269568
0.284694
0.290337
0.291871
0.285623
0.273253
0.259217
0.247377
0.235247
0.222962
0.210917
0.198993
0.175678
0.149976
0.145455
0.146367
0.15745
0.189145
0.221524
0.23246
0.231239
0.225958
0.213569
0.200846
0.195578
0.192545
0.18925
0.180076
0.150625
0.12121
0.0947065
0.0694813
0.050469
0.0365708
0.025944
0.0186001
0.013556
0.0100295
0.00834651
0.00668917
0.00575532
0.00555058
0.00526395
0.00522862
0.00542416
0.00540165
0.00543235
0.00563131
0.00572145
0.00595422
0.00651918
0.00743385
0.00841532
0.00958264
0.0128358
0.016063
0.0225953
0.0326178
0.037917
0.0408926
0.0430416
0.0438836
0.0458253
0.0534844
0.0561086
0.0604654
0.0756196
0.119473
0.145103
0.156348
0.15718
0.150786
0.114883
0.0921682
0.090009
0.0876309
0.0788992
0.0605828
0.053488
0.0512106
0.0429008
0.0420863
0.0401583
0.0411978
0.0423928
0.0400154
0.0414909
0.0411629
0.0407662
0.0372593
0.0360684
0.0371652
0.0406688
0.0451406
0.0491728
0.0556
0.0792725
0.118173
0.147148
0.158809
0.157453
0.139051
0.111919
0.0948821
0.084847
0.0822082
0.0832539
0.0872203
0.0972447
0.11112
0.117179
0.117355
0.112004
0.107247
0.105617
0.103281
0.0946891
0.0864617
0.084203
0.08389
0.0840311
0.0876752
0.0916064
0.0915875
0.0937131
0.111747
0.225489
0.32371
0.335016
0.262906
0.133021
0.101796
0.124014
0.209054
0.259852
0.26577
0.229724
0.174862
0.118187
0.0835938
0.0690004
0.0644895
0.0618768
0.0604917
0.0582451
0.0569883
0.0574254
0.0581139
0.0566478
0.0557145
0.0542798
0.0546745
0.0537687
0.0497095
0.0478051
0.0483171
0.0499585
0.0501196
0.0512601
0.0521483
0.0549638
0.058278
0.0581426
0.0583736
0.0603619
0.0598534
0.0511208
0.0450737
0.0468341
0.0504849
0.0567438
0.0628141
0.0910971
0.105469
0.113767
0.384353
0.194089
0.131652
0.103055
0.0800605
0.0675433
0.0533778
0.0479636
0.0488073
0.0553013
0.099009
0.125806
0.0984954
0.0886358
0.0859232
0.0829575
0.0816071
0.0845188
0.0804544
0.0850397
0.107561
0.141452
0.182176
0.217068
0.248203
0.26795
0.283034
0.289593
0.29191
0.286462
0.276479
0.261144
0.248582
0.23351
0.220646
0.197373
0.173555
0.153791
0.143877
0.144778
0.158249
0.196335
0.227383
0.238175
0.237003
0.230738
0.21609
0.200471
0.19517
0.193728
0.191893
0.187825
0.178501
0.148087
0.114085
0.0860847
0.0616993
0.0430577
0.0301065
0.0210806
0.0145733
0.0104417
0.00765184
0.00607045
0.00491205
0.00409172
0.00389604
0.00380347
0.00375534
0.00389995
0.00396532
0.00402416
0.00439504
0.0046851
0.00493126
0.00580866
0.00640515
0.00746314
0.00817761
0.00842619
0.00908812
0.0109134
0.0141156
0.0247923
0.0345764
0.0430628
0.0451421
0.045914
0.0489533
0.0520537
0.0535781
0.0585907
0.0769156
0.112983
0.140641
0.152504
0.151401
0.13809
0.102239
0.0923158
0.0908806
0.089154
0.0840317
0.0674501
0.0619591
0.0503397
0.04874
0.0470685
0.0422703
0.0413832
0.0369652
0.0354453
0.0337758
0.033485
0.0315744
0.0304352
0.0304568
0.0330248
0.0401358
0.0456632
0.0520102
0.0630791
0.102949
0.142227
0.157699
0.15788
0.142791
0.110733
0.0908579
0.0833892
0.0822964
0.0853916
0.10315
0.119935
0.128397
0.128492
0.124544
0.11333
0.106651
0.104023
0.0981568
0.0892758
0.0812218
0.0790088
0.0794856
0.0803934
0.0820079
0.0878774
0.0886799
0.0893868
0.0967723
0.153471
0.299454
0.338491
0.3113
0.17122
0.11021
0.116827
0.182009
0.232302
0.23682
0.202816
0.154873
0.105813
0.0784341
0.0662451
0.0614394
0.0592944
0.0573969
0.0541166
0.0530313
0.051942
0.0521471
0.0526201
0.0538204
0.0535545
0.0532233
0.0493475
0.047441
0.0459947
0.0465682
0.0479032
0.0483281
0.0501264
0.0508554
0.054743
0.0567627
0.0578067
0.0586807
0.0602846
0.0617033
0.0594778
0.0484657
0.0464062
0.0496763
0.0565285
0.0709544
0.087886
0.110457
0.12468
0.386126
0.237179
0.193078
0.166607
0.132978
0.10988
0.0819609
0.0689861
0.0633347
0.0640492
0.0884063
0.123968
0.109779
0.100111
0.0952163
0.0890604
0.083659
0.0846963
0.0828885
0.0783697
0.0836975
0.100408
0.135413
0.177724
0.219705
0.248171
0.267508
0.280278
0.285102
0.279095
0.271657
0.254119
0.2406
0.215143
0.193628
0.16515
0.147778
0.144383
0.147009
0.162558
0.206136
0.238088
0.247154
0.244912
0.233439
0.210054
0.199025
0.195173
0.194204
0.193915
0.192101
0.185756
0.166781
0.12806
0.0929808
0.0665758
0.0469383
0.0328572
0.0230041
0.0162925
0.0117212
0.00866727
0.00663626
0.00521527
0.00426827
0.00356332
0.00331069
0.00333472
0.00333037
0.00338357
0.00362848
0.00379003
0.00429202
0.00534791
0.00585512
0.00728684
0.00843371
0.010206
0.0117113
0.0116429
0.0109841
0.010745
0.0108584
0.0122171
0.0172275
0.0341963
0.0458306
0.0481133
0.0494197
0.0519003
0.0517823
0.0523896
0.0576238
0.0760948
0.108875
0.13793
0.146299
0.142746
0.122919
0.0972416
0.0913382
0.0871293
0.0856821
0.0786755
0.0675095
0.0572626
0.0491779
0.0468871
0.0409907
0.0381953
0.0352888
0.0343892
0.0326047
0.0313557
0.028081
0.0267219
0.0265627
0.0281696
0.0357434
0.0431668
0.0506165
0.0600917
0.0883311
0.133164
0.157842
0.161586
0.153925
0.119221
0.0945083
0.0881855
0.0894559
0.100878
0.126913
0.136921
0.135949
0.132332
0.12456
0.108984
0.100413
0.0970342
0.0922492
0.0845328
0.0784253
0.0762994
0.0769425
0.0778907
0.0789961
0.0826455
0.0851127
0.0850599
0.088433
0.112391
0.243776
0.330395
0.329564
0.234956
0.125718
0.115087
0.15729
0.205392
0.212995
0.188786
0.140192
0.0999521
0.0765672
0.0642704
0.0599097
0.0568568
0.0546401
0.0508823
0.0504809
0.0496788
0.0499345
0.0512336
0.0519249
0.0517377
0.0511434
0.0466819
0.0449798
0.0440583
0.0446993
0.0463358
0.0477116
0.0491067
0.0506411
0.0542189
0.0566815
0.0584085
0.0587736
0.0599823
0.0621804
0.0631225
0.058232
0.0509006
0.0489745
0.0584637
0.0678948
0.0842886
0.102544
0.192009
0.417878
0.300614
0.291053
0.289811
0.24951
0.192985
0.145089
0.118749
0.097643
0.0909533
0.0949405
0.117402
0.113339
0.107633
0.100913
0.0944549
0.086377
0.0817906
0.0771321
0.0673107
0.0652217
0.0692052
0.0810417
0.11035
0.138644
0.171942
0.20105
0.22262
0.239121
0.235362
0.231842
0.21565
0.194344
0.167767
0.15228
0.146024
0.144207
0.147396
0.166663
0.212684
0.242832
0.253437
0.252589
0.240377
0.213771
0.200966
0.195608
0.195384
0.196706
0.196359
0.192263
0.179995
0.144004
0.0995121
0.0682248
0.0504865
0.0381707
0.0283668
0.0202546
0.0143755
0.0105365
0.00791277
0.00617009
0.00497612
0.00413039
0.00352623
0.00324613
0.00325381
0.00331512
0.00341404
0.00367433
0.00424085
0.00558187
0.00818301
0.00980744
0.0134692
0.0193972
0.0239307
0.0264054
0.0260588
0.0245368
0.0210771
0.0163273
0.0148776
0.0155992
0.0192712
0.0364987
0.0467101
0.0519675
0.0547427
0.0542247
0.051794
0.0522816
0.0583018
0.0740278
0.110276
0.134154
0.138642
0.134431
0.110567
0.0939977
0.0862549
0.0819905
0.0779135
0.0675404
0.0592489
0.0499447
0.0457607
0.0405899
0.037914
0.0375241
0.0378311
0.0365695
0.0320974
0.0280375
0.0263146
0.0255734
0.0256437
0.0299962
0.0410962
0.0501657
0.0595145
0.0813938
0.126724
0.156106
0.1617
0.155593
0.121717
0.0999256
0.0978892
0.106094
0.135211
0.14909
0.148531
0.139496
0.129896
0.116699
0.104279
0.0977423
0.0931532
0.0885007
0.0800265
0.0741486
0.0720642
0.0729281
0.0749049
0.0760285
0.0779829
0.0810795
0.0816318
0.0832628
0.0953429
0.178345
0.309426
0.332682
0.283843
0.14841
0.11029
0.127137
0.181603
0.19429
0.180621
0.137314
0.100071
0.0769579
0.0646274
0.058862
0.0564107
0.0542301
0.0505029
0.0498814
0.0492489
0.0500484
0.0505333
0.0512591
0.0509462
0.0492084
0.0450775
0.0434737
0.0433906
0.043732
0.0457164
0.0471874
0.0491632
0.0520492
0.0544676
0.057658
0.0583054
0.0602867
0.0613133
0.0616812
0.0640015
0.0647031
0.0607653
0.0553801
0.0550982
0.0714533
0.0857917
0.120554
0.252648
0.41754
0.295253
0.355135
0.387046
0.400418
0.375347
0.288699
0.206984
0.169757
0.151724
0.132183
0.127217
0.120778
0.116254
0.111766
0.105847
0.0950633
0.0828503
0.0717074
0.0599903
0.0523094
0.0521842
0.0549075
0.0645243
0.0845424
0.0976853
0.118148
0.128078
0.143711
0.15357
0.153129
0.149293
0.143579
0.138859
0.136915
0.139766
0.149059
0.179832
0.221443
0.246588
0.252225
0.251195
0.238913
0.215776
0.205059
0.199003
0.198983
0.201969
0.202711
0.19905
0.187636
0.15776
0.107765
0.0718693
0.0521804
0.0414487
0.0330321
0.0251582
0.0184469
0.0134169
0.0101237
0.00775267
0.00609719
0.00494985
0.00414305
0.00372243
0.00349212
0.00346584
0.00363493
0.00402349
0.00452032
0.00565243
0.00911895
0.0147795
0.0191892
0.0285616
0.0428498
0.0507322
0.056783
0.0568754
0.0556919
0.0523146
0.0444226
0.0313543
0.0226927
0.0221774
0.0248438
0.0364965
0.0512555
0.0613042
0.0608491
0.0550089
0.051972
0.0529312
0.05912
0.0737929
0.110485
0.130053
0.132523
0.127392
0.10509
0.0903852
0.080411
0.0758571
0.0672811
0.0595128
0.0521208
0.0466036
0.0432962
0.0421668
0.042417
0.0411228
0.0371741
0.0325934
0.0282377
0.0259429
0.0251334
0.0251851
0.0275711
0.0398564
0.052005
0.0613544
0.0788798
0.124047
0.157589
0.164943
0.157551
0.124737
0.111524
0.114071
0.136492
0.15424
0.157604
0.15278
0.133742
0.123412
0.112745
0.102164
0.0955495
0.090061
0.0830291
0.0755671
0.0702497
0.0691355
0.0693244
0.071592
0.0720262
0.074204
0.076893
0.0769716
0.0776933
0.0841578
0.126728
0.270157
0.325946
0.308446
0.184479
0.113769
0.111819
0.147858
0.172232
0.169709
0.138716
0.102355
0.0787727
0.065889
0.0592428
0.0559207
0.0537072
0.050865
0.0499446
0.0496935
0.0503887
0.0503117
0.0504357
0.0476593
0.0459436
0.0434991
0.0431499
0.043114
0.0437529
0.0461635
0.0493217
0.0539055
0.0548183
0.0561019
0.0565626
0.0580117
0.0596808
0.0626015
0.0630611
0.0635023
0.065115
0.0669924
0.0631959
0.0639558
0.0695551
0.0972086
0.126232
0.286677
0.413417
0.247707
0.270271
0.358705
0.422484
0.452274
0.459594
0.421876
0.300264
0.223293
0.196507
0.163102
0.144232
0.133958
0.125246
0.113696
0.097279
0.0829413
0.0708275
0.0606735
0.0531691
0.0507288
0.0516341
0.0545562
0.0631676
0.0686041
0.0780279
0.0888213
0.0954413
0.105476
0.113199
0.115414
0.120031
0.128747
0.136154
0.149621
0.182801
0.219576
0.244908
0.252418
0.250609
0.234673
0.217961
0.20719
0.205336
0.206264
0.212355
0.212459
0.207515
0.194324
0.16462
0.110424
0.0654279
0.0427383
0.0317686
0.026332
0.02233
0.0177271
0.0145228
0.0119776
0.0098255
0.00789458
0.00633845
0.00521736
0.00447846
0.00425324
0.00427177
0.00433007
0.00456417
0.00534812
0.00679669
0.00967971
0.0192836
0.0311241
0.0426927
0.0691267
0.0925063
0.100912
0.10148
0.0995546
0.09363
0.0873894
0.0810664
0.0724978
0.0524225
0.0335999
0.0291902
0.031316
0.0390135
0.0599809
0.0711167
0.0665112
0.0554346
0.0532112
0.0542889
0.0594189
0.0733746
0.110981
0.127314
0.127679
0.122096
0.103412
0.0846681
0.0764749
0.0683907
0.060157
0.0544739
0.04955
0.0472843
0.04608
0.0446919
0.0395389
0.0332626
0.0302996
0.0279155
0.0259124
0.0251468
0.0252185
0.0269796
0.0392339
0.0565355
0.0675864
0.081367
0.124268
0.167507
0.177656
0.168189
0.135555
0.128484
0.138768
0.1613
0.167433
0.16388
0.148977
0.130558
0.12096
0.110751
0.0990498
0.0887209
0.0814836
0.0733998
0.066077
0.0619943
0.0621591
0.0633153
0.0670313
0.0684129
0.0695491
0.0733905
0.0737611
0.0743734
0.0777659
0.0989593
0.219829
0.309828
0.311312
0.227412
0.123652
0.104917
0.120947
0.148715
0.151445
0.138735
0.10644
0.0829046
0.0685273
0.0604461
0.0562077
0.0539254
0.0509661
0.0505756
0.0497048
0.0504123
0.0492642
0.0491149
0.0457007
0.0452847
0.0438432
0.0446084
0.0444448
0.0466005
0.0495582
0.056803
0.0593677
0.0603057
0.0592159
0.0583589
0.0582926
0.0590121
0.0644968
0.0665461
0.0663941
0.0641672
0.0643047
0.0705669
0.06877
0.0741306
0.0922433
0.143047
0.35442
0.426952
0.277123
0.208221
0.185213
0.199496
0.239907
0.351964
0.509471
0.536118
0.475374
0.355821
0.247245
0.195669
0.159156
0.14351
0.122968
0.111018
0.101902
0.100902
0.0968507
0.0947216
0.0838936
0.0748089
0.0696002
0.070171
0.0719111
0.074832
0.0818837
0.0862157
0.0918564
0.101106
0.109202
0.118744
0.129642
0.153089
0.189087
0.223189
0.243588
0.248285
0.245828
0.232415
0.219335
0.21117
0.211378
0.216791
0.225043
0.223363
0.216902
0.201942
0.16704
0.106508
0.0598787
0.0359902
0.0257149
0.0213898
0.0185139
0.0161637
0.0137734
0.012193
0.010941
0.00948883
0.00822654
0.00697853
0.00603343
0.00559394
0.00548991
0.00555773
0.00585489
0.00657894
0.00829418
0.0121467
0.0202486
0.0436191
0.0712216
0.107398
0.141994
0.157495
0.158331
0.155573
0.151713
0.142824
0.131287
0.118361
0.108716
0.100078
0.0732656
0.0454334
0.0368606
0.0379118
0.0465696
0.0725308
0.0797732
0.0716571
0.057705
0.0550938
0.0562169
0.0608024
0.0763313
0.111957
0.124941
0.125121
0.120502
0.102547
0.0828428
0.0721497
0.06263
0.0564798
0.0513213
0.0487677
0.0473738
0.0447568
0.0377384
0.0318772
0.0298581
0.0284697
0.0264603
0.025723
0.0258778
0.0273818
0.038575
0.0597783
0.073491
0.0888758
0.132915
0.180384
0.19039
0.1784
0.149658
0.147549
0.163166
0.1789
0.177934
0.165451
0.144874
0.129588
0.117384
0.104978
0.0889068
0.0794089
0.0696789
0.0624446
0.0574379
0.0542165
0.0538627
0.0552549
0.0576866
0.0610843
0.0627715
0.0678022
0.0708039
0.070773
0.0735164
0.0857668
0.166405
0.288544
0.305975
0.261518
0.140777
0.101038
0.102739
0.126854
0.136353
0.133515
0.115447
0.0887321
0.0732499
0.0633494
0.0571275
0.0551811
0.0512619
0.0513231
0.0496648
0.0503659
0.0482942
0.048884
0.0466029
0.0474355
0.0463975
0.0478859
0.0482666
0.0529897
0.0580824
0.0640518
0.0641493
0.0634778
0.0606305
0.0591955
0.0589784
0.060529
0.0648291
0.0740133
0.0783859
0.0749278
0.0665198
0.064809
0.0725317
0.0789754
0.102113
0.153345
0.577506
0.485517
0.373473
0.271571
0.233074
0.211719
0.21283
0.219472
0.236192
0.275594
0.316382
0.373748
0.363763
0.33769
0.288781
0.258404
0.231244
0.215319
0.214017
0.209868
0.208434
0.202309
0.198051
0.185215
0.17409
0.144877
0.123056
0.104408
0.100868
0.100787
0.102402
0.107679
0.115912
0.136498
0.159831
0.19132
0.218914
0.233633
0.235881
0.234904
0.229236
0.2202
0.219666
0.222476
0.236004
0.238453
0.235322
0.226974
0.206414
0.162126
0.0947555
0.0533103
0.0320859
0.022134
0.0178781
0.0164265
0.0149176
0.0135553
0.0124072
0.0116734
0.0107302
0.00979742
0.00884698
0.00800756
0.00752023
0.00741159
0.00745314
0.00771463
0.0085032
0.0103222
0.0144325
0.0240608
0.0464757
0.0979595
0.143138
0.166932
0.177204
0.177903
0.175869
0.169043
0.166418
0.161329
0.156061
0.145875
0.135042
0.127959
0.117696
0.0861957
0.0552538
0.043338
0.04425
0.0593344
0.0883711
0.0897918
0.0750773
0.0598306
0.0569952
0.0577649
0.0623179
0.0806984
0.113817
0.126384
0.126873
0.122799
0.105707
0.0834824
0.0694036
0.0608833
0.0545582
0.0508321
0.0477543
0.0435111
0.0380633
0.0330363
0.03078
0.0283632
0.0269917
0.0266569
0.0270113
0.029098
0.0401057
0.0674527
0.0845336
0.10031
0.14778
0.197722
0.207273
0.188192
0.165265
0.16811
0.190328
0.194229
0.184042
0.162203
0.143338
0.127498
0.110924
0.093811
0.078744
0.0684687
0.0612939
0.0559666
0.05267
0.0492682
0.0470768
0.0472811
0.0486057
0.0505891
0.0545821
0.0600331
0.0653084
0.0666734
0.0689988
0.0774852
0.124842
0.258979
0.300092
0.280477
0.171546
0.104837
0.093425
0.101031
0.121965
0.122785
0.115695
0.0973733
0.0795178
0.0700993
0.0596361
0.0577627
0.0527936
0.0529332
0.0506407
0.0510644
0.0489235
0.0498348
0.0478339
0.049139
0.0485219
0.0513758
0.0528816
0.0612639
0.0642004
0.066922
0.0655635
0.0645
0.0611317
0.0594015
0.0591537
0.0599573
0.0631451
0.0685439
0.0856198
0.0953827
0.0928507
0.0777742
0.0778061
0.0840675
0.100897
0.213056
0.68217
8.97201
3.19376
2.42858
0.712153
1.17592
0.773306
0.472289
0.517593
0.401569
0.466052
0.335722
0.321975
0.349385
0.397724
0.475201
0.589016
0.801033
1.16436
2.17519
3.41334
4.10912
4.16831
3.00519
1.25012
0.738491
0.51669
0.470056
0.575052
0.631421
0.767665
0.885809
0.859646
0.913213
1.11184
1.32181
1.58772
1.95265
2.15964
2.56059
2.59403
1.29282
4.08401
3.61032
2.19498
1.2133
0.671076
0.684813
0.849725
1.1941
1.59637
1.73229
1.56255
1.51132
1.71275
1.88209
2.03938
2.36297
2.3816
2.48746
2.35009
0.56263
2.94765
3.31394
3.41579
2.54141
1.2579
1.03496
1.40084
1.78141
2.35902
2.56906
2.28706
1.92557
1.98228
2.10371
2.10113
2.26895
2.20085
2.07804
2.06323
0.319868
1.34705
1.81187
3.06323
3.00457
2.31971
1.48973
1.66018
2.08139
2.60572
2.85005
2.74339
2.27069
2.06887
2.07196
1.95842
1.97809
1.88629
1.41028
1.42426
0.215446
0.633976
0.79026
1.57351
2.42739
2.64212
2.18069
2.02206
2.12128
2.34255
2.56356
2.67056
2.52089
2.06593
1.94809
1.70554
1.62613
1.49948
0.898213
0.794366
0.123427
0.359891
0.425894
0.592632
1.00831
2.24422
2.36095
2.34481
2.28258
2.11713
1.73645
1.82468
2.14613
2.00568
1.69324
1.42587
1.24407
0.984685
0.486858
0.402483
0.0967132
0.218289
0.298444
0.339885
0.441076
1.15363
2.00688
2.28885
2.28608
2.13356
1.36267
1.04583
1.31466
1.41247
1.29769
1.13813
0.832541
0.507634
0.329897
0.286572
0.0965676
0.140241
0.230673
0.300517
0.3338
0.491545
1.06927
1.85449
1.99693
1.85175
1.15241
0.683442
0.733336
0.765208
0.747473
0.706905
0.505939
0.320001
0.292027
0.277535
0.0713163
0.0985179
0.135774
0.23072
0.319942
0.370703
0.508337
1.00741
1.23729
1.06827
0.681563
0.509184
0.472128
0.449485
0.435792
0.416663
0.333973
0.275456
0.320993
0.361028
0.0501257
0.0747091
0.0936984
0.123114
0.239196
0.356106
0.402936
0.586911
0.677615
0.605082
0.531663
0.474524
0.417026
0.387293
0.370274
0.345725
0.297152
0.2973
0.459443
0.570586
0.0394625
0.0660969
0.0774063
0.0869454
0.113783
0.238047
0.385526
0.502805
0.515082
0.514406
0.514674
0.498388
0.470939
0.4675
0.460642
0.424357
0.378162
0.402308
0.771693
0.933165
0.0363419
0.0530139
0.0681605
0.0784603
0.0917882
0.125315
0.292602
0.407148
0.497629
0.558899
0.568131
0.538083
0.4996
0.509532
0.544767
0.511107
0.490257
0.60544
1.28432
1.43385
0.0334886
0.0460291
0.0605505
0.074565
0.0865768
0.0955811
0.129349
0.22957
0.454144
0.544739
0.585539
0.557207
0.501235
0.532138
0.567458
0.526119
0.573898
1.06681
1.88504
1.84427
0.0341633
0.0440317
0.0661584
0.0771986
0.0829691
0.089967
0.0997129
0.16285
0.283049
0.453882
0.641681
0.649364
0.586016
0.573157
0.534873
0.546119
0.843465
1.89867
2.16891
1.99265
0.0479316
0.0603352
0.095663
0.102585
0.104691
0.108887
0.114399
0.132645
0.200091
0.472849
1.07137
1.16174
1.06219
0.843479
0.791287
0.948079
1.86216
2.3205
2.24637
1.94656
0.146342
0.142697
0.133959
0.145396
0.25733
0.340366
0.357457
0.394048
0.6092
1.45782
2.38653
2.41851
2.0528
1.72629
1.75094
2.24445
2.51829
2.40405
1.93918
1.77987
0.272835
0.329326
0.42442
0.725597
1.65836
1.96404
1.97485
2.13279
2.96357
4.0777
4.11754
3.73005
3.11331
2.95706
3.01157
2.98764
2.52542
1.81887
1.50103
1.60324
1.06443
2.12524
3.21912
4.63707
5.57345
5.63694
5.59963
5.96605
6.16918
5.72605
4.78124
3.9639
3.72651
3.61577
3.42783
2.74602
1.67448
1.19207
1.02032
1.32233
5.13926
6.5009
7.74447
8.09937
7.86348
7.49338
7.39141
7.26408
6.37713
4.52163
3.26722
2.59753
2.51172
2.38131
2.20044
1.72857
1.10035
0.61094
0.415439
0.393036
)
;

boundaryField
{
    inlet
    {
        type            fixedValue;
        value           uniform 2e-05;
    }
    outlet
    {
        type            inletOutlet;
        inletValue      uniform 0;
        value           nonuniform List<scalar> 
20
(
3.41334
2.59403
2.35009
2.06323
1.42426
0.794366
0.402483
0.286572
0.277535
0.361028
0.570586
0.933165
1.43385
1.84427
1.99265
1.94656
1.77987
1.60324
1.32233
0
)
;
    }
    walls
    {
        type            fixedValue;
        value           uniform 0;
    }
    frontAndBack
    {
        type            empty;
    }
}


// ************************************************************************* //
