/*--------------------------------*- C++ -*----------------------------------*\
| =========                 |                                                 |
| \\      /  F ield         | OpenFOAM: The Open Source CFD Toolbox           |
|  \\    /   O peration     | Version:  2.4.0                                 |
|   \\  /    A nd           | Web:      www.OpenFOAM.org                      |
|    \\/     M anipulation  |                                                 |
\*---------------------------------------------------------------------------*/
FoamFile
{
    version     2.0;
    format      ascii;
    class       volScalarField;
    location    "1.03";
    object      pPrime2Mean;
}
// * * * * * * * * * * * * * * * * * * * * * * * * * * * * * * * * * * * * * //

dimensions      [0 4 -4 0 0 0 0];

internalField   nonuniform List<scalar> 
8800
(
627869
612031
595037
578188
561569
545191
529056
513161
497509
482096
466923
451987
437284
422805
408537
394453
380498
366565
352403
337221
627891
612033
595036
578187
561569
545191
529056
513161
497509
482096
466924
451988
437285
422808
408541
394461
380513
366597
352481
337478
627905
612032
595031
578185
561568
545191
529055
513161
497509
482097
466924
451989
437287
422812
408549
394476
380542
366659
352624
337978
627916
612032
595027
578182
561566
545190
529055
513161
497509
482097
466925
451991
437290
422818
408560
394497
380585
366746
352823
338560
627925
612032
595024
578179
561565
545190
529055
513161
497509
482097
466926
451993
437295
422826
408575
394525
380639
366855
353063
339161
627932
612032
595021
578176
561564
545190
529055
513161
497509
482098
466927
451995
437300
422835
408593
394558
380702
366980
353326
339748
627937
612033
595019
578174
561563
545189
529055
513161
497509
482098
466929
451998
437306
422846
408613
394595
380772
367116
353600
340306
627941
612034
595018
578173
561562
545189
529055
513161
497510
482099
466931
452002
437312
422858
408635
394635
380848
367260
353877
340827
627943
612034
595017
578172
561562
545190
529055
513161
497510
482100
466933
452005
437319
422870
408658
394678
380927
367406
354148
341306
627945
612034
595017
578171
561562
545190
529056
513162
497511
482101
466935
452009
437326
422883
408682
394721
381006
367550
354407
341743
627945
612034
595017
578171
561562
545190
529056
513162
497511
482102
466937
452013
437333
422896
408705
394764
381084
367690
354652
342137
627943
612034
595017
578172
561562
545190
529056
513162
497512
482104
466939
452017
437340
422909
408729
394807
381160
367823
354877
342488
627941
612034
595018
578173
561563
545190
529056
513163
497513
482105
466941
452021
437347
422921
408751
394846
381231
367946
355082
342798
627937
612033
595019
578175
561564
545190
529056
513163
497513
482106
466943
452025
437353
422933
408772
394883
381296
368058
355263
343068
627932
612032
595021
578177
561565
545191
529056
513164
497514
482108
466945
452028
437359
422943
408790
394916
381354
368156
355420
343298
627925
612032
595024
578179
561566
545191
529057
513164
497515
482109
466947
452031
437364
422952
408806
394945
381403
368239
355552
343489
627916
612032
595027
578182
561567
545191
529057
513165
497516
482110
466948
452033
437368
422960
408820
394969
381444
368307
355658
343641
627905
612032
595032
578185
561569
545192
529058
513166
497516
482111
466949
452035
437372
422966
408830
394987
381475
368359
355738
343754
627891
612033
595036
578188
561570
545193
529058
513166
497517
482111
466950
452036
437374
422970
408837
394999
381496
368393
355792
343829
627869
612030
595037
578189
561570
545193
529058
513166
497517
482111
466951
452037
437375
422972
408840
395005
381507
368411
355818
343865
323462
319757
316929
314485
312219
310062
307982
305961
303984
302042
300130
298242
296375
294525
292690
290868
289057
287255
285461
283676
281898
280128
278366
276610
274862
273120
271383
269654
267930
266213
264503
262800
261105
259418
257738
256067
254403
252747
251097
249455
247818
246187
244561
242940
241323
239711
238104
236502
234906
233315
231729
230148
228572
227001
225434
223872
222316
220766
219221
217681
216146
214615
213087
211565
210046
208533
207025
205523
204028
202539
201057
199580
198109
196645
195185
193733
192286
190845
189411
187984
186564
185151
183745
182345
180951
179562
178178
176799
175425
174055
172689
171327
169968
168613
167261
165913
164568
163226
161889
160557
159229
157907
156591
155282
153979
152683
151395
150114
148840
147573
146312
145058
143809
142567
141330
140099
138874
137654
136441
135233
134031
132835
131645
130461
129282
128110
126942
125780
124622
123470
122320
121176
120033
118895
117759
116628
115500
114376
113257
112143
111033
109929
108830
107737
106649
105567
104491
103421
102356
101297
100243
99195.2
98152
97114.4
96081.9
95054.8
94032.6
93016.3
92005.2
91000.2
90000.5
89007.8
88020.5
87041.2
86066.9
85101
84139.7
83187.4
82240.3
81302.1
80368.7
79444.8
78524.6
77615.1
76707.8
75813.4
74917.8
74038.2
73154.5
72287.5
71416.7
70560.7
69701.1
68851.8
67998.7
67150.5
66297
65445
64583.2
63719.4
62840.6
61952.9
61043.5
60114.5
59152.1
58153.6
57098.5
55965.3
54743.4
53269.4
326101
322153
318934
316162
313653
311309
309077
306929
304845
302811
300818
298859
296929
295023
293139
291272
289421
287584
285758
283943
282140
280346
278562
276787
275021
273263
271513
269770
268035
266308
264589
262878
261175
259480
257794
256116
254446
252784
251130
249482
247841
246206
244577
242952
241333
239719
238110
236506
234908
233316
231728
230147
228570
226998
225431
223869
222313
220763
219218
217678
216143
214613
213086
211564
210047
208534
207027
205526
204031
202543
201060
199583
198113
196648
195189
193736
192289
190849
189415
187988
186569
185156
183751
182351
180958
179569
178185
176806
175432
174062
172696
171334
169975
168619
167267
165919
164574
163233
161896
160565
159239
157918
156603
155295
153993
152698
151410
150130
148856
147588
146327
145072
143823
142579
141342
140110
138884
137664
136450
135242
134040
132845
131655
130472
129294
128122
126955
125795
124637
123486
122337
121192
120050
118912
117777
116646
115518
114395
113276
112162
111053
109950
108851
107758
106671
105589
104513
103442
102378
101318
100265
99216.6
98173.5
97135.9
96103.2
95075.4
94052.6
93035
92022.4
91015.3
90013.7
89018.6
88028.9
87046.2
86068.8
85098.4
84133
83174.9
82221.9
81276.3
80335.1
79402
78472.1
77551.9
76632.9
75726.2
74817.5
73922.9
73025.5
72140.8
71254.4
70377.8
69500.3
68627.3
67753.4
66879.3
66000.7
65119.2
64228.9
63329.6
62416.8
61485.2
60531.9
59546.3
58525.3
57444.6
56316.8
55037.2
53696.5
52150
327932
324016
320646
317678
314989
312489
310125
307862
305678
303557
301488
299461
297471
295511
293579
291669
289779
287906
286049
284206
282377
280560
278755
276961
275178
273404
271640
269885
268139
266402
264673
262954
261243
259542
257849
256165
254489
252822
251162
249509
247864
246224
244591
242964
241342
239726
238115
236509
234909
233315
231727
230144
228567
226994
225428
223866
222310
220760
219215
217675
216140
214610
213085
211564
210048
208537
207031
205530
204036
202547
201065
199588
198117
196653
195194
193741
192294
190854
189420
187994
186574
185162
183757
182358
180965
179577
178193
176814
175440
174071
172705
171342
169983
168627
167275
165926
164582
163242
161907
160576
159251
157932
156619
155312
154011
152717
151430
150150
148876
147608
146347
145090
143840
142595
141356
140123
138897
137676
136462
135255
134054
132859
131670
130487
129310
128139
126973
125813
124656
123504
122356
121211
120069
118931
117796
116665
115538
114415
113296
112183
111074
109971
108873
107781
106693
105612
104536
103465
102400
101341
100288
99239.6
98196.6
97159.1
96126
95097.3
94073.4
93054.3
92039.8
91030.7
90027.2
89029.6
88037.5
87051.6
86071.4
85096.7
84127.2
83163.9
82204.8
81251.8
80302.4
79360.2
78420.1
77489
76558.4
75638.1
74718
73807.1
72897.5
71994.4
71093.7
70195.8
69300.9
68404.7
67510.1
66610.4
65709.1
64797.5
63882.2
62948
62005.1
61031.7
60042.8
59001.5
57944.4
56782.9
55618
54261.9
52864.9
51352.9
329327
325513
322102
319025
316210
313588
311113
308750
306476
304275
302134
300044
297996
295985
294006
292054
290126
288220
286332
284462
282608
280769
278943
277131
275331
273543
271765
269998
268241
266494
264756
263029
261311
259602
257903
256213
254531
252858
251193
249536
247886
246243
244606
242975
241351
239732
238119
236512
234910
233315
231726
230142
228564
226991
225424
223863
222307
220757
219212
217672
216138
214609
213084
211564
210049
208539
207034
205535
204041
202553
201071
199594
198124
196659
195200
193746
192299
190859
189425
187999
186580
185169
183764
182365
180972
179585
178202
176823
175450
174080
172714
171351
169992
168636
167284
165936
164592
163253
161919
160591
159268
157950
156638
155333
154033
152740
151454
150174
148900
147631
146369
145111
143860
142614
141374
140140
138913
137692
136478
135271
134070
132875
131687
130505
129329
128158
126993
125833
124677
123525
122377
121231
120089
118951
117816
116684
115557
114434
113316
112203
111095
109992
108894
107802
106716
105634
104559
103488
102424
101364
100312
99263.7
98221.1
97183.5
96149.9
95119.9
94094.6
93073.3
92056.6
91045.2
90039.7
89039.3
88045
87055.9
86073
85094.2
84121
83152.4
82187.8
81227.2
80270.2
79318.7
78368.8
77425.8
76485.1
75550.6
74619.9
73693.3
72771.3
71850.6
70935
70017.2
69104.2
68185.7
67271.1
66345.9
65424.3
64482.6
63546
62576
61611.8
60592.5
59584.9
58484.8
57407.8
56186.4
54981.3
53622.2
52219.4
50760.4
330447
326739
323338
320209
317312
314599
312033
309584
307231
304958
302752
300602
298501
296442
294418
292427
290463
288524
286607
284711
282833
280972
279127
277297
275481
273678
271887
270108
268341
266584
264838
263103
261377
259662
257957
256260
254573
252895
251225
249563
247908
246261
244621
242987
241360
239739
238124
236515
234913
233316
231725
230141
228562
226989
225422
223861
222305
220755
219210
217671
216137
214608
213084
211565
210051
208542
207039
205540
204047
202560
201078
199602
198131
196665
195206
193752
192305
190864
189431
188005
186586
185175
183771
182372
180980
179592
178210
176832
175459
174089
172724
171361
170002
168646
167295
165947
164605
163267
161935
160608
159287
157971
156661
155356
154058
152766
151480
150200
148926
147656
146393
145134
143881
142634
141393
140158
138931
137709
136496
135288
134088
132894
131706
130524
129348
128178
127014
125854
124698
123545
122397
121251
120109
118969
117834
116702
115575
114452
113334
112221
111113
110010
108914
107822
106737
105655
104581
103511
102447
101388
100336
99287.9
98245.9
97207.5
96173.6
95141.9
94115.2
93091
92072.1
91057.8
90050.1
89046.5
88049.9
87057.7
86072.2
85089.8
84113
83139.4
82169.5
81201.9
80237.9
79276.7
78318.6
77363.6
76413.2
75465.7
74523.9
73582.7
72647.9
71710.3
70779.7
69842.2
68912.7
67970.9
67040.2
66087.1
65149.8
64176.3
63224.2
62216.6
61236.6
60176.5
59148.1
58010.3
56900
55664
54420.9
53091.8
51711.3
50294.5
331390
327773
324398
321247
318298
315519
312880
310360
307940
305603
303338
301134
298983
296879
294814
292785
290788
288818
286873
284952
283051
281169
279306
277458
275627
273810
272007
270217
268439
266674
264919
263176
261444
259722
258010
256308
254616
252932
251257
249591
247932
246281
244638
243001
241371
239748
238131
236521
234917
233319
231727
230142
228563
226989
225422
223860
222305
220755
219210
217671
216138
214609
213086
211568
210055
208547
207045
205547
204055
202568
201086
199609
198137
196671
195211
193757
192309
190868
189435
188009
186591
185180
183776
182378
180986
179599
178218
176840
175468
174099
172734
171372
170013
168658
167307
165960
164619
163282
161952
160626
159307
157993
156685
155382
154085
152793
151507
150227
148952
147682
146417
145157
143903
142655
141413
140178
138950
137728
136514
135306
134106
132912
131724
130542
129367
128197
127033
125873
124717
123564
122415
121268
120125
118985
117850
116717
115590
114467
113349
112235
111128
110026
108930
107839
106755
105674
104601
103531
102468
101410
100359
99309.4
98268.2
97228.4
96194
95160.6
94133
93105.6
92085
91067.6
90057.4
89050.2
88051.5
87055.7
86068.1
85081.7
84102
83123.6
82149.2
81174.1
80204.3
79233
78267.8
77301.4
76342.6
75381.8
74430.6
73473.6
72528.1
71572.3
70628.8
69670.5
68727.5
67762.7
66817
65840
64885.6
63887.4
62915
61883
60876.6
59795.7
58734.3
57585.2
56441.4
55213.9
53956.1
52653
51296.9
49909.6
332203
328659
325313
322156
319175
316347
313654
311076
308598
306206
303889
301637
299441
297294
295192
293128
291099
289100
287129
285184
283261
281360
279479
277615
275769
273939
272124
270323
268536
266761
264999
263248
261509
259781
258063
256356
254658
252969
251290
249619
247957
246302
244655
243016
241384
239758
238140
236528
234923
233324
231731
230145
228565
226992
225424
223863
222307
220757
219213
217674
216141
214613
213090
211572
210060
208553
207051
205554
204061
202574
201092
199614
198142
196676
195215
193760
192312
190871
189438
188012
186594
185183
183780
182382
180991
179605
178224
176848
175476
174109
172745
171383
170025
168671
167320
165974
164633
163298
161968
160645
159328
158015
156709
155407
154110
152819
151533
150252
148977
147706
146440
145178
143924
142675
141432
140196
138968
137745
136531
135323
134122
132927
131740
130557
129382
128212
127048
125887
124732
123578
122428
121281
120138
118997
117861
116728
115601
114477
113359
112245
111139
110037
108943
107853
106770
105690
104617
103548
102485
101427
100376
99325.8
98285
97244.3
96208.7
95174.1
94145.4
93115.4
92092.8
91072.5
90059.3
89049
88047.6
87049.2
86058.6
85068.8
84086
83103.3
82124.5
81142.8
80166.3
79187.3
78214
77238.2
76269.9
75298.6
74336.7
73367
72408.7
71438.5
70479.7
69505.8
68544.9
67564.9
66599
65607.8
64631.4
63619.1
62621.2
61577.1
60543.3
59452
58365.6
57213.2
56050.5
54834.8
53576.5
52287.9
50948.5
49582.1
332912
329427
326110
322953
319952
317091
314356
311731
309205
306766
304403
302107
299870
297686
295549
293453
291394
289369
287374
285406
283463
281543
279645
277766
275906
274063
272237
270426
268629
266846
265076
263318
261573
259838
258115
256402
254700
253007
251323
249649
247982
246325
244675
243033
241398
239771
238151
236537
234931
233331
231737
230151
228570
226996
225428
223867
222311
220761
219216
217678
216145
214617
213094
211577
210065
208557
207055
205558
204066
202578
201095
199617
198145
196677
195216
193761
192313
190872
189439
188013
186595
185185
183782
182385
180994
179609
178229
176854
175484
174118
172755
171395
170038
168683
167333
165987
164646
163312
161984
160662
159346
158035
156730
155428
154133
152842
151556
150275
148999
147726
146459
145197
143941
142691
141448
140212
138983
137761
136546
135337
134136
132940
131751
130568
129392
128222
127058
125897
124740
123586
122436
121288
120144
119002
117866
116733
115605
114481
113363
112250
111144
110044
108950
107862
106779
105701
104628
103559
102497
101439
100388
99336.3
98295.3
97254
96216.5
95181.8
94151.3
93119.8
92095
91072.1
90055.5
89042.8
88037.6
87037.7
86042.7
85050.9
84064.6
83078.3
82094.4
81108
80125.1
79140.1
78158.2
77174.4
76196.7
75216.7
74243.5
73264.4
72291.9
71310.7
70335.9
69349.8
68370.4
67378.7
66394.7
65392.4
64396.6
63374.2
62355.8
61302
60249
59150.1
58048.1
56897.6
55723.8
54516.1
53259.4
51977.3
50650.1
49300.5
333535
330097
326805
323654
320641
317756
314988
312326
309760
307280
304878
302544
300271
298053
295884
293759
291673
289622
287604
285616
283654
281717
279803
277910
276037
274182
272345
270524
268719
266927
265150
263386
261634
259894
258166
256448
254741
253044
251356
249678
248009
246348
244695
243051
241414
239785
238163
236548
234940
233339
231745
230157
228576
227002
225433
223871
222315
220765
219220
217681
216148
214620
213097
211579
210067
208559
207057
205559
204066
202578
201095
199617
198144
196676
195215
193760
192312
190871
189438
188012
186594
185184
183781
182385
180995
179611
178232
176858
175489
174125
172764
171404
170047
168693
167343
165997
164657
163323
161995
160674
159359
158050
156745
155445
154150
152859
151574
150292
149014
147741
146472
145209
143953
142703
141460
140224
138995
137772
136557
135347
134145
132947
131757
130573
129396
128225
127060
125898
124741
123586
122435
121287
120143
119001
117864
116731
115603
114480
113362
112249
111145
110045
108953
107866
106784
105707
104634
103565
102503
101444
100393
99340.8
98300
97256.9
96217.6
95183.7
94150.8
93118.7
92091.1
91067.3
90045.9
89032.3
88021.8
87021.8
86021.2
85028.9
84038.4
83050.3
82060.2
81070.5
80079.7
79090.6
78100.8
77111.2
76124
75138.8
74153
73168.6
72180.8
71192.5
70201.8
69205.7
68210.4
67207.8
66209.4
65199.1
64186.9
63157.9
62123.3
61062.5
59995.5
58892.2
57778.5
56631.1
55448.2
54242.6
52987.8
51709.7
50394.4
49059.5
334083
330683
327413
324269
321249
318347
315554
312862
310263
307750
305313
302945
300641
298392
296195
294043
291933
289860
287821
285813
283833
281880
279952
278046
276160
274295
272447
270617
268803
267005
265221
263450
261692
259947
258214
256492
254780
253079
251388
249707
248035
246371
244716
243070
241431
239800
238176
236560
234950
233348
231753
230164
228583
227007
225438
223875
222318
220768
219223
217683
216149
214620
213097
211579
210065
208557
207054
205556
204063
202575
201091
199613
198139
196672
195211
193756
192308
190867
189434
188009
186591
185181
183778
182382
180993
179610
178233
176860
175493
174130
172770
171411
170054
168700
167349
166003
164663
163330
162002
160682
159367
158059
156755
155455
154160
152869
151583
150301
149022
147748
146479
145216
143959
142708
141465
140229
139000
137777
136562
135352
134148
132949
131757
130570
129392
128219
127054
125892
124734
123579
122427
121279
120134
118993
117856
116724
115597
114474
113357
112246
111142
110043
108952
107865
106784
105707
104636
103565
102503
101445
100392
99340.8
98297.9
97254.4
96214.1
95181.6
94145.3
93113.8
92082.8
91060
90031.6
89019
88000.5
87002.7
85994.7
85004.7
84007.5
83020.2
82021.4
81031.9
80032.5
79040.4
78042.4
77050
76053.2
75067.4
74068
73082.1
72079.9
71086.5
70082.2
69076.1
68070.4
67059.6
66048.3
65032
64005.2
62971.2
61923.6
60857.4
59777
58672.6
57546.5
56399.5
55209.4
54002.4
52751.8
51479
50175.8
48854.6
334565
331195
327945
324808
321784
318869
316057
313341
310715
308173
305707
303311
300979
298703
296481
294305
292172
290078
288021
285995
284000
282032
280090
278172
276275
274399
272543
270704
268883
267077
265287
263510
261747
259997
258259
256533
254818
253114
251420
249735
248060
246394
244737
243088
241447
239814
238189
236571
234960
233357
231760
230171
228588
227011
225441
223877
222320
220768
219222
217682
216147
214618
213094
211575
210061
208552
207049
205550
204056
202568
201084
199605
198132
196665
195204
193750
192302
190861
189428
188002
186584
185174
183772
182376
180988
179606
178230
176859
175494
174132
172772
171412
170056
168701
167350
166004
164664
163330
162003
160682
159368
158060
156757
155457
154162
152871
151584
150301
149022
147747
146478
145215
143957
142707
141464
140228
138999
137776
136560
135350
134145
132945
131750
130562
129381
128207
127040
125877
124720
123564
122413
121264
120120
118980
117844
116713
115587
114466
113351
112240
111137
110039
108948
107860
106780
105702
104631
103559
102497
101439
100384
99335.7
98289.8
97247.7
96207.3
95175
94135.9
93105.8
92071.5
91049.5
90016.4
89002.6
87976.9
86979.5
85962.4
84974.3
83970.9
82987.1
81977.8
80989.7
79982.3
78991.7
77986.2
76992.2
75986.9
75002.1
73991.2
73003.7
71990.9
70991.1
69978.4
68961.9
67948.1
66931.1
65908.2
64893.2
63851.6
62815.2
61751.1
60681.9
59588.6
58483.3
57345.2
56193.8
55000.8
53792.9
52547.9
51282
49990.5
48681.9
334987
331641
328407
325277
322252
319327
316500
313765
311117
308551
306061
303640
301284
298985
296740
294543
292391
290278
288203
286162
284152
282171
280217
278287
276381
274496
272631
270785
268956
267144
265348
263566
261798
260044
258302
256572
254854
253146
251449
249762
248084
246416
244756
243105
241463
239828
238200
236581
234969
233364
231766
230175
228591
227013
225442
223877
222319
220766
219219
217678
216143
214613
213088
211568
210053
208544
207040
205541
204047
202559
201075
199596
198124
196657
195197
193743
192295
190854
189421
187994
186576
185165
183763
182368
180980
179600
178225
176856
175491
174128
172769
171408
170051
168696
167345
165998
164658
163323
161996
160675
159361
158053
156750
155451
154156
152863
151576
150293
149014
147740
146471
145207
143950
142699
141457
140221
138992
137769
136553
135342
134136
132934
131738
130548
129365
128189
127021
125857
124698
123543
122392
121244
120101
118962
117829
116698
115575
114454
113340
112231
111129
110031
108940
107851
106773
105692
104621
103547
102487
101427
100371
99324.7
98277.9
97237.6
96197.8
95165.7
94126.5
93094.3
92059.4
91035.5
89999.9
88982.2
87953.3
86952.5
85930.8
84938.4
83933
82949.4
81936.1
80946.4
79934.4
78941.1
77930.2
76936.1
75925.8
74939.3
73920.9
72930.2
71910.2
70906.5
69886.2
68864.1
67843
66821.3
65791.7
64771.9
63716
62676.6
61601.9
60529.2
59427.6
58315.8
57169.3
56013.4
54819.9
53613.6
52374.7
51115.9
49835.2
48538.1
335353
332028
328807
325683
322657
319725
316886
314136
311470
308885
306374
303933
301555
299237
296972
294757
292587
290458
288368
286313
284290
282297
280332
278392
276476
274583
272711
270858
269023
267205
265404
263617
261845
260087
258341
256608
254886
253176
251476
249786
248106
246436
244774
243121
241476
239839
238210
236589
234975
233369
231770
230177
228592
227013
225441
223875
222315
220762
219214
217672
216135
214604
213079
211559
210044
208535
207030
205531
204037
202548
201065
199587
198114
196648
195189
193735
192288
190847
189413
187986
186567
185156
183753
182358
180970
179590
178217
176848
175483
174120
172759
171398
170040
168685
167333
165985
164646
163311
161984
160661
159348
158039
156737
155436
154142
152849
151562
150278
149000
147726
146459
145195
143938
142687
141445
140208
138979
137756
136540
135328
134122
132918
131722
130529
129346
128168
126998
125832
124673
123517
122367
121219
120078
118940
117809
116680
115559
114439
113326
112217
111116
110018
108928
107839
106761
105679
104606
103532
102471
101410
100356
99308.7
98264.1
97222
96183.1
95152.4
94114.4
93079.2
92048.1
91018.5
89982.2
88955.9
87929.4
86918.7
85896.8
84897.8
83892.9
82907.2
81890.7
80906.2
79889.1
78893.4
77876.7
76877.3
75865.2
74873.6
73853.8
72860.4
71836.3
70831.2
69804.7
68779.3
67752
66727.4
65689.4
64660.1
63602.2
62554.8
61473.6
60392.5
59287.6
58167.6
57017.4
55859.3
54666.5
53463
52229.5
50977.8
49706.8
48419.8
335668
332359
329149
326030
323003
320066
317218
314455
311776
309175
306647
304189
301794
299458
297176
294945
292760
290617
288513
286446
284412
282408
280433
278485
276562
274661
272782
270923
269083
267260
265454
263663
261887
260125
258376
256640
254915
253202
251500
249808
248126
246453
244789
243134
241487
239849
238218
236595
234979
233371
231771
230177
228590
227010
225437
223870
222309
220755
219206
217663
216126
214595
213069
211548
210033
208524
207019
205520
204027
202538
201055
199577
198105
196640
195181
193727
192280
190839
189405
187977
186557
185145
183741
182345
180958
179578
178204
176835
175469
174105
172743
171381
170024
168667
167316
165968
164629
163293
161965
160643
159330
158021
156718
155418
154123
152829
151543
150259
148982
147709
146442
145179
143923
142671
141428
140191
138963
137739
136523
135310
134103
132898
131701
130508
129323
128143
126973
125805
124646
123489
122340
121193
120053
118917
117787
116660
115539
114420
113309
112200
111099
110001
108912
107823
106746
105662
104589
103512
102452
101387
100337
99290.1
98247.3
97203.3
96166.3
95133.9
94098.1
93058.4
92034.2
90997.5
89961.8
88932
87906.6
86877.8
85861.8
84853.6
83846.7
82860.9
81847.3
80857.4
79841.4
78845.1
77822.3
76815.3
75805.2
74805.3
73788.9
72794.2
71765.9
70761.5
69731.9
68703.9
67673.7
66644.7
65602.1
64564.9
63502.3
62442.1
61362.6
60271.5
59166.2
58040
56889.4
55730.6
54539.6
53338.2
52109.2
50864.6
49601.8
48323.7
335935
332640
329437
326321
323294
320353
317497
314726
312035
309421
306880
304407
301998
299648
297352
295108
292909
290754
288639
286561
284517
282505
280522
278566
276636
274729
272844
270980
269135
267308
265498
263703
261924
260159
258407
256668
254941
253225
251520
249826
248142
246467
244801
243144
241496
239855
238223
236598
234981
233371
231769
230174
228586
227005
225431
223863
222302
220746
219197
217654
216117
214585
213059
211538
210023
208513
207009
205510
204016
202528
201045
199568
198097
196631
195173
193720
192273
190831
189396
187968
186547
185134
183730
182333
180944
179564
178188
176818
175450
174085
172722
171361
170003
168647
167295
165948
164608
163272
161944
160623
159310
158001
156698
155398
154102
152809
151523
150239
148963
147690
146424
145161
143904
142653
141410
140172
138944
137720
136504
135290
134082
132877
131679
130485
129300
128119
126947
125779
124619
123462
122313
121167
120028
118892
117763
116638
115518
114401
113290
112182
111082
109983
108895
107806
106727
105642
104571
103495
102429
101365
100317
99266.6
98226.7
97181.8
96143.8
95111.7
94080
93038.6
92013.2
90967.1
89943.7
88903.3
87871.8
86838.2
85830.1
84815.1
83807.8
82811.9
81799.9
80801.5
79792.7
78787.9
77768.4
76755.6
75749.5
74740.5
73728.9
72725.6
71703.1
70695.1
69667.1
68639
67610.1
66575.1
65523.8
64478.1
63413.8
62345.4
61265.6
60167.9
59064.8
57934.7
56785.3
55625.9
54436.5
53236.9
52012.3
50773.5
49517
48246.9
336158
332872
329673
326559
323531
320587
317727
314948
312249
309626
307074
304590
302169
299807
297500
295244
293035
290870
288745
286658
284606
282587
280597
278635
276699
274787
272897
271028
269179
267348
265535
263737
261955
260187
258432
256691
254961
253244
251537
249841
248154
246478
244810
243152
241501
239859
238225
236599
234981
233370
231766
230170
228581
226999
225424
223856
222294
220738
219189
217645
216108
214576
213049
211528
210013
208503
206999
205500
204006
202518
201036
199559
198088
196623
195165
193713
192265
190824
189388
187959
186538
185124
183718
182321
180931
179548
178171
176799
175430
174063
172699
171339
169980
168624
167273
165926
164586
163251
161923
160603
159289
157981
156678
155378
154083
152791
151503
150220
148944
147671
146404
145142
143885
142634
141390
140153
138923
137701
136483
135270
134061
132857
131658
130464
129278
128099
126925
125757
124595
123438
122288
121143
120003
118869
117739
116616
115496
114381
113270
112164
111063
109965
108875
107786
106705
105620
104548
103472
102410
101347
100295
99244.7
98203.4
97157.4
96122.5
95088.3
94055.3
93013.8
91989.2
90939.3
89912.1
88861.6
87841.3
86806.8
85796.8
84779.9
83767.6
82755.1
81751.3
80749.7
79742.8
78726.8
77720.2
76705.8
75696.9
74684.7
73676.8
72663.5
71651.8
70632.8
69610.3
68582.3
67553.3
66510.4
65457.3
64406.2
63334.9
62262.7
61183.7
60085.4
58980.5
57851.4
56703.4
55543.1
54355.6
53156.6
51936.3
50701.4
49449.7
48186.6
336335
333056
329860
326746
323717
320772
317908
315125
312420
309789
307228
304735
302305
299934
297618
295353
293135
290962
288830
286736
284678
282652
280657
278690
276749
274833
272939
271067
269215
267381
265564
263764
261979
260209
258452
256709
254977
253258
251549
249851
248164
246485
244817
243157
241505
239862
238226
236599
234980
233368
231763
230166
228577
226994
225418
223850
222287
220731
219182
217638
216100
214568
213041
211520
210005
208495
206990
205491
203998
202510
201027
199551
198080
196616
195158
193705
192258
190817
189381
187952
186530
185116
183709
182310
180918
179533
178154
176781
175409
174042
172677
171317
169958
168603
167251
165907
164565
163232
161904
160585
159270
157963
156659
155361
154065
152774
151485
150204
148926
147655
146387
145125
143867
142617
141371
140136
138905
137684
136464
135252
134042
132839
131640
130447
129261
128081
126906
125739
124575
123419
122267
121122
119980
118847
117717
116594
115475
114361
113250
112144
111042
109945
108852
107764
106680
105599
104525
103454
102389
101326
100274
99220.8
98176.8
97134.6
96099.3
95059.6
94025
92985.6
91955.7
90905.1
89878.8
88833.6
87817
86769.1
85761.8
84735.8
83721.7
82716.2
81712.3
80698
79692.5
78674.7
77674
76657.4
75652.6
74639.1
73631.9
72613.9
71607.5
70577.9
69561.5
68530.5
67505.6
66453.1
65401.4
64342.7
63272.5
62199.3
61118.5
60020.5
58915.2
57789.8
56641.1
55480.7
54294.2
53095.4
51878.3
50645.8
49398.5
48140.3
336467
333193
329998
326884
323855
320909
318043
315257
312547
309910
307344
304844
302407
300029
297706
295435
293211
291032
288894
286795
284732
282702
280702
278731
276787
274868
272971
271096
269241
267405
265586
263784
261997
260225
258467
256721
254989
253268
251558
249859
248170
246491
244821
243160
241507
239863
238227
236599
234979
233366
231761
230164
228574
226991
225415
223845
222283
220726
219176
217632
216094
214562
213035
211514
209998
208488
206983
205484
203990
202503
201021
199544
198074
196610
195152
193700
192253
190811
189375
187946
186524
185109
183702
182301
180907
179521
178139
176764
175391
174025
172659
171300
169940
168587
167235
165891
164549
163218
161888
160570
159255
157949
156644
155347
154049
152760
151471
150191
148912
147642
146373
145112
143853
142604
141357
140122
138890
137669
136449
135239
134028
132828
131627
130436
129248
128070
126894
125727
124562
123406
122251
121106
119962
118829
117697
116575
115455
114343
113230
112126
111022
109926
108831
107743
106657
105580
104503
103436
102368
101307
100251
99198.4
98153.5
97110
96070.7
95030.8
93996.2
92955.5
91921.8
90878.6
89849.5
88803.8
87788.1
86737.5
85729.5
84695.2
83688.6
82676.5
81668.4
80655.3
79652.1
78634.1
77634.2
76617.8
75616.6
74600.1
73595
72574.8
71567.6
70536.6
69523.7
68487.7
67462.1
66404.4
65359.2
64294.7
63226
62151.1
61069.9
59978
58869
57747.3
56596.9
55437.3
54250
53052.3
51836.8
50605.9
49361.6
48106.6
336551
333281
330089
326976
323948
321000
318133
315344
312631
309991
307421
304917
302475
300093
297765
295489
293262
291079
288937
286835
284768
282735
280733
278759
276812
274891
272992
271115
269258
267420
265600
263797
262009
260235
258476
256730
254996
253274
251563
249864
248174
246494
244823
243162
241509
239864
238228
236599
234978
233366
231760
230162
228572
226989
225412
223843
222280
220723
219173
217629
216090
214557
213030
211509
209993
208482
206978
205478
203985
202497
201015
199539
198069
196605
195147
193694
192247
190806
189370
187941
186520
185105
183696
182294
180900
179513
178128
176752
175377
174012
172645
171287
169927
168575
167222
165880
164538
163208
161878
160561
159244
157939
156632
155337
154038
152751
151461
150182
148902
147633
146363
145103
143843
142594
141347
140111
138878
137657
136437
135228
134019
132821
131619
130430
129240
128063
126885
125720
124553
123397
122240
121094
119948
118815
117682
116560
115439
114327
113214
112110
111006
109910
108813
107727
106639
105566
104486
103425
102351
101297
100233
99183.4
98132.8
97086.6
96045.9
95004.4
93967.5
92929.3
91892.4
90852.5
89823.9
88780
87762.1
86714.9
85706.1
84669.2
83666.7
82639.8
81635.8
80624.4
79618.5
78604.4
77605
76588.3
75583.8
74570
73563.1
72547.4
71537.5
70509.9
69498.4
68454.6
67423.6
66370.2
65326.2
64264.3
63196.9
62125.5
61043.9
59957.4
58838.8
57725.3
56569.2
55412
54222.1
53025.2
51809.7
50580.2
49337.4
48084.4
336593
333324
330134
327023
323994
321046
318178
315388
312674
310032
307460
304953
302510
300125
297795
295517
293287
291102
288959
286854
284786
282751
280748
278773
276825
274902
273003
271125
269267
267428
265607
263803
262014
260240
258480
256734
255000
253277
251566
249866
248176
246495
244824
243162
241509
239864
238228
236599
234978
233365
231760
230162
228571
226988
225411
223842
222278
220722
219171
217627
216088
214555
213028
211506
209990
208480
206975
205476
203982
202494
201012
199536
198066
196602
195144
193691
192244
190803
189368
187939
186517
185101
183692
182291
180897
179507
178122
176744
175369
174004
172637
171280
169919
168568
167215
165874
164532
163203
161872
160556
159237
157934
156626
155331
154032
152745
151455
150177
148897
147628
146357
145098
143837
142589
141341
140105
138872
137651
136431
135223
134014
132817
131614
130426
129234
128059
126879
125715
124546
123392
122233
121088
119941
118808
117674
116552
115430
114319
113205
112101
110995
109899
108801
107716
106627
105558
104474
103420
102340
101292
100221
99174.5
98116.2
97072.8
96026.7
94986.7
93947.4
92912.8
91872.8
90836.2
89803.6
88762.9
87738.9
86696.3
85684.2
84649.2
83645.1
82622.9
81617.3
80607.2
79600.2
78590.3
77584.8
76568.4
75562.4
74549.5
73541.6
72535.7
71519.8
70503.1
69482.2
68437
67402.5
66351.1
65306
64253.4
63180
62128.1
61031.7
59964.1
58830
57726.1
56557.1
55403.6
54208.3
53010.5
51794.6
50566.2
49323.9
48072.1
296715
296603
296381
296050
295615
295079
294446
293722
292912
292023
291060
290028
288933
287779
286573
285319
284023
282689
281320
279919
278490
277037
275561
274067
272557
271033
269497
267949
266389
264821
263244
261662
260075
258484
256891
255297
253701
252105
250509
248913
247317
245721
244127
242536
240949
239365
237783
236204
234628
233055
231487
229922
228361
226803
225248
223698
222152
220610
219075
217547
216024
214505
212992
211484
209984
208491
207003
205519
204039
202564
201094
199629
198168
196712
195260
193811
192365
190923
189486
188054
186627
185207
183793
182385
180984
179591
178203
176821
175443
174070
172703
171342
169987
168636
167289
165948
164612
163279
161949
160622
159301
157984
156672
155365
154062
152766
151477
150197
148924
147657
146395
145137
143885
142639
141400
140167
138939
137716
136498
135284
134075
132871
131673
130481
129293
128109
126928
125752
124580
123412
122250
121091
119937
118786
117639
116497
115359
114226
113098
111976
110860
109752
108650
107555
106467
105385
104311
103244
102184
101133
100089
99053.5
98025.3
97004.5
95991.6
94987
93990.7
93002.5
92022.5
91050.7
90087.7
89133.9
88189.8
87256
86333
85421.1
84520.3
83631.1
82753.6
81888.3
81035.7
80196.3
79370.9
78559.7
77763.2
76981.9
76216.5
75466.6
74731.9
74014
73315
72636.5
71979.1
71343.3
70729.9
70140.4
69576.8
69041.1
68534.2
68056.4
67608.5
67192.1
66809.5
66463.7
66160.2
65906.4
65706.8
65568.9
65485.2
65443
296793
296680
296457
296124
295687
295147
294511
293783
292970
292077
291110
290074
288975
287819
286610
285353
284055
282717
281345
279942
278511
277056
275579
274084
272573
271048
269511
267962
266402
264833
263255
261671
260083
258491
256897
255302
253707
252110
250513
248916
247320
245724
244131
242539
240952
239368
237786
236207
234631
233059
231490
229925
228364
226805
225251
223700
222153
220612
219077
217548
216025
214507
212994
211487
209987
208494
207007
205523
204044
202568
201098
199633
198172
196715
195262
193812
192366
190925
189489
188057
186630
185208
183794
182386
180985
179592
178204
176822
175444
174072
172705
171344
169991
168642
167297
165957
164621
163287
161957
160630
159308
157991
156678
155371
154068
152772
151484
150203
148929
147662
146398
145140
143888
142642
141403
140171
138944
137722
136505
135292
134084
132880
131681
130488
129301
128118
126937
125761
124588
123420
122257
121098
119943
118791
117644
116501
115364
114231
113104
111982
110867
109758
108656
107561
106472
105390
104315
103248
102189
101137
100093
99057.4
98028.9
97008
95995.1
94990.3
93993.7
93005.1
92024.7
91052.6
90089.2
89135.2
88191
87257
86333.8
85421.5
84520.5
83631
82753.2
81887.5
81034.5
80194.8
79369
78557.9
77761.9
76980.9
76215.2
75464.8
74730.1
74012.6
73313.6
72634.6
71976.5
71339.9
70726.2
70137.2
69573.8
69036.8
68527.6
68047
67596.2
67177.4
66792.9
66445.5
66140.7
65884.8
65683.6
65543.6
65458.3
65416.1
296950
296836
296610
296273
295830
295284
294641
293906
293085
292184
291209
290167
289061
287897
286682
285420
284116
282774
281397
279989
278554
277095
275615
274117
272604
271078
269540
267990
266428
264856
263276
261689
260097
258503
256908
255312
253715
252119
250522
248925
247328
245731
244138
242547
240960
239376
237794
236214
234638
233065
231496
229931
228369
226810
225254
223702
222155
220615
219081
217552
216029
214512
212999
211492
209992
208500
207013
205530
204050
202575
201104
199637
198174
196716
195262
193812
192366
190925
189489
188058
186630
185208
183793
182386
180986
179593
178205
176823
175446
174074
172709
171351
169998
168651
167308
165969
164633
163299
161968
160639
159316
157998
156684
155377
154075
152779
151492
150211
148936
147667
146403
145145
143893
142648
141410
140179
138954
137734
136519
135308
134100
132895
131696
130501
129313
128130
126950
125774
124602
123434
122270
121110
119953
118801
117654
116512
115375
114243
113116
111994
110879
109770
108668
107571
106481
105398
104323
103256
102195
101143
100099
99062
98033
97011.8
95998.7
94993.5
93996
93006.5
92025.1
91052
90087.9
89133.3
88188.8
87254.9
86332.1
85420.1
84519.2
83629.4
82751.1
81884.6
81030.9
80190.8
79364.6
78552.8
77756.1
76974.7
76208.8
75458.2
74723.3
74005.1
73304.9
72625
71966.8
71330.2
70716.6
70126.9
69561.4
69022
68510.1
68026.4
67572
67149.3
66760.9
66410.3
66101.2
65840.8
65634.1
65487.5
65397.6
65352.3
297187
297071
296840
296497
296046
295490
294836
294090
293257
292345
291359
290305
289188
288015
286790
285520
284207
282857
281473
280058
278617
277152
275667
274166
272650
271122
269582
268029
266464
264889
263305
261714
260119
258521
256923
255326
253729
252132
250535
248938
247340
245744
244151
242560
240973
239388
237805
236225
234648
233075
231504
229938
228375
226815
225258
223706
222159
220620
219087
217560
216037
214519
213005
211498
209999
208505
207017
205534
204055
202580
201108
199639
198176
196716
195261
193811
192365
190925
189490
188058
186631
185208
183793
182386
180987
179594
178208
176826
175450
174080
172717
171360
170009
168662
167320
165982
164645
163311
161978
160649
159323
158003
156688
155380
154078
152784
151498
150218
148943
147674
146410
145151
143900
142656
141420
140190
138968
137750
136537
135327
134119
132914
131713
130517
129327
128143
126965
125789
124618
123451
122287
121125
119967
118814
117667
116525
115388
114256
113130
112009
110895
109785
108682
107584
106493
105409
104333
103265
102204
101151
100106
99067.9
98038
97016.1
96002.1
94995.7
93996.6
93005.3
92022.4
91048.2
90083.2
89128.1
88183.2
87249.1
86326.3
85414.7
84514
83624.2
82745.6
81878.7
81024.5
80183.7
79356.6
78543.7
77745.8
76963
76195.4
75443.2
74706.8
73987.6
73286.9
72606.4
71947.1
71309.3
70694.3
70102.2
69534.1
68991.1
68475.2
67987.2
67528.4
67100.5
66707.7
66352.7
66038.7
65772.2
65557
65400.5
65303.8
65250.8
297506
297387
297150
296798
296335
295767
295098
294336
293487
292559
291558
290489
289358
288171
286934
285652
284329
282968
281574
280151
278701
277228
275737
274230
272710
271178
269634
268077
266508
264929
263341
261746
260147
258547
256946
255346
253748
252150
250553
248956
247359
245763
244169
242579
240991
239406
237821
236240
234661
233086
231515
229947
228384
226823
225266
223713
222167
220628
219096
217569
216047
214528
213013
211505
210004
208509
207019
205535
204056
202580
201108
199640
198175
196715
195259
193808
192363
190923
189489
188058
186631
185208
183793
182387
180988
179597
178211
176831
175456
174088
172726
171370
170019
168673
167330
165991
164655
163320
161986
160655
159328
158007
156691
155381
154080
152786
151501
150222
148949
147681
146417
145160
143909
142666
141430
140202
138981
137766
136555
135346
134138
132932
131730
130532
129340
128156
126977
125803
124633
123466
122302
121140
119982
118829
117681
116539
115402
114270
113144
112023
110909
109800
108696
107597
106505
105421
104344
103275
102214
101160
100114
99074.9
98043.9
97020.9
96005.6
94997.6
93996.6
93003.5
92018.8
91043.3
90077.3
89121.3
88175.5
87240.8
86317.4
85405.4
84504.4
83614.5
82735.9
81869
81014.5
80173.1
79345
78530.9
77731
76945.7
76175
75419.6
74680.4
73959
73257
72575.6
71915.1
71275.7
70657.7
70062
69489.9
68942.8
68421.7
67928.8
67465.1
67033
66634.4
66273
65951.2
65676.2
65449.7
65282.5
65175.4
65114.4
297909
297786
297541
297177
296699
296113
295425
294643
293774
292826
291805
290717
289568
288365
287112
285815
284479
283106
281700
280265
278804
277322
275823
274309
272784
271246
269696
268134
266561
264977
263384
261784
260182
258579
256976
255374
253773
252174
250576
248978
247381
245785
244192
242601
241013
239426
237840
236257
234676
233100
231527
229958
228394
226833
225275
223723
222176
220638
219106
217580
216057
214537
213021
211512
210008
208511
207020
205535
204055
202578
201106
199637
198172
196712
195256
193805
192360
190922
189488
188058
186630
185208
183793
182387
180990
179599
178215
176836
175463
174096
172735
171379
170027
168679
167335
165996
164659
163324
161990
160658
159331
158008
156691
155381
154079
152786
151501
150223
148951
147684
146422
145166
143917
142675
141440
140213
138993
137779
136570
135362
134154
132948
131744
130544
129352
128166
126987
125814
124644
123478
122314
121153
119995
118842
117695
116553
115415
114282
113155
112034
110919
109810
108707
107608
106516
105431
104354
103285
102223
101168
100121
99081.2
98048.9
97024.4
96007.5
94997.8
93995.2
93000.3
92013.9
91036.8
90069.6
89112.3
88165.5
87229.6
86305
85391.6
84489.8
83599.6
82721.1
81854.5
81000.2
80158.2
79329.1
78513
77710.4
76921.4
76146.5
75386.9
74644
73919.9
73216.1
72533.2
71870.6
71228.1
70606.2
70006
69428.5
68875.4
68348.6
67850.1
67380.8
66942
66535.8
66166.8
65836.6
65551.4
65314
65132.3
65011.9
64942.3
298400
298271
298015
297636
297139
296531
295819
295011
294117
293145
292100
290989
289818
288595
287324
286010
284657
283269
281849
280400
278928
277435
275925
274403
272870
271325
269768
268200
266620
265031
263433
261830
260224
258618
257012
255407
253805
252203
250603
249004
247406
245810
244216
242625
241036
239448
237861
236276
234694
233116
231541
229971
228406
226844
225286
223733
222187
220649
219116
217589
216066
214546
213029
211517
210012
208513
207020
205534
204053
202576
201102
199633
198169
196708
195252
193802
192357
190919
189486
188055
186628
185206
183792
182387
180990
179600
178217
176840
175468
174102
172741
171384
170031
168682
167337
165996
164658
163322
161988
160657
159329
158006
156688
155378
154076
152783
151498
150220
148949
147683
146423
145169
143921
142680
141446
140219
139000
137787
136579
135372
134165
132958
131753
130553
129360
128175
126996
125822
124653
123486
122323
121162
120005
118853
117706
116564
115425
114292
113164
112042
110927
109818
108714
107616
106524
105440
104363
103294
102231
101176
100127
99086.1
98052.4
97026.2
96007.7
94996.4
93992.2
92995.7
92007.7
91029.1
90060.3
89101.6
88153.1
87215.5
86289
85373.9
84470.6
83579.4
82700.6
81834.1
80979.8
80137.4
79307
78488.7
77682.8
76889.5
76109.9
75345.7
74598.8
73871.2
73164.6
72478.9
71813
71166.6
70539.9
69933.7
69349.4
68789
68254.8
67748.8
67272
66825.7
66410.5
66031.6
65690.2
65394.5
65145.1
64950.5
64814.8
64738.9
298982
298845
298576
298177
297656
297020
296279
295441
294516
293514
292440
291302
290107
288860
287568
286235
284864
283458
282021
280557
279070
277565
276045
274512
272969
271414
269849
268273
266687
265091
263489
261882
260273
258663
257054
255446
253840
252236
250634
249032
247433
245837
244242
242651
241061
239471
237883
236297
234714
233134
231558
229987
228420
226857
225299
223745
222199
220659
219126
217599
216075
214554
213036
211523
210016
208514
207020
205532
204049
202572
201098
199629
198164
196703
195247
193797
192353
190914
189480
188049
186622
185201
183788
182384
180988
179599
178217
176841
175470
174104
172743
171385
170031
168681
167334
165992
164653
163316
161981
160650
159322
157999
156682
155372
154070
152777
151491
150214
148943
147679
146420
145167
143921
142681
141447
140221
139001
137788
136580
135373
134167
132960
131757
130558
129365
128180
127001
125827
124658
123491
122328
121168
120012
118861
117714
116572
115433
114299
113171
112049
110933
109823
108719
107621
106530
105446
104370
103300
102237
101181
100131
99088.8
98053.6
97025.8
96005.6
94992.8
93987.2
92989.4
92000.1
91020
90049.7
89089.1
88138.6
87198.8
86270
85352.6
84446.9
83553.6
82673.2
81805.7
80950.9
80108.1
79276.6
78456.2
77647.1
76849.6
76065.3
75296.3
74544.6
73812.8
73102.2
72412.3
71741.8
71089.9
70456.6
69842.8
69250.6
68681.6
68138.3
67623.3
67137
66681
66254.5
65863.4
65509.7
65200.5
64939.5
64731.5
64586.7
64502.7
299660
299515
299227
298804
298253
297584
296807
295932
294971
293933
292826
291657
290433
289160
287844
286488
285096
283671
282215
280734
279232
277713
276179
274634
273079
271514
269938
268353
266759
265157
263549
261938
260325
258712
257099
255488
253879
252273
250667
249064
247464
245866
244270
242677
241086
239496
237907
236320
234736
233156
231578
230005
228436
226872
225312
223758
222211
220670
219136
217607
216082
214560
213042
211528
210019
208516
207019
205529
204045
202566
201092
199622
198157
196696
195240
193790
192345
190905
189470
188039
186612
185192
183780
182378
180983
179596
178214
176839
175468
174102
172740
171382
170028
168677
167329
165985
164644
163306
161971
160639
159311
157988
156671
155362
154060
152767
151482
150204
148934
147670
146413
145162
143917
142677
141444
140217
138997
137783
136573
135367
134161
132956
131754
130557
129366
128181
127002
125829
124659
123493
122330
121171
120016
118865
117719
116576
115439
114305
113177
112054
110938
109827
108723
107626
106535
105451
104375
103305
102241
101184
100133
99089.1
98052.4
97022.8
96000.9
94986.7
93980.1
92981.2
91990.8
91009.4
90037.5
89074.8
88122.2
87179.9
86248.5
85328.1
84419.4
83522.8
82639.4
81769.4
80913
80069
79236.4
78413.9
77601.8
76800.4
76011.4
75237.5
74481.1
73744.4
73028.6
72333
71656.2
70997.7
70356.7
69734.2
69132.4
68553.1
67998.4
67472.4
66973.3
66505
66064.2
65659.6
65291.1
64968
64694.1
64474.4
64316.7
64229.9
300442
300285
299975
299521
298933
298223
297403
296486
295483
294404
293258
292053
290795
289492
288148
286768
285353
283906
282430
280930
279410
277876
276328
274769
273201
271623
270036
268440
266837
265228
263614
261998
260381
258764
257148
255533
253921
252311
250703
249098
247496
245897
244300
242706
241113
239522
237932
236345
234760
233178
231599
230024
228453
226887
225326
223771
222223
220681
219145
217614
216088
214565
213046
211531
210021
208517
207019
205527
204041
202561
201085
199614
198148
196687
195231
193780
192335
190894
189457
188025
186599
185181
183770
182369
180976
179589
178209
176834
175463
174097
172735
171377
170022
168670
167322
165976
164634
163294
161958
160625
159297
157974
156657
155348
154047
152754
151469
150192
148922
147659
146403
145153
143908
142669
141435
140208
138987
137772
136561
135354
134148
132945
131746
130551
129361
128178
126999
125826
124656
123491
122328
121170
120016
118866
117720
116579
115442
114309
113182
112059
110943
109832
108728
107630
106540
105456
104380
103309
102245
101186
100134
99088.7
98050.1
97018.7
95995
94979.4
93971.4
92971.7
91980.3
90997.7
90024.1
89059.4
88104.4
87159.5
86225.2
85301.6
84389.3
83489
82601.4
81727.5
80867.5
80020.8
79185.8
78361.2
77546
76740.7
75947.4
75168.5
74406.8
73664.8
72943
72240.5
71556.4
70889.9
70240.4
69608.3
68994.9
68403.9
67835.1
67295.1
66780.1
66296.2
65838.1
65416.7
65031.5
64690.5
64402.4
64167.7
64003
63907.7
301336
301164
300826
300333
299700
298940
298070
297102
296050
294924
293735
292489
291194
289856
288481
287073
285633
284162
282663
281142
279604
278052
276489
274915
273332
271740
270141
268534
266921
265304
263684
262062
260439
258817
257197
255579
253963
252351
250741
249134
247530
245929
244331
242735
241140
239548
237958
236370
234784
233201
231621
230044
228471
226903
225342
223786
222236
220692
219154
217621
216093
214570
213050
211534
210023
208518
207019
205526
204038
202556
201078
199606
198139
196677
195221
193769
192322
190880
189442
188010
186585
185168
183759
182359
180967
179581
178201
176826
175456
174090
172728
171370
170015
168662
167313
165966
164623
163282
161945
160612
159282
157959
156643
155334
154032
152739
151455
150178
148908
147646
146390
145140
143895
142656
141422
140194
138972
137756
136544
135337
134132
132931
131733
130541
129353
128170
126992
125819
124650
123486
122324
121167
120013
118864
117719
116579
115443
114311
113185
112063
110947
109837
108733
107635
106545
105461
104384
103313
102248
101189
100136
99088.5
98048.2
97015.2
95989.9
94972.6
93963.2
92962.2
91969.7
90985.7
90010.5
89043.7
88086.3
87138.6
86201.2
85274.1
84357.9
83453.3
82561.2
81682.5
80817.7
79966
79126.8
78298.5
77480
76671
75873.2
75089.3
74322.4
73574.1
72845.4
72135.1
71442.2
70766.5
70106.4
69463.5
68836.5
68232.2
67646.7
67090.1
66555.7
66053.1
65574.2
65131.3
64725.5
64363.8
64057.8
63808.4
63629.2
63532.3
302353
302162
301788
301247
300557
299738
298808
297782
296673
295494
294254
292963
291625
290248
288839
287399
285931
284433
282911
281368
279810
278240
276659
275069
273471
271865
270252
268634
267011
265384
263756
262128
260499
258872
257247
255625
254006
252391
250779
249170
247565
245962
244362
242764
241168
239574
237983
236394
234807
233223
231642
230064
228489
226921
225358
223801
222249
220704
219163
217628
216099
214574
213054
211538
210026
208520
207019
205525
204036
202552
201073
199599
198131
196668
195211
193758
192310
190866
189428
187997
186573
185156
183749
182349
180957
179572
178192
176817
175447
174081
172719
171361
170005
168653
167303
165956
164611
163270
161932
160598
159269
157946
156629
155319
154018
152725
151440
150162
148893
147630
146375
145124
143880
142640
141406
140178
138955
137738
136526
135318
134114
132915
131718
130527
129341
128160
126983
125811
124643
123479
122318
121162
120009
118861
117717
116577
115443
114312
113187
112066
110951
109841
108738
107640
106550
105466
104389
103318
102252
101192
100138
99089.5
98047.9
97013.6
95986.8
94967.9
93957
92954.5
91960.5
90974.8
89997.5
89028.6
88068.6
87118
86177.2
85246.6
84326.7
83417.7
82520.8
81636.8
80766
79908.2
79062.8
78229.2
77405.9
76592.7
75790.4
75001.5
74228.4
73473.6
72736.5
72017.1
71313.6
70627.2
69954.4
69300.1
68657.5
68037.8
67433.6
66857.6
66299.8
65773.4
65270.5
64800.9
64369.9
63981.8
63653.5
63383.9
63194.6
63082.5
303509
303291
302871
302269
301510
300619
299617
298523
297350
296109
294814
293471
292087
290667
289219
287744
286243
284718
283169
281603
280024
278434
276836
275229
273615
271995
270369
268738
267104
265468
263832
262196
260561
258928
257298
255672
254050
252431
250817
249206
247599
245995
244393
242793
241195
239600
238007
236416
234829
233244
231662
230083
228508
226939
225375
223816
222264
220716
219174
217637
216106
214580
213059
211541
210029
208521
207020
205524
204034
202549
201069
199594
198125
196660
195201
193748
192299
190855
189417
187986
186563
185147
183740
182341
180949
179563
178183
176808
175438
174072
172710
171351
169996
168643
167292
165945
164600
163259
161920
160586
159257
157933
156616
155306
154004
152710
151425
150147
148877
147614
146358
145107
143862
142622
141388
140160
138936
137719
136506
135299
134096
132897
131702
130513
129327
128148
126972
125802
124635
123471
122312
121156
120005
118857
117714
116576
115442
114313
113188
112069
110954
109845
108742
107645
106555
105471
104394
103322
102256
101196
100141
99092.2
98049.7
97014.4
95986.5
94966.1
93953.7
92949.5
91953.5
90965.8
89986.2
89014.8
88052.1
87098.5
86154.4
85220.3
84296.4
83383
82481.3
81591.7
80714.7
79850
78997.6
78157.1
77327.6
76508.7
75701.1
74906.4
74126.5
73364
72617.2
71887.7
71171.7
70474
69785.9
69117.8
68457.8
67820.9
67195.4
66596.9
66012.9
65457.5
64925.7
64424.2
63962.1
63542.1
63183.8
62888
62675.5
62560.4
304821
304569
304087
303407
302563
301585
300499
299324
298076
296767
295409
294010
292574
291108
289616
288103
286568
285011
283436
281845
280244
278634
277017
275394
273764
272129
270489
268846
267201
265555
263910
262267
260625
258986
257351
255720
254093
252472
250854
249242
247633
246027
244423
242821
241221
239623
238028
236436
234847
233261
231679
230100
228525
226956
225391
223832
222278
220730
219186
217648
216115
214587
213065
211545
210032
208523
207020
205524
204033
202547
201066
199590
198120
196655
195195
193740
192291
190847
189410
187979
186557
185142
183734
182335
180942
179556
178176
176801
175430
174064
172702
171343
169986
168633
167282
165935
164589
163248
161910
160575
159246
157922
156605
155294
153992
152697
151410
150132
148861
147598
146341
145090
143844
142604
141370
140142
138918
137700
136488
135281
134078
132880
131686
130497
129313
128135
126961
125791
124626
123464
122306
121151
120001
118855
117713
116576
115443
114314
113190
112071
110957
109849
108747
107650
106560
105477
104399
103328
102262
101201
100146
99096.9
98054.1
97017.9
95989
94967.2
93953.4
92947.2
91949.3
90959.3
89977.3
89003.2
88037.7
87081
86133.4
85195.5
84267.7
83349.8
82443.1
81547.9
80664.5
79792.9
78933.1
78084.9
77247.8
76422
75607.4
74805.9
74017.8
73246.6
72488.7
71748.3
71018.1
70306.9
69601.9
68917.5
68238
67580.7
66930.9
66305.6
65693.1
65104.4
64539.4
64000.7
63500.1
63039.4
62642
62311.5
62077.7
61935
306315
306014
305450
304670
303718
302635
301448
300180
298847
297461
296035
294574
293083
291566
290029
288474
286902
285313
283709
282093
280469
278838
277202
275561
273916
272266
270612
268957
267301
265644
263991
262339
260691
259046
257404
255768
254137
252512
250892
249276
247665
246056
244450
242845
241243
239643
238046
236453
234863
233276
231694
230116
228541
226971
225405
223845
222292
220743
219199
217659
216125
214596
213071
211550
210034
208524
207021
205523
204031
202545
201063
199587
198116
196651
195190
193735
192286
190843
189405
187976
186553
185139
183732
182331
180938
179551
178170
176795
175424
174058
172694
171335
169978
168625
167273
165925
164580
163238
161900
160566
159237
157913
156595
155284
153980
152685
151397
150118
148846
147582
146325
145073
143828
142588
141354
140125
138902
137684
136471
135264
134061
132864
131671
130483
129300
128123
126950
125781
124617
123457
122300
121147
119998
118853
117713
116576
115444
114316
113193
112075
110962
109854
108752
107656
106567
105483
104406
103335
102269
101208
100153
99104.2
98061
97024.4
95994.4
94971.6
93956.1
92948.2
91948
90955.8
89971.2
88994.5
88025.9
87066
86114.8
85173
84240.9
83318.5
82406.5
81505.6
80615.7
79737.2
78869.9
78013.8
77168.4
76334.4
75511.2
74701.4
73903.4
73122.1
72351.8
71598.9
70853.2
70126.6
69403.6
68700.7
67999.3
67318.2
66642.2
65986
65341.4
64715.8
64111.5
63529.9
62982.5
62473.6
62025.2
61647.5
61369.1
61215.6
308027
307654
306974
306061
304973
303760
302455
301081
299654
298186
296685
295158
293608
292039
290454
288856
287246
285622
283988
282346
280699
279046
277390
275732
274069
272405
270738
269070
267403
265737
264073
262413
260757
259106
257459
255817
254182
252553
250929
249310
247695
246084
244474
242867
241262
239660
238061
236466
234875
233289
231707
230129
228554
226983
225417
223857
222303
220754
219210
217670
216134
214604
213077
211555
210037
208526
207020
205522
204030
202543
201061
199584
198113
196647
195187
193732
192283
190840
189403
187974
186552
185138
183731
182330
180936
179549
178167
176791
175419
174052
172688
171329
169971
168617
167266
165918
164572
163231
161892
160558
159229
157905
156587
155275
153971
152675
151387
150107
148834
147570
146311
145060
143814
142574
141340
140111
138887
137670
136457
135250
134047
132850
131658
130471
129289
128112
126940
125773
124610
123451
122296
121145
119997
118854
117714
116579
115447
114320
113198
112080
110967
109860
108759
107664
106575
105492
104415
103344
102278
101218
100163
99114
98070.8
97033.6
96003
94979
93962.1
92952.4
91950
90955.3
89968.2
88988.7
88017
87053.7
86098.8
85152.9
84216.5
83289.2
82372
81465.1
80568.9
79683.5
78808.6
77944.4
77090.1
76247.3
75413.9
74594.3
73784.5
72991.9
72207.4
71440.7
70678.1
69934.8
69191.6
68467.4
67743.5
67035.7
66331.3
65642.4
64962.5
64296.3
63646.9
63016.6
62413.2
61845.3
61331.8
60889.4
60560.5
60354.4
310013
309523
308671
307575
306317
304951
303511
302019
300491
298934
297355
295759
294147
292524
290891
289249
287598
285940
284275
282605
280932
279257
277581
275904
274225
272545
270865
269185
267507
265830
264157
262489
260826
259167
257514
255867
254227
252593
250965
249342
247724
246109
244496
242886
241278
239674
238073
236477
234885
233298
231716
230138
228564
226993
225426
223865
222311
220762
219218
217678
216141
214610
213082
211558
210039
208526
207020
205521
204028
202540
201058
199582
198111
196645
195184
193729
192281
190839
189403
187974
186553
185139
183732
182331
180937
179548
178165
176789
175416
174048
172684
171324
169966
168612
167260
165912
164567
163225
161887
160553
159224
157899
156581
155270
153965
152669
151380
150099
148826
147561
146302
145050
143804
142564
141329
140100
138876
137659
136445
135239
134036
132840
131648
130462
129281
128105
126934
125767
124606
123448
122294
121145
119998
118856
117718
116583
115453
114326
113204
112087
110975
109869
108768
107673
106585
105502
104426
103355
102290
101230
100176
99126.3
98083.1
97045.6
96014.4
94989.5
93971.3
92959.8
91955.4
90958.2
89968.4
88986
88011.3
87044.5
86085.8
85135.9
84194.8
83262.8
82339.9
81427.2
80524.1
79631.9
78748.6
77876.6
77012.5
76160.7
75315.9
74485.8
73662.3
72857.3
72056.2
71274.5
70493.6
69730.9
68967.4
68219.3
67470.7
66735.6
66002
65278.2
64560.7
63852
63153.4
62468.1
61800.7
61160.1
60563.7
60032.9
59615.7
59370.4
312369
311662
310547
309206
307738
306194
304605
302987
301350
299700
298040
296371
294697
293018
291335
289648
287958
286264
284567
282868
281170
279472
277775
276078
274382
272687
270993
269301
267612
265925
264243
262566
260894
259229
257570
255917
254271
252632
250999
249372
247749
246130
244515
242902
241292
239686
238083
236485
234893
233305
231723
230144
228570
226999
225432
223871
222316
220767
219222
217682
216146
214614
213086
211561
210041
208527
207020
205520
204026
202539
201056
199580
198109
196643
195183
193729
192281
190839
189404
187976
186555
185141
183734
182333
180938
179550
178166
176788
175415
174046
172681
171320
169963
168608
167257
165909
164563
163222
161884
160549
159220
157896
156578
155267
153962
152666
151377
150096
148822
147556
146297
145045
143798
142558
141322
140093
138869
137651
136438
135231
134029
132833
131641
130456
129275
128100
126930
125764
124604
123448
122295
121147
120002
118861
117723
116590
115460
114335
113213
112097
110985
109880
108780
107685
106597
105515
104439
103369
102304
101244
100190
99140.9
98097.6
97060.1
96028.3
95002.8
93983.3
92970.3
91963.9
90964.5
89971.9
88986.8
88008.9
87038.7
86076.3
85122.3
84176.2
83239.4
82310.6
81392
80481.6
79582.4
78690
77810
76935.5
76074.4
75217.3
74376.2
73537.7
72718.4
71900.5
71101.1
70301.4
69517.8
68731.8
67960.2
67186.3
66421.9
65657.4
64899.1
64141.4
63388.5
62637.2
61892
61152.7
60428.5
59731.4
59087
58548.9
58190.9
315275
314110
312592
310934
309217
307475
305726
303975
302225
300479
298734
296993
295254
293518
291785
290053
288322
286592
284863
283136
281411
279689
277970
276254
274541
272831
271123
269418
267718
266021
264329
262644
260964
259292
257626
255967
254315
252671
251032
249400
247773
246150
244531
242915
241303
239695
238091
236492
234899
233310
231727
230148
228573
227002
225435
223873
222318
220768
219224
217684
216148
214616
213088
211563
210043
208529
207021
205520
204026
202537
201055
199578
198107
196642
195182
193729
192281
190840
189406
187978
186557
185143
183736
182336
180941
179552
178169
176790
175416
174046
172681
171320
169962
168608
167256
165908
164562
163221
161883
160549
159220
157897
156579
155268
153964
152667
151378
150097
148823
147557
146297
145044
143797
142556
141320
140091
138866
137648
136435
135228
134025
132829
131638
130453
129273
128099
126929
125765
124605
123451
122299
121153
120009
118869
117732
116600
115470
114346
113225
112109
110999
109894
108794
107700
106612
105530
104454
103384
102319
101260
100206
99157.3
98114
97076.3
96044.5
95018.3
93997.8
92983.4
91975.4
90973.8
89979
88991
88010.1
87036.5
86070.3
85112.2
84161
83219.3
82284
81359.6
80441.3
79534.8
78633.1
77744.2
76859
75987.6
75118.1
74264.5
73411.6
72576.5
71740.9
70923.7
70102.8
69298.7
68489.9
67693.2
66892.9
66099.4
65302.6
64508.6
63710.4
62911.5
62106.6
61298.4
60483.8
59666.7
58854.2
58064.7
57346.8
56837
318921
316861
314755
312716
310724
308774
306858
304971
303107
301262
299433
297618
295815
294022
292237
290460
288690
286924
285162
283406
281654
279908
278168
276432
274702
272975
271253
269536
267824
266117
264416
262722
261035
259355
257682
256017
254359
252709
251065
249427
247795
246169
244546
242928
241313
239704
238098
236498
234903
233313
231729
230149
228574
227002
225435
223874
222317
220767
219223
217683
216147
214616
213088
211564
210045
208531
207022
205521
204026
202538
201055
199579
198108
196643
195183
193730
192283
190842
189408
187981
186560
185147
183740
182340
180945
179557
178173
176794
175419
174049
172684
171322
169964
168609
167258
165909
164564
163222
161885
160551
159223
157900
156583
155273
153969
152673
151384
150103
148829
147562
146302
145049
143800
142559
141323
140093
138868
137649
136436
135228
134026
132830
131639
130455
129275
128102
126933
125771
124611
123459
122308
121163
120019
118880
117744
116612
115483
114359
113239
112125
111015
109910
108811
107717
106629
105547
104471
103401
102336
101277
100224
99175.3
98132.2
97094.4
96062.3
95035.6
94014.3
92998.9
91989.3
90986
89988.6
88998.3
88014.1
87037.6
86067.2
85105.4
84148.8
83202.2
82260.6
81329.7
80403.7
79488.9
78578
77679.2
76783.1
75900.3
75018.3
74151.8
73283.2
72433
71578.9
70743.1
69902.1
69075.8
68244.5
67422.4
66595.1
65772.4
64942.6
64113.4
63273.6
62430.4
61570.9
60701.9
59810.7
58900.8
57961.9
57005.3
56042.6
55227.2
50050.8
42656.2
38010.8
33588.9
29662.9
25952.5
22522.6
19338.8
16396.5
13700.2
11238.9
9004.96
7014.76
5251.97
3747.76
2500.71
1517.67
800.998
309.406
35.0641
49154.9
42630.3
38003.7
33591.6
29670.8
25962.9
22533.2
19349.5
16406.7
13709.5
11247.7
9012.44
7021.3
5256.92
3751.26
2503.13
1519.22
803.007
311.379
35.5494
48465.8
42578.6
37994.6
33593.6
29686.6
25977
22552.2
19365.5
16424
13723.8
11261.9
9023.72
7031.24
5264.27
3756.47
2506.64
1521.22
805.802
314.418
36.3338
47879.5
42494.5
37964.6
33592.9
29700.7
25990.4
22572.1
19381.9
16442.4
13738.4
11276.1
9034.9
7040.57
5271.41
3761.38
2509.92
1522.5
807.306
316.414
37.1601
47393.9
42372.6
37910.1
33585.5
29706.3
25998.7
22586.8
19393.9
16456.3
13748.6
11286.5
9042.7
7046.57
5276.47
3764.6
2511.66
1522.14
805.605
315.583
37.4822
47000.6
42220.3
37829.8
33565.4
29698.5
25999.4
22591.6
19398.2
16461.5
13751.2
11289.3
9044.66
7047.17
5278
3765.27
2511.26
1519.84
799.999
310.836
36.938
46680
42051.2
37726.7
33528.4
29673.9
25989
22583.9
19392.1
16455.9
13744.5
11282.7
9039.55
7041.71
5275.51
3763.3
2509.04
1516.11
791.548
302.815
35.5831
46414.1
41880.5
37607.2
33472.9
29631.1
25965.1
22562.5
19374.6
16439.1
13728.2
11266.6
9027.31
7030.73
5269.57
3759.63
2506.46
1512.57
782.943
293.828
33.9122
46192.1
41721.4
37481.4
33401.4
29572.5
25926.8
22528
19346
16411.6
13703.3
11242.3
9008.85
7015.84
5261.8
3756.06
2505.66
1511.59
777.428
286.877
32.5921
46007.9
41582.6
37360.8
33319.7
29503.3
25876.7
22483.1
19307.9
16375.5
13671.7
11212.7
8986.41
6999.48
5254.25
3754.7
2508.91
1515.45
777.541
284.353
32.1035
45857.3
41468.4
37254.6
33236.3
29430.7
25819.8
22432.1
19264
16334.6
13636.8
11181.3
8963.09
6984.34
5249.12
3757.36
2517.52
1525.13
783.907
286.863
32.5233
45736.2
41378.4
37168.2
33159.9
29361.7
25762.4
22380.8
19219.4
16293.8
13602.4
11152.2
8942.15
6972.79
5247.88
3764.6
2531.09
1539.67
795.224
293.273
33.5705
45640.4
41309
37102.8
33096.6
29302.3
25710.5
22334.1
19178.6
16257.5
13572.3
11128.1
8926.07
6966.05
5250.65
3775.3
2547.43
1556.6
809.009
301.597
34.8109
45565.4
41255.8
37055.9
33048.8
29255.4
25667.9
22295.4
19145
16228.3
13548.8
11110.5
8915.69
6963.72
5256.06
3787.2
2563.66
1573.11
822.639
309.75
35.8285
45507
41214.6
37022.7
33014.9
29221.2
25635.8
22266.3
19120
16207.2
13532.5
11099.3
8910.23
6964.31
5262.11
3797.9
2577.26
1586.86
834.001
316.075
36.3538
45461
41182.3
36998.9
32991.6
29197.6
25613.5
22246.2
19103
16193.4
13522.3
11092.8
8907.72
6965.68
5266.85
3805.57
2586.53
1596.23
841.605
319.547
36.3157
45424.4
41156.3
36980.7
32975.2
29181.6
25598.8
22233.4
19092.4
16184.9
13516.3
11088.9
8906.07
6966.1
5269.01
3809.26
2590.73
1600.4
844.653
319.946
35.8153
45396.3
41135.4
36966.1
32963
29170.5
25589.2
22225.5
19086.2
16180.1
13512.7
11086.2
8904.21
6965.03
5268.5
3809.2
2590.5
1600.08
843.809
318.074
35.1102
45376.9
41118.9
36954.5
32954.2
29163
25583.3
22221.2
19083
16177.6
13510.5
11084.3
8902.41
6963.25
5266.46
3807.02
2587.91
1597.47
841.198
315.597
34.4981
45367
41108.5
36947.5
32949.5
29159.7
25580.9
22219.6
19081.9
16176.7
13509.7
11083.5
8901.48
6962.11
5264.98
3805.24
2585.75
1595.18
839.042
313.893
34.1351
)
;

boundaryField
{
    inlet
    {
        type            calculated;
        value           nonuniform List<scalar> 
20
(
627869
627891
627905
627916
627925
627932
627937
627941
627943
627945
627945
627943
627941
627937
627932
627925
627916
627905
627891
627869
)
;
    }
    outlet
    {
        type            calculated;
        value           uniform 0;
    }
    walls
    {
        type            calculated;
        value           nonuniform List<scalar> 
520
(
627869
612030
595037
578189
561570
545193
529058
513166
497517
482111
466951
452037
437375
422972
408840
395005
381507
368411
355818
343865
336593
333324
330134
327023
323994
321046
318178
315388
312674
310032
307460
304953
302510
300125
297795
295517
293287
291102
288959
286854
284786
282751
280748
278773
276825
274902
273003
271125
269267
267428
265607
263803
262014
260240
258480
256734
255000
253277
251566
249866
248176
246495
244824
243162
241509
239864
238228
236599
234978
233365
231760
230162
228571
226988
225411
223842
222278
220722
219171
217627
216088
214555
213028
211506
209990
208480
206975
205476
203982
202494
201012
199536
198066
196602
195144
193691
192244
190803
189368
187939
186517
185101
183692
182291
180897
179507
178122
176744
175369
174004
172637
171280
169919
168568
167215
165874
164532
163203
161872
160556
159237
157934
156626
155331
154032
152745
151455
150177
148897
147628
146357
145098
143837
142589
141341
140105
138872
137651
136431
135223
134014
132817
131614
130426
129234
128059
126879
125715
124546
123392
122233
121088
119941
118808
117674
116552
115430
114319
113205
112101
110995
109899
108801
107716
106627
105558
104474
103420
102340
101292
100221
99174.5
98116.2
97072.8
96026.7
94986.7
93947.4
92912.8
91872.8
90836.2
89803.6
88762.9
87738.9
86696.3
85684.2
84649.2
83645.1
82622.9
81617.3
80607.2
79600.2
78590.3
77584.8
76568.4
75562.4
74549.5
73541.6
72535.7
71519.8
70503.1
69482.2
68437
67402.5
66351.1
65306
64253.4
63180
62128.1
61031.7
59964.1
58830
57726.1
56557.1
55403.6
54208.3
53010.5
51794.6
50566.2
49323.9
48072.1
45367
41108.5
36947.5
32949.5
29159.7
25580.9
22219.6
19081.9
16176.7
13509.7
11083.5
8901.48
6962.11
5264.98
3805.24
2585.75
1595.18
839.042
313.893
34.1351
627869
612031
595037
578188
561569
545191
529056
513161
497509
482096
466923
451987
437284
422805
408537
394453
380498
366565
352403
337221
296715
296793
296950
297187
297506
297909
298400
298982
299660
300442
301336
302353
303509
304821
306315
308027
310013
312369
315275
318921
296715
296603
296381
296050
295615
295079
294446
293722
292912
292023
291060
290028
288933
287779
286573
285319
284023
282689
281320
279919
278490
277037
275561
274067
272557
271033
269497
267949
266389
264821
263244
261662
260075
258484
256891
255297
253701
252105
250509
248913
247317
245721
244127
242536
240949
239365
237783
236204
234628
233055
231487
229922
228361
226803
225248
223698
222152
220610
219075
217547
216024
214505
212992
211484
209984
208491
207003
205519
204039
202564
201094
199629
198168
196712
195260
193811
192365
190923
189486
188054
186627
185207
183793
182385
180984
179591
178203
176821
175443
174070
172703
171342
169987
168636
167289
165948
164612
163279
161949
160622
159301
157984
156672
155365
154062
152766
151477
150197
148924
147657
146395
145137
143885
142639
141400
140167
138939
137716
136498
135284
134075
132871
131673
130481
129293
128109
126928
125752
124580
123412
122250
121091
119937
118786
117639
116497
115359
114226
113098
111976
110860
109752
108650
107555
106467
105385
104311
103244
102184
101133
100089
99053.5
98025.3
97004.5
95991.6
94987
93990.7
93002.5
92022.5
91050.7
90087.7
89133.9
88189.8
87256
86333
85421.1
84520.3
83631.1
82753.6
81888.3
81035.7
80196.3
79370.9
78559.7
77763.2
76981.9
76216.5
75466.6
74731.9
74014
73315
72636.5
71979.1
71343.3
70729.9
70140.4
69576.8
69041.1
68534.2
68056.4
67608.5
67192.1
66809.5
66463.7
66160.2
65906.4
65706.8
65568.9
65485.2
65443
65443
65416.1
65352.3
65250.8
65114.4
64942.3
64738.9
64502.7
64229.9
63907.7
63532.3
63082.5
62560.4
61935
61215.6
60354.4
59370.4
58190.9
56837
55227.2
50050.8
42656.2
38010.8
33588.9
29662.9
25952.5
22522.6
19338.8
16396.5
13700.2
11238.9
9004.96
7014.76
5251.97
3747.76
2500.71
1517.67
800.998
309.406
35.0641
)
;
    }
    frontAndBack
    {
        type            empty;
    }
}


// ************************************************************************* //
