/*--------------------------------*- C++ -*----------------------------------*\
| =========                 |                                                 |
| \\      /  F ield         | OpenFOAM: The Open Source CFD Toolbox           |
|  \\    /   O peration     | Version:  2.4.0                                 |
|   \\  /    A nd           | Web:      www.OpenFOAM.org                      |
|    \\/     M anipulation  |                                                 |
\*---------------------------------------------------------------------------*/
FoamFile
{
    version     2.0;
    format      ascii;
    class       volScalarField;
    location    "0.95";
    object      p;
}
// * * * * * * * * * * * * * * * * * * * * * * * * * * * * * * * * * * * * * //

dimensions      [0 2 -2 0 0 0 0];

internalField   nonuniform List<scalar> 
8800
(
102.677
90.3507
82.8942
79.4619
77.5011
76.119
75.0056
73.7276
72.8897
71.8341
70.8234
70.0572
69.0235
68.0814
67.4692
66.4329
65.6942
65.1445
64.4871
63.6612
99.5615
89.9991
83.0622
79.5758
77.5627
76.1391
75.0208
73.722
72.8858
71.8391
70.8081
70.0649
69.0214
68.0693
67.4817
66.4314
65.6811
65.1521
64.4954
63.5784
97.5954
90.0761
83.6631
79.9517
77.7302
76.2175
75.0692
73.7499
72.9147
71.8576
70.8115
70.0793
69.018
68.0624
67.4894
66.4209
65.6718
65.146
64.5656
63.6338
96.0552
90.1388
84.2592
80.3697
77.9179
76.3074
75.1208
73.8103
72.9672
71.8899
70.845
70.099
69.0199
68.0731
67.4913
66.4112
65.6602
65.1428
64.629
63.9264
94.8051
90.1038
84.7398
80.772
78.0967
76.3794
75.1557
73.8769
73.0226
71.9321
70.8966
70.1176
69.0268
68.1019
67.474
66.4134
65.6358
65.1456
64.5411
64.3211
93.808
90.0059
85.1151
81.1029
78.2644
76.4184
75.1671
73.9389
73.0623
71.9735
70.9534
70.1293
69.0377
68.1359
67.4416
66.4161
65.6252
65.1401
64.5469
64.9006
93.0276
89.872
85.3873
81.3757
78.4174
76.4417
75.1591
73.9792
73.0888
72.007
70.9747
70.1387
69.052
68.1561
67.4095
66.4187
65.638
65.1278
64.6476
65.2681
92.4821
89.7863
85.5495
81.5851
78.5473
76.4538
75.1451
74.0072
73.1112
72.0403
71.0095
70.1465
69.0622
68.1737
67.391
66.4267
65.6561
65.1278
64.7455
65.5254
92.1256
89.7303
85.6699
81.7442
78.6345
76.4623
75.1397
74.0719
73.1304
72.0746
71.037
70.1462
69.0766
68.1872
67.3771
66.4423
65.6788
65.1437
64.8191
65.7445
91.9431
89.7109
85.7299
81.8177
78.6848
76.4591
75.1348
74.0793
73.1256
72.093
71.0573
70.1388
69.0884
68.1941
67.3702
66.4559
65.7028
65.1525
64.8761
65.8805
91.9418
89.7175
85.7332
81.8115
78.692
76.4606
75.1285
74.0815
73.1152
72.0992
71.0657
70.1253
69.1054
68.1967
67.3669
66.4768
65.7307
65.1523
64.9244
65.9056
92.1181
89.7832
85.6807
81.728
78.6598
76.4501
75.1324
74.0859
73.0882
72.102
71.0654
70.1113
69.1192
68.2029
67.3648
66.5096
65.7478
65.1667
64.9321
65.8486
92.4724
89.8663
85.5691
81.5741
78.5856
76.4316
75.142
74.0816
73.0483
72.085
71.0551
70.0851
69.1385
68.2057
67.3644
66.5504
65.7644
65.1805
64.9185
65.7328
93.0222
89.9741
85.3882
81.3483
78.4676
76.4056
75.1409
74.0744
72.9936
72.069
71.0396
70.0531
69.1552
68.2034
67.373
66.5951
65.7825
65.1966
64.9034
65.5533
93.7755
90.0918
85.1262
81.0505
78.3385
76.3665
75.144
74.0575
72.9258
72.0493
71.0106
70.012
69.1772
68.1948
67.3745
66.6519
65.8114
65.2206
64.892
65.2908
94.7586
90.1939
84.766
80.6853
78.1972
76.312
75.1132
74.0404
72.8459
72.0111
70.9903
69.9618
69.1927
68.1872
67.3775
66.703
65.8479
65.2556
64.9119
64.9896
96.0045
90.2191
84.3006
80.2652
78.0367
76.2412
75.0591
74.0111
72.7675
71.9675
70.9699
69.9168
69.1997
68.1824
67.3784
66.737
65.8934
65.2914
64.9608
64.7064
97.5389
90.1528
83.7262
79.8326
77.8537
76.1582
74.9878
73.9678
72.7164
71.9226
70.9524
69.8964
69.1937
68.1834
67.3862
66.7519
65.9296
65.324
65.0067
64.5626
99.5042
90.0653
83.1327
79.457
77.6799
76.0874
74.9376
73.9339
72.6992
71.9
70.9439
69.8977
69.1869
68.1919
67.3955
66.7544
65.9508
65.3462
64.9895
64.4985
102.616
90.4144
82.9624
79.3476
77.6149
76.0639
74.9365
73.9229
72.7101
71.9027
70.94
69.9102
69.1824
68.195
67.4046
66.7485
65.9577
65.3554
64.9834
64.6214
63.9842
64.0905
64.1377
64.1476
64.1578
64.1473
64.1218
64.0921
64.0824
64.0828
64.0851
64.0897
64.1086
64.1281
64.1468
64.1296
64.0792
63.9907
63.8604
63.6757
63.4553
63.2022
62.9414
62.6586
62.389
62.1172
61.884
61.696
61.5787
61.5579
61.6472
61.853
62.1665
62.5436
62.891
63.1367
63.202
63.0896
62.8304
62.4871
62.1499
61.8658
61.7022
61.7148
61.8794
62.1687
62.5578
63.0052
63.4403
63.8093
64.0773
64.2491
64.3626
64.5123
64.7217
65.0168
65.4313
65.8398
66.0561
65.9565
65.5418
64.7661
63.6235
62.2408
60.6741
59.1856
57.8251
56.8569
56.1711
55.7233
55.4691
55.3399
55.2661
55.2268
55.2934
55.4145
55.623
55.8595
56.1736
56.7213
57.4938
58.3575
59.0216
59.2907
59.199
58.7884
58.1272
57.2805
56.363
55.3837
54.4632
53.6274
52.9034
52.4718
52.2747
52.4485
53.017
54.037
55.4527
57.3431
59.5078
61.8349
64.218
66.449
68.3234
69.7632
70.5666
70.8236
70.2818
69.4812
67.9411
66.387
64.3209
62.3081
60.1072
57.955
55.969
53.9062
52.074
50.4661
48.7437
47.4829
46.2164
44.929
44.2939
43.3785
42.4025
42.239
41.7225
41.0394
41.1233
40.988
40.687
40.9189
41.3739
41.4855
41.8655
43.0426
43.2293
43.8394
45.159
45.1976
45.7312
46.7315
46.6417
46.8122
47.6401
47.5329
47.555
48.5025
48.7529
49.3027
50.7408
51.8469
53.3992
55.7854
57.8331
60.3326
63.4636
66.2114
69.0355
72.3077
75.0519
77.2531
79.9348
82.0704
83.4116
85.0659
86.4005
87.0372
87.5511
87.5806
87.2046
86.5929
85.5024
83.9818
82.5639
81.7229
80.6934
78.6356
76.7711
75.5186
74.6645
74.5498
75.0576
76.0388
77.4889
78.809
79.8956
80.7689
81.702
82.1967
81.9826
81.0889
79.0778
75.8642
70.2733
61.8344
49.1724
9.13984
63.7578
63.9398
64.1119
64.184
64.1867
64.1282
64.0735
64.0372
64.0463
64.0689
64.0821
64.08
64.082
64.0837
64.0902
64.069
64.0236
63.9349
63.8021
63.6174
63.3918
63.1344
62.8749
62.6039
62.3541
62.1149
61.9137
61.7756
61.6923
61.7161
61.8247
62.0443
62.342
62.677
62.9754
63.1696
63.1858
63.0357
62.7576
62.4015
62.0641
61.7934
61.6625
61.6529
61.801
62.0965
62.4905
62.9552
63.4165
63.8347
64.1611
64.3997
64.5832
64.7533
64.9318
65.1812
65.4228
65.6684
65.7357
65.5318
65.0095
64.2515
63.2376
61.9946
60.6012
59.2164
57.9353
56.9392
56.2812
55.8812
55.6392
55.5522
55.5154
55.5032
55.5656
55.6795
55.8744
56.1023
56.4242
56.8719
57.5471
58.2689
58.8672
59.1263
59.039
58.6942
58.0842
57.3282
56.4329
55.5223
54.6183
53.8176
53.1377
52.6849
52.5578
52.7157
53.3414
54.3804
55.7716
57.6523
59.7155
61.9546
64.2213
66.3189
68.0625
69.3572
70.1904
70.4315
70.0221
69.2192
67.8744
66.3274
64.3407
62.422
60.4431
58.2489
56.456
54.4636
52.6401
51.2183
49.4533
48.1673
47.2182
45.7483
45.0038
44.4828
43.2773
43.0382
42.7129
41.9111
41.9812
41.8584
41.6247
41.8292
42.0441
42.4331
42.7772
43.3874
43.9286
44.311
45.0561
45.4668
45.6755
46.2799
46.4877
46.4624
47.0483
47.1326
47.2016
48.0109
48.3724
48.9624
50.2974
51.4489
52.8703
55.0769
57.097
59.4609
62.5255
65.2624
67.9877
71.3323
74.1041
76.359
79.2753
81.4993
83.0341
84.9026
86.2538
86.9703
87.4035
87.2207
86.7128
85.9175
84.4132
82.367
80.5564
79.0415
77.1164
74.4389
71.9623
70.2185
69.2025
68.8781
69.1933
70.5545
72.3371
74.0298
75.593
76.8332
77.6497
77.6789
77.2689
76.0984
73.3367
69.0162
62.2025
50.2494
35.9184
-2.73001
63.6856
63.9227
64.1976
64.2886
64.2507
64.0955
63.9776
63.9252
63.9605
64.0292
64.0641
64.074
64.0593
64.0354
64.0239
63.989
63.9452
63.8639
63.7325
63.557
63.3314
63.08
62.8242
62.5792
62.3605
62.1689
62.0032
61.9164
61.8597
61.9123
62.0161
62.2113
62.4604
62.7226
62.9492
63.0764
63.0789
62.9326
62.6665
62.3306
62.0253
61.7702
61.6519
61.6542
61.814
62.0998
62.4882
62.9476
63.403
63.838
64.1785
64.4564
64.6526
64.842
64.9596
65.1249
65.2437
65.3372
65.2897
65.0129
64.4958
63.7621
62.8884
61.7824
60.558
59.3055
58.1268
57.1854
56.5071
56.1562
55.9354
55.8561
55.8538
55.8007
55.8981
55.9106
56.1457
56.3645
56.6637
57.0682
57.5799
58.2618
58.7475
59.0453
58.9142
58.5873
58.0459
57.3283
56.5164
55.6478
54.8051
54.0661
53.4479
53.0391
52.9918
53.1718
53.8181
54.875
56.167
57.9989
59.8935
61.9693
64.0965
65.9378
67.6449
68.743
69.5801
69.7269
69.3059
68.7321
67.3355
66.0451
64.2766
62.4078
60.7398
58.5265
56.8834
55.1339
53.1822
51.9534
50.4169
48.8893
48.2109
46.9459
45.8753
45.5699
44.5441
43.9888
43.8052
43.1882
43.0968
42.9786
42.8107
43.0348
43.1225
43.4232
43.7851
44.0336
44.5246
44.8273
45.1677
45.5762
45.667
45.9691
46.207
46.1664
46.4964
46.7165
46.8158
47.3557
47.8843
48.4326
49.5662
50.6992
51.9767
54.0599
56.0714
58.3143
61.2929
64.0303
66.7416
70.1142
72.9755
75.4639
78.575
80.9519
82.8221
84.9039
86.2847
87.1358
87.5211
87.2005
86.5231
85.3323
83.1264
80.492
78.299
76.2672
73.5763
70.3734
67.3607
65.3229
64.1215
63.382
63.3194
64.898
67.0689
69.2535
71.3923
72.9688
73.8967
73.7933
72.8463
71.4227
68.1289
62.5896
55.8715
41.1349
26.7059
-0.831734
63.8447
64.0283
64.1568
64.0963
63.9713
63.8276
63.7573
63.7606
63.8437
63.9555
64.0156
64.0528
64.0454
64.0115
63.9757
63.9191
63.8557
63.7563
63.6245
63.4711
63.2741
63.0535
62.8347
62.6171
62.4291
62.271
62.1344
62.0692
62.0255
62.0779
62.1645
62.3205
62.5167
62.7207
62.8784
62.9818
62.9472
62.8121
62.5831
62.2857
62.0443
61.8195
61.7459
61.7482
61.9132
62.1677
62.5244
62.9347
63.3588
63.7666
64.1149
64.389
64.5713
64.7247
64.8265
64.9249
64.9367
64.9188
64.7729
64.4912
64.0021
63.3289
62.5659
61.5912
60.556
59.4409
58.4339
57.5546
56.8876
56.5159
56.2872
56.2153
56.2045
56.1711
56.2447
56.2331
56.4336
56.6508
56.9081
57.2833
57.659
58.2679
58.6219
58.8794
58.7467
58.4195
57.9312
57.2842
56.5989
55.8026
55.0693
54.4096
53.889
53.5723
53.5627
53.8369
54.4349
55.4823
56.6992
58.3352
60.1114
61.8975
63.8633
65.3965
66.958
67.9161
68.6172
68.9037
68.4142
68.0833
66.8234
65.6681
64.2748
62.3483
60.977
58.9921
57.2772
55.9021
53.9791
52.7265
51.6051
50.0351
49.2142
48.3699
47.1901
46.7233
46.0295
45.3967
45.1757
44.7394
44.5458
44.415
44.2963
44.4196
44.4415
44.5157
44.7811
44.9178
45.1023
45.2944
45.4536
45.5957
45.6514
45.8209
45.8554
45.8827
46.0746
46.1774
46.2882
46.7008
47.1762
47.5842
48.5856
49.6742
50.8371
52.7577
54.7258
56.8852
59.7124
62.4625
65.2313
68.5928
71.6757
74.496
77.7219
80.4161
82.6839
84.8959
86.3906
87.4236
87.8686
87.4187
86.5839
84.6996
81.4724
78.2656
75.9058
73.6893
70.7168
67.2693
63.8107
61.4814
60.1376
58.744
58.1589
59.5008
61.9541
64.6326
67.4434
69.4683
70.5087
70.5706
69.4517
67.3502
63.5871
56.6918
51.1091
35.5071
21.1321
2.4366
65.3371
65.1902
64.3082
63.6484
63.2952
63.1991
63.3024
63.4767
63.6704
63.8314
63.9551
64.0415
64.048
63.9898
63.9142
63.8358
63.7682
63.6675
63.5405
63.3977
63.2364
63.041
62.8363
62.6325
62.4938
62.3646
62.2491
62.1926
62.1714
62.225
62.2893
62.4159
62.5454
62.6955
62.7843
62.8615
62.8226
62.7021
62.5207
62.2625
62.0993
61.9184
61.8966
61.8876
62.0558
62.2661
62.5799
62.9199
63.281
63.6511
63.9618
64.2194
64.3611
64.5062
64.5544
64.6146
64.5149
64.4724
64.2523
63.9948
63.5589
62.9315
62.3055
61.4281
60.6277
59.633
58.8078
58.0106
57.3407
56.9748
56.6675
56.6241
56.564
56.5493
56.6028
56.5788
56.7391
56.9114
57.1458
57.4872
57.7525
58.2405
58.5145
58.6945
58.6236
58.3139
57.9049
57.3245
56.738
56.0959
55.4452
54.8919
54.4772
54.2551
54.2988
54.6216
55.2145
56.1406
57.3038
58.67
60.2509
61.8018
63.4271
64.8099
66.0865
67.0045
67.5676
67.9402
67.5558
67.2363
66.2927
65.2024
64.1441
62.4357
61.1988
59.6511
57.9346
56.7626
55.1962
53.7875
52.925
51.5838
50.5637
49.8978
48.9423
48.2739
47.7814
47.275
46.888
46.5574
46.3041
46.1236
45.9561
45.8881
45.8312
45.7127
45.7898
45.7673
45.7055
45.7228
45.7104
45.6917
45.6011
45.6588
45.5692
45.5214
45.5784
45.5876
45.6754
45.8825
46.2591
46.6152
47.3956
48.4014
49.4414
51.1177
52.9958
55.0487
57.7024
60.4841
63.3854
66.7444
70.1214
73.3545
76.8055
79.7418
82.4033
84.8802
86.49
87.7331
88.3499
87.7775
86.5583
83.8945
79.8175
76.013
73.6465
71.416
68.3986
64.8934
61.3646
58.686
56.9108
55.3019
54.4943
55.3002
57.3939
60.4958
63.5939
66.5539
68.0659
68.1619
66.739
63.7894
60.7802
51.5983
47.0342
33.1979
18.5638
4.77674
66.4124
66.0249
64.5032
63.3727
62.7518
62.6174
62.8353
63.1841
63.4949
63.6923
63.8901
64.0314
64.0545
63.985
63.8859
63.8145
63.7287
63.6034
63.4599
63.2967
63.1886
63.0081
62.8445
62.6913
62.5792
62.4976
62.3757
62.3177
62.3015
62.3295
62.3632
62.4503
62.5257
62.6443
62.6865
62.7436
62.7365
62.6379
62.4988
62.3042
62.1892
62.0593
62.0568
62.0394
62.1934
62.3679
62.636
62.8944
63.1805
63.4958
63.7287
63.9675
64.056
64.2024
64.19
64.2357
64.0706
64.0063
63.7917
63.5172
63.1757
62.5865
62.0946
61.3454
60.7162
59.8817
59.1552
58.4906
57.8044
57.4861
57.1045
57.0408
56.952
56.8977
56.9645
56.9029
57.0523
57.1382
57.3679
57.6588
57.8605
58.2425
58.4424
58.5796
58.5307
58.2438
57.9228
57.4146
56.9549
56.4384
55.9185
55.493
55.1671
55.0342
55.1348
55.4483
56.0217
56.8164
57.8286
59.0107
60.3125
61.6863
62.9895
64.2045
65.2782
66.0523
66.5206
66.8605
66.6693
66.4232
65.7865
64.7653
63.9935
62.6481
61.4741
60.3519
58.8302
57.7378
56.5827
55.2704
54.3249
53.3305
52.3321
51.6201
50.9529
50.2476
49.7603
49.3149
48.8629
48.5104
48.1912
47.8972
47.5967
47.3695
47.1684
46.9014
46.7138
46.5364
46.2908
46.1276
45.9801
45.7816
45.5883
45.478
45.2627
45.0807
45.0367
44.9295
44.8942
45.0086
45.2295
45.5418
46.0612
46.8872
47.8078
49.168
50.8569
52.7683
55.2767
58.0739
61.167
64.7242
68.2534
71.8353
75.6321
78.8511
81.8293
84.5829
86.433
88.0003
88.7193
87.9433
86.2424
82.9854
78.3766
74.3557
71.9853
69.549
66.3057
62.7254
59.3973
56.6007
54.6323
52.947
52.2051
52.7674
54.4999
57.7446
61.235
64.0277
66.2313
66.7004
65.7005
60.3093
59.4149
48.3899
42.3247
32.1984
18.5515
7.51445
67.0648
66.5823
64.7837
63.3511
62.4603
62.226
62.4677
62.9366
63.3146
63.5418
63.8233
64.0212
64.0726
63.9824
63.8647
63.8085
63.6875
63.5472
63.3941
63.2447
63.1734
62.9913
62.8527
62.7439
62.6437
62.6003
62.4542
62.3925
62.4062
62.4025
62.4305
62.4752
62.5184
62.6025
62.6162
62.6454
62.6664
62.5993
62.494
62.3538
62.2734
62.1979
62.1921
62.1707
62.292
62.4416
62.6424
62.8426
63.0467
63.3265
63.4957
63.7067
63.757
63.8675
63.8617
63.8468
63.6908
63.5797
63.407
63.1127
62.8478
62.3383
61.9219
61.3389
60.7806
60.1233
59.4566
58.9028
58.2607
57.9373
57.5583
57.394
57.3329
57.2222
57.2783
57.217
57.3296
57.389
57.5706
57.8216
57.9956
58.2675
58.4225
58.5202
58.4818
58.2593
57.9953
57.578
57.2313
56.8157
56.4426
56.106
55.8551
55.8039
55.8834
56.2213
56.6764
57.3963
58.2232
59.2394
60.3487
61.478
62.6419
63.6337
64.5518
65.2754
65.6552
66.0753
65.8879
65.7413
65.3675
64.4587
63.9101
62.8991
61.8745
60.9909
59.827
58.7915
57.8826
56.817
55.7815
55.0512
54.231
53.4777
52.9289
52.2961
51.7633
51.3012
50.833
50.4292
49.9927
49.5768
49.1411
48.7772
48.404
47.9711
47.6151
47.2714
46.9085
46.5483
46.2457
45.8942
45.5907
45.267
44.9532
44.6694
44.3887
44.2816
44.0774
44.1079
44.1918
44.3119
44.7205
45.1845
45.8958
46.999
48.3551
50.1905
52.5878
55.3246
58.4865
62.2586
66.0901
69.9138
74.0133
77.5967
80.9751
83.9909
86.0623
87.9389
88.73
87.6539
85.5367
81.8844
77.0422
73.1327
70.768
68.2096
64.7287
61.0006
57.5122
54.8825
53.2864
51.7818
51.3925
51.9108
53.5591
56.6353
60.2028
62.9017
66.3007
64.2042
66.2547
56.922
55.3529
46.0307
38.5466
31.6635
20.4471
11.1756
67.3784
66.9205
65.0604
63.4417
62.3352
61.9803
62.2051
62.7331
63.1389
63.4003
63.7527
64.0072
64.0841
63.9783
63.8545
63.8067
63.66
63.4961
63.341
63.2166
63.1568
62.9524
62.8232
62.7678
62.7034
62.6833
62.5248
62.4588
62.4994
62.4739
62.4938
62.5
62.5136
62.5758
62.5705
62.5788
62.6197
62.5846
62.4983
62.4008
62.3355
62.3016
62.2828
62.2635
62.3473
62.4908
62.6332
62.7789
62.9317
63.167
63.3042
63.4603
63.4987
63.5505
63.587
63.5064
63.3755
63.2399
63.0918
62.8165
62.5809
62.1658
61.7857
61.3458
60.8216
60.3029
59.7037
59.2223
58.6658
58.337
57.9974
57.7637
57.6813
57.5449
57.5662
57.5186
57.5961
57.638
57.7679
57.9807
58.1218
58.3345
58.4458
58.5227
58.4925
58.3031
58.1233
57.7539
57.5189
57.1908
56.9038
56.6909
56.4537
56.4736
56.5165
56.8132
57.2189
57.8093
58.5161
59.3757
60.3071
61.2676
62.2851
63.1424
63.9617
64.6392
65.0209
65.4189
65.4288
65.226
65.0001
64.3604
63.8631
63.1824
62.3508
61.5864
60.7805
59.8435
59.0427
58.2473
57.3152
56.6723
56.0396
55.3389
54.7902
54.2399
53.6838
53.1851
52.6816
52.1871
51.6494
51.1331
50.6165
50.0883
49.6198
49.0353
48.5615
48.0514
47.5195
46.9943
46.4806
46.0138
45.5478
45.0996
44.6483
44.2712
43.8529
43.6558
43.352
43.1907
43.2239
43.0872
43.2848
43.4674
43.8488
44.7522
45.7851
47.4366
49.6579
52.3397
55.6461
59.4463
63.5187
67.8149
72.0942
75.8915
79.7085
82.9663
85.2969
87.4324
88.1987
86.908
84.4129
80.438
75.6661
71.9486
69.4787
67.073
63.8342
60.0469
56.3756
53.5717
51.4019
50.6858
50.8189
51.4408
53.3289
56.5573
60.7706
60.7257
69.0479
60.932
65.3367
54.2674
48.5989
43.7488
37.0019
32.1167
23.5719
15.605
67.4769
67.0921
65.282
63.5526
62.3112
61.8375
62.0393
62.5721
62.9849
63.3028
63.6911
63.9812
64.072
63.9553
63.8572
63.8014
63.6367
63.4444
63.2895
63.2131
63.1406
62.9226
62.7952
62.7708
62.7729
62.7415
62.5803
62.5003
62.5469
62.5418
62.5467
62.5292
62.5221
62.5672
62.5683
62.5822
62.6037
62.5845
62.5017
62.4301
62.3828
62.3682
62.3446
62.3283
62.3747
62.507
62.5964
62.7021
62.8333
63.0148
63.1391
63.235
63.2829
63.2901
63.3397
63.2267
63.1001
62.969
62.8224
62.588
62.3537
62.0212
61.6725
61.3321
60.8525
60.4264
59.9124
59.4742
59.0154
58.6684
58.3657
58.0996
57.9871
57.8549
57.8135
57.8039
57.8308
57.889
57.9774
58.1476
58.277
58.4139
58.5439
58.5506
58.5508
58.3992
58.2499
57.9955
57.7736
57.5433
57.3154
57.1406
56.9825
56.9577
57.027
57.2629
57.6044
58.1464
58.7054
59.4672
60.2533
61.072
61.986
62.7266
63.4789
64.0924
64.4985
64.8383
64.9832
64.8434
64.7011
64.3525
63.8977
63.4604
62.8246
62.1881
61.5959
60.8573
60.1698
59.5339
58.8637
58.2176
57.6816
57.1246
56.5039
56.0294
55.4868
54.9411
54.4226
53.8408
53.2848
52.6757
52.0835
51.4403
50.8488
50.1659
49.5072
48.8273
48.1248
47.4473
46.7376
46.158
45.5182
44.9645
44.4469
43.9296
43.4869
43.0669
42.7441
42.4617
42.2599
42.1115
41.9589
41.8836
42.1206
42.5154
43.2259
44.785
46.6587
49.1866
52.6876
56.6175
60.8368
65.3717
69.8079
73.944
78.0353
81.351
83.9299
86.2146
86.9846
85.4799
82.7887
78.9393
74.5363
71.0506
68.6192
66.0623
63.1516
59.8865
56.2335
53.3963
51.3505
50.2428
50.3994
50.9223
53.3134
55.5916
62.9707
58.0285
68.7729
57.0871
59.2777
49.0947
44.0535
42.9013
37.5098
33.7412
27.2355
20.4543
67.4935
67.145
65.4011
63.6162
62.3326
61.7913
61.9604
62.4685
62.8803
63.2697
63.6664
63.9508
64.0378
63.9324
63.8747
63.8051
63.6012
63.3775
63.229
63.2165
63.1423
62.9066
62.7693
62.758
62.8278
62.7976
62.6353
62.5334
62.5729
62.6092
62.6031
62.5679
62.5394
62.5553
62.5615
62.5556
62.5856
62.5814
62.4952
62.4467
62.4092
62.3992
62.3763
62.3593
62.3856
62.502
62.5653
62.6311
62.7425
62.8636
62.9761
63.026
63.0696
63.0599
63.0951
62.9816
62.8533
62.75
62.5895
62.4099
62.1624
61.8997
61.5903
61.291
60.8929
60.4947
60.0857
59.6683
59.292
58.9512
58.6672
58.4155
58.2623
58.1541
58.0516
58.0728
58.0691
58.1169
58.2039
58.3002
58.4437
58.5148
58.6541
58.6415
58.6146
58.5457
58.3896
58.2333
58.027
57.8254
57.6864
57.4978
57.4226
57.3833
57.4233
57.6751
57.9005
58.4079
58.869
59.4803
60.2318
60.8561
61.7086
62.3788
62.9975
63.6413
63.9983
64.3479
64.5675
64.5481
64.5224
64.338
64.0271
63.7253
63.2916
62.8216
62.3644
61.8566
61.2913
60.7826
60.288
59.7028
59.2013
58.7446
58.1782
57.6838
57.2149
56.6426
56.0982
55.5242
54.9085
54.2478
53.5355
52.8117
52.06
51.2559
50.4323
49.5811
48.7565
47.9306
47.1079
46.3763
45.6324
44.9804
44.377
43.7477
43.2465
42.7045
42.2876
41.9978
41.5958
41.3701
41.0881
40.6765
40.6236
40.7458
41.0975
42.2134
44.0071
46.5658
49.8977
53.7219
58.1555
62.9239
67.4924
71.7834
75.9002
79.2804
82.0278
84.1353
84.8265
83.2671
80.7639
77.356
73.8225
70.7326
68.2749
65.7843
62.9868
59.9643
56.902
54.1773
52.1948
51.0109
50.9861
50.9975
54.1761
54.9532
61.8032
55.776
60.4526
49.5212
48.3497
43.3344
42.9849
43.4099
39.5354
36.1371
31.0759
25.5637
67.5467
67.1941
65.4389
63.6267
62.3553
61.8254
61.9707
62.4256
62.8347
63.2794
63.6848
63.9278
63.9786
63.8975
63.8804
63.8064
63.567
63.3104
63.1739
63.2153
63.157
62.9067
62.7401
62.7379
62.8605
62.8559
62.6875
62.5591
62.5814
62.6536
62.6515
62.6061
62.5606
62.5534
62.5621
62.5487
62.5751
62.5814
62.49
62.4582
62.4261
62.4243
62.4026
62.3737
62.3929
62.4731
62.5247
62.5445
62.6436
62.7139
62.8076
62.8323
62.8648
62.86
62.8665
62.7759
62.6521
62.5678
62.4102
62.2574
62.0171
61.7907
61.5267
61.2528
60.9251
60.5542
60.2214
59.8439
59.51
59.2062
58.9093
58.6763
58.4796
58.3874
58.2951
58.3017
58.3047
58.3374
58.4077
58.4872
58.6131
58.6544
58.7774
58.763
58.7187
58.7003
58.5579
58.4467
58.2751
58.0922
58.0059
57.8431
57.7803
57.7609
57.7454
57.9763
58.1567
58.555
59.0018
59.4566
60.1495
60.676
61.3829
62.0656
62.567
63.2063
63.602
63.938
64.2651
64.331
64.4053
64.362
64.2132
64.0075
63.7881
63.4805
63.1278
62.8317
62.3869
61.9992
61.5815
61.1255
60.6836
60.2528
59.8352
59.3139
58.8828
58.3485
57.7612
57.1849
56.4725
55.7691
54.9529
54.1318
53.2517
52.2949
51.3682
50.3418
49.4119
48.4504
47.5515
46.7334
45.9052
45.1773
44.4662
43.8087
43.1925
42.64
42.1811
41.7603
41.3698
41.0431
40.5497
40.0813
39.7644
39.4806
39.6405
40.583
42.0531
44.2872
47.5491
51.5146
55.8836
60.5265
65.2435
69.7496
73.7575
77.0443
79.6088
81.0761
80.9123
80.0774
78.3226
75.7925
73.0826
70.4929
68.1471
65.8328
63.2035
60.5122
57.7596
55.2863
53.4347
52.1391
52.1724
51.6205
54.0626
55.1476
55.1118
50.3422
48.7052
40.7217
43.522
44.6807
44.9941
44.9408
41.7251
38.5896
34.7423
30.554
67.6108
67.2722
65.4128
63.5809
62.3723
61.8958
62.055
62.4419
62.8592
63.3379
63.7287
63.9307
63.9069
63.858
63.8647
63.7846
63.5428
63.2335
63.1198
63.1838
63.1637
62.929
62.7204
62.7269
62.8759
62.9097
62.7424
62.5903
62.5876
62.678
62.6902
62.6351
62.5827
62.5568
62.5668
62.5507
62.5679
62.591
62.4919
62.4688
62.437
62.4381
62.4176
62.3691
62.3901
62.4241
62.4689
62.4553
62.5329
62.5885
62.6437
62.6724
62.6823
62.6832
62.6841
62.5989
62.4911
62.4103
62.2649
62.1295
61.898
61.702
61.4706
61.2195
60.9445
60.6005
60.3282
59.987
59.6864
59.4176
59.1336
58.9131
58.723
58.633
58.5349
58.5324
58.5171
58.5539
58.6191
58.6688
58.7984
58.8129
58.9039
58.9199
58.8474
58.8705
58.742
58.6398
58.5188
58.3307
58.2888
58.1382
58.0748
58.0688
58.0134
58.2128
58.3575
58.6633
59.0639
59.4143
60.0045
60.4901
61.0744
61.7242
62.2251
62.7817
63.2688
63.6034
63.9644
64.2213
64.3038
64.4417
64.4351
64.3514
64.3083
64.1319
63.935
63.7478
63.4568
63.1371
62.8362
62.4823
62.1378
61.7623
61.3997
60.958
60.4817
60.0181
59.3724
58.7544
58.003
57.1986
56.3603
55.3754
54.4327
53.3289
52.2613
51.1358
50.0317
49.0297
48.0338
47.1657
46.3097
45.5187
44.756
44.0498
43.391
42.8203
42.3337
41.8842
41.4724
41.0342
40.5493
39.9809
39.4214
38.9934
38.9204
39.5795
40.8446
42.9216
46.0302
49.8892
54.1076
58.6953
63.4937
67.8816
71.567
74.6824
76.9254
77.58
77.0456
76.4936
75.6559
74.2463
72.2035
70.068
67.8381
65.5599
63.1604
60.8015
58.3568
56.2002
54.2978
53.1947
52.9086
51.9436
53.7525
52.8294
46.9576
43.5008
41.8516
40.1919
46.6296
50.2269
48.3071
46.6926
43.75
40.9982
38.2481
35.2849
67.5695
67.2721
65.3216
63.5113
62.4163
62.0319
62.2259
62.5454
62.9536
63.4317
63.7753
63.9324
63.8468
63.8031
63.8201
63.7395
63.5154
63.1914
63.0746
63.1464
63.1534
62.952
62.7248
62.7224
62.8793
62.9345
62.7951
62.6302
62.6073
62.6967
62.72
62.6655
62.6064
62.5694
62.5682
62.553
62.5675
62.5945
62.5081
62.4775
62.4492
62.4385
62.4172
62.3542
62.3653
62.3671
62.4008
62.3744
62.4217
62.4711
62.4893
62.5197
62.5145
62.5147
62.5056
62.4345
62.3384
62.2703
62.1412
62.0166
61.8103
61.633
61.4363
61.194
60.9736
60.6519
60.4119
60.1129
59.8192
59.5975
59.3202
59.1241
58.942
58.8534
58.7741
58.7521
58.7588
58.7633
58.8376
58.8704
58.9769
59.0089
59.0382
59.0913
59.0156
59.0307
58.9588
58.8243
58.7645
58.5805
58.536
58.428
58.325
58.339
58.2475
58.3912
58.5081
58.7126
59.0632
59.3335
59.8235
60.2722
60.7714
61.3756
61.8694
62.398
62.9286
63.3318
63.7187
64.1129
64.3082
64.5331
64.7152
64.739
64.817
64.8102
64.7279
64.626
64.4798
64.2584
64.0645
63.8237
63.5357
63.2483
62.8943
62.5222
62.0389
61.546
60.9248
60.1991
59.4195
58.4939
57.5513
56.5117
55.4242
54.2735
53.0678
51.864
50.6975
49.6146
48.5782
47.6501
46.7694
45.9628
45.1877
44.4359
43.7724
43.1561
42.662
42.2434
41.8138
41.3532
40.8776
40.3243
39.6445
39.0099
38.7879
39.3118
40.2808
42.1934
45.225
49.007
53.14
57.742
62.428
66.4787
69.9348
72.8654
74.5841
74.4874
73.636
73.1839
73.2052
72.8813
71.704
69.7725
67.6726
65.4829
63.1996
61.0312
58.7996
56.864
54.8718
54.073
52.8357
52.0992
52.3782
48.8478
41.9299
42.3431
43.4884
47.7294
53.3806
54.027
50.4784
47.5831
45.186
43.1956
41.7575
39.6368
67.371
67.0543
65.1441
63.456
62.5152
62.2639
62.4665
62.7475
63.1176
63.5435
63.8211
63.9249
63.8193
63.7565
63.7563
63.6648
63.4593
63.1576
63.0378
63.0977
63.1182
62.9646
62.7577
62.7479
62.8799
62.9373
62.8294
62.6764
62.6381
62.7012
62.7219
62.6813
62.6207
62.5864
62.5768
62.5709
62.5846
62.5954
62.5352
62.4885
62.4625
62.4359
62.4079
62.336
62.3324
62.3104
62.3186
62.2958
62.2973
62.3415
62.3302
62.3694
62.3565
62.3524
62.347
62.286
62.2246
62.1516
62.0503
61.923
61.7508
61.5841
61.4007
61.1828
60.9778
60.6974
60.463
60.2136
59.933
59.7438
59.4989
59.3181
59.1784
59.0635
59.0058
58.9572
58.9751
58.9746
59.0224
59.0809
59.14
59.1963
59.2029
59.2494
59.2255
59.1975
59.1778
59.0515
58.9836
58.8592
58.7507
58.6891
58.5613
58.5371
58.4815
58.5104
58.6329
58.7418
59.0108
59.2468
59.6058
60.0424
60.451
61.0249
61.5126
62.0361
62.6098
63.0664
63.5573
63.9997
64.3707
64.674
64.9783
65.1683
65.3146
65.4755
65.4908
65.5055
65.4701
65.3706
65.2455
65.072
64.8557
64.5908
64.2874
63.9077
63.4418
62.8863
62.2124
61.427
60.527
59.5426
58.4801
57.3736
56.2149
55.005
53.7619
52.5152
51.3365
50.2147
49.1551
48.1595
47.2331
46.4004
45.6194
44.8976
44.2089
43.5825
43.1266
42.6949
42.2734
41.823
41.387
40.8444
40.1669
39.4881
39.129
39.2957
40.2293
42.1461
45.0565
48.8371
53.1551
57.823
62.2265
65.9622
69.2221
71.9492
73.2078
72.8515
71.8966
71.4092
71.8791
72.108
71.5005
69.6256
67.6025
65.5098
63.4225
61.4132
59.2695
57.5108
55.4121
55.3009
52.8415
52.0484
49.0491
47.8996
41.6407
45.6734
48.5576
55.6167
58.0459
55.7714
52.1172
48.039
46.063
45.5177
45.4211
43.1842
66.9374
66.6105
64.9087
63.51
62.7679
62.6072
62.7711
63.0088
63.3294
63.642
63.8478
63.8939
63.7988
63.7283
63.6846
63.5885
63.3948
63.1445
63.0274
63.0449
63.0545
62.9421
62.7998
62.7858
62.878
62.9228
62.8456
62.7347
62.6847
62.7179
62.7212
62.6908
62.6342
62.6011
62.5873
62.5829
62.5978
62.5871
62.5537
62.5048
62.4758
62.4393
62.3981
62.326
62.2968
62.2537
62.2301
62.2072
62.1819
62.2121
62.1909
62.225
62.208
62.2096
62.2049
62.1492
62.1171
62.0377
61.961
61.8466
61.7037
61.5565
61.3872
61.1942
60.9968
60.7477
60.523
60.2918
60.0357
59.8569
59.6324
59.4747
59.3494
59.237
59.2062
59.1448
59.1711
59.1771
59.216
59.2885
59.3015
59.3927
59.3883
59.4231
59.4344
59.3729
59.3821
59.2646
59.1966
59.1028
58.9734
58.9146
58.7781
58.7195
58.6557
58.627
58.6906
58.7547
58.9247
59.1295
59.4109
59.7779
60.1811
60.6773
61.1933
61.7248
62.3196
62.8684
63.4182
63.9504
64.4204
64.8608
65.2453
65.5847
65.8277
66.0585
66.2221
66.3015
66.3674
66.3284
66.262
66.1254
65.9393
65.6979
65.3793
65.0006
64.4895
63.8903
63.1415
62.2718
61.3039
60.2516
59.1641
58.0101
56.811
55.5552
54.2758
53.0326
51.8659
50.7622
49.6939
48.6608
47.6926
46.8276
46.0438
45.3154
44.6276
43.9864
43.5752
43.1727
42.7644
42.3754
41.9608
41.4549
40.809
40.1495
39.7019
39.6925
40.6921
42.4187
45.4123
49.3366
53.973
58.5212
62.5765
66.1816
69.3899
71.9946
73.071
72.8881
72.0502
71.4719
72.1863
72.6978
71.8412
69.7923
67.683
65.499
63.5011
61.666
59.4618
57.8682
55.3787
55.1172
51.9022
53.2588
46.4719
50.0293
44.2874
50.2605
55.3666
60.075
59.9929
57.2197
52.9494
48.5756
47.0168
48.5252
48.5833
45.635
66.14
65.8763
64.6625
63.7026
63.1968
63.0818
63.1609
63.3234
63.5367
63.7236
63.8528
63.856
63.7759
63.691
63.6121
63.5012
63.323
63.1389
63.039
63.0204
62.9978
62.9224
62.8461
62.8339
62.8835
62.8946
62.8426
62.7727
62.7246
62.7301
62.7134
62.6894
62.6454
62.6184
62.6069
62.6021
62.6107
62.5914
62.573
62.5286
62.4903
62.4401
62.3826
62.3084
62.255
62.1952
62.1506
62.1229
62.0833
62.0983
62.0755
62.1
62.0881
62.0936
62.0935
62.0492
62.0398
61.9615
61.903
61.7957
61.6702
61.5358
61.3707
61.196
60.9967
60.7829
60.5638
60.3515
60.1257
59.9462
59.7514
59.605
59.495
59.3905
59.3713
59.3188
59.3372
59.3642
59.3783
59.4554
59.4644
59.5465
59.5658
59.5685
59.6037
59.5382
59.54
59.457
59.3746
59.3047
59.1615
59.087
58.9481
58.8521
58.7771
58.7037
58.7221
58.7447
58.8567
59.0216
59.258
59.5803
59.9691
60.4377
60.9564
61.5399
62.1202
62.7257
63.3359
63.9297
64.4925
65.0114
65.4684
65.8845
66.2299
66.519
66.7647
66.9092
67.0101
67.0294
66.9825
66.8761
66.692
66.4428
66.105
65.6815
65.1487
64.4987
63.7078
62.7804
61.7505
60.6686
59.5639
58.4266
57.2295
55.9582
54.6656
53.4408
52.3033
51.1971
50.1225
49.0612
48.0859
47.2121
46.4149
45.7062
45.027
44.3977
43.9226
43.5058
43.1052
42.8006
42.5259
42.1254
41.5918
40.9844
40.3716
40.4093
41.506
43.294
46.1909
50.1541
54.9138
59.3086
63.4686
67.2245
70.7054
73.0982
73.9695
73.8973
73.2027
72.6947
73.4524
74.1169
73.0851
70.9489
68.5392
65.9633
63.7594
61.9649
59.5087
58.2003
55.3576
56.6757
49.2412
54.587
45.5082
50.685
49.3854
55.1529
58.9561
60.3657
60.6449
57.8173
52.7811
49.7234
48.6338
51.5226
50.4218
47.7832
65.2695
65.1356
64.5389
64.0431
63.7092
63.5551
63.5372
63.5854
63.6773
63.7693
63.8453
63.8339
63.7678
63.6773
63.559
63.4227
63.2606
63.126
63.0412
62.9908
62.9586
62.9207
62.8981
62.8889
62.8938
62.88
62.8408
62.7984
62.7534
62.7337
62.705
62.6822
62.6527
62.6308
62.6238
62.6163
62.6186
62.5983
62.5822
62.5417
62.4917
62.4332
62.3644
62.2892
62.2217
62.153
62.0985
62.0607
62.0174
62.0124
61.9942
62.0067
62.0017
62.0051
62.0044
61.9789
61.97
61.9103
61.8574
61.7639
61.6537
61.5277
61.3703
61.2018
61.0104
60.8096
60.5983
60.3936
60.1871
60.01
59.8395
59.7067
59.6047
59.5195
59.4974
59.457
59.4723
59.498
59.5115
59.5787
59.5964
59.6593
59.6842
59.687
59.7132
59.6696
59.6539
59.5889
59.5038
59.422
59.2889
59.1852
59.0538
58.9359
58.8458
58.7599
58.7393
58.7478
58.8195
58.9632
59.1744
59.4748
59.8565
60.3122
60.8303
61.412
62.012
62.6473
63.2985
63.9274
64.5411
65.1079
65.6156
66.0803
66.4816
66.8121
67.0867
67.2712
67.3865
67.422
67.3743
67.2572
67.0653
66.8016
66.4514
66.0109
65.4553
64.7798
63.963
63.0134
61.975
60.9024
59.8153
58.6928
57.4985
56.2034
54.8974
53.707
52.6147
51.5062
50.4375
49.3792
48.3897
47.4958
46.6781
45.9866
45.3347
44.7253
44.2532
43.8131
43.4086
43.1315
42.9134
42.5843
42.2182
41.8039
41.2799
41.5492
42.9014
44.8179
47.5739
51.6363
56.4356
61.0693
65.4901
69.7045
73.2598
74.691
74.7021
74.3089
73.8307
73.2559
74.0259
74.9097
74.2684
72.4418
70.0238
67.1273
64.6137
62.6578
59.7703
58.8124
55.1291
57.4754
49.5859
57.0998
45.3352
48.8126
48.2493
59.4757
63.5272
62.1239
60.7363
57.5961
53.049
50.4533
50.2208
53.611
51.519
50.5216
64.535
64.5722
64.5242
64.3801
64.1699
63.997
63.8786
63.7984
63.7949
63.8102
63.8181
63.7857
63.7221
63.6343
63.517
63.3918
63.2621
63.1509
63.0633
62.9933
62.9489
62.9244
62.9143
62.9018
62.8838
62.8607
62.835
62.8072
62.7699
62.7398
62.7086
62.6867
62.664
62.6467
62.6361
62.6251
62.618
62.5962
62.5752
62.5353
62.4817
62.4199
62.3481
62.2724
62.1993
62.1274
62.0684
62.0253
61.9853
61.9692
61.9542
61.9576
61.9557
61.9596
61.9602
61.9426
61.9306
61.881
61.8266
61.7414
61.6364
61.513
61.3612
61.199
61.0162
60.8245
60.6243
60.4282
60.2373
60.0682
59.9129
59.7858
59.6867
59.6101
59.5782
59.5502
59.5565
59.5786
59.5994
59.6547
59.679
59.7223
59.7481
59.7517
59.7668
59.7323
59.7026
59.6419
59.5575
59.4713
59.3489
59.2374
59.1114
58.9908
58.8926
58.8073
58.7714
58.7737
58.8351
58.9658
59.1703
59.4574
59.8314
60.2711
60.7874
61.3666
61.9737
62.619
63.279
63.922
64.5483
65.1356
65.6677
66.1455
66.568
66.912
67.1942
67.3925
67.5129
67.549
67.5017
67.3725
67.1664
66.8807
66.5153
66.0662
65.5243
64.8645
64.0547
63.0918
62.0437
60.9801
59.9089
58.7981
57.6098
56.3537
55.0454
53.8562
52.727
51.6292
50.5946
49.5748
48.6257
47.7369
46.8966
46.1943
45.5492
44.9585
44.4848
44.0266
43.6262
43.3554
43.1345
42.9293
42.7701
42.5731
42.3832
42.9882
44.6401
46.7587
49.8261
54.1297
58.9187
63.9664
68.7433
72.9878
75.9847
76.4854
75.4734
74.377
73.7552
73.1613
74.0207
74.9708
74.6429
73.3939
71.3789
68.3767
65.8079
63.3945
60.6484
59.0434
55.3243
57.2798
49.8547
57.9166
44.1284
54.5147
57.4471
65.2568
63.6303
64.6525
61.7671
57.8088
55.0189
52.027
52.1569
55.1457
53.2154
53.6521
64.5322
64.5713
64.5541
64.4539
64.2832
64.1042
63.9493
63.8798
63.8534
63.8379
63.8182
63.7735
63.7044
63.6088
63.4901
63.3692
63.2523
63.1506
63.0657
62.9977
62.9554
62.9339
62.9236
62.9063
62.8832
62.8586
62.835
62.8091
62.7746
62.7414
62.7094
62.6859
62.6661
62.6499
62.6376
62.625
62.613
62.5915
62.5659
62.5254
62.4717
62.4085
62.3372
62.2631
62.1899
62.1202
62.0616
62.0165
61.9773
61.9546
61.9403
61.9389
61.9382
61.9412
61.9397
61.9267
61.9092
61.8658
61.8093
61.7277
61.6256
61.5031
61.3575
61.1982
61.0208
60.8347
60.6425
60.4522
60.2713
60.1076
59.9593
59.836
59.7368
59.6624
59.6221
59.5941
59.5977
59.616
59.6381
59.6761
59.701
59.7332
59.7561
59.7628
59.7665
59.7406
59.7047
59.6477
59.5695
59.4808
59.3693
59.2563
59.1364
59.0208
58.9234
58.8455
58.8081
58.813
58.8746
59.0043
59.2068
59.4907
59.8592
60.3054
60.8086
61.3748
61.9792
62.6181
63.2712
63.9136
64.5369
65.1216
65.6568
66.1361
66.5436
66.8867
67.162
67.3538
67.4658
67.4967
67.4478
67.3253
67.1286
66.8566
66.4983
66.0499
65.5004
64.8328
64.026
63.0792
62.0364
60.9558
59.8853
58.7696
57.6044
56.3918
55.1382
53.9806
52.8439
51.7269
50.6953
49.6851
48.7487
47.8755
47.0422
46.3399
45.7107
45.1478
44.6635
44.174
43.7591
43.47
43.2706
43.1904
43.1922
43.211
43.4305
44.4012
46.0796
48.4375
51.9658
56.3766
61.1127
66.2734
71.2926
75.2786
77.7357
77.999
76.7133
75.5263
74.2399
73.0266
73.5274
74.6507
74.8276
74.0048
72.4083
69.5634
66.989
64.2446
61.5387
59.1623
56.5506
56.4563
50.4768
57.9643
43.4949
68.7726
63.5339
66.2292
66.3731
69.3268
64.2702
60.5066
58.4527
54.5569
55.2732
56.9637
55.621
56.0927
64.6711
64.6468
64.5603
64.4443
64.3057
64.1596
64.0292
63.9349
63.8777
63.838
63.804
63.755
63.6845
63.593
63.4844
63.3699
63.2563
63.1557
63.0717
63.0051
62.9609
62.9352
62.9199
62.9037
62.8814
62.8569
62.833
62.8068
62.7748
62.7421
62.7116
62.6876
62.6677
62.6512
62.6373
62.6235
62.6083
62.5866
62.5589
62.5183
62.4655
62.4035
62.3344
62.2621
62.1902
62.1225
62.0647
62.018
61.9817
61.958
61.9436
61.9391
61.9374
61.9378
61.9338
61.9212
61.8998
61.8583
61.8
61.7192
61.6181
61.4963
61.3535
61.195
61.021
60.8375
60.6485
60.4614
60.2829
60.12
59.9743
59.8516
59.7566
59.6854
59.6406
59.6147
59.6142
59.6284
59.6493
59.6794
59.7046
59.7318
59.7514
59.7585
59.7566
59.7333
59.696
59.6399
59.5652
59.4765
59.3707
59.259
59.1434
59.0328
58.9385
58.8671
58.8326
58.8422
58.9076
59.0391
59.2437
59.5271
59.8916
60.3356
60.8365
61.3942
61.9932
62.6251
63.2698
63.9069
64.5233
65.103
65.6345
66.111
66.5192
66.8589
67.1226
67.3135
67.425
67.4542
67.4012
67.2677
67.0565
66.7681
66.3999
65.9461
65.396
64.7321
63.9404
63.0263
62.0192
60.9559
59.899
58.7669
57.6043
56.3985
55.1674
54.0161
52.87
51.778
50.7494
49.7426
48.8257
47.9405
47.1109
46.4175
45.7889
45.2144
44.7061
44.2408
43.8534
43.5593
43.3621
43.3598
43.4404
43.5461
43.91
44.9677
46.7006
49.0963
52.7542
57.3958
62.25
67.2835
72.3224
75.8252
78.0029
78.4468
77.4407
76.3094
74.7443
73.2532
73.7116
74.6424
74.6899
73.7448
72.4493
70.3353
67.8046
65.0864
62.369
59.8609
57.5984
56.0646
52.94
57.8733
48.5831
72.666
64.4086
81.5379
76.4244
71.7753
66.386
62.894
60.883
56.6085
57.943
57.9301
56.354
56.9708
63.8563
63.8474
63.8475
63.8497
63.8254
63.7842
63.7378
63.6928
63.6506
63.6104
63.5703
63.5293
63.486
63.4142
63.2985
63.1414
62.9573
62.7691
62.5976
62.4772
62.4376
62.4814
62.5927
62.7404
62.8641
62.9308
62.9457
62.9128
62.834
62.7519
62.722
62.7242
62.7075
62.6659
62.6247
62.6175
62.6476
62.7185
62.8374
62.9929
63.1554
63.3297
63.5145
63.6705
63.8024
63.9582
64.1711
64.4422
64.7258
64.9287
64.9309
64.5806
63.8761
63.0953
62.3771
61.8624
61.6008
61.6035
61.8047
61.8709
61.5919
61.1709
61.1049
61.2028
61.4809
61.8162
61.6889
61.1625
60.4088
59.5396
58.6776
57.844
57.1097
56.5841
56.4068
56.6772
57.4183
58.4716
59.4989
59.4309
58.6477
58.3907
58.3425
58.4778
59.116
60.2912
61.7993
63.1576
64.1825
64.9622
65.575
66.1017
66.4136
66.3716
65.7893
64.4844
62.3839
59.6351
56.5115
53.4054
50.7913
48.9515
48.065
47.9538
48.1337
48.164
47.7596
47.587
47.9378
48.4796
49.3221
50.3333
51.0694
51.6279
52.1526
52.559
52.7871
52.7115
52.3346
51.9942
51.7732
51.2838
51.1464
51.282
50.5922
48.2478
46.4507
47.1708
49.2501
50.1871
49.6943
48.8673
47.9413
47.1283
46.5064
46.0868
45.8664
45.8267
45.9282
46.1331
46.4106
46.7297
47.0694
47.4173
47.7644
48.114
48.4899
48.9237
49.4587
50.1734
51.1394
52.4162
54.0601
56.1414
58.6434
61.5818
64.9348
68.6301
72.5584
76.6444
80.721
84.6689
88.4354
91.8869
94.9422
97.5319
99.6911
101.45
102.817
103.906
104.744
105.39
105.867
106.249
106.59
106.938
107.299
107.651
108.01
108.412
108.917
109.421
109.852
110.277
110.826
111.403
111.86
112.289
112.805
113.393
114.119
115.054
116.028
116.88
117.54
118.051
118.532
119.074
119.597
119.859
63.8549
63.844
63.8423
63.8441
63.8191
63.7777
63.7329
63.69
63.6497
63.6113
63.5709
63.5262
63.479
63.4035
63.2852
63.1212
62.926
62.7281
62.5412
62.4044
62.3543
62.3981
62.5269
62.7132
62.8758
62.9649
62.981
62.9444
62.8721
62.7594
62.6837
62.6689
62.6307
62.5637
62.5162
62.5172
62.5624
62.6447
62.7815
62.9592
63.1308
63.3073
63.4943
63.6511
63.7734
63.9058
64.0835
64.3101
64.5546
64.7243
64.6948
64.2999
63.5973
62.8201
62.125
61.6007
61.3011
61.1896
61.3011
61.3845
61.2579
61.1576
61.1036
61.0768
61.3113
61.609
61.4856
60.9882
60.2548
59.4147
58.5455
57.6586
56.8543
56.245
55.94
56.0607
56.6294
57.4678
58.3415
58.5387
58.466
58.5864
58.0977
57.9383
58.6404
59.853
61.4237
62.8384
63.8469
64.6188
65.2509
65.8073
66.159
66.1425
65.5447
64.1757
61.9836
59.121
55.8177
52.5342
49.8163
47.89
46.8166
46.5925
46.8967
47.2045
47.2385
47.5814
48.1196
48.5258
49.3724
50.3823
51.0629
51.6069
52.1929
52.5915
52.6662
52.5365
52.3224
52.39
52.2078
50.7851
49.9845
51.6029
52.5265
49.5924
46.5781
46.1975
47.7055
48.6901
48.5754
47.9622
47.2018
46.5304
46.0332
45.7241
45.5958
45.632
45.7996
46.0569
46.3768
46.7289
47.0829
47.4318
47.7698
48.0954
48.4319
48.813
49.2847
49.9362
50.8432
52.0759
53.6474
55.6444
58.1336
61.0914
64.4709
68.2146
72.1909
76.3201
80.4583
84.4557
88.2739
91.7916
94.9021
97.5472
99.719
101.511
102.848
103.953
104.782
105.415
105.897
106.27
106.59
106.916
107.274
107.64
107.982
108.35
108.854
109.388
109.786
110.165
110.711
111.302
111.771
112.256
112.807
113.359
114.157
115.163
116.037
116.844
117.673
118.249
118.529
118.975
119.575
119.886
63.8592
63.8574
63.8376
63.8267
63.7941
63.7501
63.7089
63.6739
63.6449
63.6157
63.5788
63.5339
63.4783
63.3917
63.2594
63.0785
62.8635
62.6417
62.4278
62.2655
62.2051
62.2541
62.4126
62.6386
62.8441
62.9916
63.0293
62.9489
62.8396
62.7226
62.6062
62.5205
62.4467
62.3783
62.3275
62.3308
62.4054
62.5143
62.6687
62.8752
63.0796
63.258
63.4442
63.6051
63.7079
63.798
63.9165
64.0708
64.2508
64.3612
64.2677
63.8267
63.1412
62.3917
61.7334
61.207
60.8539
60.6499
60.7051
60.9168
61.1073
61.2116
61.2246
61.2728
61.4571
61.603
61.3819
60.8342
60.1152
59.3091
58.4058
57.4309
56.4874
55.6907
55.2087
55.1392
55.4746
56.1284
56.9371
57.5292
57.818
57.7514
57.5363
57.8284
58.5158
59.7774
61.3139
62.611
63.5224
64.2325
64.8808
65.4535
65.8136
65.7965
65.1406
63.6603
61.3078
58.2026
54.6107
51.0525
48.0818
45.9836
44.8989
44.7089
45.2487
46.0055
46.7401
47.6604
48.4428
48.9912
49.7982
50.704
51.4119
51.8867
52.2448
52.5214
52.7219
52.8402
52.0482
51.6298
52.512
52.2963
50.5967
50.1147
50.263
49.1696
47.4548
46.4473
46.536
46.7779
46.6944
46.3489
45.9012
45.4999
45.2324
45.1289
45.1713
45.3353
45.6133
45.9641
46.3502
46.7494
47.1317
47.4887
47.8159
48.1014
48.3722
48.6693
49.0336
49.5616
50.3512
51.4299
52.9324
54.8909
57.3362
60.2818
63.6777
67.4603
71.5051
75.7066
79.9343
84.0333
87.9421
91.5622
94.7646
97.4851
99.6944
101.483
102.878
103.963
104.766
105.383
105.86
106.203
106.493
106.811
107.155
107.529
107.89
108.224
108.704
109.286
109.713
110.06
110.64
111.285
111.737
112.247
112.895
113.504
114.275
115.294
116.272
117.059
117.721
118.198
118.55
119.11
119.76
120.089
63.8718
63.8637
63.8311
63.7925
63.7466
63.7003
63.6651
63.643
63.6338
63.6269
63.6059
63.565
63.5027
63.3991
63.2473
63.0463
62.8193
62.5828
62.3336
62.1324
62.038
62.0797
62.2631
62.5294
62.768
62.9324
62.957
62.8631
62.7189
62.5688
62.4333
62.302
62.1913
62.1277
62.0938
62.1141
62.2176
62.3633
62.5528
62.7832
63.0115
63.2022
63.3922
63.5504
63.6329
63.6834
63.7495
63.8375
63.941
63.9858
63.8142
63.3464
62.6679
61.987
61.3687
60.8443
60.4567
60.2129
60.2477
60.5394
60.9503
61.3601
61.6777
61.847
61.9062
61.8471
61.52
60.9392
60.2019
59.3533
58.3717
57.2819
56.1851
55.2089
54.5783
54.3301
54.4999
55.0507
55.8012
56.5929
57.2173
57.6126
57.9584
58.436
59.2672
60.363
61.6803
62.6784
63.3703
63.9574
64.5022
64.9666
65.2633
65.1842
64.473
62.8816
60.3927
57.0621
53.2242
49.493
46.4445
44.321
43.2416
43.1599
43.8037
44.929
46.2446
47.5081
48.7608
49.8779
50.753
51.4131
51.7747
52.2261
52.6202
52.8044
52.3585
52.6315
53.1959
52.1843
51.3643
51.1002
50.3288
49.358
48.5629
47.5864
46.5494
45.7546
45.3433
45.1556
44.9949
44.8046
44.6071
44.4591
44.4144
44.5064
44.7146
45.0072
45.397
45.8511
46.3064
46.7566
47.1861
47.5572
47.868
48.1101
48.309
48.5116
48.7518
49.1285
49.7795
50.7107
52.0718
53.9341
56.3045
59.2086
62.6148
66.4245
70.53
74.8342
79.1709
83.3694
87.4163
91.1673
94.4815
97.2894
99.5621
101.369
102.789
103.879
104.649
105.221
105.691
106.035
106.292
106.584
106.92
107.306
107.701
108.004
108.446
109.117
109.588
109.832
110.447
111.235
111.716
112.241
112.949
113.537
114.309
115.372
116.306
117.094
117.754
118.308
118.803
119.379
120.059
120.463
63.8903
63.8603
63.8073
63.7435
63.6823
63.6359
63.6101
63.6045
63.6193
63.6416
63.6439
63.6155
63.5466
63.4324
63.2733
63.0642
62.8175
62.5559
62.2761
62.038
61.9066
61.9248
62.1044
62.3825
62.6181
62.7593
62.7633
62.6637
62.5082
62.3282
62.1659
62.0189
61.9025
61.8481
61.8395
61.8952
62.0359
62.2225
62.4402
62.6896
62.9352
63.1411
63.3305
63.4843
63.5633
63.5948
63.632
63.6784
63.725
63.6898
63.4482
62.9348
62.2512
61.6199
61.022
60.5031
60.0918
59.8542
59.927
60.2676
60.8049
61.4983
62.0783
62.4192
62.4301
62.2094
61.7748
61.1877
60.4673
59.5581
58.4627
57.234
55.9752
54.8216
54.0137
53.6847
53.7984
54.2799
55.0149
55.9162
56.8163
57.6722
58.4718
59.2708
60.1762
61.1155
62.1122
62.7599
63.1406
63.5254
63.8878
64.2003
64.3774
64.1864
63.4013
61.7954
59.2915
55.8045
51.8711
48.0649
44.9596
42.8788
41.8939
41.9401
42.7545
44.0977
45.6917
47.5316
49.2985
50.5423
51.5235
52.4811
53.0231
52.9376
52.6582
52.9479
53.2666
52.5378
52.1406
51.8068
50.8698
49.9829
49.0867
48.0759
47.0153
46.0188
45.1978
44.5836
44.134
43.8366
43.6597
43.5645
43.5267
43.5619
43.6913
43.935
44.2798
44.6942
45.1681
45.7066
46.2531
46.7514
47.2111
47.6108
47.9144
48.1116
48.2314
48.3238
48.4301
48.6278
49.0633
49.8416
51.0476
52.7921
55.0851
57.9325
61.3289
65.1714
69.3186
73.7051
78.1699
82.4814
86.6556
90.5589
94.001
96.9026
99.2479
101.086
102.52
103.608
104.357
104.885
105.335
105.67
105.917
106.18
106.489
106.913
107.329
107.605
108.061
108.747
109.289
109.681
110.3
111.08
111.59
112.202
113.024
113.583
114.362
115.536
116.509
117.288
117.864
118.351
118.816
119.475
120.091
120.533
63.8977
63.8486
63.7703
63.6901
63.6214
63.5782
63.5624
63.5721
63.6088
63.6581
63.6813
63.6641
63.5933
63.4819
63.3273
63.1192
62.8628
62.5898
62.2958
62.023
61.8708
61.8682
62.0208
62.2536
62.4479
62.5476
62.5237
62.4058
62.2339
62.0358
61.857
61.7074
61.6029
61.5715
61.5998
61.6927
61.8716
62.0995
62.3499
62.6117
62.8563
63.0693
63.259
63.4117
63.4971
63.5375
63.5707
63.6062
63.6087
63.5241
63.2044
62.6265
61.9338
61.3188
60.727
60.2104
59.7964
59.5989
59.72
60.096
60.7201
61.5405
62.2927
62.7235
62.7708
62.5388
62.0688
61.4287
60.6308
59.6717
58.5164
57.1947
55.8447
54.6207
53.732
53.3053
53.3933
53.8245
54.5871
55.525
56.5681
57.6888
58.7749
59.7723
60.6895
61.5676
62.2229
62.594
62.7923
62.8572
62.9235
63.0148
62.9954
62.7299
61.951
60.4442
58.0536
54.736
50.903
47.1416
44.062
42.0464
41.1788
41.3183
42.2189
43.6785
45.4589
47.3854
49.3838
51.3254
52.5261
53.0101
53.0958
53.3801
53.4708
53.0058
52.81
52.3932
51.649
50.9033
49.8594
48.7273
47.6504
46.6112
45.5963
44.6858
43.9598
43.4233
43.029
42.7613
42.6176
42.5917
42.6544
42.8094
43.0698
43.4358
43.8818
44.3981
44.967
45.5693
46.19
46.7481
47.2391
47.659
47.961
48.1225
48.1674
48.1363
48.0988
48.1344
48.3477
48.9205
49.9566
51.5644
53.7626
56.5461
59.9286
63.7894
67.9363
72.3744
76.9631
81.3652
85.6198
89.6775
93.2559
96.2555
98.6909
100.554
101.979
103.072
103.819
104.313
104.729
105.092
105.335
105.561
105.875
106.304
106.749
107.046
107.482
108.226
108.904
109.329
109.862
110.737
111.491
112.187
113.076
113.728
114.613
115.882
116.969
117.568
118.063
118.454
118.881
119.405
120.044
120.385
63.8833
63.8228
63.7294
63.6422
63.5723
63.5349
63.5299
63.554
63.6084
63.6759
63.7135
63.6987
63.6311
63.5336
63.3994
63.2006
62.9456
62.674
62.4024
62.1701
62.0043
61.9638
62.0531
62.1981
62.3105
62.347
62.2809
62.1326
61.937
61.7288
61.55
61.4136
61.3383
61.3403
61.4069
61.5473
61.7621
62.0176
62.2858
62.5553
62.7921
62.9978
63.1865
63.3399
63.4336
63.4936
63.5438
63.5904
63.5768
63.4529
63.0757
62.4394
61.7308
61.1297
60.5592
60.0499
59.6329
59.4737
59.6305
60.0227
60.672
61.515
62.3477
62.7439
62.8265
62.5945
62.1016
61.4287
60.5795
59.5686
58.3803
57.0596
55.7287
54.5153
53.6342
53.2487
53.2783
53.6769
54.4027
55.3261
56.4019
57.6016
58.815
59.9016
60.7204
61.3172
61.7704
61.9023
61.7715
61.6338
61.5339
61.4035
61.2689
60.954
60.24
58.9228
56.8388
53.8993
50.3922
46.8025
43.8582
41.9137
41.1941
41.3695
42.2892
43.7411
45.5365
47.6102
49.7212
51.4336
52.6293
53.4239
54.019
53.7538
53.4632
53.0812
52.5462
51.8657
50.89
49.8013
48.6537
47.4807
46.3496
45.3095
44.3766
43.5602
42.9003
42.4234
42.0792
41.8638
41.7742
41.8096
41.9508
42.1828
42.5339
42.9714
43.5222
44.1128
44.7712
45.4347
46.104
46.732
47.2637
47.7003
48.0005
48.1403
48.1247
47.985
47.7928
47.6451
47.7031
48.0978
48.9418
50.3963
52.4833
55.1463
58.4975
62.4217
66.5031
70.8745
75.5988
80.1361
84.3469
88.4954
92.2571
95.3122
97.7858
99.7222
101.146
102.218
102.931
103.453
103.878
104.167
104.465
104.742
104.968
105.443
105.936
106.211
106.695
107.498
108.178
108.71
109.343
110.315
111.234
112.012
113.047
113.926
114.896
116.417
117.38
117.806
118.229
118.667
118.983
119.448
119.901
120.262
63.8555
63.7945
63.6978
63.6109
63.5437
63.513
63.5177
63.5537
63.621
63.6957
63.7381
63.7203
63.6651
63.5872
63.4726
63.2986
63.0688
62.8087
62.5547
62.3555
62.2195
62.1587
62.1763
62.2218
62.2332
62.1852
62.0647
61.8831
61.6629
61.4458
61.2777
61.1659
61.1284
61.1754
61.2862
61.4641
61.7102
61.9862
62.262
62.5291
62.7566
62.9501
63.1276
63.2782
63.3794
63.453
63.5232
63.5919
63.5907
63.4544
63.0467
62.3615
61.6424
61.0569
60.5269
60.0501
59.6478
59.4963
59.669
60.0638
60.6748
61.4598
62.1675
62.4735
62.531
62.241
61.6242
60.8219
59.9438
58.9736
57.9004
56.7243
55.5437
54.466
53.6933
53.3504
53.4042
53.7862
54.4531
55.3385
56.3572
57.477
58.5981
59.5675
60.3403
60.7761
60.9177
60.8473
60.5514
60.1795
59.8822
59.6419
59.3953
59.0208
58.4492
57.4087
55.7678
53.37
50.3737
47.1633
44.4327
42.6054
41.8491
42.0687
43.0124
44.3923
46.0898
48.0417
49.9202
51.5279
52.8697
53.5859
53.8255
53.8181
53.4941
52.9626
52.1884
51.1876
50.0339
48.8212
47.5959
46.3917
45.2782
44.2719
43.3784
42.6383
42.0339
41.5958
41.2959
41.1205
41.0935
41.1628
41.385
41.6629
42.0942
42.587
43.2036
43.8549
44.5643
45.2979
46.0135
46.6956
47.2663
47.7338
48.0392
48.1594
48.1122
47.8955
47.5716
47.3065
47.1895
47.425
48.1132
49.4349
51.4445
53.9306
57.0867
61.103
65.2729
69.3632
74.0337
78.8781
83.1194
87.117
90.9876
94.229
96.653
98.5755
100.031
101.07
101.802
102.258
102.703
103.061
103.295
103.594
104.011
104.337
104.739
105.171
105.704
106.408
107.157
107.879
108.591
109.617
110.736
111.635
112.806
113.916
114.931
116.454
117.55
117.944
118.364
118.772
119.084
119.419
119.813
120.033
63.8401
63.7834
63.6903
63.6083
63.5447
63.5197
63.5319
63.5759
63.648
63.7193
63.7551
63.7359
63.696
63.638
63.5442
63.4008
63.2126
62.9825
62.7495
62.5613
62.4367
62.3637
62.3279
62.2931
62.2181
62.0864
61.901
61.6745
61.4303
61.2106
61.0619
60.979
60.9774
61.0698
61.2309
61.4384
61.7029
61.9947
62.2676
62.5184
62.7323
62.9153
63.0831
63.2272
63.3331
63.419
63.509
63.6002
63.6299
63.5043
63.0838
62.3905
61.6681
61.0936
60.6237
60.2034
59.8388
59.6998
59.8481
60.2116
60.7194
61.3277
61.8228
62.0519
61.9578
61.4528
60.6308
59.702
58.7622
57.8968
57.0331
56.1315
55.2435
54.4347
53.8652
53.6132
53.6918
54.0677
54.6786
55.5209
56.4574
57.4415
58.4194
59.2109
59.7783
60.0579
60.0113
59.6922
59.2368
58.7658
58.3056
57.9147
57.5775
57.2312
56.7936
56.073
54.8941
53.1434
50.8364
48.2174
45.8342
44.0852
43.2285
43.269
43.9361
45.236
46.7143
48.4526
50.2228
51.6662
52.7388
53.5414
53.9323
53.9242
53.5565
52.8306
51.8057
50.6302
49.3777
48.055
46.7603
45.5704
44.4687
43.4755
42.6043
41.911
41.3554
40.9071
40.6936
40.5032
40.5572
40.6336
40.9285
41.2356
41.705
42.2527
42.9007
43.6126
44.3613
45.142
45.9003
46.6456
47.2317
47.7445
48.083
48.1943
48.1259
47.8823
47.4778
47.1053
46.9228
47.0826
47.6171
48.7046
50.6181
53.102
55.9653
59.7644
64.1543
68.2469
72.5591
77.4632
81.9682
85.8779
89.542
92.9343
95.483
97.2328
98.69
99.7735
100.432
100.855
101.35
101.723
101.889
102.23
102.651
102.989
103.373
103.844
104.407
105.123
105.83
106.678
107.534
108.582
109.904
110.986
112.254
113.549
114.686
116.192
117.409
117.918
118.345
118.812
119.119
119.478
119.648
119.865
63.8502
63.8001
63.714
63.6375
63.5784
63.5575
63.573
63.6196
63.6878
63.7471
63.7712
63.7575
63.7318
63.6877
63.6013
63.4837
63.3389
63.161
62.9665
62.7915
62.6515
62.5541
62.4721
62.3739
62.2373
62.0343
61.7859
61.5203
61.2518
61.0244
60.897
60.8519
60.8896
61.0146
61.211
61.4451
61.7123
62.0125
62.2802
62.5166
62.7176
62.889
63.0487
63.1879
63.2955
63.3878
63.4871
63.6083
63.6706
63.5729
63.1709
62.4996
61.7888
61.2488
60.8434
60.4908
60.2027
60.1042
60.2179
60.4817
60.8354
61.2588
61.5472
61.5434
61.1102
60.2852
59.2523
58.2164
57.33
56.6133
55.9601
55.3799
54.8519
54.3958
54.0852
53.9876
54.1148
54.505
55.044
55.8574
56.7145
57.5783
58.4098
59.0276
59.3762
59.4121
59.1819
58.6849
58.0709
57.4577
56.9248
56.4782
56.0988
55.76
55.4365
54.9715
54.2408
53.1543
51.6673
49.843
48.0106
46.5043
45.6396
45.4529
45.8051
46.6224
47.8449
49.3574
50.906
52.3181
53.4359
54.192
54.5184
54.3817
53.7718
52.8197
51.6587
50.3281
48.9175
47.5463
46.2296
44.9966
43.8637
42.8932
42.0732
41.2787
40.8702
40.359
40.2448
40.0143
40.1331
40.2312
40.5311
40.9009
41.3651
41.9497
42.6273
43.3695
44.1518
44.9745
45.7597
46.5518
47.1801
47.7241
48.1142
48.2382
48.1715
47.9366
47.5636
47.1849
46.8741
46.9169
47.4671
48.4465
50.0368
52.385
55.3064
58.8584
63.0356
67.253
71.5531
76.2
80.7398
84.7638
88.2679
91.4735
94.1545
95.8686
97.193
98.3264
99.0005
99.4055
99.8543
100.3
100.456
100.722
101.243
101.556
101.818
102.301
102.985
103.652
104.248
105.136
106.161
107.246
108.637
109.913
111.263
112.78
114.034
115.565
116.923
117.599
118.182
118.652
118.967
119.303
119.576
119.547
63.8861
63.8432
63.7665
63.6965
63.642
63.6238
63.6392
63.6813
63.7369
63.7773
63.7894
63.7849
63.7732
63.7393
63.6618
63.5535
63.4367
63.3084
63.164
63.0178
62.8734
62.7418
62.6144
62.4543
62.2612
62.0131
61.7146
61.4162
61.1383
60.9063
60.7836
60.755
60.8171
60.9675
61.1879
61.4454
61.7298
62.0334
62.3078
62.5375
62.7226
62.8779
63.0257
63.158
63.2654
63.3554
63.4599
63.5881
63.6766
63.6185
63.2792
62.668
61.9873
61.4847
61.1406
60.8681
60.6847
60.6452
60.7183
60.8534
61.0267
61.2205
61.2456
60.8983
60.1404
59.0821
57.9779
57.0121
56.2277
55.5991
55.1186
54.7254
54.4442
54.2762
54.243
54.3849
54.6706
55.19
55.9068
56.5639
57.327
58.056
58.7061
59.1322
59.2276
58.9921
58.5165
57.8707
57.1534
56.4566
55.8626
55.3595
54.9509
54.6348
54.4005
54.1359
53.7985
53.296
52.5979
51.673
50.6618
49.7385
49.114
48.911
49.1577
49.8155
50.7116
51.905
53.1558
54.3155
55.1717
55.6488
55.6484
55.1388
54.2649
53.1143
51.7105
50.2163
48.7323
47.2931
45.8885
44.5865
43.5425
42.3909
41.7256
40.8028
40.5458
39.9545
39.8914
39.6956
39.7579
39.9293
40.2042
40.5982
41.0813
41.6676
42.356
43.1296
43.9408
44.7876
45.5801
46.4511
47.0974
47.6579
48.131
48.2526
48.2808
48.1129
47.6472
47.3752
47.1992
47.0174
47.3454
48.4602
50.0641
51.947
54.6677
58.4143
62.4318
66.3522
70.699
75.3448
79.7107
83.6677
87.1601
90.139
92.7832
94.4873
95.6142
96.8227
97.5511
97.8668
98.376
98.894
99.0521
99.2602
99.7571
100.081
100.268
100.757
101.426
102.08
102.577
103.386
104.556
105.633
106.939
108.383
109.817
111.457
112.913
114.529
116.053
116.922
117.615
118.142
118.533
118.986
119.061
119.13
63.9425
63.9059
63.8397
63.7759
63.7256
63.7066
63.7176
63.7493
63.7873
63.8095
63.8161
63.8199
63.8154
63.7851
63.7203
63.6276
63.527
63.4257
63.312
63.1916
63.0578
62.9058
62.7471
62.542
62.2928
62.0105
61.6829
61.3578
61.0711
60.8268
60.6864
60.6546
60.7184
60.8888
61.1504
61.4498
61.7627
62.0787
62.3567
62.5746
62.7395
62.8725
62.9961
63.1215
63.2284
63.323
63.4274
63.5473
63.6495
63.6338
63.3841
62.8682
62.2475
61.7839
61.4878
61.2879
61.1886
61.2014
61.2811
61.3496
61.4005
61.3748
61.1081
60.4171
59.3715
58.2111
57.1219
56.2138
55.5054
54.9964
54.6028
54.2962
54.1004
54.0659
54.212
54.5908
55.1014
55.7715
56.617
57.3526
58.1774
58.8302
59.2636
59.4572
59.2744
58.8173
58.0984
57.3066
56.4967
55.7368
55.0688
54.5388
54.1109
53.8013
53.6349
53.548
53.5084
53.4772
53.4131
53.3041
53.1458
53.0008
52.9349
53.0974
53.542
54.1984
55.0535
55.9333
56.7429
57.3776
57.7142
57.6402
57.1132
56.2354
54.9954
53.5211
51.9609
50.3481
48.7037
47.1298
45.8347
44.2302
43.3749
42.046
41.5379
40.5025
40.2687
39.7682
39.5803
39.476
39.4853
39.6672
39.944
40.3355
40.8072
41.4123
42.1078
42.8659
43.6992
44.6143
45.377
46.3241
46.9974
47.5264
48.2116
48.2754
48.2426
48.4318
47.9242
47.4131
47.574
47.5765
47.4767
48.3716
50.3164
52.1823
54.3264
58.0128
62.2302
65.9766
70.0561
74.6578
78.9569
82.7441
86.1604
89.0501
91.4917
93.2017
94.2102
95.272
96.143
96.443
96.8694
97.4843
97.7555
97.8759
98.2545
98.6173
98.8148
99.2125
99.7841
100.411
100.946
101.725
102.817
103.752
105.008
106.478
107.971
109.597
111.243
113.047
114.668
115.763
116.553
117.227
117.751
118.169
118.419
118.206
64.0086
63.9782
63.9207
63.8617
63.8143
63.7924
63.7945
63.8129
63.8331
63.8415
63.8476
63.8584
63.8609
63.833
63.7748
63.697
63.6147
63.5323
63.4343
63.3196
63.1894
63.0256
62.8399
62.6144
62.3278
62.0123
61.6693
61.3182
61.0121
60.7499
60.5878
60.5484
60.624
60.8272
61.1404
61.4969
61.8482
62.1746
62.4428
62.6315
62.762
62.8591
62.9551
63.0667
63.1769
63.2807
63.3845
63.496
63.5919
63.6109
63.4517
63.0538
62.544
62.1437
61.9034
61.78
61.7613
61.8312
61.9593
62.0528
62.048
61.8217
61.2231
60.18
58.9331
57.7071
56.6036
55.7434
55.1278
54.641
54.2514
54.0229
53.8537
53.8317
54.0572
54.5496
55.2448
56.0625
57.0781
57.9328
58.8079
59.4972
59.7886
59.8066
59.4112
58.7634
57.8865
56.9726
56.0827
55.2727
54.5561
53.984
53.5255
53.2063
53.0946
53.1324
53.3141
53.627
54.0669
54.5954
55.1589
55.7409
56.32
57.0063
57.8127
58.6413
59.4893
60.1161
60.5131
60.6261
60.3471
59.7244
58.7455
57.3813
55.7794
54.1036
52.3357
50.4874
48.9356
47.0229
45.875
44.0452
43.3823
41.8995
41.3463
40.4993
40.0366
39.6608
39.3972
39.2907
39.2912
39.4468
39.6944
40.1155
40.5691
41.1375
41.8492
42.607
43.4386
44.4195
45.1226
46.1724
46.9831
47.2946
48.2
48.4808
48.1357
48.5196
48.4289
47.6373
47.6073
48.1174
48.1563
48.4933
50.2892
52.6367
54.6906
57.9051
62.0896
65.974
69.8605
74.1416
78.4083
82.0904
85.1853
88.0068
90.3575
91.9068
92.9471
93.9657
94.7584
95.0772
95.5068
96.122
96.4469
96.5605
96.8422
97.2164
97.3725
97.5958
98.1123
98.6597
99.2263
100.006
101.047
101.954
102.99
104.372
105.773
107.36
109.108
110.977
112.672
113.939
114.992
115.834
116.432
116.892
116.908
116.874
64.0702
64.0451
63.996
63.9409
63.8943
63.8676
63.8598
63.8668
63.8723
63.8714
63.8783
63.8961
63.9032
63.8795
63.8317
63.7674
63.6973
63.6291
63.5457
63.4332
63.2973
63.122
62.9115
62.6663
62.3593
62.0154
61.6529
61.2836
60.9617
60.688
60.5233
60.4937
60.5978
60.8446
61.2082
61.6127
61.9972
62.3252
62.5687
62.7165
62.7991
62.8474
62.9065
62.9944
63.0974
63.2091
63.3243
63.4309
63.5198
63.5577
63.4571
63.1751
62.8118
62.5105
62.3656
62.3414
62.424
62.5879
62.7857
62.9368
62.8893
62.483
61.5845
60.2449
58.8134
57.4976
56.384
55.5067
54.8853
54.4136
54.058
53.8209
53.6745
53.6402
53.8541
54.3485
55.1165
56.0175
57.1709
58.1177
59.0701
59.8592
60.1304
60.0507
59.5576
58.7707
57.8096
56.8141
55.8783
55.0196
54.3067
53.6304
53.1187
52.7851
52.7002
52.827
53.1684
53.7535
54.579
55.5725
56.6715
57.8279
58.9727
60.1525
61.3497
62.4123
63.2651
63.6913
63.7526
63.4195
62.708
61.637
60.1698
58.495
56.6308
54.5891
52.8858
50.6817
49.1747
47.0798
46.0408
44.1272
43.2676
42.0873
41.253
40.5419
39.9329
39.5701
39.2935
39.1556
39.1193
39.3021
39.5075
39.893
40.3557
40.8927
41.5959
42.3187
43.1463
44.2527
44.8499
45.8958
47.033
47.1359
47.9623
48.6763
48.2362
48.4509
48.684
48.1029
47.8581
48.2293
48.6742
49.2096
50.5994
52.8673
55.2724
58.2913
62.1333
66.1006
70.0404
73.9291
77.9565
81.5483
84.4093
87.0757
89.2443
90.6273
91.7272
92.7842
93.4745
93.8187
94.2962
94.8022
95.0271
95.2312
95.4823
95.7716
95.8388
95.9425
96.3228
96.7768
97.2692
98.0954
99.1697
100.068
100.952
102.257
103.496
104.815
106.551
108.306
110.084
111.556
112.74
113.689
114.421
114.85
114.938
114.5
64.1165
64.0961
64.053
64.0019
63.9565
63.9258
63.9114
63.9095
63.9075
63.9032
63.912
63.9352
63.9526
63.9326
63.8871
63.8299
63.7731
63.7163
63.6437
63.5345
63.393
63.2079
62.9768
62.7103
62.3879
62.0266
61.6491
61.2696
60.9376
60.6645
60.5063
60.4979
60.64
60.9384
61.3556
61.7988
62.1969
62.5101
62.7151
62.8101
62.8355
62.8338
62.8491
62.9036
62.9965
63.118
63.254
63.3838
63.4644
63.4794
63.3974
63.2253
62.9945
62.8255
62.828
62.9411
63.1616
63.4583
63.7533
63.9126
63.7757
63.2218
62.0836
60.4956
58.9155
57.5547
56.3969
55.4861
54.8965
54.4445
54.0811
53.764
53.5926
53.4631
53.6409
54.1265
54.8937
55.7665
56.9469
57.9839
59.0049
59.914
60.2415
60.1582
59.6603
58.815
57.8199
56.7925
55.804
54.8887
54.0785
53.3608
52.8045
52.4631
52.3925
52.5888
53.0704
53.8854
54.9746
56.2687
57.7292
59.3056
60.9032
62.4883
64.0107
65.2605
66.1571
66.4627
66.2929
65.6718
64.584
63.1465
61.4727
59.3819
57.436
55.1068
53.3878
50.9516
49.5467
47.3388
46.1029
44.5077
43.2894
42.2951
41.2777
40.5956
39.9689
39.543
39.2346
39.137
39.0523
39.1832
39.4232
39.7384
40.1268
40.683
41.3907
42.0147
42.8192
44.1136
44.6325
45.6062
46.9745
47.0318
47.814
48.7031
48.2179
48.583
48.8049
48.2167
48.3737
48.612
48.9312
49.8983
51.2349
53.1886
55.8749
59.0377
62.4739
66.2838
70.3119
73.9242
77.6523
81.1307
83.7262
86.2111
88.201
89.4347
90.6013
91.6615
92.2455
92.6282
93.1646
93.5446
93.6021
93.74
93.9997
94.1353
94.113
94.0739
94.3436
94.6961
95.0649
95.8414
96.9556
97.8487
98.7346
99.9765
101.122
102.27
103.707
105.26
106.927
108.468
109.643
110.652
111.413
111.799
111.61
111.429
64.1463
64.1341
64.0931
64.048
64.0045
63.9726
63.9541
63.9472
63.9413
63.9388
63.9491
63.9755
64.0072
64.0032
63.9651
63.9064
63.8481
63.7904
63.7176
63.6097
63.4656
63.2751
63.0292
62.7512
62.4195
62.0473
61.6715
61.2926
60.9597
60.7013
60.5653
60.5837
60.7699
61.1228
61.5859
62.0552
62.446
62.716
62.8548
62.88
62.8401
62.7864
62.7601
62.7865
62.8705
63.0003
63.1601
63.3074
63.4071
63.4443
63.3974
63.2425
63.0583
63.0348
63.2095
63.5034
63.9102
64.3393
64.738
64.9164
64.6827
63.9814
62.6317
60.9124
59.2303
57.7488
56.5683
55.6439
55.0245
54.5516
54.1612
53.7982
53.6073
53.4175
53.5531
53.9818
54.6751
55.4509
56.5506
57.5773
58.6674
59.752
60.185
60.1946
59.7027
58.8928
57.8772
56.8373
55.805
54.8405
53.9683
53.2043
52.6207
52.275
52.2106
52.4615
53.0651
54.0132
55.2522
56.7073
58.4225
60.2851
62.2106
64.0988
65.8416
67.2033
68.0531
68.4025
68.1662
67.271
66.0173
64.2944
62.4758
60.1338
58.1777
55.5792
53.9171
51.3988
49.7542
47.8696
46.2625
44.8858
43.4293
42.4824
41.4798
40.7165
40.0893
39.6708
39.2817
39.1847
39.1885
39.1281
39.3207
39.7542
39.9482
40.416
41.304
41.7689
42.5208
44.0483
44.366
45.385
47.0549
46.7263
47.6576
48.9242
47.9727
48.5706
49.1962
48.1449
48.6301
49.2943
49.14
50.3439
52.2227
53.8677
56.391
59.7825
62.9957
66.5925
70.5797
73.9893
77.4579
80.7249
83.0991
85.4383
87.2645
88.3572
89.5813
90.5769
91.0902
91.5656
91.9978
92.1919
92.1326
92.2009
92.3513
92.2191
92.1301
91.9969
92.1101
92.3689
92.6637
93.3055
94.2534
95.13
96.0242
97.3462
98.4644
99.5275
100.771
102.074
103.464
104.724
105.78
106.738
107.259
107.383
107.143
106.281
64.1629
64.1421
64.1114
64.071
64.036
64.0063
63.9877
63.9788
63.9731
63.9738
63.9872
64.0179
64.0641
64.083
64.0572
64.0006
63.937
63.8687
63.7859
63.6682
63.5145
63.3165
63.0657
62.7778
62.4473
62.0776
61.7089
61.3488
61.0404
60.8047
60.6951
60.7679
61.0089
61.4011
61.8856
62.3428
62.6889
62.891
62.9477
62.8911
62.7826
62.6739
62.6202
62.6246
62.7118
62.8733
63.0781
63.2754
63.4373
63.4875
63.4382
63.2206
63.0818
63.1504
63.4432
63.94
64.5093
65.0343
65.5478
65.7584
65.4075
64.669
63.2842
61.3923
59.6282
58.0573
56.8107
55.8462
55.2291
54.7657
54.4232
54.0785
53.8488
53.7157
53.7789
54.0712
54.5658
55.2006
56.1052
57.0936
58.2211
59.3491
59.9766
60.117
59.6975
58.9528
57.9719
56.9353
55.8914
54.8896
53.9706
53.183
52.572
52.2192
52.1597
52.4514
53.1076
54.0629
55.3811
56.9415
58.8829
60.9273
63.0897
65.1432
67.0263
68.4731
69.4129
69.7137
69.363
68.3145
67.0461
65.0857
63.3045
60.709
58.7727
56.1753
54.2071
52.0326
50.0469
48.3629
46.4784
45.1763
43.7754
42.72
41.7815
40.9972
40.2675
39.9218
39.5795
39.2606
39.3779
39.3188
39.2366
39.7679
39.9447
40.1953
41.3356
41.6033
42.1993
44.2339
44.1936
44.9384
47.3406
46.587
47.1708
49.1856
47.9158
48.1375
49.5117
48.4028
48.4816
49.7806
49.8883
50.7311
52.8357
54.7333
56.9861
60.3781
63.639
66.9358
70.7121
74.0142
77.249
80.2637
82.5142
84.7066
86.414
87.4735
88.6883
89.5653
90.0429
90.5718
90.8375
90.8331
90.6384
90.5041
90.3643
90.1472
89.9237
89.6825
89.6265
89.7511
89.9783
90.5192
91.2443
91.9626
92.7944
94.1867
95.478
96.4635
97.6313
98.6635
99.6053
100.488
101.248
101.887
101.863
101.229
100.125
99.3923
64.1483
64.139
64.1165
64.0901
64.0663
64.042
64.0236
64.0103
64.0025
64.0023
64.0175
64.0534
64.11
64.1537
64.1552
64.1105
64.0447
63.9578
63.8519
63.7154
63.5471
63.3373
63.0863
62.7927
62.4704
62.1147
61.7705
61.4461
61.1727
60.9855
60.9427
61.0521
61.3339
61.751
62.2112
62.6127
62.8849
63.0019
62.9704
62.8288
62.6514
62.4905
62.4332
62.4151
62.5166
62.7035
62.9614
63.2244
63.4468
63.5748
63.5689
63.4174
63.2788
63.3342
63.697
64.3378
64.9257
65.4737
66.0517
66.2842
65.9219
65.1807
63.7929
61.9481
60.1195
58.3991
57.1388
56.1229
55.4717
55.0151
54.7134
54.438
54.2228
54.1306
54.1809
54.3932
54.76
55.2276
55.8688
56.6902
57.7642
58.9177
59.7212
59.9788
59.6533
58.9891
58.0673
57.0475
56.0117
55.0015
54.0633
53.2622
52.6408
52.2903
52.2312
52.4779
53.0986
54.0121
55.3895
57.0491
59.1428
61.3027
63.6389
65.7699
67.7251
69.206
70.2285
70.4139
70.1262
68.9931
67.7534
65.6618
63.7979
61.3462
59.1152
56.7936
54.5422
52.5776
50.3494
48.6977
46.8964
45.5463
44.2472
43.1336
42.1254
41.4744
40.7056
40.1936
40.0182
39.5854
39.557
39.5558
39.3023
39.8983
40.0579
39.9774
41.5402
41.7746
41.7405
44.4423
44.4639
44.3262
47.3671
46.8598
46.534
48.9677
48.1904
47.6975
49.2925
48.8205
48.5022
49.9091
50.565
51.1239
53.2477
55.5463
57.6268
60.7924
64.0508
67.1661
70.7026
73.8921
76.9546
79.7121
81.8975
83.9627
85.5612
86.7304
87.916
88.701
89.1792
89.6749
89.7956
89.5707
89.2507
88.7265
88.1891
87.9701
87.6928
87.2146
86.9867
86.8323
87.0459
87.3928
87.9314
88.5793
89.3934
90.6106
91.7978
92.8789
94.1241
95.0178
95.5238
95.9084
96.2173
96.1786
95.3328
93.6173
91.0198
87.488
64.1777
64.1417
64.1172
64.1019
64.088
64.0661
64.0448
64.028
64.0187
64.0219
64.04
64.0773
64.1342
64.1801
64.1969
64.1658
64.1062
64.019
63.8997
63.7478
63.5629
63.3391
63.0868
62.7951
62.4911
62.1647
61.86
61.5785
61.3675
61.2446
61.2365
61.3803
61.6877
62.0914
62.5089
62.8472
63.0324
63.0475
62.9228
62.6994
62.4585
62.2454
62.113
62.1307
62.2782
62.5126
62.8439
63.176
63.4704
63.6887
63.773
63.7024
63.7002
63.7581
64.0358
64.4929
65.1323
65.9167
66.554
66.6005
66.0772
65.3509
64.0799
62.3088
60.5618
58.8206
57.4649
56.4367
55.7211
55.2785
55.0069
54.8064
54.635
54.5419
54.59
54.7335
54.9911
55.3255
55.7887
56.4804
57.4495
58.574
59.435
59.7701
59.5594
58.9717
58.1367
57.1573
56.1377
55.1504
54.2036
53.3825
52.7541
52.349
52.2379
52.4013
52.9905
53.9391
55.3738
57.119
59.2685
61.4763
63.9448
66.1086
68.13
69.575
70.5852
70.748
70.4566
69.3523
67.9795
66.1297
64.0479
61.8354
59.4006
57.2896
54.9035
52.9505
50.8264
49.1347
47.5051
46.093
44.7538
43.7484
42.6993
41.8757
41.3208
40.7233
40.4138
40.0053
39.8847
39.8939
39.4949
40.0829
40.4884
39.9499
41.5373
42.4297
41.613
44.1384
45.0714
44.1671
46.7686
47.2029
46.3399
48.2128
48.4075
47.5572
48.638
49.1424
48.6884
49.6459
50.9982
51.6869
53.4885
55.993
58.0358
60.9444
64.2461
67.1935
70.4466
73.5882
76.4609
78.9758
81.2688
83.2884
84.7423
86.0628
87.2432
87.9562
88.4535
88.8948
88.805
88.4287
87.9831
86.996
86.1576
85.9685
85.5314
84.8071
84.12
83.6475
83.6173
83.945
84.4005
84.8604
85.7276
86.9069
87.8802
88.9047
90.1831
90.9655
91.2818
91.2251
90.7421
89.823
87.7692
84.423
78.4868
70.7343
64.0275
64.1036
64.1194
64.1214
64.123
64.1088
64.0833
64.0609
64.0507
64.0496
64.0573
64.0758
64.1174
64.1602
64.1922
64.1709
64.113
64.0295
63.9022
63.7314
63.529
63.2915
63.0352
62.7471
62.4604
62.1617
61.8944
61.6629
61.5011
61.4252
61.4709
61.6497
61.9574
62.3378
62.7153
63.0067
63.1302
63.0837
62.8795
62.5857
62.2883
62.0306
61.8913
61.8998
62.0566
62.3193
62.6797
63.0814
63.4515
63.756
63.9463
64.039
64.0592
64.1643
64.4119
64.8417
65.4335
65.9493
66.2188
66.2155
65.9282
65.192
63.9927
62.4125
60.7328
59.1335
57.7491
56.7722
56.0484
55.578
55.2803
55.1071
54.9745
54.9
54.9487
55.0737
55.2949
55.557
55.9234
56.5412
57.4244
58.4214
59.2056
59.5106
59.3793
58.8897
58.1403
57.2437
56.2616
55.2789
54.3447
53.4827
52.8138
52.3479
52.194
52.3464
52.9259
53.9141
55.3255
57.1687
59.3382
61.7076
64.1635
66.3778
68.3001
69.6927
70.6188
70.868
70.4343
69.5238
67.9944
66.3618
64.1577
62.1408
59.731
57.6169
55.3897
53.3726
51.4949
49.7437
48.0792
46.8134
45.4292
44.2852
43.4665
42.5308
41.8914
41.4286
40.8865
40.4768
40.4696
40.3524
39.9218
40.3338
41.002
40.5599
41.4236
42.8632
42.3087
43.7525
45.3042
44.6322
46.0827
47.164
46.492
47.4123
48.1849
47.5845
48.0637
48.9643
48.7708
49.5119
51.0622
51.9328
53.5637
56.0281
58.1417
60.8951
64.0467
66.8409
69.8939
73.0643
75.8302
78.1526
80.5996
82.6481
84.0005
85.4833
86.7305
87.3709
87.9148
88.2069
87.9094
87.4255
86.708
85.4546
84.3721
84.042
83.4309
82.0078
80.8107
80.1297
79.4615
79.7092
80.2721
80.9102
81.8694
82.9075
83.8282
84.705
85.9856
86.6968
86.7048
86.2839
85.0343
82.9101
79.1708
73.5929
64.1364
43.6423
-113.013
-32.8109
-47.9508
-48.0723
-50.8908
-32.8355
-15.3438
-0.698729
5.02771
6.18101
5.23156
2.79181
0.211481
-0.645085
-0.429219
0.0773389
0.313137
0.304802
0.247148
0.0273694
-88.0513
-33.3466
-47.0839
-48.7123
-51.809
-33.3818
-15.6137
-0.5498
5.09536
6.22591
5.25921
2.82405
0.155982
-0.703874
-0.441522
0.0762637
0.316803
0.30115
0.255194
0.0310165
-69.3798
-34.0153
-46.7667
-49.586
-53.4199
-34.053
-15.8678
-0.618559
5.17015
6.23099
5.2485
2.8213
0.0156674
-0.8257
-0.498484
0.0575546
0.309209
0.29363
0.262751
0.0345338
-52.4005
-34.1662
-46.2005
-50.6821
-56.0116
-34.5831
-15.9471
-0.823264
5.12711
6.11331
5.14982
2.77544
-0.131611
-0.981265
-0.622706
-0.0505572
0.206699
0.225666
0.249878
0.0422608
-37.7153
-33.0641
-45.4069
-51.5124
-57.4126
-34.9512
-15.6242
-1.11653
4.872
5.7933
4.91366
2.68226
-0.289235
-1.14185
-0.790021
-0.249367
-0.00886026
0.031524
0.177241
0.0391949
-25.6458
-30.322
-43.9239
-51.4462
-57.5236
-35.0307
-15.0461
-1.49484
4.35401
5.24649
4.50546
2.53543
-0.412267
-1.2718
-0.971518
-0.525277
-0.336019
-0.267277
0.0251127
0.0106888
-15.6608
-25.735
-41.0471
-50.0071
-55.9309
-34.7206
-14.5403
-2.07266
3.52187
4.47836
3.93896
2.35408
-0.48544
-1.38539
-1.17049
-0.881887
-0.776374
-0.653827
-0.197554
-0.0443864
-6.71013
-19.1475
-36.2313
-46.7975
-52.4952
-33.7772
-14.2438
-2.91134
2.38893
3.52811
3.24763
2.1624
-0.441688
-1.47318
-1.41961
-1.34661
-1.34797
-1.13395
-0.488684
-0.121305
2.01996
-10.7059
-29.259
-41.7219
-47.5041
-31.9746
-14.044
-3.87051
1.08435
2.48082
2.52884
1.99907
-0.232392
-1.49089
-1.72934
-1.93819
-2.06781
-1.71716
-0.849673
-0.212991
10.8303
-1.27657
-20.7099
-35.0625
-41.3398
-29.3559
-13.8215
-4.76788
-0.172422
1.47264
1.84929
1.85181
0.138244
-1.38684
-2.10241
-2.68118
-2.93996
-2.39801
-1.27364
-0.315619
19.2369
8.21091
-11.1592
-27.1845
-34.5881
-26.2734
-13.5238
-5.51553
-1.27922
0.600464
1.27471
1.73408
0.612586
-1.18582
-2.54541
-3.59271
-3.94838
-3.27856
-1.74586
-0.418449
26.8045
17.1586
-1.85113
-19.3543
-28.1449
-23.2304
-13.1864
-6.1138
-2.22214
-0.117558
0.825926
1.65052
1.12202
-0.931719
-3.0447
-4.65211
-5.0414
-4.08812
-2.23159
-0.514844
33.3297
24.8589
5.85628
-12.6885
-22.6404
-20.5963
-12.8563
-6.584
-3.02715
-0.746846
0.500181
1.62041
1.61114
-0.65305
-3.55221
-5.76742
-6.14069
-4.88094
-2.69202
-0.594848
38.7699
30.8501
11.4659
-7.38033
-18.1958
-18.4604
-12.5831
-6.99554
-3.74146
-1.33163
0.287264
1.6456
2.03451
-0.365352
-3.99421
-6.78664
-7.11661
-5.55786
-3.06951
-0.650223
43.7085
35.5293
15.5416
-3.19247
-14.6676
-16.7294
-12.4067
-7.4335
-4.43088
-1.88216
0.186137
1.75845
2.35947
-0.0891871
-4.27981
-7.51603
-7.83719
-6.0424
-3.3155
-0.673568
48.6831
39.2064
18.7685
0.17082
-11.7867
-15.2563
-12.3148
-7.9119
-5.07852
-2.38491
0.147213
1.86959
2.5679
0.141331
-4.37726
-7.87625
-8.14523
-6.28807
-3.42259
-0.677699
53.2115
41.9321
21.2478
2.79274
-9.46246
-14.0206
-12.2695
-8.36731
-5.62736
-2.79985
0.0975906
1.92704
2.64216
0.270757
-4.32628
-7.90032
-8.1987
-6.34213
-3.42896
-0.674892
56.4986
43.7228
22.9907
4.66675
-7.7487
-13.1012
-12.2577
-8.75305
-6.001
-3.04067
0.0183427
1.88869
2.5741
0.275706
-4.21339
-7.73394
-8.08325
-6.28206
-3.3866
-0.680802
58.3372
44.6673
23.9254
5.66677
-6.79253
-12.6268
-12.2918
-8.99099
-6.17687
-3.15306
-0.0884264
1.81968
2.45458
0.194596
-4.13514
-7.54261
-7.92382
-6.18718
-3.33767
-0.693318
58.7702
44.7169
24.0658
5.90721
-6.54926
-12.467
-12.2795
-9.05761
-6.21024
-3.13096
-0.111068
1.79229
2.32587
0.0921551
-4.11996
-7.43008
-7.77294
-6.11997
-3.30692
-0.699475
)
;

boundaryField
{
    inlet
    {
        type            zeroGradient;
    }
    outlet
    {
        type            fixedValue;
        value           uniform 0;
    }
    walls
    {
        type            zeroGradient;
    }
    frontAndBack
    {
        type            empty;
    }
}


// ************************************************************************* //
