/*--------------------------------*- C++ -*----------------------------------*\
| =========                 |                                                 |
| \\      /  F ield         | OpenFOAM: The Open Source CFD Toolbox           |
|  \\    /   O peration     | Version:  2.4.0                                 |
|   \\  /    A nd           | Web:      www.OpenFOAM.org                      |
|    \\/     M anipulation  |                                                 |
\*---------------------------------------------------------------------------*/
FoamFile
{
    version     2.0;
    format      ascii;
    class       volScalarField;
    location    "1.53";
    object      k;
}
// * * * * * * * * * * * * * * * * * * * * * * * * * * * * * * * * * * * * * //

dimensions      [0 2 -2 0 0 0 0];

internalField   nonuniform List<scalar> 
8800
(
8.12311
10.2588
8.79675
6.81574
5.70759
4.97277
4.5157
4.15394
3.90268
3.67191
3.53248
3.39649
3.27817
3.18904
3.09862
3.00424
2.94876
2.82833
2.89532
2.61836
1.41393
4.34519
5.32031
5.28825
5.12853
4.81282
4.5602
4.30053
4.10413
3.89351
3.75388
3.61734
3.49003
3.4072
3.3176
3.22793
3.17328
3.08649
3.02312
3.03281
0.0852017
0.728788
1.56241
1.94681
2.27087
2.44406
2.57282
2.60157
2.62079
2.61068
2.57851
2.54772
2.51778
2.48599
2.44734
2.42165
2.3913
2.36732
2.29204
2.3014
0.00339739
0.0695756
0.25671
0.423078
0.578771
0.702532
0.844312
0.927575
1.02082
1.11123
1.156
1.20319
1.27401
1.30333
1.34126
1.36709
1.40357
1.41879
1.41554
1.4054
0.000124127
0.00492528
0.0218715
0.0539557
0.0875014
0.116029
0.172301
0.203279
0.239059
0.292665
0.323897
0.344217
0.397992
0.422756
0.470535
0.492841
0.541563
0.55859
0.593738
0.597973
2.49197e-05
0.000308262
0.00143199
0.00441729
0.00762228
0.0108226
0.0193244
0.0264637
0.0318767
0.0451315
0.0545933
0.0596947
0.0734277
0.0816622
0.0960092
0.109362
0.122382
0.137305
0.146828
0.157954
2.16711e-05
4.33096e-05
0.000117011
0.000339408
0.000515458
0.000737412
0.00133145
0.00208262
0.00255288
0.00412952
0.00503595
0.006036
0.00717179
0.00944564
0.0109014
0.0145815
0.0163687
0.0206397
0.0224574
0.0272019
2.08891e-05
3.3443e-05
5.07637e-05
8.0321e-05
8.78088e-05
0.000104932
0.000123861
0.000171294
0.000201928
0.000328608
0.000364336
0.000448885
0.000522706
0.000728835
0.000830117
0.00125264
0.00147707
0.0022188
0.00253546
0.00363329
2.076e-05
2.95564e-05
5.48771e-05
6.17346e-05
6.18493e-05
7.60753e-05
8.50282e-05
8.48204e-05
8.10094e-05
8.38866e-05
8.27886e-05
8.48932e-05
9.85316e-05
0.000129829
0.000140893
0.000186376
0.000258029
0.000392951
0.000429449
0.000499685
2.06759e-05
2.67928e-05
4.13812e-05
6.42317e-05
6.318e-05
6.08858e-05
6.70033e-05
8.16816e-05
8.39696e-05
8.4973e-05
8.25429e-05
7.80298e-05
7.93205e-05
8.35744e-05
8.32274e-05
8.66188e-05
0.000104449
0.000155806
0.00016332
0.000169099
2.06124e-05
2.67204e-05
4.30766e-05
7.05276e-05
6.88435e-05
6.11512e-05
6.0843e-05
7.11512e-05
8.38755e-05
8.66717e-05
8.42121e-05
8.24305e-05
8.54169e-05
8.54698e-05
8.55964e-05
9.11983e-05
0.000122112
0.000140832
0.000144742
0.000144742
2.07671e-05
3.15427e-05
4.51939e-05
4.81148e-05
5.90625e-05
8.27676e-05
9.1332e-05
9.14497e-05
8.94726e-05
8.75731e-05
8.84295e-05
0.000105556
0.000117135
0.000117568
0.000117677
0.000132724
0.000169572
0.000201808
0.000220543
0.000239782
2.10627e-05
3.21329e-05
4.31783e-05
6.28668e-05
0.000108084
0.000134582
0.000148702
0.000187061
0.000218361
0.000289212
0.000357647
0.000491328
0.000530843
0.000604219
0.000699108
0.00100156
0.00124347
0.00177155
0.00225954
0.00302841
2.16525e-05
4.30958e-05
0.000119486
0.000315577
0.000485223
0.000902816
0.00128632
0.0022352
0.00284732
0.0042108
0.00488903
0.00647715
0.00726294
0.00920915
0.0106675
0.0143839
0.0165669
0.0216017
0.0246789
0.0324697
2.50122e-05
0.000308955
0.00151232
0.00396407
0.00674978
0.0134777
0.0181318
0.0282724
0.033811
0.0458957
0.0516344
0.0646489
0.0708463
0.0852543
0.0935691
0.113743
0.123872
0.147553
0.160991
0.197236
0.000123473
0.0049213
0.0243594
0.0485133
0.0859396
0.131434
0.159881
0.212513
0.239734
0.291649
0.314542
0.362047
0.38313
0.431019
0.455738
0.511988
0.536306
0.595788
0.625404
0.700282
0.00336665
0.0697143
0.259959
0.409427
0.5915
0.705371
0.835299
0.935098
1.02297
1.09927
1.15596
1.21595
1.25247
1.30984
1.33646
1.38897
1.40893
1.46162
1.48291
1.53277
0.0846094
0.729613
1.5638
1.93231
2.29047
2.42992
2.58423
2.59714
2.6262
2.59936
2.58682
2.53815
2.52283
2.47485
2.46252
2.42213
2.41129
2.38328
2.37026
2.34241
1.40704
4.34785
5.31872
5.28627
5.13347
4.79865
4.5904
4.26775
4.13204
3.8658
3.77477
3.57482
3.51889
3.36665
3.3288
3.19838
3.16693
3.04471
3.00218
2.89723
8.12245
10.2602
8.79212
6.81855
5.70998
4.95934
4.53753
4.12342
3.92662
3.6415
3.55229
3.34653
3.30231
3.13615
3.10257
2.93383
2.89661
2.71413
2.64652
2.42424
1.81269
1.38122
1.08977
0.930403
0.781815
0.720588
0.643544
0.623104
0.581549
0.571728
0.546292
0.540335
0.521437
0.516326
0.499662
0.494829
0.479312
0.475616
0.463042
0.461402
0.454987
0.456517
0.456085
0.459814
0.462687
0.472155
0.479545
0.486355
0.486782
0.48646
0.485201
0.484788
0.480746
0.478261
0.483849
0.520157
0.584752
0.618247
0.617149
0.571987
0.400268
0.289047
0.256275
0.254494
0.258526
0.272496
0.29036
0.300296
0.305525
0.308168
0.309805
0.309679
0.308531
0.305041
0.29849
0.289398
0.275486
0.265891
0.263193
0.260831
0.260601
0.271357
0.278455
0.28234
0.287357
0.285715
0.280563
0.272033
0.248826
0.224601
0.188404
0.160619
0.134772
0.109596
0.0860306
0.0654932
0.0505599
0.0397258
0.0317585
0.0255606
0.0208629
0.0166853
0.0137224
0.0110249
0.0087721
0.00731063
0.00601734
0.00530359
0.00495462
0.00463494
0.00467263
0.00496719
0.00526706
0.00624607
0.0071207
0.00793663
0.0101407
0.0116299
0.015265
0.0211658
0.0226434
0.0235467
0.0262384
0.0343644
0.0580589
0.123243
0.247227
0.300435
0.30866
0.297647
0.257862
0.168761
0.109367
0.0760585
0.059662
0.0494144
0.042411
0.0373831
0.0348961
0.0347133
0.0359724
0.0366531
0.0376113
0.0398861
0.0451913
0.066527
0.0904229
0.104115
0.105227
0.097545
0.0773018
0.0613815
0.0508672
0.0418995
0.0381881
0.0374905
0.0379748
0.0411183
0.0531385
0.0939425
0.149302
0.174023
0.173665
0.166444
0.14756
0.132043
0.12041
0.108092
0.0978577
0.0880367
0.082109
0.0765639
0.0722642
0.0677041
0.0646247
0.0632327
0.0645898
0.0658348
0.0666764
0.0698035
0.0776175
0.107015
0.142827
0.159194
0.164006
0.16009
0.122756
0.073056
0.0473706
0.0369025
0.0339436
0.0336218
0.0343057
0.0356115
0.0376248
0.0479931
0.0556405
0.0584624
0.0596412
0.0638823
0.0671542
0.0752165
0.0733398
0.075547
0.0799208
0.0791094
0.0810489
0.0774361
0.0791631
0.0734897
0.0661619
0.0517483
0.0476769
0.0492621
0.0556574
0.0720348
0.0824128
0.0911347
0.179209
0.740894
2.58202
2.13381
1.76578
1.55206
1.34149
1.22927
1.09565
1.03632
0.948189
0.914564
0.851948
0.830062
0.785479
0.770322
0.737967
0.726804
0.701358
0.691185
0.669051
0.659455
0.638845
0.628749
0.610659
0.598334
0.585578
0.569749
0.553329
0.536993
0.518637
0.501443
0.486613
0.471917
0.448017
0.427811
0.419905
0.419968
0.42626
0.450828
0.536821
0.621487
0.629753
0.596694
0.452291
0.326305
0.279284
0.261271
0.258892
0.260446
0.263504
0.270846
0.27209
0.270201
0.266441
0.259225
0.245981
0.23741
0.235245
0.234964
0.236063
0.245
0.25671
0.268467
0.275352
0.275079
0.271906
0.263586
0.240355
0.218846
0.178314
0.142132
0.111934
0.083814
0.061417
0.0457007
0.0338772
0.0258902
0.0200437
0.015848
0.0131043
0.0111347
0.00954381
0.00817728
0.00703107
0.00598293
0.00506097
0.004537
0.00423962
0.00402417
0.00404961
0.00417519
0.00441947
0.00509759
0.00573593
0.00691244
0.00841564
0.00989062
0.011899
0.013091
0.0147024
0.022506
0.0261068
0.0258573
0.0265041
0.0286162
0.0354953
0.0566897
0.126027
0.257245
0.3063
0.311008
0.299347
0.252574
0.157631
0.101148
0.0724812
0.0567753
0.0468335
0.0397318
0.0362295
0.0359094
0.0363336
0.0369714
0.0382511
0.0414592
0.0495272
0.0764666
0.0980717
0.108197
0.107637
0.094406
0.0719634
0.0596084
0.050031
0.0435802
0.0423396
0.0425653
0.0449204
0.0538361
0.0829317
0.148334
0.18307
0.185206
0.177909
0.158921
0.144598
0.13098
0.121469
0.109853
0.0979572
0.0877856
0.0788485
0.0731285
0.0695662
0.0645518
0.0621573
0.0617925
0.062217
0.0645731
0.0654878
0.0674463
0.0724674
0.0920388
0.129211
0.152294
0.160623
0.158104
0.128809
0.0811162
0.0542835
0.0409959
0.0354316
0.0349352
0.0349126
0.0356533
0.0373933
0.0480915
0.055623
0.0602603
0.0647216
0.0646446
0.0691585
0.0696166
0.071143
0.0739724
0.078208
0.0793395
0.0780657
0.0779516
0.0740265
0.0734639
0.0680338
0.0649933
0.0523433
0.0514428
0.0537673
0.0637756
0.0954931
0.0958145
0.178774
0.420186
2.09529
1.87386
1.64631
1.48547
1.33096
1.22649
1.1216
1.0537
0.978871
0.932001
0.875809
0.841393
0.79939
0.774992
0.742948
0.725542
0.701498
0.685329
0.667373
0.650511
0.634834
0.615921
0.599313
0.579824
0.560196
0.538121
0.515427
0.491056
0.463169
0.438466
0.411385
0.384238
0.359415
0.341599
0.327455
0.324837
0.326236
0.331081
0.341481
0.365599
0.443496
0.518437
0.52304
0.505021
0.448734
0.35496
0.297094
0.27169
0.255279
0.244171
0.237817
0.23033
0.223521
0.219173
0.21793
0.218175
0.221125
0.235693
0.254852
0.263976
0.268134
0.267743
0.264211
0.25443
0.231637
0.20871
0.168252
0.128773
0.0947758
0.06643
0.0466739
0.0326327
0.0236963
0.0176137
0.0132766
0.0105481
0.00856028
0.00717102
0.00635397
0.00573428
0.00521472
0.00476259
0.00431661
0.00401724
0.00384543
0.00374557
0.00377775
0.00383858
0.00396809
0.00435032
0.0048231
0.00578621
0.0073461
0.00889156
0.0122452
0.0138625
0.0164834
0.0210717
0.0222262
0.0248467
0.030707
0.0304401
0.0287258
0.028283
0.0290073
0.0339866
0.0535721
0.139001
0.267877
0.306882
0.307578
0.293936
0.238267
0.152717
0.0988492
0.0703819
0.054602
0.0445312
0.039449
0.0384732
0.0386077
0.0394338
0.0417035
0.0469529
0.0630698
0.0926175
0.110268
0.114822
0.110203
0.0871995
0.0675139
0.0584363
0.0495726
0.047561
0.0478057
0.0498125
0.0568771
0.0754875
0.134556
0.187273
0.198476
0.191689
0.174985
0.158691
0.153517
0.140322
0.134259
0.120841
0.102038
0.0850856
0.0720959
0.0653966
0.0635635
0.0606019
0.0582455
0.0583695
0.0587273
0.0612861
0.063007
0.0647286
0.0686953
0.0846699
0.116113
0.142845
0.155416
0.155111
0.134545
0.0914887
0.0612864
0.0454096
0.0372976
0.0356485
0.0350965
0.0356635
0.0374552
0.0478471
0.0542408
0.0584226
0.064549
0.0662911
0.0734655
0.0718565
0.0794061
0.0771631
0.0870192
0.0834779
0.0875164
0.0809433
0.0819032
0.0786553
0.0733676
0.0625763
0.0624338
0.0532768
0.0684475
0.0680245
0.145955
0.115566
0.149036
0.259283
1.3185
1.22824
1.13074
1.0508
0.975039
0.90952
0.851603
0.803753
0.756271
0.721015
0.682512
0.650887
0.619177
0.59435
0.569333
0.548982
0.535556
0.516171
0.505778
0.490885
0.476666
0.462675
0.444931
0.428284
0.408498
0.386526
0.363635
0.339601
0.313506
0.287482
0.2631
0.239694
0.215358
0.199437
0.184916
0.172167
0.171245
0.174488
0.183227
0.204615
0.23304
0.272448
0.369469
0.432922
0.436354
0.430299
0.411258
0.371571
0.337702
0.310409
0.287931
0.271486
0.263225
0.261483
0.262534
0.26906
0.271693
0.274171
0.274258
0.271111
0.259656
0.246091
0.218115
0.182853
0.145311
0.105581
0.0718666
0.0493683
0.0337903
0.0235563
0.0167684
0.0122207
0.00943347
0.0074181
0.00614537
0.00529522
0.00465592
0.00423126
0.00399502
0.00380467
0.00365942
0.0035696
0.00356057
0.00357688
0.00365517
0.0037188
0.00381041
0.00400812
0.00426085
0.00496
0.00618308
0.00737897
0.0113974
0.0131262
0.0159039
0.0189671
0.0201951
0.0244911
0.0264041
0.0273432
0.0314138
0.0384713
0.0376747
0.0326704
0.0288947
0.0288573
0.0324963
0.0530234
0.147528
0.26538
0.30049
0.298868
0.282383
0.220666
0.147898
0.0995813
0.070752
0.0545151
0.0463579
0.0441128
0.0445289
0.0460089
0.049477
0.0561963
0.0803847
0.106553
0.119315
0.119549
0.107102
0.0791016
0.0648537
0.0574967
0.0531501
0.053207
0.0549947
0.06106
0.0751444
0.111523
0.180964
0.2082
0.206353
0.190811
0.175379
0.179108
0.174874
0.163532
0.156916
0.136949
0.106869
0.0841918
0.0672025
0.0587096
0.056167
0.054079
0.0528944
0.0529851
0.0538717
0.0571993
0.0588262
0.0603412
0.0643608
0.0792103
0.109537
0.136323
0.149461
0.150817
0.136608
0.097671
0.0655453
0.0486208
0.0384179
0.035825
0.0348977
0.0352325
0.0369421
0.0474136
0.0527014
0.0595925
0.0609178
0.0642843
0.0674084
0.0707739
0.0813005
0.0800527
0.092802
0.0912672
0.107903
0.0942463
0.10565
0.0907274
0.117042
0.0936528
0.124102
0.0870429
0.126612
0.101889
0.157225
0.146911
0.147556
0.188041
0.576098
0.554793
0.521444
0.496849
0.475882
0.450864
0.431515
0.413244
0.395333
0.378581
0.366228
0.351112
0.333117
0.321097
0.304429
0.2896
0.281356
0.269955
0.262256
0.255767
0.246522
0.240211
0.228914
0.218651
0.207334
0.191962
0.177466
0.160705
0.143509
0.126167
0.109859
0.0971747
0.0848128
0.0765798
0.0702874
0.0650099
0.0647505
0.0659182
0.0689663
0.0751816
0.0905316
0.108681
0.133659
0.188515
0.25067
0.315471
0.34851
0.348731
0.343603
0.334593
0.322769
0.31338
0.301947
0.296739
0.289553
0.28123
0.273161
0.254194
0.236807
0.209579
0.173484
0.137815
0.100124
0.0714861
0.0503538
0.03491
0.0243154
0.0169201
0.0119768
0.00887053
0.0067458
0.00541631
0.00467463
0.00410047
0.00383482
0.00363852
0.00346618
0.00341922
0.00335138
0.003347
0.00336213
0.00343798
0.00358782
0.00388933
0.00422952
0.00455102
0.00484295
0.00548558
0.00637333
0.00793855
0.0116929
0.0142907
0.0222436
0.0255527
0.0292375
0.0342294
0.0341071
0.0335618
0.0331737
0.0308074
0.0309459
0.0355903
0.0393505
0.0387241
0.0321593
0.0288542
0.0289059
0.0333057
0.0546202
0.161561
0.26543
0.290302
0.285683
0.265652
0.202383
0.140305
0.100006
0.0770266
0.0637483
0.0571065
0.0566582
0.0576922
0.0618128
0.0733919
0.104054
0.123371
0.128779
0.123457
0.0965762
0.0721102
0.0633055
0.0592483
0.0595742
0.0617932
0.0673077
0.0787523
0.0984161
0.153225
0.21726
0.221658
0.211691
0.189462
0.201376
0.20306
0.198544
0.190162
0.182082
0.152809
0.111901
0.0827037
0.0657473
0.054465
0.0518645
0.0485977
0.0479794
0.0480967
0.0490326
0.0518323
0.0561507
0.0574619
0.0603704
0.0711336
0.102893
0.130481
0.142515
0.145598
0.137269
0.104351
0.0689398
0.050017
0.0390037
0.0353772
0.0341546
0.0343425
0.0376977
0.0462437
0.0562286
0.0605118
0.0650919
0.0658775
0.0667675
0.0676396
0.070463
0.0727361
0.0814669
0.0864469
0.0911252
0.0911355
0.0963289
0.0881221
0.0932716
0.0943214
0.125424
0.115873
0.121201
0.115731
0.115861
0.139069
0.139345
0.157562
0.154318
0.150513
0.143929
0.135965
0.133177
0.128716
0.126162
0.123519
0.120692
0.116718
0.114363
0.112764
0.107842
0.105179
0.100461
0.094291
0.0909277
0.0863578
0.0836273
0.0815835
0.0784902
0.0768026
0.0730889
0.0697805
0.0662716
0.0612246
0.0571117
0.0517345
0.0466132
0.0415578
0.036537
0.033233
0.0293201
0.0269684
0.0253413
0.023557
0.0234232
0.0236851
0.0244488
0.0261802
0.0307069
0.0359729
0.0436028
0.0622782
0.0791378
0.10448
0.144004
0.18092
0.207928
0.228864
0.236236
0.235146
0.229516
0.222196
0.206318
0.18488
0.165736
0.136239
0.107693
0.0831524
0.0615416
0.0456198
0.0328189
0.0236035
0.0167602
0.0119304
0.00870406
0.0064421
0.00500024
0.00412046
0.00363068
0.00335182
0.00328469
0.0033062
0.00331838
0.00335351
0.00337632
0.00341413
0.00350709
0.00370107
0.00398129
0.0045958
0.00523817
0.00610067
0.00676691
0.00742916
0.00830135
0.0102155
0.0130783
0.0175328
0.0289577
0.0354794
0.0474713
0.0527038
0.0552577
0.0601799
0.0600542
0.0578637
0.0548493
0.0444479
0.0352753
0.0352742
0.0376819
0.0381247
0.0357989
0.0303367
0.0299094
0.0317052
0.0382145
0.0897047
0.207033
0.266299
0.276467
0.269999
0.242397
0.18166
0.137488
0.109177
0.0847113
0.0740943
0.0724771
0.0748982
0.081674
0.0991955
0.125226
0.137867
0.135704
0.116073
0.0833484
0.0687646
0.0644247
0.0646111
0.0670926
0.0756595
0.0871148
0.100579
0.12308
0.19989
0.23524
0.230362
0.206135
0.203071
0.212338
0.206913
0.206946
0.208979
0.208072
0.18053
0.129903
0.0879817
0.0690933
0.055181
0.0515775
0.0490493
0.0459888
0.0455641
0.0461109
0.0481915
0.0507921
0.0532963
0.0571643
0.0673655
0.0980008
0.129036
0.14013
0.144504
0.137467
0.105451
0.0713547
0.0511053
0.039672
0.0350191
0.0336053
0.0336458
0.0370119
0.0461006
0.0546614
0.0601829
0.0631697
0.0677541
0.06944
0.0738461
0.0724929
0.0760083
0.0806123
0.0862004
0.0842309
0.0868197
0.0812328
0.0765067
0.0587862
0.0652343
0.0657398
0.0982228
0.103568
0.10873
0.106082
0.120288
0.122834
0.137645
0.0266768
0.0259491
0.0245236
0.0232431
0.0230159
0.022626
0.0225993
0.0225788
0.0225816
0.0225462
0.0225088
0.0224785
0.0222743
0.0220613
0.0215466
0.0206466
0.0200649
0.0192166
0.0188195
0.0184213
0.0179647
0.0177054
0.0170717
0.0166522
0.0159709
0.01511
0.0145031
0.0134854
0.012681
0.0117111
0.0108623
0.0102726
0.00944376
0.00908135
0.00869295
0.00846519
0.00852693
0.00871738
0.00902115
0.00959436
0.0110021
0.0124093
0.014955
0.0192494
0.0251227
0.0314033
0.0420564
0.0580684
0.0673738
0.0774856
0.0872769
0.0883518
0.0871165
0.0837609
0.0761235
0.0654132
0.0551841
0.044635
0.0350739
0.0271052
0.0203168
0.0150678
0.0110505
0.00817244
0.00614025
0.00478127
0.00394854
0.00343441
0.0031842
0.00303465
0.00301825
0.00305809
0.00316111
0.00356288
0.00379233
0.00409987
0.00452978
0.00479042
0.00548654
0.00620509
0.0071663
0.00848211
0.00978505
0.0109388
0.011865
0.0133821
0.0159703
0.0222897
0.0308894
0.0450157
0.0694654
0.0850143
0.099234
0.109715
0.109326
0.10682
0.100881
0.0894475
0.0832202
0.0711519
0.0496637
0.0402487
0.0386916
0.0382456
0.0357536
0.0337966
0.0343928
0.0370633
0.0422202
0.0786129
0.174217
0.235268
0.261066
0.262752
0.255184
0.221575
0.176607
0.135682
0.104552
0.0950977
0.0951486
0.0992658
0.106616
0.128634
0.147965
0.148972
0.137655
0.0977592
0.0769219
0.0691351
0.0692298
0.0733414
0.0837478
0.101771
0.11212
0.121538
0.158807
0.233114
0.248864
0.234268
0.202132
0.205209
0.208132
0.209639
0.219805
0.231992
0.23647
0.214007
0.155199
0.11285
0.0882887
0.0676225
0.0537502
0.0481184
0.0444839
0.0430249
0.0432398
0.0447896
0.04812
0.0505565
0.0545615
0.0667944
0.0956662
0.127348
0.138201
0.142816
0.135915
0.106688
0.0732912
0.0527416
0.041326
0.035508
0.0336939
0.0336011
0.0359332
0.0445477
0.053654
0.0597245
0.0642662
0.0684468
0.0703225
0.0730511
0.0725564
0.07609
0.0851628
0.0902011
0.0881572
0.0880094
0.0851536
0.0782551
0.0577931
0.0532588
0.0491678
0.0664113
0.0770796
0.103364
0.107391
0.11689
0.116687
0.12265
0.00359481
0.00352809
0.00341096
0.00331487
0.00331286
0.00332606
0.00338492
0.00343896
0.00356182
0.00365217
0.00375905
0.00387615
0.00393297
0.00396256
0.00395918
0.00394894
0.00391381
0.00386829
0.00382966
0.0037575
0.00371363
0.00366439
0.00359312
0.00350455
0.00343566
0.0033903
0.00336105
0.00334744
0.00333355
0.00328708
0.00325369
0.00321464
0.00309242
0.00299851
0.00298659
0.00301122
0.00311831
0.00333869
0.0035196
0.00391002
0.0043607
0.00474386
0.00556929
0.0063796
0.00829173
0.00994047
0.0122998
0.0173043
0.0205896
0.023553
0.0267347
0.0273391
0.026958
0.0255975
0.0235747
0.0204666
0.0172061
0.0142028
0.0112004
0.00872144
0.00672727
0.00528535
0.00430594
0.00367522
0.00340632
0.00316032
0.0030405
0.00305475
0.00310856
0.00325773
0.00365522
0.00414393
0.0048968
0.00596033
0.00653322
0.00744566
0.00839848
0.00910184
0.0109336
0.0122727
0.0141755
0.0160499
0.0172741
0.0182715
0.0202288
0.0242625
0.032891
0.0519411
0.0795494
0.115897
0.153593
0.180853
0.196814
0.196617
0.190624
0.180316
0.164483
0.138989
0.125921
0.110145
0.0754276
0.0530325
0.0437608
0.0393947
0.036081
0.035737
0.037982
0.0433488
0.0500552
0.0804738
0.149841
0.208202
0.243058
0.253117
0.25216
0.24313
0.208272
0.162195
0.137899
0.128135
0.128492
0.130522
0.136819
0.159639
0.165016
0.157511
0.116789
0.0866213
0.0742
0.0737378
0.0790065
0.0953933
0.113492
0.129276
0.135514
0.145537
0.198767
0.256328
0.260542
0.231229
0.198871
0.193462
0.199786
0.225444
0.233664
0.246559
0.256526
0.235423
0.191516
0.155643
0.1162
0.0797668
0.0567749
0.0463842
0.0417865
0.0411985
0.0415167
0.0425472
0.0453515
0.0477319
0.052064
0.0676378
0.0962117
0.127826
0.136146
0.13952
0.134236
0.107932
0.0770682
0.0554595
0.0447798
0.0371756
0.0344711
0.033849
0.0348592
0.0419561
0.0521744
0.0616908
0.0681308
0.0703546
0.0738182
0.0750756
0.0767802
0.0766781
0.0825947
0.0915237
0.0971381
0.0893593
0.0837269
0.0725489
0.0634442
0.0518648
0.0490365
0.0535467
0.0565875
0.0887303
0.106419
0.123199
0.120321
0.121268
0.000526501
0.000564486
0.000598315
0.00062574
0.000668524
0.000703899
0.000745116
0.000779026
0.000811308
0.000832403
0.000851937
0.000873857
0.000893364
0.000903329
0.000906058
0.000906506
0.000905215
0.000900948
0.000883935
0.000868306
0.000846326
0.000828371
0.000814954
0.000802376
0.000801191
0.000818723
0.000894336
0.000992448
0.00104025
0.00106846
0.00107421
0.00106546
0.00104315
0.00103722
0.00104185
0.00106293
0.00113786
0.0012285
0.00139086
0.00165708
0.00178797
0.00201243
0.00217051
0.00236952
0.00272134
0.00313075
0.00370294
0.00463053
0.00581446
0.00664478
0.00745084
0.0077381
0.00766551
0.00738434
0.00685318
0.00612098
0.00521085
0.00438931
0.00373532
0.00321737
0.00301116
0.00296751
0.0029872
0.00306951
0.00324324
0.00359601
0.00411149
0.00504253
0.00571994
0.00695932
0.00865803
0.00992031
0.0115903
0.0132424
0.0143502
0.0154828
0.01677
0.0184581
0.0211411
0.0234319
0.0251995
0.0264584
0.027629
0.030115
0.0361303
0.0487342
0.0775396
0.130181
0.194472
0.249286
0.271979
0.270244
0.263223
0.250813
0.23424
0.222246
0.210776
0.181609
0.161793
0.147224
0.112785
0.0794222
0.0569979
0.0437843
0.0384085
0.0382076
0.0421137
0.0506459
0.0583744
0.0827339
0.144553
0.20258
0.236078
0.247683
0.250664
0.248121
0.221924
0.196295
0.179368
0.163633
0.157326
0.157804
0.175996
0.183828
0.177727
0.139254
0.0978899
0.0812553
0.0798665
0.0860178
0.109874
0.132012
0.150784
0.15818
0.162637
0.172985
0.228771
0.270315
0.267501
0.228455
0.177872
0.174534
0.200034
0.262013
0.267176
0.273994
0.279249
0.268571
0.241013
0.183856
0.155401
0.0937611
0.058949
0.0472635
0.0420158
0.0410833
0.0416021
0.0425835
0.0440843
0.0463529
0.0513859
0.0715885
0.098421
0.129697
0.136682
0.139187
0.135309
0.111241
0.0855918
0.0622718
0.0484212
0.0388067
0.0359214
0.0345644
0.034915
0.040202
0.0508977
0.0606217
0.0680366
0.0732826
0.0760748
0.0777527
0.0799906
0.0816161
0.0851108
0.0885672
0.102267
0.100064
0.0916075
0.0699078
0.0594852
0.0510111
0.0482514
0.0511257
0.0543559
0.0808457
0.0921978
0.125517
0.128966
0.127467
0.000175534
0.000182024
0.000188575
0.000192583
0.000203398
0.000216072
0.000235134
0.000256708
0.000277449
0.000299067
0.000322453
0.000339699
0.000355685
0.000367626
0.000376363
0.000383195
0.000388504
0.000391672
0.00039481
0.000396206
0.000397086
0.000401311
0.000402553
0.000406497
0.000411108
0.000421259
0.000454117
0.000473515
0.000493725
0.000506718
0.000514401
0.000517594
0.000524403
0.000552133
0.00057061
0.00060768
0.000641878
0.000654513
0.000684501
0.000708941
0.000751593
0.0008192
0.00085801
0.00094476
0.00100252
0.00111365
0.00122134
0.00132348
0.00160879
0.00185065
0.00194151
0.00205304
0.00208757
0.00207497
0.00202796
0.00197028
0.00197513
0.00203271
0.00212214
0.00237262
0.00263252
0.00327756
0.0040783
0.00553143
0.00717598
0.0093767
0.0119062
0.0149235
0.0178258
0.0209037
0.0240278
0.0266248
0.0289729
0.0308497
0.0321191
0.0328241
0.0337437
0.0356468
0.0381539
0.0399518
0.0410019
0.042812
0.0465702
0.0551379
0.0758374
0.116995
0.20986
0.295987
0.33067
0.328114
0.315799
0.294331
0.276112
0.259039
0.244933
0.237326
0.223686
0.203584
0.187815
0.168015
0.139992
0.107498
0.0789584
0.0560685
0.0456062
0.0451851
0.0508398
0.0600392
0.0680071
0.0921176
0.15295
0.206829
0.235293
0.248186
0.253132
0.25154
0.237738
0.224045
0.200736
0.186783
0.185517
0.200116
0.207835
0.20206
0.162389
0.10984
0.0886587
0.0873302
0.095401
0.128487
0.160348
0.181354
0.19135
0.195342
0.194862
0.205042
0.24921
0.274053
0.269846
0.208054
0.16076
0.173086
0.2419
0.314477
0.311724
0.311843
0.310426
0.293247
0.252564
0.184003
0.168396
0.109336
0.0590052
0.0470025
0.0418112
0.0414019
0.0430128
0.043173
0.0440028
0.0464383
0.0518392
0.0774809
0.103287
0.132881
0.138753
0.139792
0.139426
0.117192
0.0887895
0.0667215
0.0542808
0.0432992
0.0386959
0.036752
0.0364201
0.040217
0.0523654
0.0642883
0.073614
0.0798219
0.0820806
0.0853908
0.0856363
0.086471
0.0925716
0.0937384
0.101895
0.106963
0.1045
0.0813584
0.0669047
0.0581234
0.0538129
0.0542315
0.0566055
0.0685937
0.0737841
0.0947551
0.111391
0.122897
0.000142531
0.000141934
0.000143419
0.000146912
0.000158082
0.000172294
0.000187695
0.000204805
0.000219473
0.000231016
0.000241148
0.000254879
0.000270438
0.000293714
0.000316384
0.000342291
0.000361686
0.000377996
0.000388941
0.000391021
0.000390332
0.00038336
0.000383459
0.000385722
0.000391953
0.000412003
0.00047418
0.000529438
0.000586888
0.000641425
0.000673574
0.000698363
0.000706012
0.000721285
0.000787283
0.000838098
0.000847071
0.000841372
0.000832638
0.000818357
0.000771092
0.000703669
0.000663569
0.000654874
0.000650528
0.000664202
0.000745898
0.000815225
0.000909917
0.000989633
0.00102879
0.00105276
0.00110442
0.00116822
0.00127333
0.00148042
0.00172281
0.00233806
0.00299458
0.00446836
0.00615549
0.00911423
0.013435
0.0176809
0.0238791
0.0307011
0.0376449
0.0453321
0.0518548
0.0572491
0.0617241
0.0645575
0.0662984
0.0667945
0.0666664
0.066314
0.0656258
0.0639318
0.063795
0.0643994
0.0663774
0.0716182
0.0840915
0.113917
0.181592
0.310881
0.378204
0.385439
0.373442
0.347396
0.318859
0.294511
0.271733
0.256995
0.247186
0.240083
0.228565
0.210342
0.198253
0.184881
0.157725
0.134988
0.104484
0.0712289
0.0562351
0.0557091
0.0620264
0.069108
0.0744214
0.0961472
0.157544
0.206094
0.235407
0.254846
0.262951
0.263139
0.260274
0.241447
0.226143
0.225219
0.232819
0.234648
0.229091
0.181531
0.120321
0.0953662
0.0946925
0.107818
0.154545
0.207233
0.232692
0.22688
0.221586
0.221276
0.218317
0.226837
0.253083
0.278554
0.268751
0.19151
0.162278
0.191278
0.314268
0.351134
0.33303
0.343345
0.321771
0.2897
0.229992
0.180535
0.16056
0.109199
0.0656174
0.0507403
0.0427424
0.0420195
0.0438806
0.0438436
0.044186
0.0474927
0.0546454
0.0898846
0.114455
0.136884
0.143085
0.142106
0.141529
0.121231
0.0918426
0.0689575
0.0561773
0.0454185
0.0396814
0.0391932
0.0405484
0.0465579
0.0605932
0.0710352
0.0818453
0.0872767
0.0878074
0.0888098
0.0893166
0.0911451
0.0996465
0.102688
0.103176
0.102456
0.0979154
0.0879641
0.0721236
0.0678859
0.0620147
0.0629488
0.0615915
0.0630916
0.0625002
0.0629981
0.0648522
0.0832171
0.000252705
0.00026225
0.00027894
0.00031343
0.000368211
0.000433097
0.000515171
0.000593715
0.000673709
0.000736457
0.000782812
0.00080669
0.000814197
0.000813151
0.000793626
0.000773124
0.000753918
0.000748176
0.000748085
0.000754499
0.000776734
0.000853364
0.000976926
0.0012145
0.00149132
0.00170549
0.00203731
0.00223872
0.00243294
0.00267497
0.00276072
0.00286205
0.00298962
0.00300725
0.00299499
0.00294231
0.00280417
0.00259697
0.00234362
0.0020591
0.00178025
0.00154067
0.00134896
0.00123624
0.00119358
0.00118865
0.00120838
0.00129818
0.00135524
0.00145319
0.00159177
0.00176225
0.00219609
0.00260057
0.00346975
0.00439937
0.006048
0.00891135
0.0116472
0.0175655
0.0240072
0.0337318
0.0459226
0.0588099
0.0751908
0.0909368
0.106014
0.119629
0.129348
0.136426
0.138243
0.137513
0.135851
0.133079
0.126077
0.121218
0.112283
0.106824
0.106814
0.108725
0.115186
0.131403
0.167799
0.263318
0.386943
0.432971
0.43075
0.411794
0.375171
0.340159
0.311898
0.292626
0.275689
0.258614
0.241906
0.230951
0.222853
0.210273
0.199705
0.18585
0.169991
0.148993
0.11961
0.0871487
0.0674814
0.066498
0.0712086
0.0737723
0.0746478
0.0922735
0.152291
0.200421
0.232606
0.259348
0.273585
0.28133
0.282247
0.273091
0.265351
0.266077
0.265105
0.25634
0.186519
0.123284
0.100146
0.100835
0.122123
0.195617
0.268892
0.280143
0.271251
0.241133
0.229107
0.222792
0.221115
0.235113
0.247549
0.277971
0.263319
0.190271
0.183974
0.248005
0.367138
0.364152
0.360138
0.381236
0.332115
0.276468
0.216263
0.182186
0.186818
0.0827894
0.0819934
0.0513766
0.0552937
0.0437203
0.0459856
0.0445202
0.0453334
0.0513209
0.0625553
0.108406
0.135018
0.144673
0.155052
0.149394
0.144797
0.12524
0.101527
0.0747416
0.059843
0.0493816
0.0423958
0.0413642
0.0438626
0.0540479
0.0735022
0.0831811
0.0901168
0.0932564
0.092919
0.0932226
0.0950803
0.0967167
0.0990509
0.102518
0.105677
0.103453
0.0881426
0.0730942
0.0626485
0.0603041
0.0596471
0.0601252
0.0575957
0.0565223
0.0574829
0.0588269
0.0592594
0.0596481
0.00306676
0.00306311
0.00310965
0.00318596
0.00338628
0.00370788
0.0041745
0.00462819
0.00512159
0.00553377
0.00585675
0.00602038
0.00608237
0.00608051
0.00605479
0.00605451
0.00605193
0.00609674
0.00622011
0.00642386
0.00707377
0.0078608
0.00892804
0.00992827
0.0109222
0.0117626
0.0124737
0.0131039
0.0134782
0.0138323
0.0138829
0.0138285
0.0136998
0.0134985
0.0132968
0.0130945
0.0126783
0.0122665
0.0118129
0.010792
0.00981157
0.00889568
0.00788178
0.0071898
0.00665536
0.00627866
0.00622622
0.00627092
0.00642987
0.006937
0.00755382
0.00884715
0.0102535
0.0122029
0.0161161
0.0194298
0.0259155
0.0349389
0.0461193
0.0634393
0.0836908
0.109416
0.139379
0.171842
0.203299
0.230102
0.25625
0.27537
0.280443
0.280054
0.275962
0.264137
0.252484
0.232451
0.21593
0.200331
0.185683
0.182087
0.183406
0.18945
0.205822
0.240717
0.340156
0.440077
0.465913
0.46031
0.440904
0.394558
0.352646
0.327368
0.313223
0.303475
0.288177
0.264203
0.247819
0.230885
0.214554
0.206866
0.197751
0.184053
0.175722
0.163195
0.131857
0.0946709
0.082142
0.080447
0.0775102
0.0719155
0.0694019
0.0774773
0.128835
0.1845
0.223717
0.255338
0.2744
0.283835
0.287558
0.28609
0.281318
0.277503
0.255898
0.170897
0.117786
0.100667
0.104803
0.137426
0.25466
0.328289
0.326244
0.309008
0.27312
0.228775
0.21366
0.214464
0.229521
0.242591
0.248746
0.264338
0.260535
0.215192
0.221567
0.335665
0.39101
0.399454
0.429323
0.405833
0.336812
0.261377
0.214561
0.194049
0.125601
0.0918417
0.0997799
0.0612427
0.061607
0.0456391
0.0516966
0.0458315
0.0508794
0.0796926
0.0796226
0.121551
0.150023
0.14744
0.158753
0.168366
0.161348
0.132775
0.113189
0.086914
0.0656754
0.0545381
0.0479439
0.0463765
0.0526501
0.0670839
0.0850548
0.0950373
0.0997707
0.101294
0.100399
0.100535
0.102838
0.108031
0.110109
0.106941
0.104669
0.1011
0.086771
0.0708002
0.0615551
0.0591721
0.0593549
0.0581283
0.0575222
0.0557204
0.0551133
0.0558318
0.0586635
0.0590503
0.0325366
0.0323024
0.0322092
0.0323632
0.0331181
0.0338733
0.0352339
0.0365649
0.0378987
0.0390375
0.039822
0.040041
0.0400559
0.0399274
0.0397041
0.0396421
0.039615
0.0397934
0.0402834
0.0411771
0.0433501
0.0450477
0.0476329
0.0498239
0.0515591
0.0532827
0.0542394
0.0547801
0.0548214
0.0547257
0.054232
0.0533248
0.0527492
0.0518618
0.0505819
0.0496706
0.047989
0.0455783
0.0439705
0.040722
0.0375296
0.0352764
0.0324418
0.0303756
0.0287938
0.0275699
0.0274469
0.0276448
0.0282692
0.0301617
0.0321745
0.0363145
0.0406477
0.0485225
0.0582562
0.0708571
0.0912033
0.116181
0.151733
0.188938
0.239996
0.297719
0.355326
0.405249
0.440658
0.473695
0.487355
0.486668
0.482513
0.472494
0.450281
0.428869
0.398231
0.366252
0.340283
0.313799
0.294491
0.28807
0.289233
0.295193
0.31457
0.386189
0.464909
0.479526
0.469235
0.456044
0.433623
0.381857
0.339279
0.318227
0.310824
0.297971
0.277087
0.258395
0.236722
0.219766
0.210375
0.204114
0.192179
0.182009
0.176457
0.1673
0.137621
0.107665
0.0971825
0.0913911
0.0793025
0.063915
0.057807
0.0602184
0.0828788
0.146247
0.198947
0.23892
0.263441
0.273667
0.278483
0.278183
0.271705
0.222849
0.148037
0.107572
0.0982357
0.108372
0.158262
0.316449
0.384499
0.377725
0.341725
0.270535
0.221048
0.208515
0.20986
0.216108
0.23195
0.234574
0.230002
0.246215
0.27067
0.252474
0.270994
0.421215
0.443818
0.476672
0.447716
0.408854
0.337658
0.261084
0.210278
0.187907
0.130051
0.0960515
0.0831171
0.0742661
0.0820881
0.0519222
0.0587766
0.0517811
0.0679741
0.117527
0.127426
0.143049
0.181922
0.156431
0.162815
0.174122
0.173483
0.141016
0.116131
0.0898975
0.0673521
0.0576483
0.0559449
0.0651389
0.0840045
0.0982028
0.108781
0.114161
0.114768
0.113219
0.111113
0.111873
0.117274
0.119106
0.119552
0.112142
0.103489
0.0956675
0.0840373
0.0743871
0.0676381
0.0674391
0.0671594
0.0656868
0.0650241
0.0602007
0.0566882
0.0552845
0.0555523
0.0560904
0.194422
0.190107
0.184338
0.177891
0.174526
0.171322
0.170647
0.170566
0.170133
0.169476
0.168249
0.165848
0.163618
0.160632
0.157987
0.155853
0.154381
0.154234
0.154308
0.154743
0.156344
0.157308
0.159129
0.160019
0.160357
0.160528
0.160091
0.158738
0.157188
0.155911
0.154125
0.151959
0.150479
0.147689
0.143955
0.141596
0.136607
0.130696
0.12639
0.118274
0.111939
0.106935
0.10026
0.0962881
0.0929611
0.0904347
0.090373
0.0910772
0.0934367
0.097657
0.104168
0.116131
0.127474
0.148161
0.178945
0.20803
0.257574
0.32062
0.383356
0.456875
0.517186
0.553472
0.578592
0.59132
0.592656
0.590614
0.582774
0.568818
0.558796
0.537905
0.519991
0.506081
0.472
0.44996
0.428144
0.393611
0.381912
0.372863
0.36639
0.372711
0.408763
0.469543
0.458876
0.437335
0.456698
0.46114
0.433773
0.367078
0.319574
0.292926
0.278534
0.266645
0.248965
0.232363
0.22066
0.208525
0.199556
0.192742
0.1846
0.181029
0.181144
0.173193
0.137876
0.119535
0.111191
0.0973086
0.076384
0.0585383
0.0503838
0.0497996
0.0564901
0.0846437
0.129417
0.170468
0.198061
0.208326
0.207772
0.197121
0.153681
0.109498
0.0917642
0.091956
0.112482
0.201777
0.369125
0.428894
0.422748
0.36103
0.227188
0.174409
0.170086
0.180105
0.196692
0.210094
0.21732
0.210677
0.20529
0.22654
0.274939
0.282268
0.315613
0.481186
0.518658
0.502073
0.445611
0.417577
0.401712
0.3605
0.294997
0.203094
0.167205
0.140977
0.0980776
0.0830621
0.081394
0.0738521
0.0950518
0.0731125
0.0995412
0.165224
0.177819
0.164866
0.201104
0.190792
0.187527
0.177875
0.174573
0.142199
0.115657
0.091024
0.0741345
0.0695171
0.0757711
0.0978001
0.112838
0.126531
0.130443
0.130078
0.126001
0.125972
0.12674
0.133432
0.139229
0.139644
0.135676
0.115528
0.104457
0.0917974
0.0846291
0.0801553
0.0747923
0.0747935
0.0723075
0.0705824
0.0671919
0.0616619
0.0560703
0.0519124
0.0500626
0.0491449
0.674254
0.640654
0.602041
0.567743
0.542446
0.520541
0.503202
0.487898
0.472698
0.458294
0.443833
0.42959
0.416796
0.404606
0.394375
0.385068
0.378221
0.372687
0.36802
0.364899
0.362087
0.3581
0.35551
0.352011
0.347449
0.344409
0.341387
0.337813
0.335339
0.333608
0.330039
0.327171
0.32467
0.317721
0.312699
0.306343
0.296216
0.286831
0.279147
0.268739
0.258758
0.25163
0.244209
0.237921
0.233088
0.232348
0.233106
0.235758
0.241561
0.254475
0.269367
0.289593
0.325254
0.36317
0.413145
0.478768
0.535215
0.577345
0.605281
0.626375
0.634818
0.636077
0.635164
0.629326
0.619832
0.606398
0.587977
0.577034
0.561007
0.538689
0.525695
0.505086
0.47715
0.463848
0.444953
0.412891
0.4006
0.401853
0.402116
0.42094
0.445096
0.406496
0.370282
0.409482
0.497506
0.508945
0.44174
0.362178
0.312073
0.283995
0.26948
0.26059
0.250012
0.237061
0.222801
0.209568
0.198958
0.19094
0.186106
0.188948
0.187085
0.16689
0.140268
0.131198
0.119584
0.0985827
0.0741019
0.0572365
0.0500505
0.0486447
0.0501656
0.0595621
0.0760219
0.0909743
0.100884
0.103628
0.10238
0.0928623
0.0831694
0.0829627
0.0950966
0.13416
0.285003
0.42976
0.468048
0.452283
0.334043
0.196589
0.14927
0.142467
0.150022
0.171486
0.183195
0.191757
0.189558
0.181911
0.182054
0.20648
0.278972
0.315301
0.35311
0.491408
0.544622
0.523047
0.526233
0.546925
0.528773
0.416248
0.368505
0.346542
0.322102
0.302296
0.18594
0.130153
0.11136
0.134874
0.146367
0.105798
0.156423
0.181254
0.215093
0.221853
0.213799
0.20551
0.221221
0.194902
0.176385
0.144405
0.125802
0.114166
0.11383
0.116766
0.124261
0.133109
0.141868
0.144767
0.144521
0.145126
0.148505
0.159925
0.170295
0.191163
0.187712
0.180576
0.152041
0.135388
0.12924
0.112773
0.106644
0.097988
0.0932221
0.0882744
0.0823645
0.0760827
0.0715068
0.0642642
0.0593658
0.0527226
0.0503185
0.0463506
1.43155
1.31143
1.19346
1.09918
1.02422
0.960503
0.906688
0.859877
0.817088
0.778754
0.743881
0.71293
0.686627
0.66298
0.643844
0.627149
0.613296
0.601718
0.59074
0.581854
0.573224
0.565256
0.55926
0.552626
0.547899
0.544384
0.539631
0.536924
0.533359
0.52873
0.524079
0.519258
0.512393
0.5038
0.497598
0.487866
0.476896
0.468397
0.459838
0.448484
0.440843
0.434442
0.426836
0.423677
0.423734
0.425177
0.428976
0.436052
0.453071
0.468741
0.496246
0.534598
0.567147
0.595915
0.622799
0.638773
0.649677
0.652403
0.651584
0.648359
0.639451
0.620743
0.601316
0.585883
0.572022
0.556091
0.541284
0.526852
0.511454
0.498599
0.480868
0.460879
0.449539
0.435094
0.422973
0.42263
0.420459
0.40728
0.389764
0.361592
0.295372
0.271264
0.324832
0.440023
0.525253
0.551041
0.50132
0.406647
0.325233
0.283072
0.264112
0.253844
0.246688
0.235453
0.221549
0.208447
0.199299
0.195056
0.194431
0.19434
0.183355
0.165831
0.158817
0.149599
0.125895
0.0985746
0.0771478
0.0632163
0.0554029
0.0535491
0.0546807
0.0606546
0.0651984
0.0706844
0.0739699
0.0750021
0.0764791
0.0792716
0.0898774
0.122026
0.255881
0.407962
0.488769
0.501743
0.439783
0.267698
0.182448
0.141242
0.129779
0.130797
0.135093
0.144358
0.155426
0.163452
0.160777
0.150609
0.153938
0.181201
0.276487
0.366197
0.373178
0.48015
0.582187
0.661723
0.768542
0.79596
0.714232
0.550039
0.490621
0.453779
0.403421
0.306576
0.192566
0.179146
0.192899
0.281512
0.303684
0.232322
0.342619
0.208138
0.221532
0.236587
0.249533
0.223888
0.235353
0.217727
0.179885
0.16822
0.162639
0.163484
0.165179
0.169792
0.172468
0.17085
0.169562
0.171032
0.182826
0.204789
0.26152
0.302814
0.317869
0.325538
0.303108
0.290464
0.259401
0.25334
0.245755
0.210986
0.200185
0.183361
0.179795
0.171168
0.158493
0.136752
0.118579
0.0972088
0.0830561
0.0673586
0.0605954
0.0549689
2.08762
1.81845
1.59979
1.43767
1.3109
1.20993
1.12583
1.05519
0.995639
0.946031
0.904846
0.870709
0.842518
0.819044
0.799748
0.783765
0.770429
0.759036
0.749639
0.74134
0.734537
0.728651
0.723914
0.719527
0.71593
0.712386
0.708405
0.704332
0.700003
0.694237
0.688191
0.681829
0.673845
0.665702
0.657445
0.648058
0.639794
0.632903
0.625174
0.618322
0.613203
0.609059
0.6069
0.606885
0.608048
0.611245
0.618505
0.63085
0.645278
0.656965
0.665172
0.669361
0.669806
0.667993
0.661752
0.64658
0.62093
0.58736
0.554006
0.527242
0.509985
0.49936
0.491851
0.487561
0.481428
0.477347
0.471961
0.463809
0.459533
0.455513
0.444496
0.43384
0.421571
0.399401
0.379165
0.360956
0.321113
0.267789
0.227008
0.189271
0.181239
0.216702
0.307929
0.43571
0.60295
0.7249
0.730155
0.604394
0.46437
0.348826
0.279071
0.244348
0.227549
0.218188
0.212204
0.207235
0.204721
0.203983
0.204106
0.199935
0.190024
0.182263
0.174598
0.158396
0.133428
0.110095
0.0957442
0.0851965
0.0795237
0.0791068
0.0812421
0.0847986
0.087012
0.0927821
0.103668
0.11057
0.124838
0.16443
0.303699
0.485537
0.543045
0.548562
0.504255
0.330359
0.219971
0.170137
0.145146
0.12812
0.114766
0.112028
0.122645
0.142797
0.161904
0.171533
0.171062
0.156068
0.14396
0.154315
0.248558
0.387732
0.429849
0.530988
0.690395
0.84666
1.05782
1.15092
1.00317
0.803231
0.719423
0.680078
0.625207
0.40908
0.35495
0.381053
0.511578
0.526981
0.398686
0.367865
0.497876
0.364881
0.2301
0.239289
0.278048
0.268183
0.258224
0.239511
0.213648
0.212305
0.207964
0.207439
0.207452
0.209702
0.213855
0.223617
0.260162
0.330125
0.505915
0.641796
0.759423
0.775762
0.776452
0.764232
0.727603
0.711251
0.670482
0.654265
0.618456
0.527443
0.503336
0.454597
0.428595
0.343621
0.293279
0.231753
0.201172
0.167393
0.146781
0.122544
0.115178
0.104998
2.41004
1.95743
1.66062
1.46009
1.32023
1.22075
1.14755
1.09179
1.04826
1.01457
0.987816
0.966698
0.949442
0.935297
0.923422
0.913125
0.90388
0.895427
0.887451
0.879657
0.87204
0.864319
0.856559
0.848631
0.840524
0.832367
0.824087
0.815775
0.807332
0.799104
0.7916
0.784072
0.776868
0.770086
0.763993
0.758202
0.754303
0.751157
0.748485
0.746855
0.746015
0.745373
0.744978
0.744967
0.744273
0.74133
0.736479
0.728745
0.715025
0.695748
0.66931
0.633579
0.589493
0.541351
0.492519
0.448895
0.414426
0.392748
0.380553
0.373959
0.370179
0.368226
0.366299
0.364457
0.362303
0.358626
0.354247
0.347198
0.339158
0.327228
0.312472
0.290413
0.261536
0.228223
0.19791
0.166499
0.134815
0.118925
0.117344
0.125594
0.14476
0.182826
0.257906
0.401424
0.614654
0.853116
1.05397
1.16853
1.08606
0.895881
0.684307
0.498301
0.36252
0.284293
0.249484
0.241437
0.238171
0.236574
0.234939
0.229481
0.223574
0.216105
0.204193
0.192473
0.182577
0.177926
0.17855
0.184235
0.197838
0.225865
0.269738
0.297054
0.321471
0.387391
0.466526
0.530141
0.634777
0.739349
0.772878
0.75321
0.601268
0.410441
0.295267
0.229875
0.191065
0.160202
0.136593
0.123719
0.122231
0.130205
0.147725
0.18234
0.216759
0.232894
0.236766
0.257487
0.265403
0.249626
0.252864
0.325013
0.450434
0.5156
0.67877
0.885952
1.18767
1.63048
1.89303
1.76476
1.61726
1.69256
1.68438
0.922702
0.573373
0.576095
0.732376
0.818547
0.764778
0.385912
0.485687
0.60323
0.339216
0.317498
0.338233
0.3609
0.350797
0.352601
0.357443
0.381891
0.406352
0.457506
0.509352
0.589989
0.765627
1.16804
1.59875
2.03449
2.30335
2.36192
2.33117
2.18989
2.02615
1.79187
1.69422
1.4965
1.40994
1.21399
1.04249
0.942574
0.871112
0.787516
0.735979
0.654036
0.625212
0.585553
0.581095
0.57289
0.576303
0.577805
0.60082
0.628789
1.71407
1.36565
1.20501
1.13213
1.10366
1.09084
1.08132
1.0685
1.05
1.02721
1.00232
0.977174
0.953028
0.93028
0.908586
0.887626
0.866901
0.846297
0.825637
0.804942
0.78407
0.76329
0.742745
0.722737
0.703454
0.685276
0.668496
0.653629
0.640862
0.630731
0.623659
0.619757
0.61886
0.620864
0.62695
0.636033
0.648003
0.662461
0.678934
0.697141
0.715708
0.733579
0.749395
0.761483
0.767476
0.766139
0.754041
0.729513
0.692071
0.641018
0.577634
0.504978
0.427144
0.350488
0.27937
0.218136
0.168617
0.132942
0.109038
0.0957178
0.0900214
0.0902775
0.0942045
0.100429
0.107706
0.114858
0.121293
0.125455
0.12748
0.12689
0.124043
0.119167
0.114387
0.111066
0.108712
0.106454
0.105244
0.108808
0.119393
0.137838
0.163669
0.193201
0.221435
0.25853
0.338375
0.574182
1.02113
1.52529
1.97691
2.271
2.38813
2.40599
2.24403
1.98697
1.66699
1.33164
1.03469
0.785451
0.597379
0.452508
0.35845
0.30671
0.28324
0.294731
0.338776
0.410066
0.508636
0.63139
0.765653
0.912722
1.04875
1.14789
1.23207
1.30874
1.35216
1.36031
1.33535
1.19781
0.967273
0.755652
0.574895
0.436034
0.356873
0.306107
0.255735
0.210222
0.179411
0.168372
0.18012
0.213366
0.257952
0.354811
0.496628
0.71525
0.966462
1.12072
1.21577
1.22485
1.17437
1.03506
0.798509
0.566149
0.436534
0.472039
0.83308
1.43862
2.31621
3.16766
3.70368
4.34369
5.2845
5.59728
4.98042
2.99046
1.52701
1.40486
1.87539
1.16568
0.440313
0.556176
0.595316
0.580046
0.630972
0.81088
1.07224
1.58286
1.96207
2.66475
3.29694
4.07456
4.79727
5.62215
5.9932
6.07926
5.95928
5.5316
4.7085
4.07842
3.38753
2.98311
2.53341
2.27552
2.02321
1.81316
1.7382
1.61195
1.63854
1.65696
1.69899
1.80354
1.84326
2.01532
2.09431
2.32126
2.44189
2.69245
2.80488
3.09736
3.2426
3.49647
0.00100249
0.00438031
0.00552512
0.00691395
0.00879241
0.0110361
0.0143714
0.0187022
0.0239461
0.0300889
0.0374715
0.0455135
0.0543045
0.0617346
0.0665822
0.0661733
0.0622379
0.0507877
0.0274842
0.00658789
0.00627928
0.00737502
0.00441531
0.00478144
0.00638771
0.00677207
0.00630513
0.00574455
0.00637944
0.00784044
0.0100806
0.0134021
0.0198292
0.0259023
0.0341937
0.0493895
0.0617453
0.0775978
0.0960135
0.109784
0.11506
0.114664
0.110471
0.102789
0.096015
0.0923193
0.0882887
0.0840575
0.0773747
0.0678048
0.0548473
0.0383162
0.0334746
0.0365243
0.0478864
0.0698392
0.0964078
0.12679
0.153058
0.17241
0.191321
0.20015
0.197829
0.164995
0.13026
0.148462
0.510058
1.30006
1.97631
2.58212
3.12574
3.58691
3.95443
4.21897
4.35921
4.41072
4.37676
4.21881
3.95788
3.63249
3.26544
2.87171
2.46625
2.07393
1.70427
1.37278
1.08562
0.84925
0.673328
0.507789
0.424437
0.370901
0.338594
0.34356
0.406933
0.511503
0.591623
0.695111
0.819182
0.849778
0.68271
0.532378
0.537423
0.697569
1.00582
1.23318
1.24885
1.12688
0.76767
0.55037
0.507496
0.522399
0.52919
0.533038
0.558446
0.584187
0.602942
0.608417
0.591909
0.563194
0.492419
0.43736
0.347542
0.284993
0.233378
0.193214
0.164341
0.143438
0.132557
0.128246
0.133737
0.149724
0.174584
0.208013
0.252589
0.300535
0.355687
0.40814
0.456271
0.50713
0.570106
0.614877
0.642507
0.669983
0.694111
0.716316
0.736566
0.745256
0.742431
0.730197
0.719332
0.709387
0.706162
0.719359
0.735525
0.718361
0.589095
0.405322
0.282685
0.221291
0.195007
0.172298
0.143281
0.11162
0.085637
0.0683001
0.0583218
0.0533059
0.0518088
0.0526108
0.0556081
0.0605575
0.067453
0.0766337
0.0885301
0.105227
0.126378
0.150354
0.175888
0.198056
0.213662
0.21786
0.210306
0.200221
0.186029
0.176695
0.17744
0.188498
0.201326
0.22379
0.240917
0.240181
0.225772
0.178794
0.120285
0.076647
0.0443381
0.0239431
0.0216467
0.0188006
0.0043916
0.00520681
0.00455668
0.00367191
0.00345524
0.00356644
0.00386481
0.00424405
0.0047147
0.0051489
0.00569424
0.00602471
0.00672412
0.00848116
0.0118316
0.0178484
0.0237896
0.0322129
0.030873
0.0283359
0.0265615
0.0202573
0.00948027
0.00560835
0.00546697
0.0055177
0.00526347
0.00579363
0.00688035
0.00774146
0.0082335
0.00833771
0.00825262
0.00779575
0.00773138
0.0075801
0.00726471
0.00733953
0.00760036
0.00812828
0.00947085
0.0127431
0.0155288
0.0173013
0.0184158
0.0194176
0.0212178
0.0254502
0.0292607
0.0327262
0.0346113
0.0325295
0.0272288
0.0284596
0.0370916
0.0561871
0.0792868
0.115794
0.155552
0.208767
0.319667
0.525882
0.817107
1.08573
1.24072
1.33977
1.4662
1.59746
1.66887
1.62559
1.49367
1.33217
1.16303
0.986707
0.812956
0.6622
0.534526
0.414846
0.321792
0.274376
0.241129
0.213265
0.191058
0.178928
0.173755
0.1731
0.18755
0.216054
0.254092
0.2706
0.275078
0.261697
0.254218
0.242354
0.268786
0.361758
0.454054
0.588957
0.713583
0.677309
0.648478
0.563371
0.404094
0.399131
0.409317
0.389459
0.406207
0.575673
0.586744
0.503851
0.467955
0.39049
0.288029
0.231204
0.201189
0.170304
0.14377
0.118554
0.0938983
0.0785142
0.0701018
0.0687759
0.0747671
0.082093
0.0870034
0.0900643
0.0949944
0.100363
0.104362
0.105797
0.104001
0.101727
0.101177
0.103121
0.107921
0.111445
0.119177
0.129263
0.136204
0.143929
0.159102
0.189773
0.218474
0.233631
0.249873
0.27201
0.295625
0.333519
0.38717
0.427266
0.436603
0.430792
0.379907
0.297777
0.259569
0.248364
0.2346
0.185368
0.114688
0.0718897
0.0565745
0.0561571
0.0602887
0.0605088
0.0564775
0.0455913
0.0369116
0.0315561
0.0297443
0.0295108
0.0295421
0.0299241
0.0307186
0.0320705
0.0344216
0.0380615
0.0420306
0.0479561
0.0581437
0.0676989
0.0869194
0.128355
0.153405
0.160411
0.155612
0.119935
0.0808316
0.0617129
0.0558359
0.0561808
0.0588161
0.0718329
0.0991887
0.100969
0.0829046
0.0592021
0.0378595
0.0289281
0.0325648
0.0298492
0.00624817
0.00424798
0.00265973
0.00255005
0.00279023
0.00331342
0.00400896
0.00466734
0.0052673
0.00568573
0.00590647
0.00590284
0.00582938
0.00562172
0.00554957
0.00591175
0.00700126
0.00928192
0.0148776
0.0179577
0.0205163
0.02008
0.0192124
0.0136501
0.00790499
0.00561147
0.00526161
0.00558222
0.00632751
0.00665238
0.0067616
0.00674115
0.00660907
0.00639843
0.00611608
0.00556372
0.00530398
0.00515251
0.00482207
0.0043629
0.00412542
0.00415177
0.00434413
0.00480273
0.00572788
0.00696192
0.00811513
0.0099166
0.011477
0.0129067
0.0156312
0.0172248
0.0208618
0.0329137
0.0660243
0.121347
0.182896
0.256704
0.355842
0.474415
0.612677
0.762024
0.905083
1.00883
1.05122
1.05885
0.981933
0.838332
0.61275
0.491716
0.358124
0.272261
0.210128
0.160114
0.12976
0.11396
0.106141
0.103381
0.103461
0.10673
0.109279
0.110699
0.111928
0.1124
0.11258
0.112709
0.115528
0.121
0.129228
0.139271
0.15513
0.183824
0.20641
0.210108
0.213876
0.231682
0.28294
0.344999
0.635027
0.871262
0.772224
0.645369
0.587891
0.489738
0.389023
0.371864
0.455315
0.53765
0.488683
0.403058
0.289961
0.169162
0.109486
0.0855183
0.0737971
0.0631894
0.0559806
0.0519882
0.05026
0.0502323
0.0536327
0.0603726
0.0688907
0.0791574
0.0867031
0.0929699
0.0979198
0.10177
0.104189
0.105076
0.102274
0.0953028
0.0905534
0.0894184
0.0881802
0.0863949
0.0853079
0.0839276
0.0838261
0.0864555
0.0914037
0.09359
0.0962545
0.0989399
0.101876
0.108537
0.117138
0.122598
0.125352
0.128665
0.135534
0.159741
0.181386
0.184497
0.175368
0.166168
0.163558
0.15408
0.114942
0.0769646
0.0522048
0.0409602
0.0405457
0.0437127
0.0431267
0.0351683
0.0265017
0.0224536
0.0217425
0.022449
0.0233279
0.024008
0.0248048
0.0256932
0.027248
0.0283298
0.0284658
0.0297286
0.0345227
0.0363342
0.0397007
0.0482284
0.0539462
0.0557743
0.0594786
0.0732339
0.0722103
0.0553871
0.0426623
0.0412762
0.0472751
0.0682489
0.076135
0.0659626
0.0483751
0.0387248
0.0307504
0.0331077
0.0335403
0.0330427
0.00529461
0.00273059
0.00222598
0.00240313
0.00292905
0.00377203
0.0045463
0.00519672
0.00556355
0.00576372
0.00588784
0.00585911
0.00576837
0.00557815
0.00535661
0.00512777
0.00501539
0.00526507
0.00625494
0.00840695
0.00978806
0.0128815
0.014846
0.0143584
0.0124576
0.00864493
0.00708682
0.00680411
0.00644656
0.00627264
0.00622189
0.00617057
0.0061213
0.00607951
0.00584952
0.00550242
0.00545386
0.0054068
0.00527963
0.00489838
0.00449095
0.00431393
0.00432132
0.00451755
0.00539648
0.00710399
0.00841328
0.00962616
0.0105754
0.0116613
0.0133994
0.0176122
0.027901
0.0637998
0.124696
0.177977
0.235434
0.296824
0.375625
0.47359
0.587162
0.672894
0.705106
0.676776
0.585406
0.497049
0.387656
0.285219
0.19644
0.15506
0.116518
0.0998649
0.0914937
0.088309
0.0879059
0.0918702
0.0943514
0.0975667
0.10036
0.10393
0.106849
0.109167
0.112549
0.114601
0.115614
0.116015
0.114402
0.111472
0.108639
0.104759
0.103253
0.104839
0.122047
0.175718
0.211139
0.189096
0.149049
0.125471
0.143035
0.610979
0.758898
0.643048
0.576159
0.570252
0.526477
0.44354
0.456404
0.437122
0.34233
0.247435
0.152462
0.0873591
0.065828
0.0613618
0.0599037
0.0574293
0.0562888
0.0574364
0.062005
0.0684961
0.0756566
0.0821449
0.0867861
0.0928853
0.0977265
0.102217
0.105117
0.106699
0.108371
0.109448
0.109742
0.107614
0.1036
0.100477
0.0978371
0.0943579
0.091142
0.0899079
0.0902834
0.09293
0.0934314
0.0935013
0.0956116
0.105363
0.112147
0.11409
0.115726
0.119794
0.122894
0.125158
0.125518
0.122336
0.12044
0.124172
0.144569
0.155963
0.156895
0.151155
0.117131
0.0822667
0.0625721
0.0465694
0.0355709
0.0319623
0.0307712
0.0266031
0.0219495
0.0197207
0.0193386
0.0204104
0.0217222
0.0230956
0.0256356
0.0273622
0.0278014
0.0290031
0.0297897
0.029348
0.0301157
0.030408
0.0305105
0.0345755
0.035428
0.0355508
0.0372955
0.0564459
0.0687165
0.0538125
0.0404324
0.0396485
0.0462203
0.0526374
0.0495141
0.0386329
0.0326457
0.030176
0.0296451
0.0316328
0.0313233
0.0349662
0.00432326
0.00245248
0.00228682
0.00274678
0.00353478
0.00435725
0.00505395
0.00555482
0.00572714
0.00584329
0.00590876
0.0058457
0.00570182
0.00539249
0.00511447
0.00480031
0.00466127
0.00443819
0.00456768
0.00508043
0.00587244
0.00691577
0.00859749
0.00995466
0.009734
0.00914138
0.00812775
0.00727524
0.00667194
0.00626121
0.00618001
0.0062426
0.00652602
0.00690948
0.00709907
0.0072367
0.00731812
0.00725057
0.00707106
0.00665293
0.00620791
0.00596949
0.00599826
0.0066792
0.00890105
0.0110107
0.0123675
0.0127541
0.0131053
0.013783
0.0159547
0.0225223
0.0483846
0.110802
0.153157
0.188939
0.230168
0.278644
0.34138
0.410788
0.444531
0.452449
0.425167
0.353192
0.279292
0.217144
0.160299
0.119231
0.0959387
0.0852903
0.0802479
0.0791717
0.0811237
0.0839922
0.0881175
0.0932186
0.0982122
0.103299
0.108783
0.114149
0.118489
0.121203
0.122477
0.122732
0.120186
0.117299
0.111567
0.109509
0.107031
0.10588
0.104257
0.100289
0.0964657
0.0939039
0.106749
0.121866
0.114386
0.098552
0.107972
0.342973
0.647326
0.587508
0.549001
0.57009
0.564762
0.479037
0.407451
0.332398
0.249383
0.166144
0.0978126
0.0641864
0.0583812
0.0606195
0.0625894
0.0668295
0.0727593
0.0794188
0.086292
0.0920935
0.0961936
0.0980331
0.0993273
0.100034
0.100185
0.102626
0.104634
0.105632
0.105487
0.104639
0.105333
0.107519
0.109268
0.110743
0.114136
0.121211
0.12837
0.132024
0.132038
0.130334
0.128574
0.125114
0.123466
0.127545
0.136533
0.139809
0.140114
0.13994
0.136946
0.133632
0.134686
0.139812
0.139092
0.129716
0.128257
0.13891
0.153386
0.152645
0.130193
0.0874008
0.0689884
0.0626353
0.0459341
0.031993
0.0250439
0.021848
0.020589
0.0198138
0.0195057
0.0195648
0.0199549
0.0210423
0.0230885
0.0253731
0.0263526
0.0279128
0.0308896
0.0312728
0.0300405
0.0295595
0.028332
0.0292544
0.0325231
0.0321734
0.0339379
0.045232
0.0567336
0.0555194
0.0512523
0.0441587
0.0434193
0.0440882
0.038912
0.0322244
0.0306921
0.0301329
0.0324119
0.0324823
0.0356917
0.0411905
0.0041068
0.00265705
0.00297944
0.00385562
0.00485107
0.00561117
0.00589791
0.00588452
0.00595103
0.00605512
0.00607844
0.00598953
0.0058175
0.00551023
0.00522884
0.0048444
0.00462676
0.00439431
0.00425367
0.00434054
0.00459909
0.00503356
0.00573452
0.00672339
0.00703049
0.00702232
0.00707259
0.00703197
0.00703815
0.00722255
0.00752184
0.00808128
0.00880032
0.00949937
0.00949697
0.0094388
0.0092923
0.00888857
0.00863404
0.00869887
0.00904845
0.00991048
0.013073
0.0164753
0.018669
0.0204009
0.0209667
0.0208735
0.0206887
0.0199128
0.0202386
0.0310649
0.0805313
0.12812
0.149566
0.174413
0.194509
0.228041
0.271621
0.297828
0.305463
0.29214
0.240668
0.182239
0.141219
0.112287
0.0910345
0.080195
0.0758762
0.0748635
0.0767992
0.0800521
0.0852563
0.0921175
0.100013
0.107374
0.112854
0.117305
0.121903
0.124129
0.125398
0.126561
0.12726
0.127478
0.127931
0.126724
0.124033
0.120844
0.114968
0.109026
0.101736
0.0994543
0.0963449
0.0894645
0.084731
0.0811052
0.0780505
0.08245
0.10155
0.268732
0.58773
0.542799
0.510691
0.547261
0.544238
0.454551
0.329061
0.24626
0.182436
0.120993
0.075276
0.0594042
0.059869
0.0629987
0.0664111
0.0733172
0.0807351
0.0858093
0.0896959
0.0943743
0.0975263
0.099279
0.100681
0.101277
0.0991553
0.0968762
0.0955786
0.0963654
0.0974262
0.0997466
0.0997479
0.0962633
0.0914666
0.0933778
0.10338
0.119045
0.140266
0.162083
0.176889
0.185498
0.195969
0.209252
0.213732
0.213322
0.208349
0.203453
0.201279
0.199395
0.194937
0.180366
0.167262
0.157973
0.153616
0.148204
0.136118
0.135283
0.144951
0.153419
0.149192
0.110805
0.0762113
0.0657973
0.0593609
0.0458977
0.0317655
0.0243105
0.0212357
0.02003
0.0200072
0.0211278
0.0216526
0.0223589
0.0233434
0.0239996
0.0257776
0.0270154
0.0279764
0.0304742
0.031839
0.0316592
0.0292233
0.0285034
0.0312575
0.0350198
0.035907
0.0409389
0.0455192
0.046867
0.0530632
0.0536851
0.0468821
0.0370161
0.0293943
0.02665
0.0271981
0.0299301
0.032266
0.0323675
0.0344499
0.054314
0.00389663
0.00331766
0.00392675
0.00502481
0.00581437
0.00610981
0.00611217
0.00592932
0.00592125
0.00585902
0.00567174
0.00561196
0.00547311
0.00534524
0.00524392
0.00502355
0.00476938
0.00453382
0.00435476
0.00438648
0.00454215
0.00480387
0.00517893
0.00568347
0.00634456
0.0069404
0.00771181
0.00888657
0.0101094
0.0111326
0.0116135
0.0116061
0.011587
0.0112822
0.0107303
0.0105613
0.0103627
0.0105427
0.0114351
0.0137234
0.0193072
0.0246286
0.027221
0.027798
0.0277974
0.0276312
0.0264403
0.0252009
0.0230893
0.0214488
0.024445
0.0514023
0.101776
0.122318
0.131052
0.141055
0.157815
0.184885
0.21003
0.218367
0.217702
0.187869
0.139394
0.107336
0.0901718
0.0796426
0.0745212
0.0728223
0.0727532
0.0757611
0.0806544
0.0883821
0.0988855
0.109583
0.115877
0.122035
0.126029
0.129125
0.131277
0.131785
0.1315
0.131388
0.130933
0.130294
0.130576
0.128476
0.12704
0.123263
0.118787
0.112361
0.103457
0.0950445
0.0886083
0.0865263
0.0863588
0.0825746
0.0756394
0.0782899
0.100498
0.215751
0.549897
0.525163
0.477388
0.502289
0.502595
0.410229
0.26685
0.192524
0.142486
0.0915635
0.0636506
0.0584428
0.0640421
0.0695801
0.0709287
0.0756165
0.079066
0.0830179
0.0852764
0.0890011
0.0922807
0.0968075
0.100291
0.101638
0.0988128
0.093647
0.0889517
0.0846894
0.0863351
0.0949372
0.100293
0.0981022
0.0844939
0.0684761
0.0615146
0.0645626
0.0861614
0.116127
0.145464
0.171289
0.19357
0.21648
0.235364
0.247292
0.253963
0.255438
0.244421
0.228923
0.221779
0.203523
0.18864
0.185378
0.176145
0.167079
0.155812
0.146037
0.146381
0.155345
0.160099
0.149124
0.10259
0.0753772
0.058926
0.0467175
0.0418911
0.0352193
0.0258446
0.0209699
0.020197
0.0212431
0.0227622
0.0236244
0.0247075
0.0248007
0.0251799
0.0265664
0.0268913
0.0278178
0.0310913
0.0330209
0.0330402
0.0312822
0.0311615
0.0361644
0.0417151
0.0416889
0.0399687
0.0389671
0.0414959
0.0517588
0.053127
0.0419696
0.0288014
0.0240367
0.023478
0.0268147
0.0269142
0.0276982
0.0340261
0.0631493
0.00386937
0.00396698
0.00476543
0.00567836
0.00627305
0.00643193
0.00614782
0.00594183
0.00586668
0.0054783
0.00496146
0.00482679
0.0048652
0.00509073
0.00517979
0.00513847
0.00495451
0.00484348
0.00467895
0.00459539
0.00482804
0.00517057
0.00579951
0.00644519
0.00772173
0.00984603
0.0132723
0.0160447
0.0169957
0.0163969
0.0155276
0.0144662
0.013451
0.0120124
0.0118895
0.0123786
0.01327
0.0151813
0.0200189
0.0279108
0.0330855
0.0359002
0.0358741
0.0354431
0.033794
0.0299836
0.0272448
0.0254401
0.0236272
0.0242931
0.03753
0.0763683
0.0977949
0.103447
0.104858
0.114193
0.128616
0.150392
0.16407
0.167436
0.159516
0.124897
0.0942478
0.0812512
0.0757431
0.0736172
0.0730587
0.0731575
0.0756518
0.0832236
0.0965044
0.111771
0.120257
0.125381
0.129038
0.132053
0.134658
0.135943
0.136351
0.135516
0.132985
0.132203
0.130263
0.129849
0.128421
0.126474
0.126521
0.123509
0.119239
0.112927
0.108017
0.102152
0.0961236
0.0853265
0.0793766
0.0788443
0.0770734
0.0777966
0.0988508
0.201653
0.516325
0.519076
0.449953
0.456735
0.460054
0.379995
0.224044
0.162288
0.130999
0.0840863
0.0613475
0.0591702
0.0683448
0.0697316
0.0709003
0.0746851
0.0759365
0.0774097
0.0778585
0.0823041
0.0885794
0.0944846
0.101206
0.105172
0.108274
0.103316
0.0925045
0.0836873
0.075859
0.0766613
0.090594
0.0977881
0.0924721
0.0719854
0.054623
0.0473173
0.0451519
0.0463671
0.0568608
0.0773411
0.0972175
0.12594
0.160279
0.18415
0.196399
0.204676
0.209134
0.203946
0.197176
0.192656
0.168695
0.158174
0.164709
0.171211
0.168815
0.165907
0.159031
0.159323
0.16459
0.166244
0.152889
0.102048
0.0664402
0.0483926
0.0411464
0.035335
0.0282127
0.0226649
0.0212039
0.0216824
0.0226428
0.0229434
0.022905
0.0227796
0.0228367
0.0234705
0.0248446
0.0258134
0.0272577
0.0313197
0.0337835
0.0336557
0.0330798
0.0342976
0.0417191
0.0454835
0.0427672
0.038298
0.0377529
0.0419766
0.0539661
0.054884
0.041032
0.0274096
0.0242931
0.0250693
0.0253673
0.027686
0.0361233
0.0742254
0.00406735
0.00450652
0.00533533
0.0064758
0.0068778
0.00683332
0.00629345
0.0061408
0.00595437
0.00535573
0.00467184
0.00442408
0.00438253
0.00458513
0.00491897
0.00503553
0.00503692
0.0050573
0.005006
0.00502032
0.0054917
0.00605557
0.00712634
0.0090808
0.0129093
0.019149
0.0214364
0.0206724
0.0193053
0.0180065
0.0171089
0.0161982
0.0147849
0.0145498
0.0153268
0.0171364
0.0196771
0.0253031
0.0335219
0.0399898
0.0430946
0.0437211
0.0432584
0.0405739
0.034516
0.0300791
0.0276189
0.0261793
0.0265336
0.0353637
0.0568625
0.0760698
0.0834291
0.0825608
0.0844936
0.0932905
0.106162
0.123253
0.132311
0.133891
0.123099
0.0928536
0.0788236
0.0744949
0.0737535
0.0742027
0.0749199
0.0773295
0.0858765
0.101754
0.11561
0.122092
0.125018
0.126526
0.128936
0.134221
0.139426
0.141861
0.142332
0.141817
0.138291
0.136498
0.133215
0.13169
0.128489
0.124406
0.11883
0.117691
0.115752
0.114234
0.109545
0.102179
0.0961258
0.0892451
0.0820036
0.0769792
0.0747873
0.0748787
0.095452
0.195739
0.488977
0.51031
0.435654
0.42463
0.423328
0.354534
0.196337
0.136135
0.118098
0.0826959
0.062252
0.0644837
0.0704576
0.0687249
0.0696505
0.0714328
0.0688003
0.0669874
0.0666667
0.0710325
0.0752453
0.0810256
0.0915013
0.10169
0.109767
0.113076
0.108805
0.0934741
0.0758955
0.0658463
0.066926
0.0808279
0.0872159
0.0808619
0.0633916
0.0506754
0.0426902
0.03671
0.0325852
0.0311194
0.0317223
0.0369359
0.0622527
0.086714
0.102837
0.114304
0.119362
0.121023
0.117303
0.115917
0.113895
0.107324
0.108435
0.115012
0.142554
0.159334
0.166556
0.16821
0.168307
0.168904
0.168434
0.152061
0.0934662
0.0578736
0.0447455
0.0359231
0.0284473
0.0263499
0.0253751
0.0243173
0.0233818
0.0231747
0.0228277
0.022884
0.0225506
0.0222485
0.0229753
0.0233816
0.0244193
0.0260302
0.0314251
0.0337631
0.0338963
0.0346531
0.0366783
0.0429712
0.0426314
0.0381059
0.035
0.0355903
0.0451504
0.0535154
0.0528281
0.0421055
0.0327506
0.0283362
0.0290841
0.0339205
0.0469435
0.0888841
0.00459152
0.00481506
0.00641248
0.00729973
0.00745488
0.00737007
0.00724465
0.00720259
0.0068804
0.00578907
0.00464004
0.00427291
0.00416621
0.00415551
0.00431311
0.00462499
0.00478392
0.00495701
0.00509762
0.0054879
0.00639633
0.00765436
0.0104122
0.0166744
0.0232294
0.0245947
0.0230456
0.0210145
0.019403
0.0185297
0.0178993
0.017931
0.0185326
0.0197248
0.0218723
0.0238637
0.0302681
0.0383504
0.0439499
0.0469712
0.0478912
0.0458771
0.0433673
0.0398408
0.034851
0.031382
0.0301896
0.0311122
0.0370121
0.0462903
0.0592027
0.0681541
0.0673155
0.0667275
0.0689322
0.0772331
0.0894971
0.103952
0.110957
0.112308
0.10293
0.0817844
0.0753525
0.0739785
0.0744046
0.0773804
0.08083
0.0865758
0.0989401
0.112371
0.119924
0.123546
0.125953
0.128359
0.132066
0.140538
0.144357
0.146528
0.144739
0.142324
0.138815
0.136318
0.133541
0.129225
0.124144
0.121304
0.117005
0.114408
0.113854
0.109751
0.10566
0.100946
0.0971536
0.0904726
0.0841687
0.0807222
0.0759688
0.0746547
0.0902236
0.178449
0.447374
0.48945
0.417515
0.394618
0.390182
0.331781
0.178821
0.110973
0.096363
0.0793852
0.0711064
0.0772051
0.0725355
0.0672621
0.0675504
0.0655452
0.0613652
0.0591623
0.05864
0.0605689
0.062881
0.06553
0.0710042
0.0798632
0.0950656
0.110143
0.113855
0.108978
0.0910726
0.0678933
0.0628746
0.0658655
0.0697821
0.0696419
0.0658618
0.05601
0.0469996
0.0366125
0.0283053
0.0238162
0.0214687
0.0206162
0.0226472
0.0347036
0.0406202
0.0501993
0.0592804
0.061776
0.0611437
0.0608822
0.0614075
0.0628402
0.065752
0.0723552
0.0883148
0.129597
0.158179
0.168742
0.169469
0.170339
0.174074
0.168119
0.129889
0.0799808
0.0584138
0.0407853
0.0297661
0.0266778
0.0267493
0.0266474
0.0253627
0.0244871
0.0227425
0.0220322
0.0220319
0.0221139
0.0241071
0.0249476
0.0244132
0.024728
0.0271649
0.0309949
0.0328842
0.034529
0.035683
0.0375877
0.0389038
0.0366389
0.0306839
0.0295833
0.0318582
0.0441963
0.0489626
0.0462402
0.0386185
0.0400618
0.0389181
0.042294
0.0529908
0.0986066
0.00518391
0.00536815
0.00682477
0.00812111
0.00849667
0.00882388
0.0093109
0.00951269
0.00933575
0.00794459
0.00558464
0.00453004
0.00414886
0.00406669
0.00410435
0.00431654
0.00453921
0.00489985
0.00530253
0.0061052
0.00780353
0.0113809
0.0191299
0.0247691
0.0257713
0.0243732
0.0200604
0.0173521
0.0165025
0.016509
0.0178556
0.0186747
0.020693
0.0234329
0.0263428
0.0332744
0.0389504
0.0437472
0.0468541
0.047803
0.0453548
0.0426636
0.0408958
0.0380426
0.0360945
0.0352344
0.0353514
0.0374147
0.0414979
0.0477312
0.0540016
0.0541697
0.0542838
0.0549281
0.0580508
0.066155
0.0774509
0.090816
0.0982181
0.100091
0.0959079
0.0810509
0.0755708
0.0746597
0.0765998
0.0821934
0.0900543
0.0974183
0.107993
0.117771
0.122712
0.126339
0.130631
0.135138
0.139235
0.142972
0.144556
0.143115
0.139471
0.134131
0.132584
0.131244
0.129647
0.126631
0.119723
0.110495
0.107651
0.104
0.10334
0.104405
0.104544
0.101001
0.0968609
0.093215
0.0854
0.082617
0.0775826
0.0752819
0.0855563
0.161194
0.407808
0.472604
0.408567
0.372688
0.36369
0.3158
0.174652
0.0977241
0.0776208
0.0735587
0.0771196
0.081577
0.0728155
0.0650255
0.0621588
0.0562139
0.0537225
0.0537879
0.0547732
0.0566823
0.0590135
0.0605387
0.0638825
0.0683781
0.0766984
0.0906908
0.107186
0.109131
0.10327
0.0848173
0.0673014
0.066226
0.066435
0.0626324
0.0574023
0.053415
0.0469324
0.0367239
0.0266302
0.0219922
0.0207417
0.0197857
0.0197342
0.0227525
0.0249462
0.0254191
0.0270102
0.0315431
0.0390223
0.0463117
0.0489047
0.0501467
0.0514443
0.0551257
0.064067
0.0895785
0.131778
0.160638
0.17083
0.17162
0.172126
0.172204
0.164114
0.124313
0.0760517
0.0466583
0.0347828
0.0307655
0.0287984
0.0269323
0.0249072
0.0239429
0.0229681
0.0221788
0.0224966
0.0235374
0.0245154
0.0280798
0.0287118
0.0280548
0.0284781
0.0306115
0.030822
0.031719
0.0356303
0.0374751
0.0382991
0.0369959
0.0295746
0.0252541
0.0255802
0.0298262
0.0395721
0.0402693
0.0381703
0.0384093
0.0436343
0.0547103
0.0685647
0.124706
0.00531125
0.00559654
0.00768394
0.00916296
0.00963777
0.0107561
0.0120719
0.0128214
0.0130178
0.0120614
0.00904918
0.00620873
0.00488049
0.00437497
0.00422218
0.00421065
0.00439961
0.00486418
0.00574467
0.00761537
0.011652
0.0192417
0.0243439
0.0255558
0.0249271
0.0209783
0.0173727
0.016102
0.0157396
0.0157946
0.0173301
0.0197456
0.0234018
0.0279178
0.0330982
0.0372255
0.0411248
0.0443742
0.0452738
0.0447033
0.0413602
0.0393923
0.0380099
0.0367606
0.036129
0.0360149
0.0365938
0.0380424
0.041138
0.0437475
0.0439071
0.0446118
0.0458251
0.0476461
0.0514296
0.0591025
0.0699684
0.0827077
0.0923617
0.0955366
0.0950726
0.0830908
0.0772062
0.0765551
0.0795972
0.0885756
0.0971631
0.106183
0.111534
0.120029
0.124383
0.128633
0.134688
0.139061
0.141957
0.141442
0.139305
0.135152
0.132143
0.130351
0.12778
0.126495
0.124139
0.116372
0.111612
0.104426
0.101152
0.101537
0.100281
0.100011
0.0991119
0.0987231
0.0964495
0.0924448
0.0855454
0.0828691
0.0789839
0.0756806
0.0816102
0.133603
0.353657
0.456583
0.406671
0.358929
0.345881
0.30797
0.178469
0.0974617
0.0699985
0.0670461
0.0757652
0.0801796
0.0709225
0.0579989
0.0533118
0.0516027
0.0515622
0.0520535
0.0523898
0.0534452
0.055858
0.0570487
0.0598939
0.0638673
0.0717966
0.0795474
0.091143
0.0990893
0.100544
0.0947157
0.0773253
0.0717244
0.070089
0.0633505
0.0550979
0.0458618
0.036234
0.0314512
0.0259837
0.0222373
0.0225271
0.0228068
0.0214737
0.0213616
0.0225151
0.0230224
0.0233095
0.0249021
0.0326088
0.0525521
0.0618632
0.0636744
0.0653176
0.0670608
0.0716454
0.0830603
0.105426
0.144773
0.167471
0.169767
0.171393
0.174939
0.169859
0.142985
0.0946212
0.0585114
0.0395944
0.0351943
0.0340965
0.0301023
0.0254824
0.0239242
0.0235735
0.0235698
0.0245382
0.027052
0.0283492
0.0307946
0.0332482
0.0358267
0.037639
0.0381413
0.0350759
0.0321115
0.0323756
0.0371469
0.039779
0.0382683
0.0302556
0.0240337
0.0232135
0.0238713
0.0269293
0.0293493
0.0365148
0.0419755
0.0476648
0.0577476
0.0647637
0.138629
0.00586069
0.00594896
0.00831581
0.0100424
0.0113829
0.0129259
0.0150424
0.0173044
0.0184648
0.0187421
0.0157855
0.0116649
0.00742744
0.00575715
0.00505805
0.00484028
0.00481732
0.00527123
0.00688453
0.0103801
0.0168173
0.0229003
0.0249223
0.0254091
0.0240138
0.0205259
0.0173326
0.0161959
0.0160842
0.0174084
0.0201822
0.0236035
0.0280375
0.0322852
0.0358928
0.0382838
0.0417747
0.0441221
0.0444508
0.0432069
0.0401429
0.0387432
0.0374126
0.0362799
0.0359052
0.0358813
0.0362467
0.0368858
0.0377185
0.0383501
0.0392086
0.0409626
0.0428266
0.0452635
0.0490636
0.0557246
0.0656883
0.0783844
0.0899552
0.0955348
0.0965115
0.0901083
0.0817331
0.0806414
0.0832864
0.0910162
0.099364
0.111002
0.116262
0.123394
0.125347
0.127614
0.131385
0.133597
0.133929
0.133506
0.132195
0.129431
0.126152
0.124956
0.123094
0.118128
0.1145
0.107703
0.102108
0.101111
0.0978503
0.0973883
0.0965065
0.0962471
0.0974588
0.0957751
0.0912466
0.0903863
0.0867826
0.082327
0.0796197
0.0740161
0.074801
0.0998572
0.271885
0.429153
0.411331
0.351838
0.333854
0.305377
0.193929
0.102524
0.0702905
0.0642635
0.0705123
0.0735173
0.0637097
0.0526034
0.0502781
0.0497218
0.0494919
0.0498073
0.0496372
0.0486914
0.048906
0.0495767
0.0517871
0.0570679
0.0679814
0.0754206
0.0857269
0.0951259
0.0975247
0.095322
0.0812946
0.0726872
0.0703584
0.0625933
0.0528421
0.0436139
0.0334431
0.0289003
0.0264636
0.0240464
0.0238282
0.0242652
0.0231881
0.0221955
0.0224429
0.0239991
0.0267073
0.0310469
0.0526583
0.0906279
0.116452
0.12294
0.122379
0.118257
0.109887
0.107715
0.112299
0.126898
0.158112
0.168866
0.170361
0.171782
0.172776
0.167651
0.126508
0.0682174
0.0436996
0.0370545
0.0351031
0.0320833
0.0280195
0.0273265
0.0276275
0.0274862
0.0287113
0.0320769
0.0357136
0.0399366
0.0435259
0.0459782
0.0489539
0.051065
0.0504955
0.0418997
0.0359268
0.0367912
0.0402675
0.0401494
0.0345633
0.026765
0.023514
0.0233547
0.0237706
0.0267875
0.038517
0.0495407
0.048234
0.0572164
0.0648204
0.215279
0.00598071
0.00586847
0.00810981
0.0100953
0.0121837
0.0140802
0.0165231
0.0195009
0.0227652
0.0259304
0.0272691
0.0237943
0.0150133
0.0097077
0.00717484
0.00628788
0.00609428
0.0065374
0.0089214
0.0134119
0.0195493
0.0243243
0.0266209
0.027944
0.0282973
0.0271781
0.0240577
0.0221423
0.0217885
0.0225033
0.0251569
0.0283395
0.0325529
0.0367203
0.0386739
0.0405334
0.0435167
0.0454928
0.0457262
0.0444281
0.0413188
0.0395137
0.0379926
0.0366356
0.036094
0.036004
0.0361139
0.0362235
0.0364624
0.0371822
0.0385817
0.040747
0.0428181
0.0453599
0.0491846
0.0554423
0.0645461
0.0769756
0.0898646
0.0984681
0.101475
0.100688
0.0940794
0.0897435
0.0899955
0.0936221
0.100725
0.109524
0.115285
0.12261
0.127433
0.12807
0.127904
0.128363
0.128669
0.127457
0.124376
0.122168
0.118656
0.115519
0.111985
0.109309
0.106216
0.104127
0.0997583
0.0993428
0.0978117
0.0963782
0.0967946
0.0948332
0.0926333
0.092078
0.0890991
0.0858199
0.0834565
0.0782065
0.0765273
0.0711681
0.0706724
0.0826117
0.180954
0.374492
0.398933
0.356063
0.326642
0.304165
0.228827
0.119741
0.0750644
0.0648041
0.0662687
0.0672125
0.0597628
0.050376
0.0466648
0.0451244
0.0449968
0.0457445
0.0455412
0.0449196
0.0448203
0.0444035
0.0434732
0.0446233
0.0552638
0.0688658
0.0816382
0.0922543
0.0966361
0.0956861
0.0845234
0.0730271
0.065267
0.0522983
0.0426294
0.0365064
0.0299941
0.0261612
0.0258019
0.0246602
0.0232271
0.0233288
0.0229462
0.0231256
0.0248166
0.0322509
0.0401097
0.0597554
0.0952433
0.1219
0.14305
0.152343
0.152801
0.14992
0.139407
0.133363
0.128679
0.131155
0.145055
0.165111
0.168664
0.169795
0.172188
0.170817
0.148337
0.0877405
0.059012
0.0483468
0.0383193
0.0321088
0.0285656
0.0281658
0.0291221
0.0311465
0.0335204
0.0396193
0.04746
0.0535374
0.0571811
0.0574016
0.0556806
0.0535263
0.0547267
0.0541852
0.0473989
0.0419438
0.0429053
0.0424644
0.040644
0.0327381
0.0269591
0.0240828
0.0243361
0.0270621
0.0443765
0.0516254
0.0539712
0.0563817
0.0732539
0.263092
0.00716321
0.00535152
0.0075454
0.00973807
0.0119133
0.0137885
0.0161213
0.0191629
0.0233832
0.0274448
0.0332852
0.0355014
0.0354115
0.0235563
0.0140176
0.0099335
0.00859823
0.00849842
0.0105592
0.0152516
0.0210142
0.0269308
0.0325913
0.0380875
0.041278
0.0426839
0.043023
0.040053
0.0385283
0.0386042
0.0389113
0.0388579
0.0397784
0.0428997
0.0457058
0.0470996
0.0488525
0.0496058
0.0494843
0.0484123
0.0448801
0.0423628
0.0401664
0.0385316
0.0376773
0.0373851
0.0373118
0.0373713
0.0376956
0.0386935
0.0405313
0.0432286
0.0458116
0.0487378
0.052888
0.0587176
0.066543
0.0781304
0.0918965
0.104036
0.111514
0.119509
0.118484
0.115341
0.110132
0.107466
0.108622
0.111035
0.115938
0.119398
0.121918
0.124604
0.125168
0.124116
0.123396
0.122979
0.121918
0.118321
0.114628
0.112318
0.109171
0.108135
0.106002
0.104077
0.103414
0.101522
0.101612
0.0985494
0.0953208
0.0936761
0.0899935
0.0887999
0.0844421
0.0789071
0.0770737
0.0714275
0.0691923
0.0650219
0.0624109
0.0665631
0.0988886
0.276652
0.364667
0.354804
0.327832
0.307461
0.265749
0.162693
0.0933265
0.0697616
0.0670973
0.0648411
0.0559156
0.0470408
0.0425762
0.041572
0.0428541
0.043455
0.0431173
0.0432788
0.04322
0.042675
0.0409692
0.0407346
0.0455307
0.0610778
0.0771966
0.0890736
0.0942049
0.0944244
0.085601
0.0711692
0.0606027
0.0491058
0.0393556
0.0323985
0.0276042
0.024769
0.0238617
0.0236392
0.023116
0.0232569
0.0243991
0.027377
0.0346583
0.0563642
0.0836787
0.10792
0.124961
0.138743
0.144233
0.148563
0.14905
0.147266
0.138064
0.132138
0.130104
0.131137
0.140526
0.157315
0.167985
0.170445
0.171458
0.169573
0.150834
0.100043
0.068127
0.0506905
0.0396248
0.0350281
0.0330908
0.0298581
0.0296331
0.0309469
0.0349254
0.0447535
0.053818
0.0587724
0.0603707
0.0608252
0.0578377
0.0536387
0.0522015
0.0544521
0.0541563
0.0517943
0.048553
0.0449096
0.0429069
0.038885
0.0310847
0.0260809
0.0260386
0.028924
0.0441702
0.050528
0.0632935
0.0677361
0.0709724
0.307924
0.00727172
0.00507155
0.00630459
0.00862798
0.0109713
0.0126596
0.0139297
0.0147305
0.0137251
0.0141855
0.0207797
0.0371772
0.0450456
0.0461975
0.0418784
0.0242947
0.0160937
0.0136651
0.0136757
0.0171514
0.023532
0.0317781
0.0423438
0.0536026
0.0652663
0.0749773
0.081457
0.0839924
0.0838163
0.0829239
0.0821276
0.0751222
0.0662052
0.0607034
0.0610044
0.0625982
0.0631103
0.0616475
0.0607473
0.0594672
0.0553043
0.0511038
0.0478709
0.0456725
0.044598
0.0442686
0.0445914
0.0454208
0.0468865
0.0493363
0.0529887
0.0578361
0.0627332
0.0683157
0.0753505
0.0820475
0.0879779
0.0976
0.109086
0.117751
0.127816
0.136892
0.142671
0.142632
0.140738
0.142481
0.143374
0.141206
0.141528
0.143926
0.144207
0.140082
0.136437
0.132258
0.13125
0.129842
0.126675
0.122208
0.11849
0.117052
0.117477
0.118144
0.117527
0.115288
0.112374
0.106053
0.103032
0.0991991
0.0917686
0.089481
0.0823089
0.0782942
0.0746358
0.0677624
0.0651776
0.0580866
0.0514164
0.0514132
0.052285
0.0559218
0.0704497
0.162559
0.307631
0.336423
0.330183
0.314383
0.285114
0.209696
0.129204
0.0874671
0.0726793
0.0657829
0.0556045
0.0460843
0.0411958
0.0403746
0.0411064
0.0410158
0.0409899
0.0413763
0.0412416
0.0399907
0.038419
0.0384323
0.0422398
0.0576501
0.0750486
0.0882564
0.09385
0.0933699
0.0852156
0.0697313
0.0570748
0.046053
0.0375395
0.0309673
0.0268413
0.0244397
0.0235077
0.0235011
0.0239479
0.0260565
0.0318373
0.0450058
0.0728038
0.113328
0.139591
0.148053
0.148902
0.147182
0.141668
0.137614
0.135373
0.128217
0.121855
0.11996
0.121222
0.123894
0.130365
0.147631
0.163029
0.168977
0.173827
0.174432
0.162807
0.110397
0.0726167
0.0521174
0.039268
0.0358095
0.0357754
0.0343698
0.0329049
0.033134
0.0364111
0.0460076
0.0537553
0.0591524
0.0590346
0.0587787
0.0580752
0.0520316
0.0477145
0.0477892
0.0522731
0.0531896
0.0531321
0.0531752
0.0472524
0.0453324
0.0399337
0.0332845
0.0321251
0.0412009
0.0469718
0.0504476
0.0610851
0.0810515
0.0804797
0.427274
0.00894007
0.00475246
0.00516341
0.0066623
0.00889735
0.0103783
0.0108187
0.0105674
0.0101962
0.00972683
0.0105736
0.0137448
0.0249205
0.0491672
0.0596529
0.0589419
0.0508707
0.0342222
0.0284844
0.0271409
0.03042
0.0378424
0.0513599
0.0685385
0.0979602
0.123086
0.150475
0.167765
0.179196
0.186785
0.191185
0.180692
0.159699
0.128914
0.105049
0.0921837
0.0913156
0.0905507
0.0860879
0.0858871
0.0837543
0.0793427
0.076445
0.0757786
0.0758857
0.0792374
0.0841326
0.0894206
0.0977871
0.105521
0.117677
0.13007
0.142827
0.159883
0.17338
0.1873
0.194273
0.202129
0.207008
0.206454
0.202599
0.200036
0.204334
0.204671
0.20022
0.20141
0.210619
0.219073
0.218839
0.219357
0.215012
0.204789
0.202511
0.196134
0.189836
0.178673
0.168115
0.160225
0.154185
0.150386
0.142923
0.1371
0.128059
0.120622
0.114064
0.10615
0.0990195
0.0930165
0.0796686
0.0742007
0.0656356
0.0595667
0.0556908
0.0456527
0.0430242
0.03973
0.0355389
0.0360381
0.0385803
0.0422732
0.0509586
0.0768765
0.201415
0.296633
0.319227
0.316707
0.302475
0.253909
0.168444
0.113148
0.0850426
0.069731
0.0568656
0.0466541
0.0414272
0.0400744
0.039888
0.0395304
0.0395214
0.039196
0.0377982
0.0364623
0.0361393
0.0370342
0.0406
0.0547774
0.0739989
0.0878986
0.0939141
0.0934418
0.08423
0.069203
0.0563304
0.0438519
0.035328
0.0299708
0.026599
0.0254004
0.025401
0.0260609
0.0286649
0.0362061
0.0533034
0.0971952
0.132975
0.152191
0.160838
0.160372
0.15679
0.145771
0.133757
0.122865
0.115342
0.105542
0.0993027
0.0984368
0.0992512
0.102581
0.108696
0.131211
0.149438
0.163289
0.173219
0.175999
0.171127
0.135558
0.0840839
0.0560813
0.0403692
0.0358992
0.0355016
0.0343929
0.0343258
0.0362341
0.0409571
0.047808
0.0529031
0.0570487
0.0583598
0.0579617
0.0563886
0.0522031
0.0471042
0.0465637
0.0491832
0.0498811
0.0537398
0.0546779
0.0520254
0.0486952
0.0446322
0.0367979
0.0359811
0.0442234
0.0526421
0.0540663
0.0623069
0.0903459
0.0878547
0.5012
0.00809345
0.00511168
0.00529098
0.00567105
0.00671512
0.0076128
0.00772942
0.00740973
0.00737737
0.00739013
0.00807228
0.00908125
0.0123136
0.0176939
0.0326502
0.0492948
0.0783954
0.0857142
0.0821287
0.0712271
0.0700221
0.0705666
0.0872209
0.102214
0.134495
0.164774
0.21293
0.258593
0.305179
0.346072
0.370271
0.381371
0.37137
0.330724
0.26637
0.186386
0.142418
0.134124
0.134967
0.14004
0.14377
0.147698
0.154871
0.163567
0.174228
0.184091
0.197916
0.209276
0.222323
0.234719
0.243642
0.260056
0.272455
0.286284
0.299982
0.309863
0.320154
0.330474
0.332539
0.337913
0.33873
0.331024
0.327477
0.324769
0.323667
0.320672
0.313097
0.31219
0.309667
0.301308
0.291005
0.278291
0.263082
0.244647
0.227053
0.21022
0.195679
0.184016
0.171421
0.161678
0.148062
0.13869
0.126745
0.116387
0.10394
0.0910844
0.0788011
0.0641552
0.0496845
0.0408937
0.0311731
0.023795
0.0215668
0.0180285
0.0170534
0.0174968
0.0182204
0.0195838
0.0238451
0.0276548
0.0333354
0.0469646
0.0956926
0.223384
0.289975
0.31177
0.310137
0.289845
0.214574
0.145709
0.107489
0.0801249
0.0611183
0.0486888
0.0425275
0.0401366
0.0386016
0.0382218
0.0378201
0.0360626
0.0345881
0.0345194
0.0348963
0.0365663
0.040431
0.0538637
0.0746341
0.0893931
0.0944044
0.0943597
0.0834172
0.0680115
0.0549388
0.0429545
0.0351547
0.0298461
0.0283484
0.0283341
0.0288012
0.0310223
0.0385685
0.0581711
0.105591
0.143741
0.156845
0.161828
0.16149
0.157583
0.144068
0.125163
0.109225
0.0993028
0.0920928
0.0862996
0.0807837
0.0800175
0.0807576
0.0849118
0.0905279
0.102573
0.137506
0.151388
0.167275
0.172578
0.168255
0.144206
0.095504
0.0606216
0.0441595
0.0371972
0.0344559
0.0337298
0.0340357
0.0356313
0.0393547
0.0476258
0.0541237
0.0585331
0.0590281
0.0590007
0.0578593
0.0566054
0.0534446
0.0512192
0.0511235
0.051652
0.0565737
0.0569041
0.056201
0.0491172
0.0476375
0.0438674
0.0442459
0.0485004
0.0601104
0.0588248
0.0648963
0.0898802
0.12222
0.664697
0.0246532
0.0167863
0.0172355
0.0146752
0.0146105
0.0141683
0.0142998
0.014349
0.0154629
0.0169021
0.0213191
0.0243684
0.0334969
0.0378773
0.0492823
0.0581489
0.0836943
0.0984066
0.12318
0.129561
0.151152
0.161383
0.180906
0.197369
0.218908
0.251336
0.291277
0.34148
0.386857
0.423306
0.446315
0.472567
0.496527
0.509164
0.506078
0.458991
0.350827
0.226291
0.17724
0.172679
0.19656
0.216377
0.23418
0.242604
0.25016
0.25771
0.263655
0.274682
0.277383
0.283119
0.288821
0.293345
0.299252
0.304267
0.312575
0.317325
0.320703
0.325838
0.328896
0.331784
0.339819
0.339942
0.337951
0.337806
0.336383
0.336785
0.336362
0.329408
0.325297
0.316412
0.298864
0.288143
0.268699
0.247153
0.22547
0.208382
0.191988
0.179481
0.163659
0.150831
0.132464
0.115114
0.0981941
0.0780683
0.0616417
0.0453626
0.031823
0.0235454
0.0172055
0.0135092
0.0116198
0.00980151
0.00937873
0.00928927
0.00938318
0.0102891
0.0118487
0.0132374
0.017981
0.0225259
0.0254167
0.0320153
0.0516198
0.114401
0.228802
0.292186
0.309496
0.304592
0.273489
0.186617
0.136154
0.0993543
0.0709426
0.0534151
0.0451309
0.0411188
0.0385592
0.037022
0.0353535
0.033807
0.0333563
0.0334883
0.0344689
0.0372737
0.0418527
0.0559908
0.0788731
0.0931891
0.0988018
0.0968086
0.0829886
0.0679692
0.0538141
0.0424572
0.0352242
0.0320021
0.0312094
0.0311853
0.0324791
0.0383691
0.056821
0.105165
0.145449
0.161363
0.161619
0.158547
0.150549
0.131032
0.111899
0.0999207
0.0900322
0.0854405
0.078985
0.0735704
0.0708664
0.0706117
0.0708452
0.0724933
0.077595
0.0858104
0.113367
0.141098
0.159048
0.166796
0.166332
0.154674
0.110793
0.0681852
0.0459221
0.037102
0.0333095
0.0326817
0.0337018
0.0357833
0.0382238
0.0456919
0.0531087
0.0628299
0.0632899
0.0634294
0.0658528
0.0657482
0.0693705
0.0654477
0.0658821
0.0702221
0.0652642
0.0657362
0.0635567
0.059608
0.0492696
0.0445513
0.0441164
0.0472563
0.0630355
0.0675794
0.0705796
0.0892054
0.129439
0.766844
0.308203
0.244496
0.223035
0.179634
0.166319
0.145953
0.139909
0.136752
0.139867
0.144689
0.155078
0.160081
0.170637
0.174868
0.183579
0.187295
0.194918
0.201606
0.211114
0.227716
0.237478
0.259017
0.271012
0.29921
0.315594
0.350094
0.375318
0.413554
0.431769
0.452144
0.467098
0.484781
0.509473
0.535395
0.557757
0.572163
0.574844
0.528022
0.385404
0.259204
0.219965
0.220383
0.236476
0.260108
0.27636
0.292119
0.298806
0.301873
0.303936
0.304239
0.303754
0.303733
0.307687
0.309038
0.309486
0.306329
0.301905
0.297607
0.290722
0.286317
0.287705
0.292643
0.292075
0.298315
0.302275
0.299304
0.298942
0.295094
0.283439
0.274338
0.251915
0.225684
0.195298
0.17762
0.157064
0.142232
0.127108
0.112748
0.0965506
0.0781177
0.0627933
0.0465931
0.03504
0.0258784
0.0195586
0.0151093
0.0113814
0.00942738
0.00784977
0.00667704
0.00638699
0.00601655
0.0060598
0.00670275
0.00728011
0.00819133
0.0103038
0.0117295
0.0159146
0.0216698
0.023081
0.0252977
0.0323516
0.055434
0.118401
0.23749
0.297163
0.307583
0.297682
0.258918
0.176554
0.124591
0.0855608
0.0620583
0.0504207
0.0438832
0.0396589
0.036611
0.0345457
0.0340465
0.0341639
0.0349653
0.036669
0.0390836
0.0432526
0.0583186
0.0813684
0.0955306
0.101076
0.0975295
0.0811643
0.06522
0.052199
0.0423006
0.0364858
0.0340822
0.033761
0.0345243
0.0389034
0.0541924
0.10064
0.14852
0.166309
0.16569
0.159436
0.142499
0.126496
0.111779
0.100141
0.0910745
0.0840426
0.0782309
0.0748318
0.0696766
0.0662099
0.0658291
0.0668334
0.0674758
0.0698123
0.0752693
0.089902
0.13003
0.153897
0.163937
0.16672
0.16124
0.118366
0.0705365
0.0463471
0.0363381
0.0332671
0.0327916
0.0335516
0.0356968
0.0384168
0.0467512
0.052459
0.0595839
0.0631474
0.066503
0.0687103
0.0735224
0.078184
0.0758627
0.0788369
0.0778429
0.0787609
0.0768098
0.0691055
0.0643127
0.0552766
0.0467258
0.0467142
0.047447
0.0580064
0.0719435
0.077402
0.0896369
0.159856
0.97084
6.85983
2.75012
1.27196
0.751045
1.10008
1.14198
1.36774
1.35462
1.70119
1.49225
1.94246
1.71736
1.32108
1.13954
1.10938
1.61048
1.51394
2.52019
2.57056
1.9484
3.36706
4.39241
2.65481
2.5844
2.2231
1.89537
1.79535
1.56188
1.71795
1.52199
1.7483
1.52019
1.48317
1.40041
1.33576
1.91193
1.66608
2.08678
2.24744
1.85854
1.10309
4.35012
3.3048
3.36099
2.68307
2.09693
1.93148
1.51858
1.52022
1.21652
1.28603
1.19774
1.29445
1.26463
1.08057
1.3152
1.18059
1.02373
1.09749
1.30246
0.408729
3.03606
2.63205
2.63265
2.047
1.55388
1.54638
1.40629
1.43531
1.06021
0.966842
0.895695
0.992312
1.04781
0.885673
0.90224
0.89949
0.681133
0.565437
0.753153
0.231287
1.37765
1.32143
1.23899
0.873634
0.62583
0.658248
0.754481
1.04138
0.929247
0.737351
0.647198
0.701515
0.857688
0.797397
0.683463
0.720473
0.652698
0.456811
0.513878
0.184843
0.574494
0.55365
0.490102
0.364718
0.243315
0.23481
0.256466
0.431591
0.535763
0.485977
0.463752
0.48927
0.65306
0.671425
0.544914
0.529489
0.551865
0.498688
0.470077
0.151021
0.272732
0.261201
0.225609
0.200702
0.146936
0.130918
0.133861
0.162469
0.278377
0.289918
0.334075
0.373686
0.448454
0.494563
0.428145
0.397668
0.410849
0.468404
0.465821
0.130011
0.161861
0.155494
0.138429
0.133538
0.115687
0.10394
0.107152
0.114775
0.182138
0.201619
0.271425
0.318643
0.311134
0.314789
0.266091
0.282013
0.289234
0.310724
0.389372
0.121095
0.120729
0.114856
0.104317
0.0999084
0.0996629
0.0927595
0.100287
0.103971
0.137244
0.140986
0.170578
0.231663
0.21857
0.215305
0.181602
0.197709
0.207699
0.21374
0.261303
0.118821
0.100932
0.0924906
0.0805956
0.0776846
0.0828815
0.0817942
0.102989
0.105122
0.110756
0.113401
0.124272
0.164971
0.159359
0.161594
0.15302
0.164772
0.172092
0.173734
0.193424
0.107272
0.0950131
0.0801442
0.0662991
0.0622779
0.0634768
0.0686339
0.124557
0.127202
0.11081
0.11066
0.111438
0.130732
0.133613
0.139271
0.143808
0.161139
0.162005
0.159714
0.163905
0.0966516
0.095303
0.0791125
0.0628388
0.0575577
0.0585356
0.0701495
0.142745
0.145064
0.119563
0.121
0.115744
0.115546
0.122248
0.128395
0.158897
0.182751
0.1798
0.179898
0.170033
0.0827236
0.0894969
0.0810904
0.0634946
0.0582967
0.0610174
0.0989644
0.154229
0.173177
0.140788
0.156082
0.145158
0.120507
0.137088
0.140236
0.204159
0.249363
0.243654
0.249238
0.221636
0.0669459
0.085495
0.0823248
0.0729686
0.0687948
0.0754705
0.152031
0.249175
0.287941
0.210277
0.271642
0.238018
0.14847
0.186593
0.195093
0.340579
0.42773
0.411296
0.414336
0.354032
0.0515162
0.0790361
0.0884621
0.0935054
0.0934948
0.114445
0.312256
0.541401
0.512347
0.35546
0.550358
0.443558
0.238978
0.296474
0.334459
0.682151
0.81921
0.759574
0.730298
0.59727
0.0448671
0.0533145
0.0776518
0.088791
0.12114
0.26235
0.826609
0.944734
0.725192
0.635176
0.945324
0.702529
0.438165
0.494228
0.664637
1.44674
1.52055
1.3189
1.23685
1.00858
0.0514602
0.0538776
0.0692765
0.132323
0.367561
1.19874
1.67974
1.55714
1.14914
1.25173
1.39029
0.9041
0.735425
0.929465
1.77176
2.45077
2.20162
1.95298
1.86184
1.53417
0.134709
0.278511
0.558062
1.09202
2.42775
3.26087
3.02439
2.53975
2.13043
2.2405
2.09687
1.46964
1.57312
2.30874
3.19677
2.97086
2.57756
2.54683
2.37817
2.07652
1.43515
2.78552
4.30657
5.58277
5.716
5.27246
3.73701
3.43191
3.03811
3.12558
2.89958
3.07634
3.85075
3.79881
3.80487
2.88559
2.94135
2.86356
2.65097
2.97963
6.70402
7.80372
8.09534
7.7206
6.48841
4.96118
3.3761
3.04863
2.72544
2.95476
2.758
3.57807
4.53357
3.92639
3.22539
2.14381
2.36247
2.25449
2.42666
3.19042
)
;

boundaryField
{
    inlet
    {
        type            fixedValue;
        value           uniform 2e-05;
    }
    outlet
    {
        type            inletOutlet;
        inletValue      uniform 0;
        value           nonuniform List<scalar> 
20
(
1.9484
1.85854
1.30246
0.753153
0.513878
0.470077
0.465821
0.389372
0.261303
0.193424
0.163905
0.170033
0.221636
0.354032
0.59727
1.00858
1.53417
2.07652
2.97963
3.19042
)
;
    }
    walls
    {
        type            fixedValue;
        value           uniform 0;
    }
    frontAndBack
    {
        type            empty;
    }
}


// ************************************************************************* //
