/*--------------------------------*- C++ -*----------------------------------*\
| =========                 |                                                 |
| \\      /  F ield         | OpenFOAM: The Open Source CFD Toolbox           |
|  \\    /   O peration     | Version:  2.4.0                                 |
|   \\  /    A nd           | Web:      www.OpenFOAM.org                      |
|    \\/     M anipulation  |                                                 |
\*---------------------------------------------------------------------------*/
FoamFile
{
    version     2.0;
    format      ascii;
    class       volScalarField;
    location    "0.02";
    object      k;
}
// * * * * * * * * * * * * * * * * * * * * * * * * * * * * * * * * * * * * * //

dimensions      [0 2 -2 0 0 0 0];

internalField   nonuniform List<scalar> 
8800
(
8.103
10.2866
8.75127
6.87663
5.65038
5.05877
4.40381
4.21589
3.83167
3.65784
3.59188
3.38518
3.40405
3.29207
3.33314
3.2893
3.32291
3.31214
3.37682
3.10044
1.39436
4.37636
5.2909
5.29239
5.07525
4.91207
4.48821
4.34956
4.09521
3.82473
3.79851
3.58528
3.55309
3.49477
3.45535
3.42586
3.44899
3.43793
3.4208
3.47342
0.083921
0.743999
1.55843
1.95056
2.19769
2.50688
2.57439
2.6182
2.62653
2.57646
2.58112
2.53561
2.49415
2.45701
2.39106
2.37917
2.37335
2.34092
2.34528
2.3359
0.00331969
0.0710169
0.270164
0.420361
0.545628
0.689872
0.877759
0.938609
1.02773
1.10834
1.13814
1.21404
1.23867
1.23737
1.21738
1.22223
1.2139
1.1726
1.16865
1.15503
0.000121045
0.00507216
0.0287189
0.0559166
0.0771298
0.102001
0.181818
0.212075
0.256476
0.299956
0.31086
0.35462
0.388043
0.388407
0.385938
0.389811
0.384649
0.359348
0.350011
0.336234
2.57606e-05
0.000326375
0.00225148
0.00495793
0.00646329
0.00872972
0.0208743
0.0272045
0.0401716
0.0506397
0.052456
0.0640266
0.0739383
0.0730774
0.072123
0.0718238
0.069329
0.0615899
0.0540251
0.0477199
2.19124e-05
4.54039e-05
0.000192688
0.000388399
0.000453723
0.000546352
0.00153995
0.00216359
0.00364596
0.00532819
0.00534488
0.00668738
0.00786176
0.00749009
0.00728944
0.00715569
0.00670168
0.00548958
0.00409131
0.00295648
2.10651e-05
2.93285e-05
6.14347e-05
8.70885e-05
9.045e-05
8.97227e-05
0.000145855
0.000189839
0.000291686
0.000445732
0.000420889
0.000504814
0.000555505
0.000503987
0.000481456
0.000468161
0.000437663
0.000358665
0.000266864
0.000209698
2.06638e-05
2.76323e-05
4.90636e-05
6.64672e-05
6.59572e-05
6.25944e-05
6.84075e-05
7.72334e-05
8.90823e-05
0.000102889
9.96362e-05
0.000101047
0.000101659
9.68552e-05
9.48932e-05
9.70174e-05
9.85655e-05
9.79639e-05
9.62519e-05
9.68401e-05
2.05787e-05
2.66102e-05
4.72272e-05
6.09451e-05
6.02646e-05
5.75453e-05
6.08225e-05
6.79813e-05
7.50651e-05
7.89142e-05
7.89297e-05
7.774e-05
7.34473e-05
7.04077e-05
6.96686e-05
7.09528e-05
7.71217e-05
8.14066e-05
8.29025e-05
8.92046e-05
2.05678e-05
2.68652e-05
4.65085e-05
6.11276e-05
6.01193e-05
5.72368e-05
6.15451e-05
6.75885e-05
7.53302e-05
7.85116e-05
7.86174e-05
7.78236e-05
7.28089e-05
7.0062e-05
6.96847e-05
7.06611e-05
7.64857e-05
8.12137e-05
8.269e-05
8.6293e-05
2.07919e-05
2.73587e-05
4.89276e-05
6.65053e-05
6.55047e-05
6.29034e-05
6.81313e-05
7.44885e-05
9.3958e-05
9.63614e-05
0.000100301
0.000102345
9.66712e-05
9.97425e-05
9.89828e-05
9.7676e-05
0.000102648
0.000107827
0.000107814
0.000109676
2.11655e-05
2.95237e-05
5.78436e-05
9.0659e-05
8.96213e-05
9.15528e-05
0.000131169
0.000177258
0.000345302
0.000362909
0.000440169
0.000545329
0.000506369
0.000587741
0.00057258
0.000497594
0.000551331
0.000580261
0.000543524
0.000530084
2.20151e-05
4.51557e-05
0.000175107
0.000419523
0.000446185
0.000576126
0.00137302
0.00205752
0.00410498
0.00445018
0.00544566
0.00746597
0.0075182
0.00850964
0.0084421
0.00761524
0.00803444
0.00823103
0.0076119
0.00750437
2.54001e-05
0.000324694
0.00208444
0.00525243
0.00634061
0.00909705
0.0199979
0.026675
0.0423102
0.0456442
0.0537645
0.0687852
0.0712495
0.0795811
0.0796029
0.0756959
0.0778084
0.079672
0.0776052
0.0795243
0.000119584
0.0051003
0.0273538
0.0585183
0.0745939
0.106033
0.180209
0.207591
0.266198
0.281985
0.319177
0.369622
0.3793
0.408066
0.408886
0.404253
0.410635
0.42504
0.427196
0.447904
0.00331544
0.0712282
0.267275
0.428636
0.531336
0.708133
0.870121
0.930679
1.04775
1.08155
1.1662
1.22602
1.23415
1.26023
1.25294
1.24577
1.2546
1.28296
1.29052
1.33813
0.0840336
0.742518
1.56878
1.93482
2.22154
2.49032
2.57781
2.62465
2.62156
2.59072
2.58293
2.53677
2.50352
2.45571
2.42187
2.39034
2.40435
2.41172
2.41835
2.45339
1.39826
4.37004
5.30412
5.27989
5.12038
4.85279
4.52358
4.34963
4.05083
3.89193
3.73892
3.58695
3.55537
3.44413
3.43513
3.39202
3.39419
3.32519
3.3242
3.25024
8.11559
10.2778
8.77336
6.83566
5.70698
4.98692
4.46707
4.17497
3.82379
3.68502
3.51486
3.40284
3.35682
3.2316
3.23235
3.16042
3.1564
2.99112
2.95555
2.65792
2.18284
1.71401
1.38676
1.13321
0.959923
0.778923
0.585734
0.520662
0.471278
0.362285
0.315688
0.309785
0.293972
0.277724
0.279114
0.326974
0.4141
0.421396
0.40688
0.381335
0.349451
0.280044
0.198378
0.131515
0.0686683
0.0331219
0.0222731
0.0216191
0.0208146
0.0189611
0.0167588
0.0148043
0.0142317
0.0158393
0.0195664
0.0208295
0.0201277
0.0179826
0.0163598
0.0158163
0.0149831
0.0114755
0.007561
0.00466475
0.00271695
0.00151558
0.000822786
0.000444154
0.000243322
0.000137116
7.9944e-05
4.8132e-05
2.97344e-05
1.87312e-05
1.19712e-05
7.73301e-06
5.03575e-06
3.29999e-06
2.17345e-06
1.43741e-06
9.53886e-07
6.3483e-07
4.23511e-07
2.83109e-07
1.89578e-07
1.27133e-07
8.5362e-08
5.73765e-08
3.86011e-08
2.59902e-08
1.75115e-08
1.1806e-08
7.96378e-09
5.3747e-09
3.62902e-09
2.4514e-09
1.65661e-09
1.11997e-09
7.57473e-10
5.12518e-10
3.46927e-10
2.34943e-10
1.59183e-10
1.07909e-10
7.3193e-11
4.96773e-11
3.37407e-11
2.29349e-11
1.5604e-11
1.06273e-11
7.24656e-12
4.94812e-12
3.38415e-12
2.31889e-12
1.5925e-12
1.09654e-12
7.57399e-13
5.25085e-13
3.65617e-13
2.55894e-13
1.80198e-13
1.27807e-13
9.1409e-14
6.60289e-14
4.82559e-14
3.57247e-14
2.68569e-14
2.05677e-14
1.604e-14
1.27806e-14
1.04754e-14
8.7744e-15
7.54728e-15
6.76047e-15
6.17045e-15
5.80455e-15
5.76731e-15
5.82708e-15
6.01136e-15
6.49333e-15
7.03877e-15
8.21633e-15
9.27384e-15
1.15433e-14
1.35322e-14
1.77963e-14
2.15434e-14
2.95902e-14
3.67861e-14
5.22903e-14
6.6441e-14
9.63229e-14
1.28258e-13
1.71853e-13
2.66337e-13
3.45947e-13
5.15894e-13
6.88346e-13
1.06932e-12
1.42611e-12
2.18109e-12
2.99913e-12
4.28599e-12
6.80308e-12
9.12295e-12
1.40404e-11
1.95542e-11
3.06638e-11
4.4972e-11
6.22385e-11
1.08459e-10
1.45867e-10
2.44865e-10
3.48762e-10
5.23017e-10
9.46259e-10
1.27352e-09
2.04808e-09
4.04585e-09
4.92057e-09
2.54929e-08
3.71097e-08
2.37673e-07
5.62225e-07
1.99646e-06
4.8689e-06
1.45548e-05
2.42984e-05
7.11619e-05
9.74035e-05
0.000201186
0.000223357
0.000328181
0.000341567
0.000451253
0.000456695
0.000537864
0.00055982
0.00066643
0.000660608
0.000843091
0.000835332
0.00102702
0.00103585
0.00114168
0.00160204
0.00153456
0.00162955
0.00154927
0.00188388
0.00172204
0.00219017
0.00229739
0.00282331
0.00311057
0.00419989
0.00752375
0.0140135
0.068502
0.95869
2.97344
2.44074
2.05189
1.798
1.62143
1.49449
1.30311
1.15533
1.10588
1.00259
0.828677
0.753016
0.669204
0.613516
0.588693
0.564194
0.53032
0.456294
0.392932
0.346635
0.238859
0.127296
0.0767715
0.0473726
0.0266138
0.0165715
0.0124725
0.011374
0.0127842
0.0170857
0.018235
0.0170855
0.0146915
0.0130965
0.0128635
0.0151213
0.0172288
0.0172768
0.0154358
0.013116
0.011883
0.0101003
0.00738789
0.00480686
0.00290091
0.00167054
0.000936139
0.000518124
0.00028638
0.000159934
9.11168e-05
5.32977e-05
3.21025e-05
1.98598e-05
1.25473e-05
8.04704e-06
5.21559e-06
3.40613e-06
2.23709e-06
1.47583e-06
9.77135e-07
6.48904e-07
4.32027e-07
2.88259e-07
1.92691e-07
1.29013e-07
8.64977e-08
5.8062e-08
3.90148e-08
2.62398e-08
1.76619e-08
1.18967e-08
8.01843e-09
5.40762e-09
3.64884e-09
2.46333e-09
1.66378e-09
1.12428e-09
7.6006e-10
5.14071e-10
3.47857e-10
2.35499e-10
1.59514e-10
1.08104e-10
7.3307e-11
4.97428e-11
3.37779e-11
2.29557e-11
1.56152e-11
1.06331e-11
7.24928e-12
4.94925e-12
3.38449e-12
2.31888e-12
1.59236e-12
1.09634e-12
7.57174e-13
5.2485e-13
3.65379e-13
2.55662e-13
1.79972e-13
1.27591e-13
9.12074e-14
6.58441e-14
4.80885e-14
3.55753e-14
2.67246e-14
2.04525e-14
1.5941e-14
1.26941e-14
1.0401e-14
8.71152e-15
7.49153e-15
6.71064e-15
6.12651e-15
5.76371e-15
5.727e-15
5.78653e-15
5.96985e-15
6.44918e-15
6.99125e-15
8.16234e-15
9.2138e-15
1.14721e-14
1.34501e-14
1.76953e-14
2.14248e-14
2.94451e-14
3.66072e-14
5.20615e-14
6.61161e-14
9.65286e-14
1.24639e-13
1.85514e-13
2.42716e-13
3.66542e-13
4.84371e-13
7.35789e-13
1.00547e-12
1.40114e-12
2.2305e-12
2.95137e-12
4.52423e-12
6.16318e-12
9.7975e-12
1.32581e-11
2.02263e-11
2.92324e-11
4.75529e-11
6.1897e-11
1.12847e-10
1.47307e-10
2.85317e-10
3.59624e-10
7.08507e-10
1.1327e-09
1.52046e-09
6.53774e-09
5.3681e-09
5.76388e-08
7.38489e-08
5.12156e-07
1.79714e-06
7.55101e-06
2.45432e-05
7.3672e-05
0.000151329
0.000378481
0.000451381
0.000783837
0.000907295
0.00135458
0.00152226
0.00214824
0.00214779
0.00235615
0.00230957
0.00254109
0.00231312
0.0022801
0.00203512
0.00199085
0.00154916
0.00155297
0.00144948
0.00158652
0.00158004
0.00166599
0.00186059
0.00198767
0.00201738
0.00206671
0.00238755
0.00292537
0.00419137
0.0052757
0.00900166
0.014178
0.0774472
0.448094
2.11056
1.88882
1.58987
1.38574
1.32896
1.30509
1.21479
1.04597
0.949908
0.930783
0.906976
0.833642
0.769121
0.744345
0.692212
0.630815
0.523853
0.347721
0.213016
0.125602
0.0714137
0.0425945
0.0288025
0.0187265
0.0127167
0.0113853
0.0103638
0.0088742
0.0083067
0.00933425
0.0152138
0.0169584
0.0155862
0.0132473
0.0119487
0.0118
0.0136851
0.015117
0.0149845
0.0128146
0.00982909
0.00744225
0.00549189
0.00385686
0.0025319
0.00156172
0.000918539
0.00052393
0.000295169
0.00016707
9.61361e-05
5.6586e-05
3.40783e-05
2.09524e-05
1.31237e-05
8.35286e-06
5.38261e-06
3.50039e-06
2.29174e-06
1.5081e-06
9.96402e-07
6.60473e-07
4.38994e-07
2.9246e-07
1.95226e-07
1.30543e-07
8.74213e-08
5.86196e-08
3.93515e-08
2.64431e-08
1.77847e-08
1.19708e-08
8.06317e-09
5.43463e-09
3.66515e-09
2.47317e-09
1.66972e-09
1.12785e-09
7.62214e-10
5.15365e-10
3.48633e-10
2.35963e-10
1.5979e-10
1.08269e-10
7.34043e-11
4.97999e-11
3.38106e-11
2.29738e-11
1.56248e-11
1.06377e-11
7.25118e-12
4.9496e-12
3.38398e-12
2.31794e-12
1.59122e-12
1.09517e-12
7.56066e-13
5.23852e-13
3.64518e-13
2.54933e-13
1.79366e-13
1.27095e-13
9.08021e-14
6.55121e-14
4.78147e-14
3.5348e-14
2.65338e-14
2.02882e-14
1.57962e-14
1.25658e-14
1.02835e-14
8.60088e-15
7.38763e-15
6.61027e-15
6.02767e-15
5.66637e-15
5.62963e-15
5.68889e-15
5.90072e-15
6.25647e-15
7.04745e-15
7.8057e-15
9.43909e-15
1.08782e-14
1.39612e-14
1.66624e-14
2.24573e-14
2.75934e-14
3.86405e-14
4.86177e-14
7.01467e-14
8.99276e-14
1.32702e-13
1.72596e-13
2.59008e-13
3.4063e-13
5.1765e-13
6.86687e-13
1.05405e-12
1.40731e-12
2.17908e-12
2.92463e-12
4.56115e-12
6.15322e-12
9.72621e-12
1.31405e-11
2.12889e-11
2.84987e-11
4.88907e-11
6.28719e-11
1.23439e-10
1.43555e-10
3.77501e-10
3.62866e-10
1.55561e-09
1.27827e-09
1.0252e-08
1.23415e-08
6.51151e-08
2.10521e-07
6.56731e-07
2.39831e-06
6.10018e-06
1.47338e-05
3.23302e-05
3.95611e-05
6.88469e-05
8.6392e-05
0.000137474
0.000196645
0.000419657
0.000511463
0.000853386
0.000968525
0.00127499
0.00146468
0.00191558
0.00202063
0.00248385
0.00266716
0.00352803
0.00341628
0.00416252
0.00402564
0.00530476
0.00402265
0.00430664
0.00326324
0.00329584
0.00296911
0.00261395
0.00286035
0.00287629
0.00317185
0.00449332
0.00617163
0.0201243
0.0184027
0.0633911
0.218092
1.06931
1.0027
0.882956
0.721907
0.637773
0.621736
0.629463
0.621358
0.518542
0.453848
0.43368
0.375879
0.317725
0.295526
0.267902
0.243388
0.176625
0.100437
0.0529738
0.0278414
0.0189492
0.015297
0.00971338
0.00658086
0.00682857
0.00930404
0.0096692
0.00839871
0.0078539
0.00803781
0.00916149
0.0120607
0.0136788
0.0135481
0.0123317
0.011668
0.0119863
0.013655
0.0139014
0.0128388
0.00964845
0.0069191
0.00477627
0.00316658
0.0020207
0.00125045
0.000757624
0.000452937
0.000268772
0.000159056
9.45108e-05
5.67513e-05
3.4594e-05
2.14394e-05
1.34888e-05
8.5935e-06
5.53122e-06
3.5897e-06
2.34499e-06
1.53986e-06
1.01541e-06
6.71887e-07
4.45864e-07
2.96601e-07
1.97724e-07
1.3205e-07
8.83305e-08
5.91681e-08
3.96824e-08
2.66427e-08
1.79051e-08
1.20434e-08
8.10694e-09
5.46101e-09
3.68104e-09
2.48274e-09
1.67548e-09
1.13131e-09
7.64291e-10
5.16608e-10
3.49375e-10
2.36404e-10
1.6005e-10
1.0842e-10
7.34902e-11
4.98471e-11
3.38352e-11
2.29855e-11
1.56291e-11
1.06381e-11
7.2496e-12
4.94723e-12
3.38148e-12
2.31559e-12
1.58914e-12
1.0934e-12
7.54576e-13
5.22608e-13
3.63476e-13
2.54055e-13
1.78622e-13
1.26462e-13
9.0261e-14
6.50447e-14
4.74094e-14
3.49949e-14
2.6224e-14
2.00151e-14
1.55544e-14
1.23499e-14
1.00889e-14
8.42447e-15
7.22694e-15
6.46103e-15
5.887e-15
5.53417e-15
5.49984e-15
5.55917e-15
5.77074e-15
6.12335e-15
6.90783e-15
7.66241e-15
9.18739e-15
1.10157e-14
1.2937e-14
1.74283e-14
2.11131e-14
2.87443e-14
3.57853e-14
5.12438e-14
6.51812e-14
9.51016e-14
1.22959e-13
1.83363e-13
2.39902e-13
3.62258e-13
4.79645e-13
7.09482e-13
1.04007e-12
1.37009e-12
2.16132e-12
2.92674e-12
4.52851e-12
6.07374e-12
9.65991e-12
1.30528e-11
2.12631e-11
2.81525e-11
4.92891e-11
6.23982e-11
1.27873e-10
1.46035e-10
4.0934e-10
4.04854e-10
1.86479e-09
1.62789e-09
1.37625e-08
1.22088e-08
1.19992e-07
1.5876e-07
6.47427e-07
1.78033e-06
4.20046e-06
9.68161e-06
2.77039e-05
2.90577e-05
5.3499e-05
5.29685e-05
5.87023e-05
6.22393e-05
0.000101922
0.000130205
0.000208935
0.000235264
0.000355857
0.00051506
0.000683647
0.000815076
0.00123524
0.00148607
0.0018466
0.00206563
0.0031773
0.00324738
0.00394682
0.00438841
0.00668177
0.00823522
0.00714841
0.00644332
0.00439692
0.00384736
0.00718264
0.00565347
0.0271814
0.0159362
0.0787792
0.0504204
0.0588319
0.129301
0.309148
0.295529
0.264719
0.198046
0.162973
0.158091
0.171132
0.173463
0.142311
0.113733
0.105147
0.0859502
0.0613236
0.0516285
0.048767
0.0462018
0.0361707
0.02419
0.0139838
0.00656245
0.00499203
0.00519439
0.00450851
0.00390829
0.0048789
0.00739148
0.00731772
0.00696436
0.00773677
0.00940631
0.00934254
0.00891195
0.0090204
0.0115468
0.0131072
0.0128974
0.0115466
0.0110948
0.0114178
0.0115542
0.0104071
0.00765957
0.00512659
0.0032733
0.0020322
0.00122797
0.000728438
0.000428796
0.000252827
0.000150336
9.05139e-05
5.52659e-05
3.42196e-05
2.14666e-05
1.36195e-05
8.7224e-06
5.62968e-06
3.65711e-06
2.38858e-06
1.56719e-06
1.03226e-06
6.82187e-07
4.52131e-07
3.00406e-07
2.00031e-07
1.33448e-07
8.91768e-08
5.96804e-08
3.99923e-08
2.68301e-08
1.80184e-08
1.21118e-08
8.14829e-09
5.48597e-09
3.69609e-09
2.49181e-09
1.68093e-09
1.13459e-09
7.66251e-10
5.17777e-10
3.50068e-10
2.36811e-10
1.60287e-10
1.08555e-10
7.35656e-11
4.98879e-11
3.38562e-11
2.2995e-11
1.56324e-11
1.06381e-11
7.248e-12
4.94494e-12
3.37895e-12
2.31308e-12
1.58679e-12
1.09126e-12
7.52675e-13
5.20943e-13
3.62034e-13
2.52818e-13
1.77568e-13
1.25567e-13
8.94996e-14
6.44013e-14
4.68658e-14
3.45316e-14
2.58261e-14
1.96717e-14
1.52557e-14
1.20877e-14
9.85479e-15
8.21207e-15
7.0319e-15
6.27758e-15
5.71184e-15
5.36498e-15
5.3316e-15
5.39022e-15
5.59922e-15
5.94643e-15
6.71604e-15
7.46464e-15
8.89316e-15
1.0916e-14
1.27349e-14
1.69912e-14
2.07803e-14
2.85619e-14
3.54285e-14
5.05895e-14
6.45668e-14
9.42542e-14
1.23575e-13
1.70346e-13
2.59719e-13
3.36379e-13
5.03781e-13
6.74091e-13
1.04598e-12
1.38892e-12
2.13584e-12
2.87333e-12
4.50165e-12
6.05457e-12
9.57652e-12
1.28598e-11
2.12039e-11
2.77254e-11
5.06504e-11
6.09935e-11
1.44136e-10
1.47398e-10
5.65814e-10
4.96685e-10
3.89268e-09
3.64827e-09
3.85525e-08
5.41083e-08
3.09564e-07
6.82988e-07
3.96498e-06
5.57206e-06
5.08075e-05
4.14855e-05
0.000401658
0.000273882
0.000941105
0.00108345
0.000812768
0.00239754
0.00198624
0.00222709
0.00235827
0.00277514
0.00229476
0.00385601
0.00304893
0.00368304
0.00335971
0.00457569
0.00384808
0.00468687
0.00462204
0.00529189
0.00591309
0.00575267
0.00840625
0.00942219
0.0153193
0.0143602
0.0267776
0.0207334
0.046885
0.0264671
0.0532577
0.0326174
0.0523738
0.055123
0.0582989
0.0877366
0.04139
0.03937
0.0311096
0.0225983
0.0194567
0.018779
0.0201655
0.0200552
0.0156182
0.0115347
0.0100083
0.00809218
0.00635134
0.00520459
0.00532395
0.00536998
0.00519704
0.00442628
0.00367698
0.00273505
0.00208342
0.00212245
0.00309279
0.0035415
0.00502851
0.00564953
0.00511579
0.00514814
0.0069275
0.0102625
0.0102934
0.00907805
0.0087232
0.00943305
0.0124887
0.0130553
0.0118942
0.0100453
0.00943406
0.00952639
0.00996904
0.00971943
0.00771698
0.00514896
0.00315806
0.00182732
0.00101717
0.000554933
0.000302572
0.000167996
9.62059e-05
5.6988e-05
3.47745e-05
2.1705e-05
1.3764e-05
8.82567e-06
5.70449e-06
3.7094e-06
2.42371e-06
1.59004e-06
1.04678e-06
6.91263e-07
4.57742e-07
3.0385e-07
2.02135e-07
1.3473e-07
8.99566e-08
6.0154e-08
4.02796e-08
2.70043e-08
1.81239e-08
1.21758e-08
8.18697e-09
5.50935e-09
3.71021e-09
2.50032e-09
1.68605e-09
1.13766e-09
7.68087e-10
5.18869e-10
3.50712e-10
2.37188e-10
1.60505e-10
1.08679e-10
7.3635e-11
4.99249e-11
3.38741e-11
2.30021e-11
1.56335e-11
1.06361e-11
7.24454e-12
4.94093e-12
3.37493e-12
2.30933e-12
1.58343e-12
1.08833e-12
7.50168e-13
5.18818e-13
3.60249e-13
2.51323e-13
1.76319e-13
1.24523e-13
8.86231e-14
6.3664e-14
4.62414e-14
3.39983e-14
2.53672e-14
1.92726e-14
1.49051e-14
1.17769e-14
9.57468e-15
7.95717e-15
6.79736e-15
6.0578e-15
5.50239e-15
5.16524e-15
5.13418e-15
5.19248e-15
5.39922e-15
5.74529e-15
6.4202e-15
7.46257e-15
8.41783e-15
1.06284e-14
1.25901e-14
1.66512e-14
2.02297e-14
2.80647e-14
3.50603e-14
5.00539e-14
6.37539e-14
9.35078e-14
1.20958e-13
1.80417e-13
2.36265e-13
3.57276e-13
4.71917e-13
7.20913e-13
9.59324e-13
1.47655e-12
1.97673e-12
3.06107e-12
4.12978e-12
6.39331e-12
8.90386e-12
1.26261e-11
2.12102e-11
2.70689e-11
5.05603e-11
6.02995e-11
1.66809e-10
1.65106e-10
1.11924e-09
1.18247e-09
1.98744e-08
2.98511e-08
5.83083e-07
9.11428e-07
1.54029e-05
1.68395e-05
0.000177634
0.000141976
0.000766252
0.000689672
0.00183233
0.00177428
0.00410121
0.00447816
0.00781923
0.00762308
0.0093537
0.0091167
0.0123059
0.0124057
0.0174101
0.01651
0.024019
0.021209
0.0354658
0.0308305
0.0578726
0.0462656
0.0945515
0.0738847
0.170672
0.118805
0.266957
0.18698
0.322991
0.209199
0.284053
0.194134
0.221691
0.145633
0.137526
0.0837082
0.0808724
0.0708033
0.0650804
0.0736342
0.00221376
0.0019125
0.00158617
0.00130702
0.00110541
0.00100753
0.000946016
0.000810301
0.000619408
0.000487464
0.000474341
0.000506389
0.000473962
0.000681664
0.000919714
0.00122784
0.00148953
0.00156931
0.00182063
0.00235668
0.00212116
0.00183101
0.00283385
0.00391163
0.00375794
0.00348442
0.0037566
0.00487339
0.00633217
0.00728675
0.00772165
0.00836619
0.0092276
0.0100705
0.011204
0.0115963
0.0112945
0.0100371
0.009332
0.00871594
0.00805675
0.00772973
0.00749595
0.00621503
0.00402713
0.00240184
0.00135582
0.000740146
0.000398038
0.000214332
0.00011723
6.59422e-05
3.83941e-05
2.31268e-05
1.43314e-05
9.06747e-06
5.8183e-06
3.76869e-06
2.45739e-06
1.61037e-06
1.05939e-06
6.99136e-07
4.62646e-07
3.06889e-07
2.04009e-07
1.3588e-07
9.06602e-08
6.05833e-08
4.05412e-08
2.71634e-08
1.82206e-08
1.22344e-08
8.22253e-09
5.53088e-09
3.72322e-09
2.50817e-09
1.69078e-09
1.1405e-09
7.69788e-10
5.19883e-10
3.51314e-10
2.37542e-10
1.60709e-10
1.08795e-10
7.3697e-11
4.99557e-11
3.38871e-11
2.30052e-11
1.56316e-11
1.06318e-11
7.23936e-12
4.93569e-12
3.37005e-12
2.30497e-12
1.57963e-12
1.08507e-12
7.474e-13
5.16484e-13
3.58284e-13
2.49671e-13
1.74931e-13
1.23352e-13
8.76362e-14
6.28262e-14
4.55262e-14
3.33869e-14
2.48423e-14
1.88173e-14
1.45069e-14
1.14252e-14
9.26021e-15
7.67239e-15
6.5372e-15
5.81402e-15
5.27057e-15
4.94338e-15
4.91442e-15
4.97201e-15
5.17649e-15
5.51131e-15
6.25067e-15
6.96861e-15
8.52949e-15
9.90788e-15
1.28514e-14
1.54445e-14
2.10228e-14
2.59826e-14
3.66641e-14
4.63485e-14
6.7264e-14
8.6497e-14
1.28135e-13
1.66947e-13
2.51072e-13
3.30336e-13
5.02282e-13
6.65916e-13
1.02087e-12
1.3622e-12
2.10114e-12
2.82214e-12
4.35746e-12
6.00787e-12
8.59757e-12
1.37921e-11
1.84801e-11
2.82607e-11
4.45076e-11
6.36123e-11
1.27956e-10
2.42395e-10
9.46727e-10
3.56463e-09
2.93414e-08
1.52869e-07
1.22623e-06
5.30168e-06
2.95788e-05
7.70564e-05
0.000311965
0.00038937
0.00087919
0.000891387
0.00175256
0.00188094
0.00412719
0.00438331
0.00429794
0.00582644
0.00609978
0.0078624
0.00807104
0.00941803
0.0110801
0.0145124
0.0148146
0.0181499
0.0195475
0.024233
0.0262015
0.0329414
0.0369335
0.0473785
0.0556309
0.0763163
0.0857358
0.116735
0.127664
0.166034
0.169605
0.183715
0.17929
0.167773
0.162015
0.131806
0.125509
0.114326
0.0927075
0.0830112
0.000175181
0.000175384
0.0001791
0.000169755
0.000166701
0.000150412
0.000158073
0.000206106
0.000269955
0.000419738
0.000386093
0.00078417
0.000905484
0.000971085
0.00105736
0.00111241
0.00133306
0.0014696
0.00154204
0.00231288
0.00237732
0.00187611
0.00213262
0.00312227
0.00302479
0.00281067
0.00321978
0.00600923
0.0066799
0.00628673
0.00613772
0.00665354
0.0100847
0.0110899
0.0106159
0.00969352
0.0095409
0.00975899
0.00990043
0.00971655
0.00848419
0.00659802
0.00506171
0.00381313
0.0027736
0.00188542
0.0011845
0.000696852
0.000392801
0.000217447
0.00012085
6.84747e-05
3.98857e-05
2.39299e-05
1.47436e-05
9.27811e-06
5.93021e-06
3.83136e-06
2.49347e-06
1.63138e-06
1.07179e-06
7.06555e-07
4.67134e-07
3.09622e-07
2.0568e-07
1.36903e-07
9.12861e-08
6.09662e-08
4.07751e-08
2.73061e-08
1.83075e-08
1.22873e-08
8.25468e-09
5.55039e-09
3.73506e-09
2.51534e-09
1.69511e-09
1.14311e-09
7.71348e-10
5.2081e-10
3.51859e-10
2.37857e-10
1.60888e-10
1.08892e-10
7.37471e-11
4.99788e-11
3.38952e-11
2.30055e-11
1.56278e-11
1.06264e-11
7.23337e-12
4.92986e-12
3.36468e-12
2.30018e-12
1.57547e-12
1.0815e-12
7.44357e-13
5.1391e-13
3.56113e-13
2.47846e-13
1.73396e-13
1.22062e-13
8.65493e-14
6.1909e-14
4.47496e-14
3.27257e-14
2.42758e-14
1.83279e-14
1.40804e-14
1.10496e-14
8.92344e-15
7.36681e-15
6.25792e-15
5.55264e-15
5.02276e-15
4.70622e-15
4.67926e-15
4.73609e-15
4.90857e-15
5.35543e-15
5.85695e-15
6.94022e-15
7.92008e-15
1.00267e-14
1.18877e-14
1.5885e-14
1.9425e-14
2.70405e-14
3.38891e-14
4.86757e-14
6.21835e-14
9.1411e-14
1.18482e-13
1.77167e-13
2.32123e-13
3.51423e-13
4.64158e-13
7.09218e-13
9.4243e-13
1.45084e-12
1.9365e-12
3.00563e-12
4.01862e-12
6.32779e-12
8.40639e-12
1.37357e-11
1.77342e-11
3.19898e-11
3.86143e-11
9.0468e-11
1.0911e-10
4.39239e-10
9.35421e-10
6.83457e-09
2.91739e-08
2.45234e-07
1.01626e-06
5.71169e-06
1.53333e-05
6.0422e-05
7.8548e-05
0.000204524
0.00053592
0.000894558
0.00258958
0.00247226
0.00211505
0.00334593
0.00331187
0.00391446
0.00438403
0.00510899
0.00671848
0.0078632
0.00723936
0.00855152
0.00959679
0.0123668
0.0138973
0.0168374
0.0188694
0.0242506
0.0287835
0.033402
0.0393105
0.0567105
0.0629011
0.0799175
0.0848568
0.120797
0.127142
0.150185
0.145718
0.153559
0.154825
0.152268
0.147218
0.143867
0.136033
0.114029
9.90239e-05
0.000113437
0.000113215
0.000115438
0.000134382
0.000185395
0.000194544
0.000334804
0.000327134
0.00038539
0.000682993
0.000746554
0.000802212
0.00120433
0.0011746
0.00123529
0.00142521
0.00166617
0.00146055
0.00142055
0.00166728
0.00156234
0.00143333
0.00180179
0.00267342
0.00300773
0.0035722
0.00536117
0.00596898
0.0064673
0.00746958
0.00872282
0.00960069
0.00967501
0.00955584
0.00933775
0.00913878
0.00947432
0.0112269
0.0115742
0.0102567
0.00709735
0.0048534
0.0032682
0.00209328
0.0012677
0.000743554
0.0004302
0.000250031
0.000147681
8.90755e-05
5.48828e-05
3.44353e-05
2.18952e-05
1.40494e-05
9.07188e-06
5.8848e-06
3.83205e-06
2.50421e-06
1.64183e-06
1.07964e-06
7.11914e-07
4.70626e-07
3.11843e-07
2.07073e-07
1.37769e-07
9.18222e-08
6.12967e-08
4.09783e-08
2.74308e-08
1.83839e-08
1.2334e-08
8.28319e-09
5.56776e-09
3.74561e-09
2.52173e-09
1.69898e-09
1.14544e-09
7.72744e-10
5.2164e-10
3.52346e-10
2.38138e-10
1.61046e-10
1.08977e-10
7.37903e-11
4.99977e-11
3.39007e-11
2.30038e-11
1.56226e-11
1.06197e-11
7.22648e-12
4.92329e-12
3.35873e-12
2.29495e-12
1.57095e-12
1.07765e-12
7.41101e-13
5.11172e-13
3.53817e-13
2.45921e-13
1.71783e-13
1.20708e-13
8.54116e-14
6.09502e-14
4.39381e-14
3.20354e-14
2.36844e-14
1.78162e-14
1.36344e-14
1.06584e-14
8.57461e-15
7.05148e-15
5.96921e-15
5.28136e-15
4.76585e-15
4.46199e-15
4.43773e-15
4.49393e-15
4.69245e-15
5.0171e-15
5.73966e-15
6.43526e-15
7.93629e-15
9.26788e-15
1.21251e-14
1.4657e-14
1.9915e-14
2.56718e-14
3.26961e-14
4.87233e-14
6.18099e-14
8.93472e-14
1.16209e-13
1.7609e-13
2.3059e-13
3.47202e-13
4.58436e-13
7.03503e-13
9.34022e-13
1.43581e-12
1.91193e-12
2.97357e-12
3.95894e-12
6.26059e-12
8.22208e-12
1.37199e-11
1.70885e-11
3.33203e-11
3.583e-11
1.0441e-10
9.22396e-11
6.75664e-10
7.44792e-10
1.01464e-08
2.36207e-08
2.10041e-07
6.38876e-07
3.79169e-06
6.38268e-06
2.65689e-05
2.74157e-05
7.70724e-05
0.000232754
0.00077692
0.000504436
0.00129961
0.00122963
0.00203916
0.0018249
0.00238716
0.0032239
0.00442708
0.00359607
0.00541177
0.00462432
0.00576464
0.00618182
0.00774189
0.00669762
0.00985783
0.00890363
0.0126695
0.0115555
0.0179808
0.0157747
0.0273984
0.0230999
0.039936
0.0355883
0.0617887
0.0568399
0.085376
0.0852499
0.115979
0.125157
0.144715
0.146133
0.145464
0.144255
0.135229
9.60509e-05
9.27343e-05
0.000126779
0.000154457
0.000167112
0.000198861
0.000241615
0.000261628
0.000667197
0.000628461
0.000945346
0.000914348
0.00103181
0.00107912
0.00101085
0.000902938
0.000798422
0.000783834
0.000829981
0.000877662
0.000998442
0.00151033
0.00174124
0.00183165
0.00278795
0.0043292
0.00515076
0.00550414
0.00573132
0.00634515
0.0100516
0.0113368
0.0106688
0.00916023
0.00890678
0.0093096
0.00941032
0.00891238
0.00843129
0.00837673
0.00848161
0.00820784
0.00642302
0.00438064
0.00278633
0.00166654
0.000939963
0.000512071
0.000277954
0.000154602
8.95159e-05
5.40051e-05
3.36526e-05
2.14252e-05
1.38137e-05
8.96855e-06
5.84669e-06
3.82317e-06
2.50652e-06
1.64702e-06
1.08456e-06
7.15695e-07
4.73272e-07
3.13602e-07
2.08206e-07
1.38487e-07
9.22706e-08
6.15748e-08
4.11499e-08
2.75364e-08
1.84487e-08
1.23737e-08
8.30747e-09
5.58258e-09
3.75463e-09
2.52721e-09
1.70229e-09
1.14743e-09
7.73936e-10
5.22348e-10
3.52763e-10
2.38379e-10
1.61181e-10
1.0905e-10
7.38263e-11
5.00128e-11
3.39041e-11
2.30009e-11
1.56167e-11
1.06126e-11
7.21927e-12
4.91652e-12
3.35264e-12
2.28961e-12
1.56635e-12
1.07372e-12
7.37769e-13
5.08364e-13
3.5146e-13
2.43947e-13
1.70131e-13
1.19326e-13
8.42529e-14
5.99749e-14
4.31132e-14
3.13351e-14
2.30868e-14
1.73006e-14
1.31846e-14
1.02624e-14
8.22164e-15
6.73446e-15
5.6819e-15
5.01227e-15
4.50942e-15
4.21535e-15
4.19396e-15
4.24974e-15
4.44626e-15
4.76432e-15
5.47248e-15
6.15303e-15
7.62181e-15
8.92619e-15
1.17308e-14
1.42213e-14
1.94892e-14
2.48353e-14
3.2398e-14
4.793e-14
6.06396e-14
8.79866e-14
1.14984e-13
1.74492e-13
2.28008e-13
3.43243e-13
4.53865e-13
6.96964e-13
9.24097e-13
1.41768e-12
1.8937e-12
2.80291e-12
4.17653e-12
5.74852e-12
7.7427e-12
1.37982e-11
1.68343e-11
3.15691e-11
3.40427e-11
9.66036e-11
8.13021e-11
5.40576e-10
4.82661e-10
7.47773e-09
1.2526e-08
1.31626e-07
3.00622e-07
1.98376e-06
2.56189e-06
1.03555e-05
7.79143e-06
2.26703e-05
3.80949e-05
0.00036468
0.000189178
0.000540886
0.000523578
0.00084598
0.000690896
0.0011822
0.00114056
0.00212976
0.00158017
0.00288234
0.00237354
0.00371407
0.00361798
0.00487071
0.00408093
0.00591252
0.00556842
0.00728529
0.00630081
0.00988542
0.00922359
0.014883
0.0124382
0.0204274
0.0204694
0.0349782
0.0335839
0.0522818
0.0511322
0.0695033
0.078303
0.109405
0.123749
0.135164
0.139022
0.135425
8.92791e-05
0.000118367
0.000127533
0.00018775
0.000188943
0.000269176
0.000334641
0.000301335
0.00027159
0.000262923
0.000290559
0.000310195
0.000321854
0.000390622
0.000418325
0.000646132
0.000772712
0.000861894
0.00117994
0.00156783
0.00176711
0.00270657
0.00410406
0.00431707
0.00443072
0.00676235
0.00844526
0.00872836
0.00909987
0.00938725
0.0100821
0.0109222
0.0113586
0.0116538
0.012691
0.0133095
0.0127559
0.00992783
0.00852752
0.00808415
0.00708317
0.0051555
0.00363818
0.00282815
0.00235538
0.00181676
0.00122282
0.00072876
0.000402151
0.000215925
0.000117391
6.61094e-05
3.87853e-05
2.35795e-05
1.47196e-05
9.35624e-06
6.01843e-06
3.90188e-06
2.5436e-06
1.66522e-06
1.09396e-06
7.2082e-07
4.76195e-07
3.15326e-07
2.09245e-07
1.3912e-07
9.26592e-08
6.18136e-08
4.12967e-08
2.76265e-08
1.8504e-08
1.24075e-08
8.32815e-09
5.5952e-09
3.76233e-09
2.53188e-09
1.70511e-09
1.14913e-09
7.74951e-10
5.22946e-10
3.5311e-10
2.38577e-10
1.61291e-10
1.09107e-10
7.38532e-11
5.00224e-11
3.39043e-11
2.29963e-11
1.56099e-11
1.06052e-11
7.212e-12
4.90979e-12
3.34661e-12
2.28432e-12
1.5618e-12
1.06985e-12
7.34501e-13
5.05613e-13
3.4915e-13
2.42014e-13
1.68513e-13
1.17971e-13
8.31183e-14
5.90212e-14
4.2308e-14
3.06517e-14
2.25036e-14
1.68005e-14
1.27532e-14
9.88487e-15
7.88412e-15
6.43004e-15
5.4055e-15
4.75753e-15
4.27236e-15
3.98766e-15
3.96672e-15
4.02089e-15
4.18401e-15
4.6049e-15
5.07655e-15
6.09802e-15
7.02674e-15
9.02484e-15
1.07969e-14
1.46073e-14
1.80086e-14
2.53413e-14
3.19684e-14
4.63143e-14
5.94391e-14
8.79042e-14
1.14243e-13
1.71487e-13
2.24836e-13
3.40858e-13
4.49886e-13
6.86955e-13
9.1531e-13
1.33917e-12
2.01724e-12
2.65146e-12
4.04416e-12
5.73802e-12
7.88752e-12
1.2865e-11
1.60115e-11
2.89275e-11
3.40744e-11
7.57896e-11
7.83162e-11
2.9242e-10
3.52314e-10
2.20748e-09
4.71986e-09
2.79713e-08
7.28747e-08
4.04716e-07
4.57563e-07
2.47628e-06
1.54496e-06
6.18801e-06
1.0183e-05
7.77466e-05
7.30735e-05
0.00023291
0.000248332
0.000309987
0.000311937
0.000497123
0.000581646
0.00114639
0.00108141
0.00159646
0.00157044
0.00210362
0.00264818
0.00312876
0.00330711
0.00419419
0.00460293
0.00502651
0.00534812
0.00709206
0.00759242
0.00930768
0.00891066
0.0123505
0.0138358
0.0243733
0.0214429
0.027228
0.02833
0.0456145
0.0568199
0.0793796
0.0798655
0.0870577
0.0927531
0.104593
0.000112609
0.000124285
0.000127754
0.000154806
0.000176619
0.000170493
0.000185075
0.000194396
0.000345276
0.000418585
0.000661106
0.000635605
0.000792304
0.00126611
0.00157732
0.00168218
0.00189693
0.0025623
0.00308351
0.0042391
0.00542505
0.00601871
0.00803963
0.0101798
0.0112852
0.0137364
0.0147768
0.0150848
0.0174862
0.0219057
0.0212549
0.0174927
0.0163451
0.0166291
0.016419
0.0146191
0.0112249
0.0096454
0.00961106
0.0097865
0.00886745
0.00561076
0.00341575
0.00215181
0.00134948
0.000829418
0.000506932
0.000311349
0.000193817
0.000122852
7.90687e-05
5.1346e-05
3.34547e-05
2.18026e-05
1.41995e-05
9.24529e-06
6.02292e-06
3.92881e-06
2.56764e-06
1.68193e-06
1.10453e-06
7.27213e-07
4.79993e-07
3.1757e-07
2.10574e-07
1.3991e-07
9.31322e-08
6.20984e-08
4.14691e-08
2.77313e-08
1.85679e-08
1.24467e-08
8.35215e-09
5.60996e-09
3.77141e-09
2.53749e-09
1.70858e-09
1.15128e-09
7.76289e-10
5.23779e-10
3.5363e-10
2.38902e-10
1.61493e-10
1.09235e-10
7.39332e-11
5.00727e-11
3.39363e-11
2.30172e-11
1.5624e-11
1.0615e-11
7.21912e-12
4.91536e-12
3.35124e-12
2.28837e-12
1.56546e-12
1.07325e-12
7.37734e-13
5.08721e-13
3.52157e-13
2.44933e-13
1.71356e-13
1.20738e-13
8.58166e-14
6.16627e-14
4.49002e-14
3.32052e-14
2.50215e-14
1.92879e-14
1.52229e-14
1.23444e-14
1.03372e-14
8.88444e-15
7.87153e-15
7.2317e-15
6.76909e-15
6.56591e-15
6.57836e-15
6.6751e-15
6.90308e-15
7.42676e-15
8.0098e-15
8.90232e-15
1.053e-14
1.18534e-14
1.46868e-14
1.73122e-14
2.29162e-14
2.77072e-14
3.79402e-14
4.74052e-14
6.78944e-14
8.64951e-14
1.26548e-13
1.64012e-13
2.45466e-13
3.21443e-13
4.86105e-13
6.41301e-13
9.78838e-13
1.29755e-12
1.98991e-12
2.64729e-12
4.06774e-12
5.44366e-12
8.33345e-12
1.12783e-11
1.69021e-11
2.41959e-11
3.42402e-11
5.19037e-11
8.06449e-11
1.24104e-10
2.98185e-10
5.50679e-10
2.71866e-09
4.83744e-09
2.9579e-08
3.28242e-08
4.21152e-08
3.11989e-07
6.82655e-07
6.84009e-06
4.6413e-05
3.28538e-05
0.000113089
0.000260567
0.000337004
0.000303453
0.000374697
0.000636581
0.0008897
0.000839803
0.00134596
0.00151089
0.00192944
0.00229499
0.00308335
0.00308083
0.0032837
0.00486974
0.0050806
0.00503476
0.00548623
0.00843154
0.00819923
0.0080248
0.00843514
0.0134121
0.0144772
0.0164651
0.0152278
0.0179811
0.0208271
0.0387072
0.0402774
0.04174
0.0408358
0.0425024
0.0453883
0.060775
0.000517675
0.000491532
0.000546677
0.000675764
0.000662787
0.000644065
0.000719044
0.000975852
0.00139654
0.00144848
0.00179662
0.00248625
0.00323916
0.00358572
0.00423601
0.00564022
0.00684305
0.00901186
0.0112013
0.0130913
0.0182417
0.0211966
0.0224526
0.0263599
0.0304388
0.030401
0.0305723
0.0321874
0.0317639
0.0288276
0.0273487
0.0273078
0.0268754
0.0244756
0.020248
0.0174223
0.0150657
0.0124469
0.0100947
0.00846903
0.00737549
0.00643994
0.00530207
0.00396941
0.00270632
0.00171474
0.00103512
0.000611927
0.000361127
0.000214604
0.000128732
7.79276e-05
4.75673e-05
2.92633e-05
1.81418e-05
1.13345e-05
7.13649e-06
4.5274e-06
2.8929e-06
1.86085e-06
1.20425e-06
7.83558e-07
5.12274e-07
3.36326e-07
2.21626e-07
1.46516e-07
9.71371e-08
6.4562e-08
4.30069e-08
2.87057e-08
1.91948e-08
1.28563e-08
8.62409e-09
5.79345e-09
3.8973e-09
2.62532e-09
1.77091e-09
1.19628e-09
8.0934e-10
5.48476e-10
3.72404e-10
2.53413e-10
1.72895e-10
1.18337e-10
8.13136e-11
5.6146e-11
3.90046e-11
2.73044e-11
1.92967e-11
1.37989e-11
1.00104e-11
7.38783e-12
5.56301e-12
4.28372e-12
3.38116e-12
2.73741e-12
2.27383e-12
1.93485e-12
1.68461e-12
1.49528e-12
1.35098e-12
1.23699e-12
1.14927e-12
1.08062e-12
1.02599e-12
9.83113e-13
9.4886e-13
9.21308e-13
8.99598e-13
8.8222e-13
8.68348e-13
8.58232e-13
8.49831e-13
8.43035e-13
8.40712e-13
8.3894e-13
8.38913e-13
8.39381e-13
8.40975e-13
8.43792e-13
8.49561e-13
8.55341e-13
8.64077e-13
8.75547e-13
8.85934e-13
9.06528e-13
9.21814e-13
9.52223e-13
9.75594e-13
1.02349e-12
1.05967e-12
1.13288e-12
1.19e-12
1.30403e-12
1.4133e-12
1.55389e-12
1.81166e-12
2.0135e-12
2.4344e-12
2.8145e-12
3.62853e-12
4.33028e-12
5.82381e-12
7.20143e-12
1.02407e-11
1.29519e-11
1.92656e-11
2.43527e-11
3.98605e-11
4.71288e-11
1.0091e-10
9.92964e-11
4.02483e-10
3.33334e-10
3.59396e-09
3.29115e-09
3.98601e-08
4.22027e-08
1.50409e-07
5.44903e-07
2.22802e-06
1.91272e-05
0.000100245
8.88509e-05
0.000310952
0.000333375
0.000532583
0.000606605
0.000789025
0.001102
0.00156854
0.0013323
0.00232665
0.0022037
0.00240654
0.00312461
0.00394068
0.00344488
0.00446796
0.00535101
0.00602058
0.00601359
0.00815287
0.00895921
0.00905801
0.00879362
0.0107778
0.0164161
0.0148732
0.0137866
0.0136228
0.0194217
0.0241371
0.0288028
0.0252296
0.0239351
0.024583
0.0272157
0.0336542
0.0517184
0.00741537
0.00751036
0.00728174
0.00656774
0.00659437
0.00750439
0.00789584
0.00830067
0.00927892
0.0109074
0.0121077
0.0133938
0.0167712
0.0197179
0.0221879
0.0284131
0.0329132
0.0366654
0.0466817
0.0533751
0.0565051
0.0641556
0.0708865
0.0733022
0.0730819
0.0723571
0.0704532
0.0683264
0.0653047
0.0572447
0.0502261
0.0477168
0.0450875
0.0376982
0.029466
0.0252345
0.02381
0.0217759
0.0173684
0.0129526
0.00947627
0.00693336
0.00510291
0.00374612
0.00270988
0.00191524
0.00131821
0.000884514
0.000580349
0.000373702
0.000237066
0.000148723
9.26143e-05
5.74522e-05
3.56164e-05
2.21252e-05
1.38024e-05
8.66055e-06
5.47174e-06
3.48318e-06
2.23479e-06
1.44529e-06
9.4214e-07
6.19e-07
4.09875e-07
2.73522e-07
1.8397e-07
1.24736e-07
8.52819e-08
5.88202e-08
4.0949e-08
2.87944e-08
2.04673e-08
1.47197e-08
1.07209e-08
7.91542e-09
5.92996e-09
4.51119e-09
3.48756e-09
2.74093e-09
2.19062e-09
1.78002e-09
1.47024e-09
1.23368e-09
1.05072e-09
9.07658e-10
7.94413e-10
7.0375e-10
6.30357e-10
5.70313e-10
5.20775e-10
4.79428e-10
4.44798e-10
4.15211e-10
3.90131e-10
3.68455e-10
3.49746e-10
3.3331e-10
3.19059e-10
3.06339e-10
2.94971e-10
2.85265e-10
2.77009e-10
2.69974e-10
2.63929e-10
2.58948e-10
2.54747e-10
2.51244e-10
2.48271e-10
2.45892e-10
2.43912e-10
2.42253e-10
2.4088e-10
2.39818e-10
2.39013e-10
2.38285e-10
2.37743e-10
2.37415e-10
2.37161e-10
2.37152e-10
2.37071e-10
2.37067e-10
2.37048e-10
2.36974e-10
2.36968e-10
2.36928e-10
2.36942e-10
2.36962e-10
2.36966e-10
2.37007e-10
2.37134e-10
2.37396e-10
2.37745e-10
2.38524e-10
2.39207e-10
2.40632e-10
2.41752e-10
2.44034e-10
2.45797e-10
2.49382e-10
2.52233e-10
2.57268e-10
2.63052e-10
2.68205e-10
2.79793e-10
2.87145e-10
3.05179e-10
3.14565e-10
3.52213e-10
3.57053e-10
4.53945e-10
4.26876e-10
8.21761e-10
7.23983e-10
3.60499e-09
5.48521e-09
3.13603e-08
1.10086e-07
4.33159e-07
1.8595e-06
6.03589e-06
3.12868e-05
0.000101559
0.000396604
0.000524097
0.000388145
0.000863498
0.0010551
0.00107893
0.00118051
0.00164073
0.00317333
0.00296427
0.00250797
0.00320691
0.003771
0.00435242
0.00486711
0.0057647
0.00565446
0.00614379
0.00887766
0.00894713
0.00880597
0.00917918
0.0119242
0.0129644
0.0144888
0.0135954
0.0132789
0.0144531
0.0235006
0.0242809
0.02173
0.0184221
0.0186913
0.0226653
0.0293619
0.0366399
0.038366
0.07753
0.0740651
0.0704757
0.0699849
0.0662379
0.0636237
0.0645728
0.068341
0.0697996
0.0724388
0.081141
0.0854198
0.0894804
0.101357
0.108457
0.118625
0.132876
0.14253
0.156532
0.168206
0.174901
0.182689
0.184274
0.181707
0.171089
0.164157
0.155007
0.130375
0.112457
0.105842
0.0947696
0.0739746
0.0615899
0.0567681
0.0491893
0.0385358
0.0293891
0.0236874
0.02094
0.0192141
0.0169133
0.0138467
0.0106648
0.00791598
0.00576105
0.00414062
0.00294328
0.00206852
0.00143697
0.000987303
0.000671965
0.000454127
0.000305641
0.00020549
0.000138419
9.36617e-05
6.38004e-05
4.38245e-05
3.03944e-05
2.13036e-05
1.51e-05
1.08284e-05
7.85856e-06
5.77312e-06
4.29371e-06
3.23329e-06
2.46537e-06
1.9034e-06
1.48799e-06
1.17774e-06
9.43696e-07
7.65433e-07
6.28266e-07
5.21794e-07
4.38339e-07
3.72332e-07
3.19722e-07
2.77371e-07
2.43072e-07
2.1502e-07
1.91976e-07
1.72847e-07
1.56908e-07
1.43544e-07
1.32238e-07
1.22655e-07
1.14482e-07
1.0746e-07
1.01418e-07
9.61783e-08
9.16342e-08
8.76511e-08
8.41894e-08
8.10936e-08
7.83912e-08
7.59795e-08
7.38379e-08
7.19062e-08
7.02043e-08
6.86316e-08
6.7306e-08
6.61468e-08
6.51662e-08
6.43257e-08
6.35901e-08
6.29884e-08
6.24722e-08
6.20521e-08
6.1679e-08
6.13929e-08
6.1151e-08
6.09389e-08
6.07646e-08
6.06288e-08
6.05263e-08
6.04489e-08
6.03768e-08
6.03144e-08
6.02587e-08
6.02006e-08
6.01412e-08
6.00836e-08
6.00232e-08
5.99537e-08
5.98719e-08
5.97991e-08
5.97304e-08
5.96557e-08
5.95739e-08
5.94877e-08
5.93933e-08
5.92938e-08
5.91892e-08
5.90785e-08
5.89651e-08
5.88492e-08
5.87197e-08
5.85811e-08
5.84427e-08
5.83031e-08
5.81576e-08
5.79988e-08
5.78424e-08
5.76618e-08
5.75224e-08
5.73274e-08
5.72834e-08
5.71131e-08
5.71555e-08
5.69115e-08
5.73568e-08
5.67655e-08
5.89223e-08
5.85156e-08
6.99832e-08
8.01786e-08
2.29138e-07
3.87336e-07
1.55102e-06
4.33645e-06
1.53139e-05
3.89639e-05
0.000112979
0.000369993
0.000569742
0.000996162
0.00154817
0.00125535
0.00149963
0.00158836
0.00191493
0.00283597
0.00280243
0.00336818
0.00404186
0.00391226
0.00403688
0.00568679
0.00569419
0.00581216
0.00602355
0.00803987
0.00751475
0.00824324
0.00847947
0.0105083
0.00996925
0.011025
0.011034
0.0117489
0.0130217
0.0170686
0.0165353
0.0146354
0.0143396
0.0151643
0.0176776
0.0285518
0.0322313
0.0284273
0.43132
0.410137
0.375836
0.364145
0.356742
0.32777
0.318056
0.320872
0.319881
0.318639
0.323878
0.330289
0.33163
0.338938
0.357466
0.362454
0.37043
0.397139
0.402806
0.404918
0.414576
0.412841
0.397145
0.379926
0.362863
0.321328
0.283269
0.252891
0.216414
0.177522
0.146026
0.121913
0.101017
0.0817729
0.0653689
0.0534873
0.0456168
0.0394357
0.0334997
0.0280378
0.0234834
0.0198003
0.0166906
0.0139111
0.0113818
0.00912587
0.00718715
0.00558163
0.00429135
0.00327814
0.00249623
0.00190032
0.00144992
0.00111111
0.000856665
0.000665393
0.000521166
0.000411898
0.000328626
0.000264738
0.000215366
0.000176923
0.000146763
0.000122917
0.000103926
8.86847e-05
7.63721e-05
6.63477e-05
5.81409e-05
5.13724e-05
4.57588e-05
4.10787e-05
3.71481e-05
3.38382e-05
3.10314e-05
2.86403e-05
2.65995e-05
2.48421e-05
2.33323e-05
2.20206e-05
2.08883e-05
1.98964e-05
1.90324e-05
1.82779e-05
1.76109e-05
1.70254e-05
1.65112e-05
1.60517e-05
1.5648e-05
1.52861e-05
1.49666e-05
1.46781e-05
1.44259e-05
1.41913e-05
1.39857e-05
1.37972e-05
1.36318e-05
1.34768e-05
1.33491e-05
1.32295e-05
1.31306e-05
1.30404e-05
1.29665e-05
1.29029e-05
1.28447e-05
1.2796e-05
1.27548e-05
1.27243e-05
1.26949e-05
1.26726e-05
1.2654e-05
1.26365e-05
1.26209e-05
1.261e-05
1.2604e-05
1.26e-05
1.2592e-05
1.25819e-05
1.25717e-05
1.25598e-05
1.25465e-05
1.25347e-05
1.25237e-05
1.25118e-05
1.24967e-05
1.24829e-05
1.24694e-05
1.24545e-05
1.24381e-05
1.24207e-05
1.24018e-05
1.23803e-05
1.23581e-05
1.23344e-05
1.23096e-05
1.22835e-05
1.22539e-05
1.22215e-05
1.21877e-05
1.2152e-05
1.2113e-05
1.207e-05
1.20238e-05
1.19725e-05
1.19206e-05
1.18608e-05
1.18113e-05
1.17354e-05
1.16926e-05
1.15942e-05
1.15571e-05
1.1446e-05
1.14391e-05
1.13081e-05
1.18933e-05
1.14453e-05
1.90669e-05
1.58854e-05
4.83443e-05
3.99686e-05
0.000159454
0.000140218
0.000514734
0.000517367
0.00124438
0.0015379
0.00278699
0.0021321
0.00275841
0.00265309
0.00275035
0.00294564
0.00339525
0.00440968
0.00443658
0.00411238
0.00414946
0.00518103
0.00516286
0.00567442
0.00591346
0.00601243
0.00588721
0.00734584
0.00789616
0.00776156
0.00693203
0.00824519
0.00971209
0.0100291
0.00931008
0.00935221
0.00960181
0.0109205
0.0135119
0.0134925
0.0132306
0.0147973
0.0181309
0.0177219
1.25721
1.15872
1.06382
0.992751
0.916202
0.854263
0.828061
0.806601
0.772866
0.747529
0.736362
0.724396
0.716781
0.717667
0.719849
0.724164
0.734257
0.748258
0.754858
0.754361
0.747708
0.731916
0.701964
0.651976
0.604637
0.549306
0.479504
0.412257
0.355912
0.302297
0.248457
0.200621
0.163004
0.133919
0.111397
0.0940027
0.0802538
0.0693636
0.0609026
0.0542131
0.0484682
0.0430927
0.037939
0.0331013
0.0287026
0.0248058
0.0214134
0.0184904
0.0159887
0.0138588
0.0120526
0.0105251
0.00923499
0.00814549
0.00722446
0.00644433
0.00578168
0.00521697
0.00473403
0.00431994
0.00396397
0.00365709
0.00339185
0.00316187
0.00296211
0.00278787
0.0026359
0.00250255
0.00238576
0.0022829
0.00219227
0.0021124
0.00204154
0.00197899
0.00192343
0.00187398
0.00183022
0.00179098
0.0017563
0.00172498
0.00169747
0.00167246
0.00165022
0.00163051
0.00161253
0.00159647
0.00158238
0.00156924
0.00155792
0.00154737
0.00153813
0.00152959
0.00152239
0.0015154
0.00150921
0.00150368
0.00149911
0.00149412
0.00149044
0.00148659
0.00148382
0.00148111
0.00147898
0.00147741
0.00147568
0.00147388
0.00147288
0.00147245
0.00147191
0.00147099
0.00147017
0.0014698
0.00146929
0.00146882
0.00146853
0.00146816
0.00146729
0.00146631
0.00146541
0.00146436
0.00146313
0.00146212
0.00146123
0.00146034
0.00145905
0.00145779
0.00145652
0.00145521
0.00145378
0.00145228
0.00145056
0.00144857
0.00144649
0.00144434
0.00144211
0.00143973
0.00143701
0.00143403
0.00143088
0.00142756
0.00142394
0.00141994
0.00141565
0.00141094
0.00140608
0.00140066
0.00139575
0.00138905
0.00138456
0.00137571
0.00137208
0.00136219
0.00136038
0.00134796
0.00136167
0.00133748
0.00148904
0.00138451
0.00188268
0.00160208
0.00278743
0.00214814
0.00442504
0.00318196
0.00687398
0.00494437
0.00933961
0.00685542
0.00922129
0.00796892
0.00786898
0.00723913
0.00849375
0.00756935
0.00791924
0.00726189
0.00698349
0.00639046
0.00643491
0.0063702
0.00632836
0.00583066
0.00551968
0.00607458
0.00632213
0.00573742
0.00512707
0.00563982
0.0073755
0.00745438
0.00606109
0.00549082
0.00590923
0.00863932
0.00973757
0.0096364
0.00851321
0.00684865
0.00659638
0.00858137
2.21877
1.95246
1.72262
1.55436
1.41406
1.30185
1.22782
1.16717
1.10196
1.06081
1.0438
1.01809
0.998036
0.996479
0.995865
0.989322
0.986689
0.982411
0.970136
0.953956
0.932094
0.900946
0.861247
0.815693
0.761947
0.696912
0.624244
0.551626
0.484473
0.423687
0.369566
0.323039
0.283489
0.250082
0.224635
0.207722
0.196663
0.18694
0.17579
0.163281
0.150648
0.13885
0.128329
0.119189
0.111328
0.104541
0.098616
0.0933756
0.0886874
0.0844597
0.0806303
0.0771546
0.0739989
0.071136
0.0685424
0.0661961
0.0640764
0.0621637
0.0604391
0.0588846
0.057484
0.0562216
0.0550847
0.0540595
0.0531368
0.0523037
0.0515551
0.0508778
0.0502696
0.0497196
0.0492241
0.0487785
0.0483746
0.0480123
0.0476848
0.0473887
0.0471232
0.046882
0.0466661
0.0464687
0.0462947
0.0461335
0.0459894
0.0458618
0.0457434
0.0456361
0.0455443
0.0454544
0.0453796
0.0453069
0.0452443
0.045185
0.0451359
0.0450893
0.0450398
0.0450057
0.0449749
0.0449325
0.0449057
0.0448805
0.0448675
0.0448626
0.0448575
0.0448445
0.0448352
0.0448308
0.0448248
0.0448161
0.0448009
0.0447974
0.0447953
0.0447884
0.044778
0.0447713
0.0447644
0.044749
0.0447305
0.0447191
0.044708
0.0446911
0.0446715
0.0446575
0.0446455
0.0446319
0.0446101
0.0445866
0.0445631
0.0445421
0.0445208
0.0444972
0.0444673
0.0444326
0.0443963
0.0443598
0.0443219
0.0442802
0.0442332
0.0441817
0.0441263
0.0440681
0.0440049
0.0439359
0.0438622
0.0437816
0.043698
0.0436067
0.0435199
0.0434105
0.0433304
0.0431906
0.0431348
0.04298
0.0429641
0.0428035
0.0429338
0.0426973
0.0434985
0.0428045
0.0451363
0.0433262
0.0482816
0.0441372
0.0525418
0.0444716
0.0570015
0.0442027
0.0600667
0.0459927
0.0568603
0.0495267
0.0494915
0.0475333
0.0483161
0.0419594
0.045209
0.0402641
0.0393768
0.0366157
0.0375455
0.0332048
0.0320781
0.0309527
0.0313208
0.0266777
0.0261861
0.0260089
0.0262398
0.022995
0.0221252
0.0224343
0.0237373
0.0226159
0.0207028
0.0212352
0.0222795
0.0222919
0.023524
0.0261139
0.0258823
0.0251717
2.72517
2.22158
1.88864
1.66483
1.51415
1.41125
1.33156
1.26885
1.22498
1.19266
1.16388
1.14156
1.12523
1.10692
1.08702
1.06769
1.04328
1.01261
0.981552
0.948789
0.911796
0.87395
0.836672
0.796443
0.755641
0.718054
0.684583
0.654252
0.625442
0.598739
0.576374
0.558832
0.544957
0.534507
0.526218
0.517954
0.508237
0.497171
0.485821
0.474839
0.464276
0.454088
0.444407
0.435445
0.427325
0.420022
0.413417
0.407372
0.40177
0.396538
0.391635
0.387039
0.382736
0.378721
0.374991
0.371537
0.368349
0.365417
0.362726
0.360263
0.358012
0.355959
0.354089
0.352388
0.350842
0.349438
0.348165
0.34701
0.345965
0.345018
0.344162
0.343386
0.342685
0.342053
0.34148
0.340963
0.340497
0.340076
0.339695
0.339353
0.339043
0.338763
0.338513
0.338285
0.33808
0.337895
0.337731
0.33758
0.337442
0.33732
0.337214
0.337113
0.33702
0.336941
0.336868
0.3368
0.33674
0.336683
0.336641
0.336598
0.336567
0.336538
0.336504
0.336477
0.336463
0.33645
0.336433
0.336416
0.336398
0.336384
0.336376
0.33636
0.336348
0.336342
0.336332
0.336312
0.336302
0.336297
0.336289
0.336266
0.336248
0.33624
0.336232
0.336213
0.336187
0.336169
0.336151
0.336132
0.336111
0.336084
0.336054
0.336024
0.336002
0.33598
0.335948
0.33591
0.335871
0.335832
0.335791
0.335751
0.33571
0.335667
0.335621
0.335572
0.335529
0.335502
0.335479
0.335482
0.335497
0.335542
0.335635
0.335775
0.336083
0.336369
0.33719
0.337609
0.339677
0.339976
0.344288
0.343456
0.350582
0.345445
0.356362
0.340714
0.358161
0.324806
0.353795
0.31135
0.34027
0.31709
0.322779
0.324036
0.322193
0.306939
0.322973
0.306658
0.312611
0.310313
0.315401
0.301427
0.310595
0.313832
0.31587
0.297958
0.312506
0.326062
0.327257
0.308904
0.312887
0.342332
0.371827
0.358727
0.349992
0.361992
0.40578
0.417506
0.477707
0.535531
0.530478
0.528589
1.81384
1.44611
1.2841
1.20567
1.16453
1.12881
1.07953
1.01446
0.940339
0.857906
0.767391
0.675911
0.588213
0.506581
0.436213
0.380324
0.337698
0.308123
0.29182
0.28535
0.285703
0.293282
0.305531
0.320317
0.33712
0.355749
0.376167
0.397831
0.421271
0.447547
0.476805
0.508204
0.540419
0.571761
0.600519
0.625824
0.647365
0.665495
0.680969
0.694561
0.706874
0.718203
0.72861
0.738048
0.746456
0.753813
0.76016
0.765578
0.77017
0.774039
0.777292
0.780026
0.782326
0.784269
0.785916
0.787318
0.788518
0.789551
0.790444
0.791221
0.791901
0.792498
0.793025
0.793494
0.793913
0.794288
0.794626
0.794932
0.79521
0.795463
0.795693
0.795905
0.796099
0.796278
0.796443
0.796595
0.796736
0.796867
0.796988
0.7971
0.797206
0.797304
0.797396
0.797481
0.797563
0.797638
0.797709
0.797778
0.797843
0.797903
0.797963
0.798021
0.798076
0.79813
0.798185
0.798239
0.798292
0.798346
0.7984
0.798453
0.798509
0.798565
0.798623
0.798685
0.79875
0.798817
0.798889
0.798965
0.799047
0.799134
0.799228
0.799329
0.799439
0.799559
0.799689
0.799831
0.799986
0.800155
0.800339
0.80054
0.80076
0.801
0.801263
0.80155
0.801864
0.802209
0.802586
0.802999
0.803452
0.803947
0.804489
0.805083
0.805734
0.806446
0.807225
0.808078
0.809012
0.810034
0.811151
0.812372
0.813705
0.815161
0.816747
0.818478
0.820355
0.822406
0.824603
0.827027
0.82954
0.832424
0.835135
0.838681
0.841157
0.845893
0.847183
0.853714
0.852118
0.86078
0.852804
0.866474
0.846099
0.869399
0.831547
0.872242
0.817117
0.883144
0.825338
0.903976
0.870732
0.939057
0.927978
0.989134
0.981602
1.03787
1.0495
1.10154
1.11328
1.20601
1.21038
1.27671
1.31868
1.42814
1.44135
1.5413
1.62542
1.76676
1.79836
1.92161
2.06075
2.30367
2.37919
2.49682
2.62962
3.02193
3.1786
3.43751
3.6827
3.96083
3.96378
4.23629
0.0115916
0.045492
0.104951
0.186202
0.291161
0.429204
0.609563
0.833096
1.083
1.32574
1.4897
1.56489
1.58746
1.50375
1.35383
1.1481
0.928541
0.73698
0.551314
0.402482
0.295836
0.218066
0.163821
0.131974
0.115635
0.109107
0.113596
0.127468
0.149933
0.180731
0.219043
0.263639
0.312833
0.36463
0.416976
0.467977
0.516082
0.560182
0.599637
0.634196
0.663957
0.689199
0.710374
0.727954
0.742492
0.754252
0.763675
0.771284
0.777454
0.782453
0.786486
0.789723
0.792307
0.794359
0.795977
0.797242
0.798221
0.798971
0.799535
0.799949
0.800244
0.800444
0.800569
0.800635
0.800652
0.800634
0.800593
0.800531
0.800453
0.800366
0.800271
0.800172
0.800071
0.79997
0.79987
0.799771
0.799675
0.799582
0.799492
0.799406
0.799323
0.799243
0.799168
0.799094
0.799025
0.798959
0.798895
0.798835
0.798777
0.798721
0.798666
0.798614
0.798562
0.798511
0.798461
0.798412
0.798363
0.798313
0.798263
0.798212
0.798159
0.798104
0.798047
0.797987
0.797923
0.797855
0.797784
0.797708
0.797626
0.797537
0.797441
0.797338
0.797225
0.797103
0.796969
0.796824
0.796665
0.796491
0.796301
0.796093
0.795866
0.795618
0.795347
0.79505
0.794725
0.794369
0.793979
0.793551
0.793083
0.79257
0.792007
0.791391
0.790716
0.789977
0.789166
0.788277
0.787303
0.786236
0.785067
0.783786
0.782383
0.780846
0.779165
0.777325
0.775312
0.773112
0.770708
0.768083
0.765219
0.762097
0.758696
0.754994
0.75097
0.746599
0.741858
0.73672
0.731159
0.725147
0.718655
0.711651
0.704102
0.695974
0.687229
0.677828
0.667727
0.656881
0.64524
0.632755
0.619371
0.605035
0.589694
0.573293
0.555791
0.537137
0.517317
0.496296
0.474103
0.450742
0.426299
0.400841
0.374539
0.347531
0.320126
0.292501
0.265043
0.237933
0.211899
0.187095
0.164255
0.143357
0.124847
0.108431
0.0940182
0.0811853
0.0692994
0.0577062
0.0450005
0.0309967
0.015907
0.00457605
0.015112
0.044854
0.0971949
0.164753
0.245392
0.33476
0.425257
0.486868
0.510876
0.489616
0.409961
0.31533
0.226945
0.153477
0.0966839
0.0682232
0.0540658
0.0491834
0.0463125
0.0427913
0.0370865
0.0349217
0.0314651
0.0284923
0.0261027
0.0244414
0.0237222
0.0241124
0.0256705
0.028444
0.0324811
0.0379196
0.0448692
0.0533172
0.0632259
0.0745204
0.0870756
0.100655
0.114987
0.129755
0.144698
0.159528
0.173982
0.187961
0.201183
0.213667
0.225451
0.236422
0.246512
0.255719
0.264069
0.271606
0.278387
0.284473
0.289926
0.294808
0.299172
0.303068
0.306547
0.309653
0.312429
0.314909
0.317127
0.319111
0.320885
0.322473
0.323895
0.325168
0.326308
0.32733
0.328247
0.329068
0.329804
0.330465
0.331058
0.33159
0.332068
0.332496
0.332881
0.333227
0.333537
0.333816
0.334067
0.334291
0.334494
0.334676
0.334838
0.334986
0.335118
0.335236
0.335343
0.335439
0.335525
0.335603
0.335673
0.335736
0.335793
0.335844
0.33589
0.335932
0.33597
0.336004
0.336035
0.336064
0.33609
0.336114
0.336135
0.336156
0.336175
0.336192
0.336208
0.336223
0.336238
0.336253
0.336268
0.336281
0.336296
0.336311
0.336327
0.336344
0.336361
0.336379
0.336399
0.33642
0.336439
0.336459
0.336482
0.336507
0.336535
0.336564
0.336593
0.336624
0.336656
0.33669
0.336726
0.336766
0.336808
0.336854
0.336905
0.33696
0.337019
0.337082
0.33715
0.337221
0.337298
0.33738
0.337467
0.337558
0.337654
0.337752
0.337853
0.337955
0.338056
0.338156
0.338252
0.338343
0.338427
0.338498
0.338558
0.338598
0.338627
0.33863
0.33861
0.338562
0.338481
0.338364
0.338204
0.338002
0.337735
0.337416
0.336997
0.336511
0.33586
0.335131
0.334116
0.333021
0.331433
0.329802
0.327165
0.324082
0.319312
0.314125
0.306595
0.298884
0.288472
0.279179
0.266028
0.254736
0.238004
0.22399
0.203181
0.185855
0.161414
0.141149
0.114953
0.0937033
0.069732
0.0493068
0.0263835
0.00907904
0.0150952
0.0319295
0.0647236
0.101212
0.137878
0.164655
0.176159
0.174407
0.149143
0.116911
0.0915055
0.0786888
0.0739544
0.0733477
0.0749012
0.0751293
0.0748918
0.069998
0.0692891
0.0666457
0.0545216
0.0472804
0.0404414
0.0321872
0.0261946
0.0208877
0.0166513
0.0133019
0.0107331
0.00876699
0.00726201
0.00610194
0.00520051
0.00462874
0.00437564
0.00434762
0.00449609
0.00500662
0.00571912
0.00659747
0.00764739
0.00885321
0.0101953
0.0116569
0.0132113
0.0148298
0.0164904
0.0181739
0.0198592
0.0215261
0.0231567
0.0247365
0.026254
0.0277007
0.0290707
0.0303605
0.0315693
0.0327016
0.0337574
0.0347356
0.0356394
0.0364704
0.0372329
0.0379306
0.0385676
0.0391481
0.0396762
0.0401562
0.0405917
0.0409867
0.0413445
0.0416684
0.0419615
0.0422264
0.0424661
0.0426823
0.0428778
0.0430543
0.0432134
0.0433573
0.0434872
0.0436039
0.0437102
0.0438051
0.0438914
0.0439692
0.0440393
0.0441025
0.0441602
0.0442118
0.0442586
0.0443012
0.0443393
0.0443745
0.0444061
0.0444346
0.0444613
0.0444853
0.0445074
0.0445274
0.0445468
0.0445643
0.0445804
0.044596
0.0446106
0.0446256
0.0446389
0.0446515
0.0446651
0.0446786
0.0446916
0.0447046
0.044718
0.0447333
0.0447492
0.0447655
0.0447834
0.0448033
0.0448251
0.0448486
0.044875
0.0449038
0.0449343
0.0449677
0.0450032
0.0450396
0.0450778
0.0451203
0.0451682
0.0452207
0.0452774
0.0453391
0.0454059
0.0454768
0.0455518
0.0456325
0.0457199
0.0458155
0.045921
0.0460369
0.0461641
0.0463037
0.0464577
0.0466268
0.046812
0.0470159
0.0472393
0.0474837
0.0477502
0.0480416
0.0483587
0.0487042
0.0490796
0.0494877
0.0499306
0.0504112
0.0509327
0.0514969
0.0521089
0.0527705
0.0534867
0.054263
0.0551044
0.0560169
0.0570086
0.0580845
0.0592558
0.0605276
0.0619152
0.0634186
0.0650683
0.0668382
0.0688073
0.0708683
0.0732256
0.0755759
0.0784018
0.080982
0.0844844
0.0877767
0.0925606
0.0966103
0.102612
0.106959
0.11342
0.116162
0.121574
0.122095
0.123885
0.122069
0.120117
0.113115
0.108317
0.0955916
0.0883884
0.0717559
0.0636613
0.045862
0.0300668
0.0121415
0.0188754
0.0212284
0.0424391
0.0608823
0.075147
0.0824967
0.0839053
0.0829757
0.0813239
0.0837079
0.0906167
0.101564
0.12232
0.138841
0.148733
0.151888
0.149681
0.137786
0.132644
0.126441
0.112371
0.0925359
0.0816657
0.066226
0.0539686
0.0421813
0.0322458
0.0241606
0.0178452
0.0130386
0.0094491
0.0068454
0.00501488
0.00370843
0.00276283
0.00207768
0.00157952
0.00121424
0.000942594
0.000737909
0.000587237
0.000480285
0.000407568
0.000366094
0.000351871
0.000351591
0.000356302
0.00037077
0.000401389
0.000438058
0.000479062
0.000523311
0.000569833
0.000617751
0.000666299
0.000714817
0.000762744
0.000809624
0.000855105
0.000898886
0.000940757
0.000980556
0.00101819
0.0010536
0.00108678
0.00111776
0.00114657
0.00117329
0.00119799
0.0012208
0.00124177
0.00126106
0.00127873
0.00129491
0.00130973
0.00132322
0.00133555
0.00134678
0.001357
0.00136629
0.00137477
0.0013824
0.00138943
0.00139572
0.00140146
0.00140668
0.00141141
0.00141566
0.0014196
0.00142314
0.00142639
0.0014294
0.00143213
0.0014347
0.00143703
0.00143922
0.00144129
0.00144323
0.00144507
0.00144678
0.00144855
0.00145021
0.00145182
0.00145343
0.00145507
0.00145684
0.00145847
0.00146012
0.00146202
0.00146396
0.00146593
0.00146798
0.00147022
0.00147272
0.00147539
0.00147823
0.00148138
0.00148487
0.00148869
0.00149281
0.00149737
0.00150232
0.00150761
0.00151337
0.00151962
0.00152626
0.00153341
0.00154132
0.00155009
0.0015597
0.00157019
0.00158167
0.00159418
0.00160768
0.00162225
0.00163811
0.00165547
0.00167456
0.0016956
0.00171874
0.00174422
0.00177228
0.00180326
0.00183742
0.001875
0.00191653
0.00196219
0.00201256
0.0020678
0.00212873
0.00219554
0.00226915
0.00234988
0.00243869
0.00253628
0.0026434
0.00276147
0.00289095
0.00303378
0.0031909
0.00336421
0.00355555
0.00376742
0.00400197
0.0042628
0.00455324
0.0048764
0.00524
0.00564345
0.00610298
0.00661222
0.00719539
0.00784684
0.00858952
0.00942687
0.0103847
0.0114448
0.0127145
0.0140087
0.0157344
0.0172887
0.0196258
0.0215165
0.0245648
0.0268609
0.0306315
0.03315
0.0375907
0.0397955
0.044396
0.0460443
0.0495433
0.0500721
0.0514849
0.0504937
0.0494639
0.0456327
0.0420495
0.028195
0.014579
0.0276424
0.0167672
0.026042
0.0390719
0.0470849
0.0542558
0.0638472
0.0742003
0.0867351
0.108922
0.150218
0.173469
0.185752
0.192519
0.199323
0.203524
0.205526
0.203922
0.19217
0.174303
0.162275
0.132739
0.114752
0.0964952
0.0812396
0.068343
0.056191
0.0441232
0.033128
0.0245842
0.0178687
0.012717
0.00888843
0.00614328
0.00423047
0.00292211
0.00203452
0.00143222
0.00102135
0.000738879
0.000540613
0.000397647
0.00029311
0.000216157
0.000159375
0.000117472
8.65968e-05
6.3862e-05
4.71391e-05
3.49576e-05
2.61775e-05
1.99244e-05
1.55408e-05
1.25037e-05
1.04553e-05
9.1406e-06
8.30752e-06
7.82041e-06
7.65361e-06
7.65378e-06
7.6985e-06
7.81976e-06
8.02718e-06
8.26288e-06
8.51264e-06
8.76714e-06
9.01991e-06
9.26648e-06
9.50373e-06
9.73011e-06
9.94384e-06
1.01451e-05
1.03331e-05
1.0508e-05
1.06708e-05
1.08207e-05
1.09596e-05
1.10873e-05
1.12045e-05
1.1312e-05
1.1411e-05
1.15004e-05
1.15834e-05
1.16582e-05
1.17266e-05
1.17893e-05
1.18461e-05
1.18975e-05
1.1945e-05
1.19877e-05
1.20264e-05
1.2062e-05
1.20945e-05
1.21236e-05
1.21509e-05
1.21753e-05
1.2198e-05
1.22201e-05
1.22452e-05
1.22718e-05
1.23034e-05
1.23371e-05
1.23731e-05
1.24122e-05
1.24556e-05
1.25036e-05
1.25523e-05
1.26048e-05
1.26645e-05
1.27271e-05
1.2793e-05
1.2864e-05
1.29418e-05
1.30268e-05
1.31182e-05
1.32169e-05
1.33258e-05
1.34455e-05
1.35758e-05
1.37167e-05
1.38709e-05
1.40386e-05
1.422e-05
1.44186e-05
1.46356e-05
1.48714e-05
1.51299e-05
1.54158e-05
1.5732e-05
1.60803e-05
1.64642e-05
1.6888e-05
1.73553e-05
1.78685e-05
1.84334e-05
1.90582e-05
1.97516e-05
2.0523e-05
2.13831e-05
2.23409e-05
2.3411e-05
2.46073e-05
2.59473e-05
2.74523e-05
2.91386e-05
3.10417e-05
3.31769e-05
3.55942e-05
3.8308e-05
4.13935e-05
4.48638e-05
4.88204e-05
5.32921e-05
5.83837e-05
6.41956e-05
7.07858e-05
7.83849e-05
8.70122e-05
9.69866e-05
0.000108406
0.000121647
0.000136869
0.000154706
0.000175291
0.000199508
0.000228023
0.000261036
0.000301503
0.000347055
0.000404871
0.000470574
0.000550567
0.000652561
0.000758206
0.000922238
0.00106362
0.00131667
0.00152829
0.00189102
0.00223749
0.00273959
0.00331184
0.00399013
0.00494721
0.00578876
0.00740901
0.00845388
0.0107986
0.0122283
0.0153709
0.0170685
0.0210789
0.0227565
0.0273692
0.028636
0.0330192
0.0336417
0.0339136
0.0269272
0.0229565
0.0304361
0.0134569
0.0216887
0.0282841
0.0394131
0.0490228
0.0648509
0.083693
0.122745
0.175514
0.191644
0.19581
0.199249
0.206455
0.214366
0.22613
0.241983
0.250818
0.25385
0.240043
0.213999
0.175179
0.139208
0.11285
0.0936315
0.0797433
0.0689467
0.0601575
0.0509926
0.0397156
0.0295599
0.021483
0.0151361
0.0103706
0.00696153
0.00462271
0.00306673
0.00204965
0.00138772
0.000953997
0.000665711
0.000470481
0.000335676
0.000240985
0.000173574
0.000125129
9.01298e-05
6.48258e-05
4.65622e-05
3.33776e-05
2.38631e-05
1.70099e-05
1.20873e-05
8.5625e-06
6.04776e-06
4.26079e-06
2.99574e-06
2.10303e-06
1.47532e-06
1.03569e-06
7.28865e-07
5.15578e-07
3.67935e-07
2.66117e-07
1.96214e-07
1.48417e-07
1.15924e-07
9.39689e-08
7.92302e-08
6.94649e-08
6.30445e-08
5.89124e-08
5.63438e-08
5.47726e-08
5.3919e-08
5.3597e-08
5.3591e-08
5.36364e-08
5.37674e-08
5.40102e-08
5.43016e-08
5.46065e-08
5.49236e-08
5.52305e-08
5.55275e-08
5.58133e-08
5.60812e-08
5.63309e-08
5.6567e-08
5.67846e-08
5.69832e-08
5.71699e-08
5.73411e-08
5.74966e-08
5.76391e-08
5.77759e-08
5.78903e-08
5.80082e-08
5.81171e-08
5.81958e-08
5.83576e-08
5.85732e-08
5.88405e-08
5.91607e-08
5.95428e-08
5.99868e-08
6.04657e-08
6.09963e-08
6.16022e-08
6.22564e-08
6.29577e-08
6.37195e-08
6.45567e-08
6.54715e-08
6.64636e-08
6.75433e-08
6.87321e-08
7.00391e-08
7.14691e-08
7.30313e-08
7.47481e-08
7.66314e-08
7.86916e-08
8.09656e-08
8.34791e-08
8.62561e-08
8.93465e-08
9.28047e-08
9.66782e-08
1.01014e-07
1.0588e-07
1.11353e-07
1.17517e-07
1.24451e-07
1.32284e-07
1.41172e-07
1.51306e-07
1.62886e-07
1.76183e-07
1.9145e-07
2.09069e-07
2.29476e-07
2.53118e-07
2.808e-07
3.12921e-07
3.5096e-07
3.95173e-07
4.4813e-07
5.09662e-07
5.8424e-07
6.71164e-07
7.7689e-07
9.02268e-07
1.05239e-06
1.23679e-06
1.45203e-06
1.7247e-06
2.04099e-06
2.44481e-06
2.9165e-06
3.52702e-06
4.23608e-06
5.16446e-06
6.292e-06
7.62949e-06
9.61254e-06
1.13956e-05
1.49329e-05
1.76801e-05
2.33141e-05
2.79451e-05
3.73736e-05
4.5324e-05
6.03289e-05
7.63458e-05
9.94673e-05
0.000127677
0.000174059
0.00021467
0.00030316
0.000380016
0.000511285
0.000698888
0.00088451
0.00123665
0.00157232
0.00220786
0.0027822
0.00390486
0.0048637
0.00684398
0.00825904
0.0117239
0.0134308
0.0186591
0.0205529
0.0266087
0.0247406
0.0232732
0.0334695
0.0481727
0.01024
0.0174021
0.0245683
0.0362095
0.050752
0.0732404
0.118738
0.181716
0.196861
0.196482
0.193581
0.195308
0.201358
0.213412
0.235994
0.260796
0.279922
0.29054
0.294138
0.287643
0.257383
0.199957
0.143901
0.10888
0.0874607
0.0741341
0.0652446
0.0585297
0.052391
0.0434579
0.0329747
0.0240804
0.0168845
0.0114212
0.00751161
0.00485072
0.00310861
0.00199758
0.00129819
0.000857971
0.000577776
0.000396009
0.0002754
0.00019359
0.000137054
9.74239e-05
6.9371e-05
4.93963e-05
3.51336e-05
2.49429e-05
1.76669e-05
1.24809e-05
8.79297e-06
6.17739e-06
4.32756e-06
3.0232e-06
2.1064e-06
1.46404e-06
1.01519e-06
7.02399e-07
4.84972e-07
3.3421e-07
2.29912e-07
1.57915e-07
1.08316e-07
7.42133e-08
5.08047e-08
3.47596e-08
2.37778e-08
1.62712e-08
1.11464e-08
7.65149e-09
5.27046e-09
3.64968e-09
2.54756e-09
1.79884e-09
1.29043e-09
9.45439e-10
7.11562e-10
5.53166e-10
4.45957e-10
3.73512e-10
3.24583e-10
2.91605e-10
2.69421e-10
2.54546e-10
2.44591e-10
2.38008e-10
2.33641e-10
2.30827e-10
2.2905e-10
2.27884e-10
2.27463e-10
2.27423e-10
2.27431e-10
2.27451e-10
2.27546e-10
2.27629e-10
2.27751e-10
2.2793e-10
2.2841e-10
2.29374e-10
2.3079e-10
2.32668e-10
2.35003e-10
2.37684e-10
2.40774e-10
2.4438e-10
2.48383e-10
2.52765e-10
2.576e-10
2.62978e-10
2.68908e-10
2.75404e-10
2.8254e-10
2.90454e-10
2.99223e-10
3.08916e-10
3.19632e-10
3.31528e-10
3.44747e-10
3.59413e-10
3.75818e-10
3.94225e-10
4.14925e-10
4.38397e-10
4.65145e-10
4.9571e-10
5.30676e-10
5.70905e-10
6.1727e-10
6.71028e-10
7.33292e-10
8.06026e-10
8.91168e-10
9.92019e-10
1.11113e-09
1.25378e-09
1.42414e-09
1.62894e-09
1.87912e-09
2.17792e-09
2.55569e-09
2.99859e-09
3.58382e-09
4.25157e-09
5.17711e-09
6.21073e-09
7.67451e-09
9.37228e-09
1.15976e-08
1.46428e-08
1.78135e-08
2.34894e-08
2.81949e-08
3.79376e-08
4.60321e-08
6.24278e-08
7.62366e-08
1.04655e-07
1.28816e-07
1.78367e-07
2.21927e-07
3.05568e-07
4.03142e-07
5.12645e-07
7.53494e-07
9.40249e-07
1.35833e-06
1.73879e-06
2.57452e-06
3.31566e-06
4.87993e-06
6.62311e-06
9.13342e-06
1.40421e-05
1.82157e-05
2.90715e-05
3.80183e-05
6.17447e-05
7.9549e-05
0.000130889
0.00016925
0.000269717
0.000355021
0.00056497
0.000737656
0.00122478
0.00159326
0.00246244
0.00362897
0.00500215
0.00785352
0.0105598
0.0148502
0.0175186
0.0232668
0.0239729
0.0355957
0.0823184
0.00990586
0.0148005
0.0238975
0.0357209
0.0556201
0.0939445
0.168264
0.201529
0.20318
0.188951
0.183125
0.185446
0.194391
0.209045
0.235854
0.260918
0.276549
0.290342
0.29702
0.30001
0.295777
0.272554
0.216241
0.147527
0.105922
0.0820545
0.06875
0.0609616
0.0557631
0.0512944
0.0445374
0.0344971
0.0251381
0.0174986
0.0117046
0.00758887
0.0048158
0.00302141
0.00189307
0.0011954
0.000766177
0.000500439
0.000333339
0.000225985
0.000155388
0.000107949
7.55019e-05
5.30153e-05
3.72935e-05
2.62424e-05
1.84531e-05
1.29581e-05
9.08308e-06
6.35381e-06
4.43493e-06
3.08866e-06
2.14627e-06
1.48816e-06
1.02968e-06
7.11028e-07
4.90059e-07
3.37165e-07
2.31591e-07
1.58834e-07
1.08784e-07
7.44099e-08
5.08394e-08
3.46998e-08
2.36623e-08
1.61226e-08
1.09774e-08
7.46963e-09
5.08003e-09
3.45334e-09
2.3467e-09
1.59425e-09
1.08289e-09
7.35491e-10
4.99552e-10
3.39355e-10
2.30605e-10
1.56792e-10
1.06696e-10
7.26974e-11
4.96235e-11
3.39625e-11
2.33317e-11
1.61139e-11
1.12121e-11
7.8824e-12
5.61965e-12
4.08097e-12
3.03457e-12
2.32249e-12
1.83776e-12
1.50707e-12
1.28154e-12
1.12706e-12
1.02139e-12
9.49057e-13
8.98897e-13
8.66068e-13
8.48044e-13
8.38882e-13
8.39138e-13
8.41802e-13
8.48324e-13
8.60527e-13
8.76452e-13
8.9572e-13
9.18363e-13
9.44686e-13
9.74665e-13
1.00853e-12
1.04668e-12
1.09e-12
1.13892e-12
1.19428e-12
1.25685e-12
1.32807e-12
1.40938e-12
1.50195e-12
1.60912e-12
1.73158e-12
1.87685e-12
2.04179e-12
2.24715e-12
2.47145e-12
2.77525e-12
3.07504e-12
3.55138e-12
3.94798e-12
4.70275e-12
5.28144e-12
6.43636e-12
7.34896e-12
9.18925e-12
1.06712e-11
1.36669e-11
1.61458e-11
2.12047e-11
2.54841e-11
3.4277e-11
4.18669e-11
5.75279e-11
7.18515e-11
9.6891e-11
1.33663e-10
1.67873e-10
2.41833e-10
3.10686e-10
4.5321e-10
5.79409e-10
8.38417e-10
1.14977e-09
1.49975e-09
2.25452e-09
2.94322e-09
4.30981e-09
5.62966e-09
8.34194e-09
1.09916e-08
1.6295e-08
2.15426e-08
3.22289e-08
4.27813e-08
6.46163e-08
9.02079e-08
1.2231e-07
1.98441e-07
2.66266e-07
3.89155e-07
6.22434e-07
8.43936e-07
1.43602e-06
1.9207e-06
3.64659e-06
4.57227e-06
9.37603e-06
1.1589e-05
2.27198e-05
2.92059e-05
5.11191e-05
6.82406e-05
0.000122462
0.000157242
0.000305919
0.000393604
0.000709378
0.00098695
0.00170795
0.00236269
0.00437408
0.00579719
0.0107411
0.0155304
0.0226308
0.0199413
0.0386696
0.100995
0.0106249
0.0129071
0.0238711
0.0387299
0.0660928
0.123421
0.190496
0.206898
0.199681
0.179731
0.178307
0.18872
0.196774
0.206754
0.23384
0.248192
0.252875
0.261972
0.266348
0.278962
0.285094
0.280778
0.25394
0.198738
0.140378
0.100476
0.0767989
0.0639307
0.0570512
0.0526827
0.049124
0.0439032
0.0346848
0.0250141
0.0171495
0.0112764
0.00718713
0.00448484
0.00276588
0.0017013
0.00105274
0.00066008
0.00042143
0.000274496
0.000182238
0.00012297
8.40248e-05
5.79254e-05
4.01624e-05
2.79385e-05
1.94647e-05
1.35651e-05
9.44851e-06
6.57419e-06
4.56785e-06
3.16876e-06
2.19447e-06
1.51712e-06
1.04704e-06
7.21414e-07
4.9626e-07
3.40859e-07
2.33788e-07
1.60138e-07
1.09556e-07
7.48665e-08
5.1109e-08
3.48584e-08
2.37551e-08
1.61766e-08
1.10087e-08
7.48754e-09
5.09013e-09
3.45889e-09
2.34961e-09
1.59562e-09
1.08336e-09
7.35434e-10
4.99198e-10
3.38832e-10
2.29987e-10
1.56119e-10
1.0599e-10
7.19714e-11
4.88843e-11
3.32141e-11
2.25766e-11
1.53538e-11
1.04481e-11
7.1152e-12
4.8498e-12
3.30924e-12
2.26101e-12
1.54725e-12
1.06085e-12
7.29071e-13
5.02509e-13
3.47586e-13
2.4149e-13
1.68705e-13
1.18669e-13
8.4181e-14
6.03645e-14
4.38744e-14
3.24075e-14
2.44265e-14
1.88686e-14
1.49489e-14
1.22393e-14
1.0375e-14
9.05042e-15
8.24853e-15
7.70064e-15
7.47452e-15
7.50417e-15
7.645e-15
7.97038e-15
8.5547e-15
9.20751e-15
1.05323e-14
1.16143e-14
1.38921e-14
1.58143e-14
1.97749e-14
2.31065e-14
3.01504e-14
3.62439e-14
4.90752e-14
6.0541e-14
8.37397e-14
1.11069e-13
1.41755e-13
2.14078e-13
2.75477e-13
4.03278e-13
5.27542e-13
8.041e-13
1.06151e-12
1.61484e-12
2.14454e-12
3.3059e-12
4.40937e-12
6.80949e-12
9.11602e-12
1.38497e-11
1.99022e-11
2.65614e-11
4.273e-11
5.71799e-11
8.71613e-11
1.16015e-10
1.81101e-10
2.40844e-10
3.69047e-10
4.86717e-10
7.44873e-10
9.79453e-10
1.48359e-09
1.93462e-09
2.90555e-09
3.78957e-09
5.61247e-09
7.59819e-09
1.00709e-08
1.60611e-08
2.00065e-08
3.11815e-08
3.94439e-08
6.53051e-08
7.97551e-08
1.39474e-07
1.68998e-07
3.05031e-07
3.7534e-07
5.67015e-07
9.13076e-07
1.18289e-06
2.31396e-06
3.12568e-06
6.26572e-06
8.99368e-06
1.38082e-05
2.26169e-05
3.29871e-05
4.66098e-05
9.71686e-05
0.000128134
0.000232349
0.000366209
0.000534817
0.000825765
0.00162354
0.00228907
0.00420473
0.00697406
0.00983773
0.0149264
0.0153295
0.0630325
0.121878
0.0108063
0.0122435
0.0231544
0.0427871
0.0871842
0.153696
0.201652
0.207953
0.191885
0.174252
0.174842
0.18909
0.200221
0.209228
0.224529
0.222139
0.214646
0.214523
0.225675
0.240099
0.247873
0.256892
0.253966
0.212443
0.154707
0.111083
0.0825646
0.0663061
0.057624
0.052789
0.0494049
0.0463061
0.0418888
0.0337427
0.0240586
0.0161447
0.0103713
0.00646718
0.00395798
0.00239959
0.0014531
0.000885596
0.000546741
0.000343532
0.000220166
0.000143874
9.56444e-05
6.44634e-05
4.38928e-05
3.00963e-05
2.07281e-05
1.43119e-05
9.89312e-06
6.84012e-06
4.72736e-06
3.26455e-06
2.25201e-06
1.55166e-06
1.06776e-06
7.33821e-07
5.0368e-07
3.45289e-07
2.36429e-07
1.61709e-07
1.10489e-07
7.54201e-08
5.14369e-08
3.50522e-08
2.38696e-08
1.62441e-08
1.10485e-08
7.51091e-09
5.10386e-09
3.46697e-09
2.35435e-09
1.59842e-09
1.08502e-09
7.36424e-10
4.99795e-10
3.39197e-10
2.30214e-10
1.56262e-10
1.06083e-10
7.20336e-11
4.89269e-11
3.32443e-11
2.25985e-11
1.537e-11
1.04603e-11
7.12441e-12
4.85677e-12
3.31445e-12
2.26481e-12
1.54993e-12
1.06261e-12
7.30101e-13
5.02935e-13
3.47519e-13
2.41025e-13
1.67915e-13
1.17608e-13
8.28967e-14
5.88863e-14
4.22261e-14
3.06013e-14
2.24713e-14
1.67794e-14
1.27403e-14
9.879e-15
7.88299e-15
6.43002e-15
5.4073e-15
4.76211e-15
4.27826e-15
3.99876e-15
3.98076e-15
4.03699e-15
4.20415e-15
4.6309e-15
5.10703e-15
6.13471e-15
7.07927e-15
9.11843e-15
1.09393e-14
1.48531e-14
1.83589e-14
2.59095e-14
3.27971e-14
4.71965e-14
6.32996e-14
8.34259e-14
1.29613e-13
1.68498e-13
2.50509e-13
3.32252e-13
5.13746e-13
6.82967e-13
1.04647e-12
1.3993e-12
2.17174e-12
2.91115e-12
4.51595e-12
6.06485e-12
9.43803e-12
1.26841e-11
1.97469e-11
2.65757e-11
3.99753e-11
5.94553e-11
7.85871e-11
1.20918e-10
1.77739e-10
2.32442e-10
3.65683e-10
4.86834e-10
7.38184e-10
9.61834e-10
1.46866e-09
1.90898e-09
2.87332e-09
3.69216e-09
5.57173e-09
7.09902e-09
1.07882e-08
1.3539e-08
2.14883e-08
2.59255e-08
4.53814e-08
5.09731e-08
1.04972e-07
1.0701e-07
2.61586e-07
2.47151e-07
6.27143e-07
6.26228e-07
1.41843e-06
1.6186e-06
3.30997e-06
3.59547e-06
7.7001e-06
7.36411e-06
1.73315e-05
1.68323e-05
3.07627e-05
3.91976e-05
5.45113e-05
7.80509e-05
0.000172256
0.000201561
0.000362388
0.000664747
0.000944876
0.00152308
0.00299489
0.0049272
0.0100811
0.0175025
0.03406
0.146167
0.150025
0.0110839
0.0120519
0.0232142
0.047054
0.0906816
0.160078
0.20564
0.208778
0.191356
0.173724
0.173652
0.186521
0.197846
0.209367
0.211675
0.185856
0.170881
0.180911
0.214631
0.233312
0.23932
0.24108
0.239712
0.2162
0.160854
0.113625
0.0826925
0.0652868
0.0559333
0.0508444
0.0478181
0.0456197
0.0428632
0.0385387
0.0314046
0.0224116
0.0146606
0.00917945
0.00558127
0.00333927
0.00198602
0.00118384
0.000712094
0.000434603
0.000270142
0.0001713
0.000110758
7.28595e-05
4.8609e-05
3.27791e-05
2.22734e-05
1.52122e-05
1.04226e-05
7.15373e-06
4.91403e-06
3.37602e-06
2.3187e-06
1.59159e-06
1.09167e-06
7.48128e-07
5.12236e-07
3.50401e-07
2.39479e-07
1.63528e-07
1.11572e-07
7.60644e-08
5.18197e-08
3.52795e-08
2.40043e-08
1.63239e-08
1.10957e-08
7.53886e-09
5.1204e-09
3.47675e-09
2.36015e-09
1.60186e-09
1.08706e-09
7.37648e-10
5.00533e-10
3.39647e-10
2.30492e-10
1.56438e-10
1.06197e-10
7.21099e-11
4.89797e-11
3.32819e-11
2.26261e-11
1.53908e-11
1.04764e-11
7.13707e-12
4.86684e-12
3.32256e-12
2.27139e-12
1.5553e-12
1.06702e-12
7.33715e-13
5.0591e-13
3.49977e-13
2.43054e-13
1.69594e-13
1.19002e-13
8.4059e-14
5.98599e-14
4.30437e-14
3.12924e-14
2.30617e-14
1.72871e-14
1.31772e-14
1.02583e-14
8.22005e-15
6.73376e-15
5.68269e-15
5.01648e-15
4.51462e-15
4.22272e-15
4.20315e-15
4.26044e-15
4.46044e-15
4.78002e-15
5.48621e-15
6.17214e-15
7.65913e-15
8.99311e-15
1.18586e-14
1.44031e-14
1.98743e-14
2.47969e-14
3.53087e-14
4.55889e-14
6.23708e-14
9.26321e-14
1.19016e-13
1.77911e-13
2.36351e-13
3.61343e-13
4.77692e-13
7.32731e-13
9.78993e-13
1.51145e-12
2.02321e-12
3.13796e-12
4.21449e-12
6.55119e-12
8.81319e-12
1.37286e-11
1.84815e-11
2.87992e-11
3.87932e-11
5.8976e-11
8.58607e-11
1.14212e-10
1.81615e-10
2.50434e-10
3.41369e-10
5.38972e-10
7.00908e-10
1.05375e-09
1.38291e-09
2.09761e-09
2.69581e-09
4.03618e-09
5.15241e-09
7.8353e-09
9.72253e-09
1.56111e-08
1.83378e-08
3.38627e-08
3.58674e-08
8.5811e-08
8.38974e-08
2.79429e-07
2.92288e-07
1.1234e-06
1.2482e-06
3.79205e-06
3.53367e-06
6.51575e-06
5.82328e-06
1.00173e-05
1.03479e-05
2.04955e-05
1.9535e-05
3.45845e-05
3.61696e-05
4.66223e-05
5.44154e-05
0.000101096
0.000112717
0.000197652
0.000302845
0.000437323
0.00064698
0.00146734
0.00228921
0.00361242
0.00733633
0.0158758
0.0329554
0.147198
0.213543
0.0132583
0.0120921
0.0236785
0.0492667
0.0937506
0.165712
0.208
0.211423
0.193923
0.176051
0.174972
0.187612
0.200502
0.209282
0.197118
0.162703
0.158521
0.169668
0.206749
0.235442
0.240336
0.240946
0.238127
0.219086
0.167637
0.115879
0.0793691
0.0577472
0.047109
0.0436123
0.0423048
0.0416845
0.0408468
0.0385963
0.0338938
0.0272685
0.0196666
0.0127781
0.00781206
0.00463935
0.0027128
0.00158108
0.000927091
0.000550716
0.000332979
0.000205455
0.000129438
8.3158e-05
5.4343e-05
3.60076e-05
2.41127e-05
1.6272e-05
1.10394e-05
7.51575e-06
5.1279e-06
3.50297e-06
2.3943e-06
1.6367e-06
1.11861e-06
7.64235e-07
5.21863e-07
3.56153e-07
2.42915e-07
1.65578e-07
1.12795e-07
7.67931e-08
5.22536e-08
3.55376e-08
2.41578e-08
1.64152e-08
1.11499e-08
7.57106e-09
5.13953e-09
3.48812e-09
2.36692e-09
1.6059e-09
1.08948e-09
7.39101e-10
5.01413e-10
3.40185e-10
2.30826e-10
1.56649e-10
1.06333e-10
7.21998e-11
4.90408e-11
3.33247e-11
2.2657e-11
1.54137e-11
1.04938e-11
7.15049e-12
4.8774e-12
3.33098e-12
2.27816e-12
1.56079e-12
1.07149e-12
7.37379e-13
5.08921e-13
3.52457e-13
2.45103e-13
1.71292e-13
1.20415e-13
8.52386e-14
6.0849e-14
4.38788e-14
3.20017e-14
2.36667e-14
1.78068e-14
1.36289e-14
1.06557e-14
8.57507e-15
7.05339e-15
5.97208e-15
5.28624e-15
4.77165e-15
4.46898e-15
4.44725e-15
4.5048e-15
4.70676e-15
5.03488e-15
5.76532e-15
6.46876e-15
7.98542e-15
9.33928e-15
1.21479e-14
1.52131e-14
1.89452e-14
2.73508e-14
3.41784e-14
4.85452e-14
6.24032e-14
9.30157e-14
1.20921e-13
1.80659e-13
2.39576e-13
3.44245e-13
5.21677e-13
6.821e-13
1.04497e-12
1.41275e-12
2.19583e-12
2.92599e-12
4.52427e-12
6.10599e-12
9.53515e-12
1.28376e-11
2.00142e-11
2.70038e-11
4.21669e-11
5.67856e-11
8.86748e-11
1.18864e-10
1.85177e-10
2.47126e-10
3.81546e-10
5.05272e-10
7.72217e-10
1.0094e-09
1.52275e-09
1.97523e-09
2.98277e-09
3.79186e-09
5.71312e-09
7.07204e-09
1.13323e-08
1.32667e-08
2.4333e-08
2.67585e-08
6.49672e-08
7.83891e-08
2.64785e-07
3.84665e-07
1.31894e-06
1.58153e-06
3.59363e-06
3.82197e-06
5.81914e-06
1.17029e-05
2.39155e-05
2.97529e-05
5.20872e-05
4.57003e-05
6.14804e-05
5.75235e-05
7.36063e-05
7.17813e-05
9.89326e-05
0.000100064
0.000161264
0.00019469
0.000289227
0.000358772
0.00079394
0.00120276
0.00166447
0.00312076
0.00749483
0.0114165
0.0275968
0.16678
0.27303
0.0272858
0.0129464
0.0257572
0.0518158
0.0973239
0.163743
0.207393
0.214271
0.203671
0.18816
0.183713
0.1977
0.210121
0.212035
0.192571
0.166682
0.162363
0.168155
0.196663
0.249252
0.256827
0.251154
0.245442
0.228831
0.182597
0.12755
0.083314
0.0574596
0.0429068
0.0348387
0.0330559
0.034462
0.0354234
0.0354777
0.0336981
0.0281858
0.0218976
0.0157798
0.0103975
0.00633637
0.00369747
0.00212307
0.00121562
0.000702091
0.000412332
0.000247389
0.00015188
9.53418e-05
6.10526e-05
3.97535e-05
2.62309e-05
1.74838e-05
1.17399e-05
7.92422e-06
5.3678e-06
3.64465e-06
2.47831e-06
1.68667e-06
1.14839e-06
7.82e-07
5.32469e-07
3.62487e-07
2.46697e-07
1.67837e-07
1.14143e-07
7.75973e-08
5.27332e-08
3.58235e-08
2.43282e-08
1.65166e-08
1.12103e-08
7.60702e-09
5.16095e-09
3.50089e-09
2.37454e-09
1.61046e-09
1.09221e-09
7.40749e-10
5.02412e-10
3.40795e-10
2.31203e-10
1.56886e-10
1.06484e-10
7.22984e-11
4.91069e-11
3.33704e-11
2.26895e-11
1.54375e-11
1.05116e-11
7.16417e-12
4.88809e-12
3.33943e-12
2.28492e-12
1.56624e-12
1.07591e-12
7.40983e-13
5.11876e-13
3.54891e-13
2.47115e-13
1.72961e-13
1.21804e-13
8.6399e-14
6.18227e-14
4.47005e-14
3.26985e-14
2.42616e-14
1.8321e-14
1.40777e-14
1.10498e-14
8.92599e-15
7.37001e-15
6.26106e-15
5.55729e-15
5.02841e-15
4.7138e-15
4.68854e-15
4.74663e-15
4.92266e-15
5.3495e-15
5.97764e-15
6.6864e-15
8.34835e-15
9.71762e-15
1.25475e-14
1.51386e-14
2.08416e-14
2.58892e-14
3.66263e-14
4.65242e-14
6.67933e-14
9.17867e-14
1.19015e-13
1.84668e-13
2.42675e-13
3.62415e-13
4.79515e-13
7.4026e-13
9.88152e-13
1.51932e-12
2.0339e-12
3.15835e-12
4.24854e-12
6.61211e-12
8.91219e-12
1.3908e-11
1.87801e-11
2.93506e-11
3.96526e-11
6.19885e-11
8.36274e-11
1.30582e-10
1.75437e-10
2.72659e-10
3.63702e-10
5.60546e-10
7.39541e-10
1.11907e-09
1.4942e-09
2.03964e-09
3.04443e-09
4.06299e-09
5.05773e-09
8.1896e-09
1.01601e-08
1.57717e-08
2.11702e-08
3.80381e-08
6.96701e-08
1.33061e-07
3.09285e-07
3.83875e-07
8.49463e-07
1.05714e-06
3.30343e-06
9.40246e-06
2.96261e-05
4.05267e-05
7.01658e-05
6.61929e-05
6.71543e-05
9.2872e-05
9.04904e-05
0.000118178
0.000118065
0.000134769
0.000129598
0.000181054
0.000188942
0.000219079
0.00027374
0.000476498
0.000700583
0.000973292
0.0018275
0.00316044
0.00668386
0.0151444
0.0274751
0.312712
0.276241
0.0728315
0.018377
0.0258746
0.0504045
0.0962849
0.158735
0.203018
0.214037
0.207904
0.202468
0.20146
0.209246
0.221442
0.216968
0.20412
0.17663
0.164934
0.16713
0.188021
0.253639
0.273934
0.26978
0.259043
0.233238
0.19277
0.144576
0.0982715
0.0650528
0.0458302
0.0345676
0.0283854
0.0270186
0.0292188
0.0304857
0.0304352
0.0277924
0.0220408
0.0164771
0.0116308
0.00770828
0.0047735
0.00279457
0.00159011
0.000901002
0.000515217
0.000300221
0.000179218
0.000109732
6.87882e-05
4.39999e-05
2.86055e-05
1.88323e-05
1.25152e-05
8.37433e-06
5.63114e-06
3.79963e-06
2.56994e-06
1.74102e-06
1.18071e-06
8.01254e-07
5.43951e-07
3.69339e-07
2.50788e-07
1.70279e-07
1.15601e-07
7.84681e-08
5.3253e-08
3.61337e-08
2.45133e-08
1.66271e-08
1.12762e-08
7.64635e-09
5.18441e-09
3.51489e-09
2.3829e-09
1.61546e-09
1.09521e-09
7.42555e-10
5.03507e-10
3.41466e-10
2.31619e-10
1.57147e-10
1.06651e-10
7.24073e-11
4.91794e-11
3.34198e-11
2.27239e-11
1.54621e-11
1.05297e-11
7.17782e-12
4.89856e-12
3.34763e-12
2.29142e-12
1.57145e-12
1.08013e-12
7.4442e-13
5.14692e-13
3.57211e-13
2.49032e-13
1.74552e-13
1.2313e-13
8.75079e-14
6.27537e-14
4.54862e-14
3.33657e-14
2.48323e-14
1.88137e-14
1.45068e-14
1.14269e-14
9.26336e-15
7.67602e-15
6.54095e-15
5.81916e-15
5.27647e-15
4.95076e-15
4.92328e-15
4.98207e-15
5.15991e-15
5.61973e-15
6.13627e-15
7.25288e-15
8.26682e-15
1.03453e-14
1.27e-14
1.53627e-14
2.15531e-14
2.6581e-14
3.70118e-14
4.69004e-14
6.89032e-14
8.8848e-14
1.31238e-13
1.71314e-13
2.59076e-13
3.41839e-13
5.20389e-13
6.91425e-13
1.05927e-12
1.44492e-12
2.04397e-12
3.23555e-12
4.27865e-12
6.56728e-12
8.93939e-12
1.40458e-11
1.9396e-11
2.70313e-11
4.41974e-11
5.90962e-11
9.04779e-11
1.22749e-10
1.94277e-10
2.60931e-10
4.01953e-10
5.37659e-10
7.887e-10
1.17492e-09
1.49767e-09
2.17509e-09
3.14517e-09
4.0251e-09
5.16039e-09
8.87994e-09
1.00881e-08
2.03242e-08
2.26973e-08
7.70695e-08
7.41003e-08
3.72425e-07
3.9682e-07
2.25266e-06
4.23171e-06
1.66619e-05
2.48297e-05
5.43076e-05
4.71545e-05
5.86683e-05
7.5431e-05
9.34489e-05
0.000101001
0.000101682
0.000121634
0.000142578
0.000136856
0.000171452
0.000222635
0.000224345
0.000240818
0.000321501
0.000387194
0.000474718
0.000681514
0.000943655
0.00191254
0.00303318
0.00481757
0.0117183
0.0256078
0.324077
0.265453
0.0915959
0.0254018
0.0272114
0.0446458
0.089167
0.152758
0.19389
0.211637
0.210331
0.206764
0.205284
0.208134
0.215581
0.210903
0.198565
0.175613
0.161665
0.162637
0.182581
0.251023
0.274916
0.273612
0.265187
0.231369
0.190269
0.144645
0.101886
0.0711987
0.0524949
0.0388614
0.0291625
0.0246576
0.0241902
0.0260194
0.0265331
0.0255682
0.021176
0.0162305
0.0117559
0.00806429
0.00527381
0.00328636
0.00195663
0.00112486
0.000638887
0.000365293
0.000212726
0.000126977
7.77945e-05
4.8812e-05
3.12409e-05
2.03079e-05
1.33562e-05
8.86011e-06
5.91441e-06
3.96596e-06
2.66808e-06
1.79914e-06
1.21522e-06
8.21784e-07
5.56181e-07
3.76633e-07
2.5514e-07
1.72877e-07
1.17153e-07
7.93945e-08
5.38062e-08
3.64642e-08
2.47107e-08
1.6745e-08
1.13467e-08
7.68845e-09
5.20958e-09
3.52995e-09
2.39191e-09
1.62086e-09
1.09846e-09
7.44514e-10
5.04693e-10
3.42189e-10
2.32063e-10
1.57423e-10
1.06826e-10
7.25198e-11
4.92536e-11
3.347e-11
2.27588e-11
1.5487e-11
1.05479e-11
7.19133e-12
4.90883e-12
3.35556e-12
2.29765e-12
1.57639e-12
1.08409e-12
7.47615e-13
5.17287e-13
3.59334e-13
2.50778e-13
1.75998e-13
1.24336e-13
8.8516e-14
6.36044e-14
4.62094e-14
3.39822e-14
2.53605e-14
1.92711e-14
1.49061e-14
1.17793e-14
9.57832e-15
7.96123e-15
6.80172e-15
6.06302e-15
5.50789e-15
5.17221e-15
5.14252e-15
5.20199e-15
5.40462e-15
5.79335e-15
6.33863e-15
7.56905e-15
8.56834e-15
1.06672e-14
1.26137e-14
1.68805e-14
2.05582e-14
2.8348e-14
3.54589e-14
5.09526e-14
6.50424e-14
9.52796e-14
1.23628e-13
1.81234e-13
2.55368e-13
3.34877e-13
5.27317e-13
7.01827e-13
1.06168e-12
1.41575e-12
2.20893e-12
2.97314e-12
4.60025e-12
6.20662e-12
9.42963e-12
1.40025e-11
1.87159e-11
2.99586e-11
4.10296e-11
6.37393e-11
8.64489e-11
1.30192e-10
2.01003e-10
2.65465e-10
4.15068e-10
5.59294e-10
8.70171e-10
1.12614e-09
1.72424e-09
2.1597e-09
3.44412e-09
3.90137e-09
7.2991e-09
7.33792e-09
1.90387e-08
1.75719e-08
9.5567e-08
1.30412e-07
9.1249e-07
2.00503e-06
1.00035e-05
1.65446e-05
4.58341e-05
4.30701e-05
5.3977e-05
7.59416e-05
0.000110631
0.000127937
0.000163719
0.00014354
0.000147321
0.000143197
0.000163854
0.000162306
0.000207746
0.000208999
0.000221727
0.000252785
0.000365705
0.000405416
0.000437562
0.000556604
0.000706865
0.00125933
0.00189437
0.00297809
0.00615486
0.0185592
0.0282805
0.576498
0.271156
0.112377
0.0363834
0.0321093
0.0436005
0.0783748
0.145106
0.187549
0.207158
0.211538
0.208439
0.205586
0.207415
0.207161
0.196471
0.183345
0.170933
0.163958
0.165565
0.183984
0.255276
0.275186
0.274318
0.269835
0.231497
0.166269
0.119945
0.0870585
0.0664899
0.0535582
0.0438136
0.0335623
0.0255399
0.0226063
0.0224852
0.0233714
0.0232811
0.020669
0.015748
0.0115078
0.00803834
0.00536307
0.00343634
0.00212486
0.0012742
0.000745078
0.000430188
0.000249095
0.000146445
8.80418e-05
5.42283e-05
3.41536e-05
2.19101e-05
1.42571e-05
9.37585e-06
6.21364e-06
4.14118e-06
2.77132e-06
1.86023e-06
1.25147e-06
8.43335e-07
5.69013e-07
3.84281e-07
2.59703e-07
1.75601e-07
1.18779e-07
8.03664e-08
5.43871e-08
3.68114e-08
2.49182e-08
1.68691e-08
1.14209e-08
7.73287e-09
5.23617e-09
3.54588e-09
2.40147e-09
1.62661e-09
1.10192e-09
7.46602e-10
5.0596e-10
3.42961e-10
2.32536e-10
1.57716e-10
1.07008e-10
7.26352e-11
4.93278e-11
3.35188e-11
2.27918e-11
1.551e-11
1.05645e-11
7.20361e-12
4.91817e-12
3.3628e-12
2.30333e-12
1.58091e-12
1.08771e-12
7.50537e-13
5.1966e-13
3.61266e-13
2.52362e-13
1.77301e-13
1.25413e-13
8.94127e-14
6.43543e-14
4.68413e-14
3.45204e-14
2.58228e-14
1.96726e-14
1.52583e-14
1.20912e-14
9.85893e-15
8.21624e-15
7.03617e-15
6.28219e-15
5.71639e-15
5.37106e-15
5.33888e-15
5.39837e-15
5.60977e-15
5.96081e-15
6.74206e-15
7.49207e-15
9.10715e-15
1.05324e-14
1.35583e-14
1.6421e-14
2.10131e-14
2.91632e-14
3.59439e-14
5.08771e-14
6.54065e-14
9.66725e-14
1.24536e-13
1.85028e-13
2.43225e-13
3.69664e-13
4.88561e-13
7.45914e-13
9.94593e-13
1.53077e-12
2.08298e-12
2.98247e-12
4.6922e-12
6.22341e-12
9.62204e-12
1.31711e-11
2.08168e-11
2.81711e-11
4.40231e-11
6.0942e-11
8.99242e-11
1.41386e-10
1.89e-10
2.96382e-10
4.03714e-10
6.38752e-10
8.33823e-10
1.31216e-09
1.64218e-09
2.71759e-09
3.064e-09
5.77709e-09
5.94456e-09
1.58697e-08
2.11633e-08
9.36177e-08
2.54518e-07
1.22441e-06
3.23442e-06
1.07205e-05
1.31723e-05
2.35107e-05
3.15005e-05
5.33441e-05
0.000123686
0.000206356
0.000227999
0.00024576
0.000252455
0.00025593
0.000268111
0.000306216
0.000293717
0.000321153
0.000288545
0.000285688
0.000273069
0.00033345
0.00035688
0.000424432
0.000557649
0.000836579
0.000903378
0.00116495
0.00177373
0.00267525
0.00514882
0.014134
0.0343105
0.587533
0.264575
0.177452
0.0741968
0.0449554
0.048397
0.070454
0.127417
0.17964
0.204913
0.211837
0.209316
0.206286
0.205986
0.202604
0.191045
0.179425
0.175345
0.176881
0.185627
0.20541
0.259202
0.277162
0.276789
0.271294
0.237362
0.152669
0.0914855
0.0534922
0.0394325
0.0407938
0.042306
0.0378637
0.0295321
0.023264
0.0212059
0.0208807
0.0209582
0.0200998
0.0159362
0.0115262
0.0080264
0.00538248
0.00348504
0.00218644
0.00133638
0.00080059
0.000473009
0.000277954
0.000164071
9.81463e-05
5.98281e-05
3.72236e-05
2.36021e-05
1.52027e-05
9.9131e-06
6.52344e-06
4.32189e-06
2.8776e-06
1.92307e-06
1.28877e-06
8.65524e-07
5.82236e-07
3.92171e-07
2.64414e-07
1.78417e-07
1.20463e-07
8.13734e-08
5.49896e-08
3.7172e-08
2.51342e-08
1.69984e-08
1.14984e-08
7.77928e-09
5.26399e-09
3.56257e-09
2.41149e-09
1.63263e-09
1.10554e-09
7.48792e-10
5.07287e-10
3.43769e-10
2.33032e-10
1.58022e-10
1.072e-10
7.27565e-11
4.9406e-11
3.357e-11
2.28261e-11
1.55334e-11
1.05807e-11
7.21513e-12
4.92653e-12
3.36903e-12
2.30808e-12
1.58462e-12
1.09067e-12
7.52931e-13
5.21619e-13
3.62883e-13
2.53703e-13
1.78415e-13
1.26341e-13
9.01913e-14
6.50058e-14
4.73889e-14
3.49848e-14
2.62199e-14
2.00148e-14
1.5556e-14
1.23525e-14
1.00922e-14
8.42808e-15
7.23085e-15
6.46532e-15
5.89135e-15
5.53974e-15
5.50633e-15
5.56573e-15
5.76327e-15
6.11183e-15
6.93916e-15
7.71141e-15
9.30196e-15
1.07143e-14
1.38258e-14
1.65565e-14
2.23307e-14
2.74527e-14
3.8568e-14
4.86626e-14
7.03715e-14
9.03167e-14
1.33468e-13
1.74296e-13
2.53806e-13
3.67989e-13
4.80059e-13
7.47256e-13
1.00437e-12
1.53672e-12
2.04841e-12
3.19003e-12
4.31484e-12
6.71656e-12
9.09418e-12
1.39089e-11
2.05734e-11
2.77727e-11
4.51377e-11
6.19175e-11
9.6746e-11
1.32288e-10
2.11207e-10
2.88817e-10
4.57436e-10
6.11987e-10
9.78115e-10
1.25419e-09
2.03857e-09
2.46349e-09
4.05314e-09
5.27274e-09
9.0964e-09
2.02857e-08
5.74367e-08
1.84953e-07
5.17988e-07
1.44128e-06
1.88888e-06
4.36111e-06
7.14158e-06
2.56086e-05
6.54808e-05
0.000175707
0.000175754
0.000246382
0.00025028
0.00026335
0.000277572
0.000329237
0.000376254
0.000433322
0.00043782
0.000424107
0.000501675
0.000475752
0.000493782
0.000447158
0.000466146
0.000483735
0.000595889
0.000792496
0.00120151
0.00163445
0.00211274
0.00370322
0.00784693
0.0167499
0.0374397
0.824914
0.21401
0.193319
0.114111
0.0700158
0.0671225
0.0769659
0.103198
0.168302
0.211534
0.220121
0.21543
0.209538
0.206576
0.197105
0.190058
0.18973
0.192689
0.202599
0.230441
0.27314
0.290921
0.291842
0.287287
0.269736
0.225891
0.145502
0.0841137
0.0466904
0.0266798
0.0213294
0.0274298
0.0348658
0.0331623
0.026211
0.0216499
0.0200953
0.0196795
0.0194339
0.0176302
0.0127948
0.00871694
0.00571724
0.0036438
0.00226809
0.00138492
0.000833648
0.000497365
0.000295783
0.000176396
0.000106114
6.46974e-05
4.00866e-05
2.525e-05
1.61446e-05
1.04528e-05
6.83504e-06
4.50338e-06
2.98416e-06
1.98603e-06
1.32613e-06
8.87779e-07
5.95522e-07
4.00115e-07
2.69171e-07
1.81268e-07
1.22173e-07
8.24e-08
5.56062e-08
3.75425e-08
2.53568e-08
1.71323e-08
1.15789e-08
7.82775e-09
5.29317e-09
3.58014e-09
2.42208e-09
1.63902e-09
1.10941e-09
7.51133e-10
5.08709e-10
3.44635e-10
2.33561e-10
1.58347e-10
1.07401e-10
7.28818e-11
4.94853e-11
3.36212e-11
2.28598e-11
1.55562e-11
1.05965e-11
7.22637e-12
4.93469e-12
3.37505e-12
2.31259e-12
1.58802e-12
1.09327e-12
7.54942e-13
5.2319e-13
3.6413e-13
2.54706e-13
1.79235e-13
1.27021e-13
9.07605e-14
6.54903e-14
4.7805e-14
3.53443e-14
2.65334e-14
2.02897e-14
1.57986e-14
1.25688e-14
1.02865e-14
8.60339e-15
7.39034e-15
6.61321e-15
6.03025e-15
5.66983e-15
5.63385e-15
5.69346e-15
5.87686e-15
6.35582e-15
6.89816e-15
8.07036e-15
9.12376e-15
1.13842e-14
1.33664e-14
1.75993e-14
2.14544e-14
2.83022e-14
3.91504e-14
4.86039e-14
7.01502e-14
9.09303e-14
1.34699e-13
1.74214e-13
2.61135e-13
3.44942e-13
5.25763e-13
6.96771e-13
1.06864e-12
1.42976e-12
2.2111e-12
2.98567e-12
4.42148e-12
6.75894e-12
9.009e-12
1.41982e-11
1.95855e-11
3.08126e-11
4.20812e-11
6.6299e-11
9.39843e-11
1.36796e-10
2.20715e-10
3.02202e-10
4.41538e-10
7.2753e-10
9.51103e-10
1.40018e-09
2.20817e-09
2.54903e-09
5.58021e-09
5.83463e-09
2.11098e-08
2.77521e-08
1.49904e-07
2.88275e-07
1.6282e-06
3.83641e-06
1.80964e-05
3.93854e-05
0.000128124
0.000162743
0.000293871
0.000287097
0.000343938
0.000343776
0.0003979
0.000385743
0.00039627
0.000393331
0.00046675
0.000468339
0.000493761
0.00055406
0.000560367
0.000568587
0.000648535
0.000802042
0.000745403
0.000742147
0.00071917
0.000826755
0.00105108
0.00156496
0.00216788
0.00320723
0.00663755
0.0154026
0.0505367
0.890111
0.215924
0.21394
0.167116
0.131246
0.123544
0.110484
0.116727
0.156912
0.223187
0.237979
0.230226
0.223464
0.218278
0.207459
0.207379
0.213542
0.236956
0.273591
0.338357
0.351533
0.342304
0.319477
0.298038
0.253521
0.18107
0.119601
0.0721092
0.0420343
0.0252204
0.0177174
0.0162083
0.023166
0.0295165
0.0283025
0.0237764
0.0207789
0.0195256
0.0191422
0.0186267
0.0163746
0.0112711
0.00717324
0.00439169
0.00262031
0.00154238
0.000903683
0.000530218
0.000312884
0.000186327
0.000112271
6.85725e-05
4.24931e-05
2.67127e-05
1.70173e-05
1.09673e-05
7.13674e-06
4.68022e-06
3.08805e-06
2.04728e-06
1.36237e-06
9.09289e-07
6.08322e-07
4.07748e-07
2.7373e-07
1.83994e-07
1.23805e-07
8.3378e-08
5.61926e-08
3.78943e-08
2.5568e-08
1.72591e-08
1.1655e-08
7.87346e-09
5.32063e-09
3.59664e-09
2.43199e-09
1.64498e-09
1.11299e-09
7.53289e-10
5.10009e-10
3.4542e-10
2.34037e-10
1.58637e-10
1.07578e-10
7.29906e-11
4.95522e-11
3.36626e-11
2.28856e-11
1.55725e-11
1.06071e-11
7.23356e-12
4.9398e-12
3.37883e-12
2.31551e-12
1.59035e-12
1.09514e-12
7.56464e-13
5.24427e-13
3.65129e-13
2.55515e-13
1.79888e-13
1.27546e-13
9.11847e-14
6.58341e-14
4.80851e-14
3.55756e-14
2.67267e-14
2.04553e-14
1.59439e-14
1.26969e-14
1.04037e-14
8.71372e-15
7.49357e-15
6.71274e-15
6.12841e-15
5.76613e-15
5.72984e-15
5.78946e-15
5.97265e-15
6.44636e-15
6.9898e-15
8.17801e-15
9.23319e-15
1.14784e-14
1.34618e-14
1.7741e-14
2.14897e-14
2.95295e-14
3.67421e-14
5.22839e-14
6.64524e-14
9.70669e-14
1.25455e-13
1.86758e-13
2.45151e-13
3.56792e-13
5.24663e-13
6.8556e-13
1.06468e-12
1.43763e-12
2.21543e-12
2.95986e-12
4.61806e-12
6.27237e-12
9.72681e-12
1.37435e-11
1.91679e-11
3.14805e-11
4.29682e-11
6.67337e-11
9.33326e-11
1.48912e-10
2.16347e-10
3.12142e-10
4.90147e-10
7.76359e-10
9.52507e-10
1.98663e-09
2.0218e-09
5.3214e-09
4.58453e-09
2.23836e-08
3.51581e-08
2.05337e-07
7.7728e-07
4.48012e-06
1.42237e-05
5.15924e-05
9.64477e-05
0.000232599
0.000244792
0.000350502
0.000398334
0.00052965
0.000515521
0.000622357
0.000633213
0.000663496
0.000735541
0.000865497
0.000777913
0.000819811
0.000779035
0.000760916
0.000680958
0.000727411
0.000747971
0.000796866
0.000884159
0.00101696
0.00133862
0.00130125
0.0015727
0.00189142
0.00316919
0.00467689
0.00763354
0.0155736
0.0488678
1.02869
0.564115
0.47047
0.385818
0.323723
0.286382
0.233463
0.197877
0.20786
0.246914
0.246898
0.239971
0.24821
0.249283
0.242002
0.242143
0.257337
0.331642
0.385997
0.389251
0.376301
0.349773
0.322464
0.283777
0.207011
0.12752
0.0745071
0.0491315
0.0337436
0.0237663
0.017796
0.0150712
0.0148963
0.0199362
0.0245773
0.0243573
0.0219846
0.0199454
0.0188148
0.0183556
0.0175715
0.0147578
0.010089
0.00623348
0.00360859
0.00201712
0.00111504
0.000621082
0.000351476
0.000203095
0.000120069
7.25622e-05
4.47157e-05
2.8016e-05
1.7797e-05
1.14347e-05
7.41557e-06
4.84561e-06
3.18575e-06
2.10486e-06
1.3963e-06
9.29277e-07
6.20111e-07
4.14709e-07
2.77845e-07
1.86429e-07
1.25247e-07
8.42323e-08
5.66991e-08
3.81946e-08
2.57461e-08
1.73647e-08
1.17177e-08
7.91064e-09
5.34269e-09
3.60972e-09
2.43976e-09
1.64958e-09
1.11572e-09
7.549e-10
5.10958e-10
3.45979e-10
2.34366e-10
1.5883e-10
1.07693e-10
7.30597e-11
4.95945e-11
3.3689e-11
2.29025e-11
1.55834e-11
1.06143e-11
7.23827e-12
4.94284e-12
3.38081e-12
2.31679e-12
1.59119e-12
1.09572e-12
7.56878e-13
5.24753e-13
3.65405e-13
2.55756e-13
1.80107e-13
1.27747e-13
9.13684e-14
6.60009e-14
4.82362e-14
3.57113e-14
2.68477e-14
2.05616e-14
1.60361e-14
1.27782e-14
1.04742e-14
8.77409e-15
7.54746e-15
6.76116e-15
6.17153e-15
5.80578e-15
5.76865e-15
5.82861e-15
6.04284e-15
6.40244e-15
7.20094e-15
7.96724e-15
9.61862e-15
1.10743e-14
1.41915e-14
1.69194e-14
2.27686e-14
2.79541e-14
3.91067e-14
4.91838e-14
7.09145e-14
9.09459e-14
1.32943e-13
1.79836e-13
2.39752e-13
3.76438e-13
4.92379e-13
7.37048e-13
9.86517e-13
1.52521e-12
2.12562e-12
2.89125e-12
4.70384e-12
6.30717e-12
9.69363e-12
1.32156e-11
2.1177e-11
2.89692e-11
4.62007e-11
6.3387e-11
1.03944e-10
1.42691e-10
2.40133e-10
3.23599e-10
5.79491e-10
7.33626e-10
1.46922e-09
1.64856e-09
3.9781e-09
4.90693e-09
1.28141e-08
4.02522e-08
1.61515e-07
6.8616e-07
2.59974e-06
7.24562e-06
1.9449e-05
2.53368e-05
4.47298e-05
6.03013e-05
7.95222e-05
0.000157841
0.000175634
0.000230116
0.000258222
0.000322202
0.000383367
0.000553898
0.000576776
0.00067604
0.000761253
0.000863269
0.00109568
0.00106713
0.0011446
0.00106216
0.00107294
0.000929993
0.000974795
0.00103557
0.00126828
0.00142434
0.00154114
0.00191252
0.00263173
0.00441302
0.0077374
0.0159198
0.067809
1.3259
6.76932
3.90813
1.48965
0.726944
0.569949
1.01545
0.931733
1.08698
1.56239
2.28219
2.95955
3.22076
3.18321
3.0706
3.01793
3.02203
3.06065
3.11423
3.15704
3.20698
3.49824
3.44292
1.69745
1.02124
1.37651
1.88147
2.35644
2.53333
2.44628
2.46338
2.60783
2.83605
2.95183
2.98558
3.00756
3.04605
3.09512
3.16657
3.21463
3.29711
1.54672
3.73667
2.48922
1.80823
1.828
2.62975
2.83427
2.89249
2.58437
2.17019
2.00367
2.00987
2.04178
2.04762
2.02073
1.98856
1.98065
2.00956
2.04756
2.1516
0.56602
3.07512
2.65851
2.81166
2.39451
2.80578
2.83434
2.71362
2.1631
1.62536
1.39882
1.37135
1.36854
1.33658
1.22492
1.09109
0.977191
0.930971
0.914491
0.943464
0.22652
1.72493
1.84237
2.74609
2.56544
2.66436
2.50768
2.0277
1.3186
0.870451
0.670315
0.657562
0.680915
0.686445
0.660928
0.557545
0.429808
0.340737
0.275849
0.248467
0.126925
0.793178
0.910623
1.87277
2.05114
2.04773
1.78239
1.04754
0.613837
0.419922
0.316943
0.276143
0.275559
0.278019
0.273541
0.246462
0.189951
0.135538
0.104788
0.0643522
0.112655
0.365471
0.41387
0.771193
1.05918
1.04979
0.793432
0.451832
0.310899
0.24233
0.195661
0.164684
0.152738
0.1498
0.145532
0.133558
0.109534
0.0794817
0.0624748
0.0341304
0.122953
0.198547
0.216413
0.302316
0.430252
0.41697
0.321071
0.243251
0.216541
0.189828
0.158294
0.136044
0.126664
0.122888
0.117109
0.102845
0.0833827
0.0597805
0.045518
0.0238163
0.138644
0.158149
0.163627
0.176938
0.206581
0.204666
0.20121
0.198401
0.19104
0.172923
0.142004
0.119766
0.109982
0.1052
0.0966094
0.0813621
0.0636527
0.0441722
0.0320879
0.0161007
0.152485
0.162425
0.164181
0.165705
0.168285
0.18076
0.193318
0.190525
0.175155
0.138046
0.105822
0.0859254
0.0775362
0.0739568
0.0675315
0.0561461
0.0427985
0.028912
0.020225
0.00982462
0.147086
0.163769
0.164873
0.164443
0.169841
0.183387
0.179817
0.157007
0.1035
0.0740827
0.0573242
0.0489486
0.0464393
0.0452843
0.0427024
0.0354674
0.026356
0.0174463
0.0119181
0.00567819
0.114597
0.144331
0.143354
0.140312
0.141439
0.137996
0.120332
0.0769026
0.0558795
0.046339
0.0392493
0.0338148
0.0311234
0.0293387
0.0260211
0.0207675
0.0151853
0.00994408
0.00678929
0.00323254
0.0651875
0.0858577
0.0857245
0.0831788
0.0807985
0.0753804
0.0591725
0.0452849
0.0428945
0.040433
0.0363618
0.0313075
0.0268393
0.02266
0.0183766
0.0139926
0.0102418
0.00686705
0.00494221
0.00243304
0.0390749
0.0518281
0.0541425
0.0527661
0.0501914
0.0439174
0.0379192
0.0398357
0.0555999
0.0606731
0.0576969
0.0500224
0.0402684
0.0318754
0.0255115
0.0202589
0.0165672
0.0122774
0.010218
0.00589
0.0284005
0.0378944
0.0377526
0.0352855
0.0299032
0.0298389
0.0379705
0.0772419
0.187368
0.210645
0.201154
0.177189
0.149186
0.1257
0.112019
0.101788
0.0971482
0.0857246
0.0786129
0.060164
0.0186671
0.0223924
0.0219643
0.0226058
0.0269386
0.0510257
0.148095
0.425885
0.729505
0.75438
0.724891
0.65558
0.583358
0.528378
0.499917
0.478088
0.467761
0.440741
0.424722
0.384189
0.0130243
0.0167326
0.0366662
0.0990796
0.205095
0.443568
1.02257
1.78349
2.11152
2.0547
1.88142
1.69003
1.54248
1.4384
1.37699
1.3333
1.30693
1.26927
1.25129
1.21056
0.0626411
0.267933
0.715712
1.38448
1.88367
2.79834
3.92866
4.15962
3.95334
3.47925
3.07223
2.78505
2.5954
2.4816
2.42031
2.38705
2.37034
2.35549
2.34828
2.33617
1.52404
3.52927
5.07047
6.00821
6.5357
6.5354
6.26089
5.42962
4.49421
3.89302
3.54628
3.36671
3.29185
3.28446
3.29651
3.32209
3.34491
3.36094
3.37079
3.37958
8.43803
10.0173
9.89549
9.18474
8.19757
6.91108
5.24397
3.72494
2.88747
2.61133
2.60462
2.68613
2.81633
2.94353
3.04867
3.12293
3.16991
3.19797
3.21503
3.22954
)
;

boundaryField
{
    inlet
    {
        type            fixedValue;
        value           uniform 2e-05;
    }
    outlet
    {
        type            inletOutlet;
        inletValue      uniform 0;
        value           nonuniform List<scalar> 
20
(
3.20698
3.29711
2.1516
0.943464
0.248467
0.0643522
0.0341304
0.0238163
0.0161007
0.00982462
0.00567819
0.00323254
0.00243304
0.00589
0.060164
0.384189
1.21056
2.33617
3.37958
3.22954
)
;
    }
    walls
    {
        type            fixedValue;
        value           uniform 0;
    }
    frontAndBack
    {
        type            empty;
    }
}


// ************************************************************************* //
