/*--------------------------------*- C++ -*----------------------------------*\
| =========                 |                                                 |
| \\      /  F ield         | OpenFOAM: The Open Source CFD Toolbox           |
|  \\    /   O peration     | Version:  2.4.0                                 |
|   \\  /    A nd           | Web:      www.OpenFOAM.org                      |
|    \\/     M anipulation  |                                                 |
\*---------------------------------------------------------------------------*/
FoamFile
{
    version     2.0;
    format      ascii;
    class       volScalarField;
    location    "1.49";
    object      pMean;
}
// * * * * * * * * * * * * * * * * * * * * * * * * * * * * * * * * * * * * * //

dimensions      [0 2 -2 0 0 0 0];

internalField   nonuniform List<scalar> 
8800
(
87.038
74.5863
67.1806
63.6123
61.721
60.2799
59.0702
57.9106
56.8795
55.8351
54.8837
53.8822
52.9784
52.0187
51.1814
50.2904
49.536
48.7344
48.0511
47.2655
83.9269
74.232
67.3489
63.7261
61.781
60.3052
59.0778
57.911
56.8774
55.8327
54.8808
53.88
52.9757
52.017
51.1793
50.2884
49.5374
48.7291
48.0528
47.222
81.962
74.3084
67.9498
64.1017
61.9485
60.3848
59.1244
57.9436
56.9016
55.8497
54.891
53.8847
52.9771
52.0152
51.178
50.2816
49.5405
48.7184
48.1077
47.2593
80.427
74.3706
68.5351
64.5251
62.1322
60.4732
59.187
58.0004
56.9499
55.8886
54.9182
53.9024
52.9877
52.0194
51.1798
50.2759
49.5405
48.7174
48.1915
47.4435
79.1787
74.3443
69.0091
64.9305
62.3005
60.5415
59.2359
58.0586
57.0052
55.9406
54.9527
53.9301
52.9996
52.0303
51.1773
50.2769
49.5273
48.7289
48.1752
47.6949
78.194
74.2474
69.3725
65.2764
62.4503
60.5849
59.2635
58.1037
57.0544
55.9904
54.9866
53.9575
53.0095
52.0399
51.171
50.276
49.5082
48.7385
48.2132
48.0559
77.4375
74.1304
69.6389
65.5558
62.5847
60.6108
59.2717
58.1354
57.0929
56.0319
55.0144
53.9804
53.0156
52.0463
51.1621
50.2727
49.4878
48.744
48.2863
48.4133
76.8845
74.0292
69.8197
65.7678
62.7024
60.6296
59.2647
58.159
57.1199
56.0655
55.0334
54.0008
53.0166
52.0539
51.1502
50.2754
49.4672
48.7497
48.2648
48.72
76.5247
73.9586
69.9338
65.912
62.7867
60.6426
59.2563
58.1748
57.14
56.0903
55.0481
54.0159
53.0199
52.0607
51.1465
50.2796
49.4598
48.7686
48.331
49.0006
76.3455
73.9272
69.9924
65.9892
62.8318
60.6526
59.2524
58.186
57.1532
56.1074
55.0582
54.0278
53.025
52.0697
51.1499
50.2895
49.469
48.7949
48.3941
49.1202
76.3385
73.9384
69.994
65.9944
62.8314
60.6564
59.2503
58.1904
57.1532
56.1125
55.0588
54.034
53.0272
52.0787
51.1552
50.3029
49.4801
48.8209
48.4317
49.209
76.5069
73.9876
69.9381
65.9232
62.7863
60.6513
59.2519
58.185
57.1413
56.1029
55.051
54.0325
53.0279
52.0849
51.1634
50.3162
49.4962
48.8394
48.454
49.2357
76.8574
74.0706
69.823
65.7811
62.6999
60.6424
59.257
58.1743
57.1205
56.0845
55.0369
54.0272
53.0282
52.0928
51.1766
50.3351
49.5198
48.8606
48.4573
49.2003
77.403
74.1774
69.6408
65.569
62.5769
60.6251
59.2599
58.1534
57.0901
56.055
55.0154
54.0148
53.0262
52.0991
51.1921
50.3579
49.5511
48.8882
48.4454
49.0857
78.1561
74.2942
69.3757
65.2873
62.4382
60.5962
59.2522
58.1202
57.05
56.0144
54.987
53.9947
53.0214
52.1008
51.2083
50.3816
49.5913
48.9257
48.4441
48.8864
79.1376
74.3924
69.0131
64.9408
62.2856
60.5512
59.2258
58.0749
57.0009
55.9655
54.9544
53.9697
53.0151
52.0986
51.2245
50.4034
49.6387
48.9747
48.4727
48.6229
80.3838
74.4198
68.5408
64.5378
62.1162
60.4835
59.1779
58.0185
56.9461
55.9155
54.9217
53.9451
53.0078
52.0941
51.2382
50.4199
49.6851
49.022
48.5315
48.3468
81.9179
74.3568
67.9582
64.1166
61.9327
60.3953
59.1162
57.9623
56.8992
55.8771
54.8974
53.9283
53.0029
52.0921
51.2483
50.4324
49.7183
49.0584
48.5901
48.2037
83.8815
74.2781
67.3591
63.7427
61.7659
60.3156
59.0698
57.9299
56.8757
55.8605
54.8884
53.9243
53.0035
52.0953
51.2549
50.4422
49.7339
49.0798
48.5869
48.1264
86.9914
74.6305
67.1905
63.6293
61.7066
60.2902
59.0624
57.9298
56.8778
55.8634
54.8912
53.927
53.0062
52.0978
51.2581
50.4456
49.7375
49.0855
48.5882
48.2463
47.3121
47.216
46.9808
46.7307
46.5301
46.3839
46.2876
46.225
46.1831
46.1539
46.1328
46.1105
46.0854
46.0538
46.0152
45.9665
45.9098
45.8407
45.7636
45.6755
45.583
45.4908
45.4059
45.3287
45.265
45.2155
45.1807
45.1525
45.1253
45.0888
45.0413
44.9821
44.9185
44.8553
44.7967
44.7388
44.6804
44.6107
44.5302
44.4342
44.3313
44.2214
44.1213
44.0347
43.9745
43.937
43.9269
43.9341
43.9568
43.9827
44.0059
44.0127
44.0014
43.9606
43.8975
43.8021
43.6877
43.548
43.3962
43.2222
43.0341
42.8243
42.6062
42.3799
42.1652
41.9716
41.8169
41.7109
41.662
41.659
41.7015
41.77
41.8639
41.9607
42.0654
42.1545
42.2369
42.2884
42.3204
42.3158
42.2889
42.2311
42.1612
42.068
41.9781
41.8839
41.8057
41.7432
41.703
41.6884
41.7028
41.7479
41.8244
41.9238
42.0472
42.1831
42.3364
42.4944
42.6629
42.8261
42.9898
43.1391
43.2844
43.3986
43.509
43.5897
43.6687
43.7259
43.7888
43.8301
43.872
43.8929
43.9122
43.9097
43.9059
43.8867
43.8723
43.8483
43.834
43.8132
43.8045
43.7898
43.7916
43.7853
43.8018
43.8031
43.8375
43.8556
43.9129
43.9689
44.0629
44.1621
44.289
44.4202
44.5702
44.7184
44.8798
45.0312
45.1893
45.333
45.485
45.6294
45.7842
45.9349
46.095
46.2488
46.4125
46.5756
46.7455
46.9147
47.087
47.2561
47.4298
47.5934
47.7588
47.919
48.0918
48.252
48.4332
48.6052
48.804
48.9754
49.1787
49.3428
49.535
49.6793
49.8584
49.9806
50.1378
50.2294
50.3862
50.4501
50.621
50.6809
50.8781
50.9471
51.1841
51.2658
51.5364
51.6515
51.9423
52.0988
52.4237
52.6389
52.9979
53.2762
53.6682
53.9783
54.3985
54.7079
55.1209
55.3652
55.6555
55.6454
55.5519
54.8314
53.6519
50.4589
46.3633
26.073
47.0909
47.0546
46.9712
46.8007
46.6061
46.4382
46.3246
46.2586
46.2276
46.212
46.2031
46.1887
46.1686
46.1384
46.1011
46.0529
45.9971
45.9304
45.8575
45.7758
45.6915
45.607
45.5298
45.4594
45.4013
45.353
45.3168
45.2857
45.2579
45.2241
45.1835
45.1323
45.0767
45.0171
44.9596
44.899
44.8374
44.766
44.6875
44.5959
44.4993
44.398
44.3044
44.222
44.1609
44.1193
44.1012
44.0991
44.1112
44.1251
44.1381
44.1361
44.1202
44.0779
44.0163
43.9251
43.8151
43.6797
43.5304
43.3608
43.1785
42.9787
42.7713
42.5593
42.3567
42.1734
42.0238
41.9141
41.8547
41.8368
41.8617
41.9128
41.9897
42.0734
42.1631
42.2424
42.3113
42.3554
42.3777
42.3686
42.338
42.2806
42.2118
42.1282
42.045
41.9636
41.8926
41.8392
41.8039
41.792
41.8066
41.8505
41.9237
42.0186
42.1366
42.2687
42.4168
42.5698
42.7322
42.8919
43.0518
43.1993
43.3381
43.4491
43.5521
43.6303
43.7016
43.7531
43.8027
43.8349
43.8623
43.8729
43.8761
43.8609
43.8371
43.8037
43.7681
43.7286
43.6924
43.6515
43.6226
43.5885
43.575
43.5565
43.5637
43.5608
43.5871
43.6039
43.6504
43.6979
43.777
43.8623
43.9755
44.0939
44.2325
44.3667
44.5156
44.6539
44.7982
44.9282
45.0662
45.1959
45.3341
45.4658
45.6096
45.741
45.8902
46.0315
46.189
46.3408
46.5022
46.6566
46.825
46.9742
47.1394
47.2878
47.465
47.6158
47.8031
47.9697
48.1709
48.3347
48.5385
48.6913
48.8796
49.0124
49.1842
49.2868
49.4363
49.5011
49.6492
49.6848
49.8451
49.8761
50.067
50.1099
50.3362
50.4024
50.6539
50.7574
51.0234
51.1634
51.4496
51.6407
51.9577
52.1798
52.5298
52.7439
53.099
53.266
53.5485
53.5637
53.636
53.2259
52.7519
51.1754
49.4776
43.7997
37.9773
19.2997
47.0613
47.069
47.0881
46.9714
46.754
46.5234
46.3552
46.2631
46.237
46.2412
46.2549
46.2577
46.2483
46.2218
46.1847
46.1342
46.0769
46.01
45.9392
45.8621
45.7854
45.7088
45.6397
45.5762
45.5237
45.4782
45.4429
45.4112
45.3837
45.352
45.317
45.2725
45.2243
45.1693
45.1141
45.0532
44.9905
44.9194
44.8439
44.7587
44.6702
44.5786
44.4933
44.4169
44.3571
44.3128
44.2879
44.2756
44.2758
44.2769
44.2779
44.2658
44.2422
44.1963
44.1329
44.0441
43.9363
43.8057
43.6593
43.4956
43.3199
43.1319
42.9383
42.7431
42.557
42.3871
42.2465
42.1386
42.0724
42.0434
42.0527
42.0889
42.1493
42.2197
42.2957
42.3637
42.42
42.4551
42.4679
42.4548
42.4207
42.3671
42.3007
42.2266
42.1496
42.0777
42.0139
41.9659
41.9327
41.9203
41.9323
41.9725
42.0391
42.129
42.2404
42.3688
42.5106
42.6598
42.8164
42.9724
43.1274
43.2724
43.4041
43.5129
43.6106
43.6876
43.7528
43.8007
43.841
43.8678
43.8846
43.8885
43.8776
43.8512
43.811
43.7636
43.7113
43.6541
43.6003
43.5402
43.4968
43.446
43.4221
43.3946
43.3965
43.3941
43.4146
43.433
43.4713
43.5147
43.5811
43.6546
43.7546
43.8603
43.9861
44.1066
44.2407
44.3661
44.4959
44.6126
44.7374
44.8545
44.98
45.0987
45.2297
45.3468
45.4847
45.61
45.7576
45.8895
46.0376
46.1734
46.3312
46.4638
46.6275
46.7664
46.9424
47.0906
47.2825
47.4526
47.6539
47.8153
48.0186
48.1594
48.3447
48.4605
48.6245
48.7002
48.8428
48.8831
49.0217
49.0328
49.1883
49.1929
49.3805
49.4038
49.6081
49.6661
49.8803
49.9747
50.1965
50.3183
50.5645
50.7102
50.9953
51.1377
51.4427
51.5468
51.8169
51.8203
51.9821
51.7127
51.6219
50.6753
50.0703
47.345
45.4736
38.4245
31.3847
18.6786
46.9908
47.0054
47.1239
47.0261
46.7807
46.5118
46.3192
46.2271
46.2218
46.2575
46.3044
46.3342
46.3425
46.3237
46.2867
46.2323
46.1702
46.0998
46.0287
45.9544
45.8835
45.8141
45.753
45.6968
45.6506
45.6095
45.5768
45.5462
45.5197
45.4897
45.4582
45.4187
45.3755
45.3245
45.2713
45.2116
45.1498
45.0813
45.0099
44.9322
44.8533
44.7724
44.6966
44.6264
44.569
44.5223
44.4908
44.4682
44.4557
44.4435
44.4314
44.4093
44.3775
44.3279
44.2623
44.1755
44.0708
43.9462
43.8064
43.6517
43.4867
43.3128
43.1354
42.9584
42.7901
42.6357
42.5054
42.4019
42.3322
42.2942
42.2901
42.3116
42.3562
42.4122
42.474
42.5293
42.5736
42.5997
42.6048
42.5891
42.5538
42.5035
42.4405
42.3731
42.3028
42.2375
42.179
42.1319
42.0969
42.0802
42.0872
42.1214
42.1811
42.2645
42.3703
42.4929
42.6291
42.7728
42.9246
43.0758
43.2257
43.3661
43.4918
43.5966
43.6902
43.7662
43.8284
43.8755
43.9117
43.9363
43.9475
43.9447
43.9221
43.8836
43.8306
43.7682
43.704
43.6307
43.5649
43.4906
43.436
43.3729
43.3422
43.3087
43.3085
43.3052
43.3245
43.3413
43.3788
43.4198
43.4816
43.5484
43.6363
43.7312
43.8432
43.951
44.0701
44.1817
44.2974
44.4014
44.5155
44.6211
44.7385
44.849
44.9717
45.0835
45.2138
45.3282
45.4655
45.5768
45.7116
45.8235
45.9684
46.0806
46.2402
46.3731
46.5486
46.6976
46.8974
47.0643
47.2691
47.4235
47.6321
47.7502
47.9418
48.0305
48.1949
48.2373
48.3773
48.39
48.5239
48.5118
48.6703
48.6627
48.8337
48.8548
49.0184
49.0728
49.2393
49.3169
49.4964
49.587
49.798
49.8844
50.1295
50.1829
50.435
50.3961
50.6317
50.3774
50.531
49.8276
49.7674
48.0928
47.4928
43.8836
41.4545
34.8193
27.3152
18.8073
47.9368
47.7933
47.3629
46.9236
46.5526
46.2823
46.1463
46.122
46.175
46.2599
46.3489
46.4124
46.4429
46.4354
46.4003
46.3424
46.2742
46.1985
46.1244
46.051
45.9843
45.9217
45.8683
45.8203
45.7812
45.7461
45.7175
45.6899
45.6651
45.6372
45.6081
45.5724
45.5331
45.4864
45.4366
45.3805
45.322
45.2578
45.1917
45.1214
45.051
44.979
44.9109
44.8459
44.7897
44.7404
44.7016
44.6691
44.6441
44.6202
44.5963
44.5655
44.5263
44.4737
44.407
44.3235
44.2241
44.1084
43.9791
43.8372
43.6868
43.5292
43.3699
43.2114
43.0614
42.923
42.8045
42.7078
42.6384
42.5952
42.5807
42.5898
42.6196
42.6611
42.7075
42.7496
42.7818
42.7993
42.7986
42.7806
42.7452
42.6965
42.6371
42.5732
42.5071
42.4437
42.3855
42.3346
42.294
42.2697
42.2699
42.2954
42.3483
42.4245
42.5253
42.6422
42.7732
42.9133
43.0607
43.2077
43.3535
43.4892
43.6104
43.7119
43.8029
43.8783
43.9387
43.9874
44.0212
44.0446
44.051
44.0406
44.008
43.9566
43.8934
43.8185
43.7455
43.6615
43.5858
43.5039
43.4405
43.3752
43.3411
43.3095
43.3068
43.3047
43.3226
43.3389
43.3801
43.4187
43.4833
43.5449
43.6277
43.7116
43.8136
43.9079
44.0169
44.1122
44.2201
44.3113
44.4202
44.5138
44.6288
44.7326
44.855
44.964
45.0904
45.1946
45.3245
45.4133
45.5384
45.623
45.7556
45.847
46.0014
46.122
46.3039
46.4436
46.6564
46.8095
47.0235
47.1673
47.3834
47.48
47.6807
47.7377
47.9041
47.9137
48.0509
48.0348
48.1638
48.1418
48.296
48.2963
48.4458
48.4665
48.6038
48.6341
48.7693
48.8048
48.9647
48.9933
49.1929
49.1865
49.4229
49.3247
49.585
49.3049
49.5724
48.9673
49.1483
47.9877
47.8743
45.7298
44.7421
41.1253
37.9172
32.6553
25.5896
19.2924
48.6565
48.4405
47.6252
46.8716
46.3282
46.0236
45.9402
45.9992
46.1307
46.2802
46.4168
46.5133
46.5623
46.5629
46.5275
46.465
46.3893
46.3073
46.2284
46.1543
46.0897
46.0327
45.9858
45.9457
45.9136
45.8853
45.8616
45.8382
45.816
45.7908
45.7639
45.7316
45.6956
45.6535
45.6078
45.5566
45.5026
45.4441
45.3839
45.3206
45.257
45.1922
45.1295
45.0685
45.0127
44.9613
44.9165
44.8761
44.8404
44.806
44.7713
44.732
44.686
44.6302
44.5632
44.4837
44.3912
44.2859
44.1689
44.0415
43.907
43.7675
43.6271
43.4885
43.3573
43.236
43.1307
43.0432
42.9777
42.9338
42.9139
42.9155
42.9341
42.9629
42.9951
43.0246
43.0454
43.0544
43.0482
43.0275
42.991
42.9421
42.883
42.8182
42.7513
42.6858
42.6248
42.568
42.5197
42.4842
42.4758
42.4923
42.5371
42.6065
42.7023
42.8142
42.9399
43.0773
43.2212
43.366
43.509
43.6435
43.7624
43.8637
43.9539
44.0291
44.0897
44.1396
44.1724
44.1922
44.1929
44.1724
44.1299
44.0653
43.9945
43.9115
43.8315
43.7422
43.6596
43.5761
43.5096
43.4514
43.419
43.396
43.3933
43.3961
43.4124
43.4353
43.4785
43.5243
43.5927
43.6532
43.7357
43.8083
43.9028
43.9836
44.0856
44.1681
44.2727
44.3558
44.4611
44.5484
44.6649
44.7629
44.8912
44.9982
45.1235
45.2208
45.3409
45.4094
45.5192
45.5808
45.6976
45.7669
45.9193
46.0192
46.2071
46.3326
46.5562
46.6911
46.9227
47.0454
47.2813
47.3484
47.5654
47.5909
47.7629
47.7308
47.875
47.8253
47.9625
47.933
48.0913
48.0889
48.2452
48.2372
48.3804
48.3584
48.488
48.447
48.6119
48.5479
48.7458
48.6249
48.8476
48.5974
48.8275
48.3606
48.5405
47.7168
47.7099
46.3432
45.8901
43.7395
42.252
39.1527
35.6552
31.6963
25.6248
20.3958
49.2873
49.0009
47.8388
46.7813
46.0635
45.7259
45.7076
45.8688
46.0953
46.318
46.5024
46.6281
46.6901
46.6934
46.6528
46.5824
46.4975
46.4084
46.3244
46.2492
46.1859
46.1336
46.0924
46.0597
46.0342
46.0128
45.9943
45.9759
45.9568
45.9349
45.91
45.8805
45.847
45.8088
45.7668
45.7206
45.6715
45.6191
45.5645
45.5077
45.4498
45.391
45.3327
45.2753
45.2201
45.1676
45.1185
45.0724
45.0287
44.9861
44.9427
44.8965
44.8451
44.7873
44.7211
44.646
44.5609
44.4661
44.3618
44.2495
44.1314
44.01
43.888
43.7686
43.655
43.5503
43.458
43.3809
43.322
43.2827
43.2633
43.2623
43.2748
43.2944
43.3149
43.3328
43.3438
43.346
43.3352
43.3107
43.2718
43.2208
43.1589
43.0896
43.0185
42.9486
42.8824
42.8176
42.7592
42.7116
42.6918
42.6998
42.7383
42.8037
42.8964
43.0055
43.129
43.2654
43.4068
43.5523
43.6943
43.8292
43.9482
44.0529
44.141
44.2154
44.2766
44.3255
44.3563
44.3703
44.3658
44.3357
44.2843
44.2088
44.13
44.0411
43.9557
43.8657
43.7805
43.7021
43.6414
43.5981
43.5758
43.5666
43.5699
43.5796
43.5981
43.628
43.6747
43.7316
43.802
43.871
43.9501
44.0211
44.1073
44.1833
44.2787
44.3596
44.4621
44.5449
44.6486
44.7386
44.8542
44.9522
45.0791
45.1886
45.313
45.4056
45.5123
45.5659
45.6524
45.7015
45.7958
45.8424
45.99
46.0724
46.25
46.3742
46.6015
46.7185
46.9749
47.0787
47.3245
47.3776
47.5954
47.6088
47.779
47.7248
47.859
47.7981
47.9333
47.9158
48.0696
48.0751
48.2252
48.2098
48.3384
48.2822
48.3779
48.2874
48.4007
48.2803
48.3987
48.2091
48.334
47.9979
48.1076
47.5325
47.5317
46.6236
46.3936
44.9867
44.2643
42.2748
40.5782
38.1141
34.7799
31.7032
26.6948
22.0512
50.26
49.8246
48.0977
46.6397
45.7383
45.3812
45.4437
45.7262
46.0636
46.3649
46.5945
46.7439
46.8137
46.8153
46.7661
46.6859
46.5913
46.4961
46.4086
46.3335
46.2723
46.2249
46.189
46.1629
46.1434
46.1283
46.1147
46.1009
46.085
46.0662
46.0433
46.0165
45.9853
45.9502
45.911
45.8689
45.8235
45.7757
45.7254
45.6735
45.6198
45.5655
45.5104
45.4558
45.4016
45.3491
45.2976
45.2482
45.1993
45.1514
45.1024
45.0521
44.9982
44.9406
44.8768
44.8073
44.7301
44.6462
44.5544
44.4571
44.3544
44.2494
44.1435
44.0408
43.9426
43.8532
43.7741
43.709
43.6588
43.6265
43.61
43.6092
43.6179
43.6311
43.6428
43.6522
43.6555
43.653
43.6388
43.6112
43.5688
43.514
43.4467
43.3712
43.2941
43.2178
43.1462
43.0737
43.0051
42.9481
42.9189
42.9217
42.9566
43.0217
43.1115
43.2192
43.3415
43.4773
43.6193
43.7667
43.9116
44.0503
44.1703
44.2771
44.3617
44.4369
44.4968
44.5413
44.5672
44.5737
44.5636
44.5278
44.4682
44.3859
44.2986
44.2079
44.1206
44.0344
43.9543
43.8893
43.8426
43.8199
43.8139
43.8226
43.8367
43.8569
43.8828
43.9222
43.9769
44.0419
44.116
44.1895
44.2657
44.343
44.4254
44.5045
44.5968
44.6838
44.7864
44.8761
44.9801
45.0758
45.1898
45.2907
45.42
45.5276
45.6543
45.7407
45.8425
45.8757
45.9411
45.9852
46.058
46.0913
46.2307
46.2912
46.4605
46.5711
46.8036
46.9064
47.1724
47.2799
47.5232
47.5879
47.7994
47.8226
47.984
47.9174
48.0264
47.9711
48.0877
48.0911
48.2409
48.2606
48.4043
48.3895
48.508
48.4131
48.4701
48.3373
48.3863
48.1983
48.2282
47.962
47.9952
47.5664
47.5969
46.9076
46.7937
45.8234
45.4656
44.1027
43.2715
41.5432
39.8149
37.8881
34.8959
32.2803
28.1432
23.945
50.6818
50.2158
48.2872
46.6272
45.6016
45.2059
45.2984
45.651
46.0611
46.4216
46.6895
46.8595
46.9348
46.9321
46.8723
46.7814
46.6779
46.5778
46.4881
46.4142
46.3557
46.3129
46.2822
46.262
46.2479
46.2382
46.2288
46.2188
46.2056
46.1894
46.1684
46.1438
46.1142
46.0814
46.0445
46.0053
45.9626
45.9181
45.8706
45.8219
45.771
45.7197
45.6667
45.6141
45.5607
45.5083
45.4556
45.4041
45.3521
45.3014
45.2496
45.1979
45.1436
45.0878
45.0277
44.9643
44.8951
44.8214
44.7411
44.6571
44.5685
44.4788
44.3879
44.3006
44.2175
44.1433
44.078
44.0256
43.9851
43.9604
43.9483
43.9486
43.9541
43.9625
43.9673
43.9699
43.968
43.9627
43.946
43.9166
43.8721
43.814
43.741
43.6581
43.5723
43.4888
43.4108
43.3304
43.2577
43.1948
43.162
43.1636
43.1997
43.2653
43.353
43.4572
43.5792
43.7158
43.8622
44.0129
44.1636
44.3101
44.4353
44.5425
44.6265
44.7004
44.755
44.791
44.8074
44.8062
44.7911
44.7496
44.6851
44.6002
44.51
44.4213
44.3379
44.2599
44.1933
44.1466
44.1216
44.1231
44.138
44.1686
44.1978
44.2325
44.2701
44.3194
44.3835
44.4552
44.5344
44.6105
44.6877
44.7718
44.8542
44.938
45.0326
45.1226
45.23
45.3252
45.4324
45.5388
45.6564
45.7626
45.8989
46.0054
46.1449
46.2189
46.3339
46.3319
46.393
46.4218
46.4749
46.5029
46.6377
46.6668
46.8448
46.9325
47.1765
47.267
47.5414
47.6479
47.8947
47.9562
48.1915
48.2148
48.3908
48.2747
48.3708
48.3334
48.4446
48.4639
48.6056
48.6469
48.788
48.7777
48.898
48.7384
48.7767
48.595
48.5971
48.3223
48.3103
47.9427
47.894
47.4376
47.3807
46.6996
46.5113
45.5009
45.0823
43.7969
42.9195
41.4802
39.7948
38.211
35.5806
33.1717
29.669
25.8908
50.9033
50.4678
48.4803
46.7281
45.6226
45.1724
45.2527
45.6326
46.0843
46.4834
46.7784
46.9631
47.0417
47.0344
46.9656
46.8658
46.7555
46.652
46.5617
46.4897
46.4347
46.3966
46.371
46.3561
46.3466
46.341
46.3348
46.3275
46.3163
46.3019
46.2824
46.2593
46.2313
46.2004
46.1654
46.1282
46.0874
46.0452
45.9999
45.9536
45.9047
45.8553
45.8039
45.7525
45.6997
45.6475
45.5944
45.5424
45.4895
45.4379
45.3854
45.334
45.2812
45.2286
45.1734
45.1168
45.0557
44.9916
44.9222
44.8505
44.7749
44.699
44.6223
44.5499
44.4814
44.4216
44.3703
44.3307
44.3009
44.2851
44.2787
44.2804
44.2834
44.2884
44.2896
44.2874
44.2814
44.274
44.2567
44.2276
44.1823
44.1209
44.0433
43.955
43.8612
43.7681
43.6831
43.5959
43.5221
43.4571
43.4261
43.4287
43.4711
43.539
43.6274
43.7289
43.8537
43.9923
44.1424
44.2961
44.4564
44.6119
44.745
44.8516
44.9339
45.0014
45.0477
45.073
45.0799
45.0714
45.0515
45.0052
44.9394
44.8555
44.7685
44.6876
44.615
44.5526
44.5061
44.4824
44.4851
44.5126
44.5546
44.6084
44.6572
44.7093
44.761
44.8188
44.8904
44.9656
45.0497
45.1265
45.21
45.2974
45.386
45.4739
45.5759
45.6649
45.782
45.8821
45.9979
46.1131
46.2417
46.3545
46.5082
46.6093
46.7777
46.8342
46.9711
46.9195
47.0017
46.9955
47.0586
47.0673
47.1987
47.1958
47.3985
47.4629
47.7315
47.7886
48.1034
48.1843
48.4908
48.4873
48.7926
48.7942
49.0217
48.7953
48.9218
48.8666
49.0054
49.0355
49.1985
49.2364
49.3899
49.3645
49.5007
49.2472
49.3083
49.0765
49.0559
48.6734
48.6205
48.1628
48.1071
47.6715
47.5786
46.8367
46.6171
45.5688
45.1205
43.9488
43.036
41.8429
40.2691
38.8402
36.5123
34.2111
31.1484
27.7663
51.038
50.6182
48.6107
46.8179
45.6766
45.199
45.2734
45.6658
46.1379
46.5552
46.862
47.0517
47.1287
47.1152
47.0395
46.9344
46.8217
46.7184
46.6304
46.5619
46.5113
46.4779
46.457
46.4463
46.4403
46.4371
46.4327
46.4267
46.4165
46.403
46.3846
46.3627
46.336
46.3066
46.2732
46.2377
46.1988
46.1584
46.1149
46.0701
46.0228
45.9748
45.9247
45.8745
45.8227
45.7714
45.7189
45.6672
45.6151
45.5643
45.5132
45.4635
45.4134
45.3645
45.3147
45.2651
45.2126
45.1584
45.1004
45.0411
44.9787
44.9165
44.8546
44.7969
44.7425
44.6961
44.6588
44.6323
44.6135
44.6057
44.6044
44.6071
44.6091
44.612
44.6105
44.6061
44.5989
44.591
44.5747
44.5479
44.5037
44.4411
44.3603
44.2665
44.1669
44.0658
43.9754
43.8844
43.8131
43.7492
43.7283
43.7333
43.7855
43.8563
43.9483
44.0475
44.1791
44.3194
44.4739
44.6278
44.7984
44.9594
45.0985
45.2013
45.2784
45.3333
45.3689
45.3826
45.3837
45.3701
45.3463
45.2971
45.2365
45.1571
45.0836
45.0143
44.9641
44.92
44.9045
44.9073
44.944
44.9965
45.0699
45.1428
45.2191
45.2866
45.3578
45.423
45.5016
45.5734
45.664
45.736
45.8304
45.9151
46.0176
46.1081
46.22
46.3115
46.4414
46.5458
46.677
46.7991
46.948
47.0617
47.2403
47.3339
47.5407
47.5703
47.7347
47.6252
47.7557
47.7074
47.8092
47.7734
47.9265
47.8989
48.1374
48.1631
48.4695
48.4819
48.8452
48.903
49.2902
49.2246
49.6313
49.5741
49.8458
49.5095
49.7245
49.5959
49.8107
49.7971
50.0111
50.0335
50.205
50.1853
50.3256
49.9532
50.0234
49.768
49.6618
49.2571
49.1656
48.7444
48.7222
48.1773
48.0344
47.2122
47.0555
45.9792
45.4895
44.446
43.5155
42.4722
41.0487
39.6355
37.5175
35.3123
32.5611
29.5261
51.0871
50.663
48.6527
46.8674
45.7401
45.2792
45.3697
45.7706
46.2435
46.6547
46.9525
47.1314
47.1975
47.175
47.0943
46.9881
46.8779
46.7788
46.6962
46.6332
46.5881
46.5594
46.5425
46.5343
46.5302
46.5279
46.5241
46.5182
46.5084
46.4952
46.4776
46.4566
46.4313
46.4032
46.3715
46.3375
46.3003
46.2614
46.2198
46.1768
46.1313
46.0846
46.0359
45.9867
45.9361
45.8857
45.8348
45.7848
45.7349
45.6864
45.638
45.5912
45.545
45.5008
45.4567
45.4137
45.3699
45.3258
45.2799
45.233
45.1841
45.1358
45.0892
45.0465
45.007
44.9746
44.9513
44.9367
44.9272
44.9252
44.9279
44.932
44.9335
44.933
44.9275
44.921
44.9144
44.9086
44.897
44.8754
44.8357
44.7762
44.6961
44.5996
44.4957
44.3895
44.2955
44.2053
44.1391
44.0838
44.0787
44.0875
44.1508
44.2223
44.3182
44.4121
44.5516
44.692
44.8511
45.0027
45.1844
45.3475
45.4934
45.5898
45.6587
45.6912
45.7187
45.7166
45.7171
45.6994
45.6776
45.6287
45.5802
45.511
45.4624
45.4106
45.3941
45.3737
45.3986
45.4288
45.5047
45.5823
45.6917
45.7825
45.8844
45.9646
46.0587
46.1293
46.2183
46.2904
46.381
46.451
46.5547
46.639
46.7535
46.8525
46.971
47.0747
47.2146
47.3237
47.4659
47.594
47.759
47.884
48.0754
48.173
48.4
48.432
48.5791
48.447
48.647
48.5338
48.6867
48.5952
48.7909
48.7418
49.0179
49.0362
49.3566
49.3454
49.77
49.8118
50.2494
50.1664
50.6255
50.5464
50.8015
50.4124
50.6685
50.5056
50.8145
50.7889
51.0368
51.0312
51.221
51.2284
51.2511
50.8715
50.9253
50.5684
50.4608
50.0943
49.9651
49.5165
49.4129
48.8433
48.7225
47.9274
47.6431
46.6671
46.1513
45.2048
44.3097
43.2703
41.959
40.5024
38.5452
36.4455
33.9271
31.1781
51.0326
50.5977
48.6181
46.8956
45.8338
45.4351
45.5623
45.9625
46.4104
46.7873
47.0523
47.2024
47.2472
47.2127
47.1298
47.0274
46.9249
46.8345
46.7608
46.7057
46.6672
46.6431
46.6291
46.622
46.6181
46.6152
46.6107
46.6041
46.594
46.5808
46.5638
46.5436
46.5197
46.493
46.463
46.4308
46.3959
46.3591
46.3197
46.2786
46.235
46.1898
46.1427
46.095
46.0465
45.9983
45.9502
45.9033
45.8567
45.8113
45.7669
45.7242
45.6831
45.6444
45.6073
45.5717
45.5364
45.5019
45.4676
45.4337
45.3986
45.364
45.332
45.3039
45.2796
45.2623
45.2527
45.2487
45.248
45.252
45.258
45.2619
45.2616
45.2574
45.2492
45.2422
45.2371
45.234
45.2286
45.2142
45.1819
45.1296
45.0549
44.9601
44.8548
44.7494
44.6557
44.5697
44.508
44.466
44.4755
44.4926
44.564
44.633
44.7274
44.8197
44.9695
45.1073
45.2683
45.4178
45.6122
45.7745
45.9278
46.0138
46.0741
46.0842
46.1018
46.0866
46.0943
46.0715
46.0572
46.0116
45.9818
45.9311
45.9159
45.89
45.9145
45.9282
45.9994
46.0615
46.1793
46.28
46.4198
46.5251
46.6535
46.7445
46.862
46.9402
47.0417
47.1111
47.2057
47.2766
47.3882
47.4823
47.6099
47.72
47.8468
47.963
48.1031
48.2192
48.373
48.5047
48.6757
48.8196
49.0137
49.1413
49.3491
49.4231
49.5201
49.4088
49.6225
49.4753
49.6499
49.5629
49.8077
49.7469
50.0305
50.0719
50.3556
50.3713
50.8331
50.9165
51.3741
51.3301
51.7458
51.6994
51.8506
51.4747
51.7783
51.5538
51.9747
51.9304
52.2078
52.2213
52.3876
52.3665
52.3554
51.9844
51.9742
51.5378
51.4714
51.0609
50.8475
50.5111
50.3109
49.9207
49.5259
48.8306
48.423
47.5747
47.043
46.1406
45.2988
44.1841
42.9505
41.4189
39.6082
37.6012
35.268
32.7507
50.8246
50.3847
48.508
46.9295
45.994
45.6954
45.8605
46.2363
46.6279
46.942
47.1513
47.2566
47.2728
47.2266
47.1452
47.0523
46.9628
46.8856
46.8239
46.7784
46.7467
46.7265
46.7139
46.7064
46.701
46.6961
46.6898
46.6817
46.6709
46.6573
46.6405
46.621
46.5983
46.573
46.5452
46.5153
46.483
46.4488
46.4123
46.3736
46.3325
46.2895
46.2445
46.1991
46.1541
46.11
46.0661
46.0228
45.9803
45.9394
45.8998
45.8621
45.827
45.7949
45.7651
45.7379
45.7128
45.6903
45.669
45.647
45.6244
45.6038
45.5865
45.5728
45.564
45.5612
45.5639
45.5696
45.5773
45.5875
45.5972
45.6028
45.602
45.5942
45.5827
45.5749
45.572
45.5738
45.5755
45.5701
45.5489
45.5077
45.4419
45.3539
45.2515
45.1515
45.0587
44.9804
44.9252
44.9001
44.9157
44.9367
45.0091
45.0759
45.1675
45.2737
45.4351
45.5741
45.7342
45.8883
46.0863
46.2412
46.3945
46.4737
46.5294
46.5247
46.5363
46.5154
46.5286
46.5068
46.5046
46.4665
46.4582
46.432
46.4525
46.4617
46.5315
46.5858
46.7025
46.8022
46.9561
47.0818
47.2451
47.3651
47.5139
47.6157
47.7516
47.8432
47.9565
48.0296
48.1307
48.21
48.3342
48.4385
48.5824
48.7069
48.8426
48.9706
49.0983
49.2228
49.3723
49.5174
49.6893
49.8671
50.0469
50.2123
50.3953
50.5072
50.5569
50.5538
50.69
50.5435
50.7131
50.674
50.9101
50.8991
51.1548
51.2575
51.446
51.5534
52.0064
52.142
52.5917
52.6579
52.9656
52.93
53.054
52.7224
53.0021
52.8721
53.2472
53.18
53.48
53.5396
53.6649
53.6281
53.4935
53.1388
53.1398
52.6666
52.5176
52.1674
51.8953
51.7431
51.3185
51.1301
50.4747
50.0239
49.352
48.6532
48.0568
47.2279
46.4114
45.2024
44.0066
42.3908
40.7045
38.7594
36.5846
34.2466
50.3575
49.942
48.331
47.0243
46.2885
46.0967
46.267
46.5773
46.8772
47.1022
47.2377
47.2902
47.2775
47.2229
47.1478
47.0687
46.9957
46.9342
46.8854
46.849
46.8229
46.8047
46.7918
46.7822
46.7741
46.7662
46.7576
46.7476
46.7358
46.7217
46.7052
46.6863
46.6649
46.6413
46.6157
46.5883
46.559
46.5279
46.4948
46.4593
46.4213
46.3816
46.3407
46.2993
46.2581
46.2186
46.1808
46.1439
46.107
46.0707
46.0361
46.0046
45.9771
45.9528
45.9314
45.9138
45.8997
45.8888
45.8805
45.8731
45.8656
45.8587
45.8548
45.8551
45.86
45.8692
45.8822
45.8972
45.9132
45.9294
45.9427
45.9495
45.9479
45.9376
45.923
45.913
45.9121
45.9193
45.9293
45.9342
45.9261
45.899
45.8452
45.7676
45.6744
45.5856
45.4959
45.4306
45.3818
45.369
45.3857
45.4151
45.4847
45.5466
45.6387
45.7702
45.9394
46.0829
46.2395
46.4079
46.5953
46.7445
46.89
46.9686
47.02
47.0194
47.0229
47.0075
47.0248
47.0161
47.0276
47.0095
47.021
47.025
47.0787
47.1359
47.243
47.3464
47.4941
47.6364
47.8086
47.9615
48.1382
48.2798
48.4425
48.5622
48.7086
48.8154
48.9453
49.0267
49.1442
49.2411
49.375
49.4987
49.6494
49.783
49.924
50.052
50.1675
50.302
50.4479
50.6101
50.7946
51.0095
51.175
51.3784
51.5202
51.6497
51.7198
51.7898
51.821
51.7986
51.8899
51.9373
52.1405
52.1627
52.3603
52.5096
52.6648
52.8828
53.2119
53.5114
53.9
54.0118
54.2045
54.1898
54.288
54.0991
54.3671
54.3589
54.5846
54.5972
54.802
54.9079
54.9157
54.8569
54.6917
54.4726
54.3617
53.9286
53.7136
53.4642
53.0899
53.0483
52.5075
52.3899
51.4957
51.3189
50.4171
49.8718
49.1663
48.4617
47.5488
46.3131
45.1304
43.4439
41.8338
39.9244
37.8906
35.6805
49.5959
49.2742
48.1393
47.2312
46.7363
46.6224
46.7415
46.9377
47.1152
47.237
47.2969
47.3023
47.268
47.2111
47.1458
47.0821
47.0254
46.978
46.9399
46.9101
46.887
46.8689
46.8542
46.8418
46.8307
46.8201
46.8094
46.798
46.7854
46.7712
46.7549
46.7367
46.7164
46.6945
46.6709
46.6463
46.6207
46.5937
46.5643
46.5327
46.499
46.4634
46.4271
46.3914
46.3563
46.3225
46.2908
46.2612
46.2324
46.2031
46.1751
46.1516
46.1336
46.1195
46.1082
46.1009
46.0981
46.0992
46.1021
46.1053
46.1099
46.1173
46.1274
46.1408
46.1574
46.1762
46.1966
46.2182
46.2402
46.2612
46.2771
46.285
46.2829
46.2715
46.2552
46.2438
46.2445
46.2559
46.2712
46.2833
46.2856
46.272
46.2335
46.1707
46.0918
46.0194
45.9351
45.8913
45.8527
45.851
45.8661
45.9109
45.9723
46.0417
46.1437
46.2907
46.4525
46.6053
46.7671
46.9523
47.124
47.2747
47.4036
47.4891
47.5358
47.5523
47.5513
47.5563
47.5729
47.5916
47.6138
47.6328
47.6614
47.7086
47.7865
47.8961
48.0306
48.1805
48.3444
48.5212
48.695
48.8776
49.0528
49.2167
49.382
49.5323
49.6852
49.8295
49.9648
50.0794
50.1991
50.326
50.4601
50.6105
50.7562
50.9115
51.044
51.1799
51.2905
51.441
51.5805
51.7687
51.9565
52.1891
52.3571
52.61
52.6867
52.8763
52.8966
53.0129
53.0222
53.1094
53.1457
53.2821
53.3594
53.4565
53.6075
53.8014
53.8986
54.2722
54.5043
54.9624
55.1105
55.3039
55.3958
55.4802
55.575
55.6156
55.7601
55.8121
55.9018
56.0484
56.1101
56.2483
56.1693
56.1497
55.8505
55.8718
55.5072
55.3284
54.9509
54.8187
54.3935
54.4348
53.6617
53.522
52.6165
52.5505
51.4857
51.1895
50.2776
49.6756
48.6001
47.4741
46.2384
44.5355
42.9603
41.0853
39.1594
37.0294
48.761
48.5934
48.0399
47.5679
47.286
47.1814
47.1903
47.2445
47.2976
47.3274
47.3268
47.2995
47.2538
47.1996
47.1447
47.094
47.0496
47.012
46.9804
46.954
46.9316
46.9124
46.8957
46.881
46.8676
46.8552
46.843
46.8306
46.8175
46.8032
46.7872
46.7693
46.7502
46.7303
46.7096
46.6875
46.6646
46.6413
46.6168
46.5896
46.5602
46.5304
46.5007
46.4708
46.442
46.4163
46.3937
46.3726
46.3519
46.3315
46.3139
46.3011
46.2929
46.2884
46.2878
46.2915
46.2989
46.3092
46.3222
46.3365
46.3509
46.3661
46.384
46.4052
46.4286
46.453
46.4782
46.5038
46.5289
46.5509
46.5668
46.5761
46.5777
46.5702
46.5564
46.5459
46.5471
46.559
46.5771
46.5939
46.6036
46.6006
46.5756
46.5296
46.4706
46.4248
46.359
46.3373
46.3071
46.3215
46.3422
46.4079
46.46
46.5476
46.6454
46.7957
46.943
47.1238
47.2891
47.4822
47.6353
47.7999
47.913
48.018
48.0571
48.1028
48.1044
48.1411
48.1673
48.2187
48.2523
48.3114
48.352
48.4485
48.5468
48.7046
48.8513
49.042
49.2115
49.4142
49.5852
49.7873
49.9517
50.1347
50.3031
50.4846
50.6405
50.8277
50.9647
51.1194
51.2385
51.3996
51.5274
51.7067
51.8458
52.0214
52.1466
52.2972
52.4094
52.5793
52.7126
52.9116
53.097
53.3429
53.4998
53.7866
53.8133
54.0462
54.0239
54.2506
54.2138
54.4045
54.3782
54.5616
54.5395
54.7935
54.8326
55.1065
55.1977
55.6562
55.7252
56.185
56.1593
56.5905
56.527
56.8827
56.913
56.993
56.9902
57.2197
57.1722
57.4326
57.3619
57.5844
57.321
57.3818
56.988
57.2185
56.6773
56.6852
56.1823
56.2115
55.5484
55.6752
54.6461
54.748
53.6991
53.6721
52.5229
52.4664
51.3768
50.8438
49.599
48.5889
47.2627
45.6167
44.0301
42.2044
40.3327
38.2666
48.0512
48.0563
48.0346
47.9171
47.7619
47.6249
47.5255
47.4614
47.4201
47.3843
47.3437
47.2963
47.2453
47.1948
47.1476
47.1053
47.0678
47.0349
47.0059
46.9802
46.9573
46.9368
46.9184
46.9021
46.8874
46.8739
46.861
46.8481
46.8345
46.82
46.8045
46.7877
46.7698
46.7509
46.7319
46.7132
46.6945
46.6748
46.6539
46.6314
46.6071
46.5824
46.5578
46.5343
46.5145
46.4982
46.4841
46.4713
46.4594
46.4489
46.4417
46.4392
46.4402
46.4443
46.4523
46.4646
46.4803
46.4982
46.5172
46.5367
46.5566
46.5769
46.5979
46.62
46.6439
46.6698
46.6967
46.7231
46.7479
46.7697
46.7875
46.8005
46.8064
46.8041
46.7967
46.7921
46.797
46.811
46.8288
46.8484
46.8629
46.8618
46.8457
46.8195
46.7843
46.7646
46.7279
46.7364
46.7238
46.7614
46.7764
46.8604
46.899
47.0157
47.1056
47.2679
47.3958
47.5987
47.7458
47.9514
48.085
48.2644
48.3573
48.5009
48.5401
48.6319
48.6402
48.7256
48.7535
48.8497
48.8884
48.9914
49.0341
49.1761
49.2795
49.4814
49.6253
49.8555
50.0144
50.2465
50.3958
50.6197
50.7562
50.9745
51.127
51.3445
51.4892
51.7098
51.8404
52.0349
52.1545
52.3519
52.4782
52.6862
52.8191
53.0201
53.1309
53.3027
53.406
53.5927
53.7095
53.9332
54.1032
54.369
54.4988
54.8022
54.7915
55.0789
55.0314
55.3825
55.2753
55.6034
55.4685
55.782
55.6836
56.0413
55.95
56.3602
56.3816
56.8311
56.783
57.3133
57.1608
57.7574
57.567
58.1709
58.0191
58.3169
58.1748
58.5057
58.2663
58.6633
58.4407
58.764
58.3235
58.5825
58.0362
58.464
57.723
57.9343
57.2818
57.4445
56.5653
56.7625
55.5459
55.9132
54.6264
54.8492
53.5524
53.696
52.3775
51.9224
50.5369
49.5696
48.1347
46.5896
44.9438
43.1841
41.336
39.35
48.0628
48.0761
48.0824
48.0226
47.9088
47.7806
47.6641
47.5666
47.4851
47.4144
47.3507
47.2921
47.2384
47.1898
47.1463
47.1075
47.0727
47.0414
47.0131
46.9874
46.9642
46.9433
46.9246
46.9078
46.8927
46.8789
46.866
46.8533
46.8402
46.8261
46.8109
46.7949
46.7784
46.7617
46.7453
46.7289
46.7126
46.6963
46.6793
46.6612
46.6424
46.6235
46.605
46.5885
46.5749
46.564
46.5559
46.5508
46.5481
46.5471
46.5484
46.5524
46.559
46.569
46.5829
46.6002
46.6202
46.6417
46.6636
46.6854
46.7071
46.7293
46.7521
46.7756
46.7999
46.8248
46.8498
46.8745
46.8984
46.9203
46.9394
46.9547
46.9644
46.9667
46.9654
46.9677
46.9773
46.9937
47.0116
47.0265
47.0345
47.0353
47.0362
47.0285
47.0071
47.0078
47.0027
47.0536
47.0623
47.1287
47.1422
47.2383
47.259
47.3928
47.471
47.6548
47.7695
47.9806
48.1112
48.3311
48.4525
48.6498
48.7366
48.9048
48.9511
49.0801
49.1042
49.2354
49.2723
49.4035
49.4408
49.574
49.623
49.7975
49.9048
50.1284
50.2623
50.5087
50.6519
50.9066
51.0345
51.282
51.4008
51.6589
51.7933
52.0449
52.1733
52.4145
52.53
52.7504
52.8649
53.089
53.2116
53.4414
53.5691
53.7874
53.8918
54.0798
54.1828
54.3818
54.4835
54.734
54.866
55.1648
55.2557
55.5902
55.5493
55.9186
55.8376
56.31
56.1237
56.5721
56.373
56.8516
56.6458
57.1221
56.9481
57.4142
57.3487
57.8595
57.6631
58.3066
58.057
58.7638
58.494
59.2148
58.8598
59.4381
59.0823
59.5305
59.1708
59.7139
59.3041
59.7594
59.2212
59.6434
58.9517
59.4978
58.6252
59.0404
58.2451
58.5407
57.5028
57.8087
56.4487
57.0139
55.4719
56.0333
54.5366
54.7765
53.2343
52.9424
51.3388
50.3892
48.8061
47.3253
45.602
43.9118
42.0682
40.2243
48.2102
48.1717
48.1081
48.0257
47.9268
47.8167
47.7045
47.5993
47.5053
47.4236
47.3529
47.2913
47.2372
47.1891
47.1462
47.1076
47.0728
47.0412
47.0126
46.9867
46.9632
46.9421
46.9232
46.9065
46.8915
46.8779
46.8652
46.8527
46.84
46.8267
46.8125
46.7976
46.7821
46.7666
46.7515
46.7368
46.7226
46.7084
46.6938
46.6786
46.6628
46.6472
46.6327
46.6202
46.6101
46.6025
46.5978
46.5961
46.5968
46.5994
46.604
46.6107
46.6198
46.6322
46.6484
46.6679
46.6896
46.7125
46.7358
46.7592
46.7829
46.8066
46.8301
46.853
46.8757
46.8987
46.9217
46.9446
46.967
46.9882
47.007
47.0221
47.0323
47.0367
47.0384
47.0434
47.0547
47.0721
47.0906
47.1044
47.1117
47.1156
47.1179
47.1108
47.1046
47.1274
47.1506
47.2356
47.2576
47.3476
47.3599
47.4586
47.4712
47.6053
47.6779
47.879
47.9896
48.2078
48.3282
48.5571
48.6688
48.881
48.9623
49.1394
49.1883
49.3305
49.3684
49.5293
49.5702
49.7169
49.7482
49.8926
49.9471
50.1372
50.2497
50.4834
50.6162
50.8671
50.9995
51.261
51.3849
51.6513
51.7681
52.0482
52.1714
52.4405
52.5593
52.8094
52.9127
53.1388
53.2448
53.4761
53.5964
53.8365
53.9621
54.1832
54.287
54.4811
54.5866
54.7886
54.8884
55.162
55.2783
55.608
55.6837
56.0705
56.0057
56.4931
56.3392
56.8744
56.6284
57.1679
56.9189
57.4838
57.2394
57.8003
57.5422
58.0935
57.909
58.4751
58.2444
58.997
58.69
59.5255
59.1655
59.9355
59.4565
60.0996
59.6173
60.2273
59.7529
60.3114
59.8271
60.4695
59.8067
60.4269
59.611
60.2321
59.2538
59.8388
58.8658
59.2649
58.1584
58.6067
57.2265
57.943
56.3122
57.1086
55.3461
55.7546
53.9788
53.6931
51.8244
50.9959
49.2149
47.7196
45.9164
44.25
42.3797
40.5321
47.228
47.228
47.2428
47.1773
47.0264
46.8383
46.6515
46.484
46.3397
46.218
46.1167
46.039
45.9884
45.9555
45.9232
45.9011
45.8902
45.8754
45.8605
45.8512
45.85
45.8576
45.8505
45.8256
45.7883
45.7378
45.6922
45.6668
45.6537
45.6221
45.5514
45.4538
45.3587
45.2899
45.2459
45.2107
45.1705
45.1292
45.0973
45.074
45.0628
45.077
45.098
45.1253
45.1651
45.1747
45.141
45.071
44.9781
44.8928
44.8435
44.82
44.8019
44.7849
44.7847
44.7992
44.8133
44.8139
44.803
44.7886
44.7864
44.7877
44.7798
44.7782
44.7724
44.7617
44.7412
44.728
44.7339
44.7444
44.7787
44.8363
44.9101
44.9831
45.0368
45.071
45.0699
45.0169
44.9372
44.8824
44.8767
44.9286
45.0213
45.1332
45.2255
45.2889
45.372
45.4871
45.6183
45.7458
45.8723
45.9959
46.1071
46.2183
46.3169
46.4262
46.5767
46.7423
46.9179
47.1079
47.3184
47.5621
47.8438
48.1587
48.4845
48.8123
49.1512
49.5068
49.881
50.2837
50.7048
51.1167
51.4945
51.8349
52.1599
52.4666
52.7535
53.0256
53.2929
53.567
53.8493
54.1447
54.4487
54.7499
55.0504
55.3475
55.6396
55.947
56.2604
56.5697
56.8753
57.1935
57.5477
57.9125
58.2726
58.6376
58.9927
59.3143
59.5937
59.8363
60.0731
60.3191
60.5858
60.88
61.1802
61.465
61.7284
61.9661
62.1905
62.4226
62.6746
62.9403
63.207
63.467
63.7187
63.9608
64.1993
64.4352
64.6668
64.8899
65.1037
65.3055
65.4943
65.6655
65.817
65.9515
66.0744
66.192
66.3087
66.4238
66.5364
66.6467
66.7602
66.8818
67.0199
67.1798
67.3592
67.5433
67.7471
67.9857
68.2561
68.5604
68.86
69.1532
69.4706
69.8065
70.1377
70.4633
70.8097
71.1942
71.641
72.1667
72.7711
73.4382
74.143
74.8163
75.3896
75.7282
75.8898
76.0324
47.1965
47.1869
47.1839
47.1045
46.9438
46.7483
46.5545
46.384
46.2414
46.1242
46.0297
45.9576
45.9092
45.8782
45.8468
45.8188
45.8006
45.7838
45.7741
45.7739
45.7793
45.783
45.7589
45.729
45.6876
45.6309
45.5748
45.5361
45.5142
45.4726
45.3975
45.3026
45.2053
45.1302
45.0831
45.0403
44.998
44.9808
44.9808
44.9489
44.9227
44.9291
44.9382
44.9463
44.9641
44.9547
44.9053
44.8298
44.742
44.6649
44.6194
44.5976
44.5839
44.5705
44.5668
44.574
44.5778
44.5741
44.5699
44.5643
44.5667
44.5634
44.5628
44.5671
44.5508
44.5209
44.4864
44.4648
44.465
44.4755
44.5105
44.5655
44.6447
44.7316
44.797
44.8402
44.8295
44.7558
44.6635
44.6063
44.6021
44.6591
44.7563
44.8706
44.9655
45.0452
45.1533
45.2893
45.4353
45.555
45.6579
45.7541
45.8328
45.915
45.9846
46.068
46.2033
46.3688
46.5582
46.7741
47.0121
47.2715
47.5557
47.8637
48.1798
48.4943
48.8263
49.1746
49.5476
49.9614
50.4044
50.8277
51.2071
51.559
51.8973
52.2072
52.4917
52.7642
53.0319
53.3011
53.5778
53.8704
54.1731
54.4788
54.7885
55.0804
55.3676
55.6763
55.9934
56.3116
56.6306
56.9546
57.3085
57.6731
58.0261
58.3839
58.7298
59.0425
59.318
59.5618
59.798
60.0442
60.3123
60.6125
60.9219
61.2152
61.4857
61.7293
61.9558
62.1848
62.4335
62.7014
62.9767
63.2477
63.5087
63.7604
64.0094
64.255
64.4948
64.7234
64.9407
65.1443
65.3337
65.5047
65.6554
65.7887
65.9111
66.0293
66.1466
66.261
66.3712
66.4758
66.5796
66.6891
66.8141
66.9677
67.147
67.3372
67.5505
67.7889
68.059
68.3638
68.6649
68.9482
69.2526
69.5799
69.9046
70.229
70.5785
70.971
71.4218
71.9444
72.5417
73.1977
73.8925
74.5667
75.1494
75.4924
75.6808
75.8696
47.1833
47.1374
47.0841
46.9575
46.7659
46.551
46.3481
46.1784
46.046
45.9433
45.866
45.8133
45.779
45.7527
45.7244
45.6931
45.6652
45.6435
45.6323
45.6283
45.6263
45.6202
45.5973
45.5573
45.4951
45.4252
45.3594
45.3099
45.2723
45.2105
45.1242
45.0316
44.9425
44.8703
44.8165
44.7698
44.7324
44.7059
44.6983
44.7
44.6976
44.6946
44.6862
44.668
44.6531
44.6064
44.5294
44.4392
44.3517
44.2823
44.2444
44.2321
44.2314
44.2379
44.241
44.2342
44.2182
44.1995
44.1882
44.1896
44.2052
44.2186
44.238
44.247
44.2179
44.1651
44.1097
44.0562
44.0213
44.016
44.0534
44.125
44.2301
44.3336
44.4054
44.4412
44.4141
44.3339
44.2396
44.1826
44.1834
44.2444
44.3447
44.4629
44.5809
44.6944
44.8083
44.9249
45.0474
45.1567
45.2469
45.3185
45.369
45.419
45.4541
45.5058
45.614
45.7733
45.9917
46.2455
46.519
46.7972
47.0842
47.3734
47.6568
47.9423
48.2534
48.598
48.9913
49.4284
49.8829
50.3228
50.7308
51.0925
51.4202
51.7139
51.9824
52.2412
52.5022
52.7722
53.0489
53.3455
53.6555
53.9767
54.3012
54.5988
54.8855
55.1867
55.4963
55.8136
56.1465
56.4884
56.8472
57.2137
57.5579
57.8937
58.21
58.4935
58.7531
58.9967
59.2333
59.489
59.7722
60.0875
60.4142
60.7234
61.0056
61.2583
61.4932
61.7298
61.9838
62.2562
62.54
62.8244
63.1021
63.3736
63.6401
63.8972
64.1429
64.3759
64.5953
64.8005
64.9869
65.1525
65.297
65.4255
65.5457
65.6639
65.7808
65.895
66.0029
66.1033
66.1981
66.2976
66.4131
66.5651
66.7487
66.9513
67.1802
67.4351
67.7188
68.0162
68.303
68.5861
68.8836
69.1914
69.4952
69.8127
70.1701
70.5758
71.0203
71.5237
72.0884
72.7186
73.4003
74.0811
74.6921
75.0978
75.368
75.6251
47.1737
47.0736
46.9486
46.7614
46.5294
46.2926
46.0807
45.9125
45.7914
45.7072
45.6542
45.6243
45.6046
45.585
45.5584
45.5268
45.4965
45.471
45.4555
45.4466
45.4387
45.4272
45.3951
45.3383
45.2622
45.1822
45.1154
45.0575
44.9993
44.9191
44.8257
44.7288
44.6374
44.5671
44.5063
44.4463
44.3993
44.3662
44.3589
44.3708
44.3823
44.3839
44.3797
44.3565
44.3218
44.2479
44.1419
44.0276
43.9259
43.8614
43.8373
43.8384
43.8568
43.8772
43.8769
43.8531
43.8164
43.7835
43.7644
43.7652
43.7874
43.8207
43.8583
43.8687
43.8316
43.777
43.7147
43.6324
43.5562
43.5167
43.5395
43.6175
43.7413
43.8675
43.952
43.9853
43.9514
43.8694
43.7793
43.723
43.727
43.7918
43.894
44.0152
44.1397
44.254
44.3613
44.4629
44.5572
44.6406
44.7119
44.7612
44.7952
44.8177
44.8293
44.8638
44.9589
45.1163
45.3501
45.6351
45.9432
46.2408
46.5177
46.7784
47.0184
47.2636
47.5451
47.8805
48.2749
48.7293
49.2215
49.6919
50.1179
50.4925
50.8283
51.1094
51.3446
51.5655
51.7907
52.0361
52.3093
52.6263
52.9677
53.318
53.66
53.9741
54.2657
54.5657
54.8712
55.1808
55.5196
55.8806
56.2562
56.6256
56.9664
57.2796
57.562
57.814
58.0494
58.284
58.5251
58.7926
59.0939
59.4251
59.7698
60.0959
60.3925
60.6557
60.8991
61.1437
61.405
61.6839
61.977
62.2749
62.5701
62.8601
63.1433
63.4136
63.6648
63.897
64.111
64.3076
64.4866
64.6459
64.784
64.9043
65.0177
65.13
65.2422
65.3509
65.4543
65.5511
65.6462
65.7434
65.8592
66.0143
66.2102
66.4331
66.6872
66.9678
67.2597
67.5479
67.8301
68.1139
68.4156
68.7295
69.0518
69.3862
69.7517
70.1422
70.5661
71.0295
71.546
72.1281
72.7845
73.4661
74.1358
74.6392
75.0099
75.3618
47.1349
46.9935
46.7931
46.5494
46.2786
46.0195
45.7959
45.6258
45.5117
45.444
45.4156
45.4072
45.4015
45.389
45.3643
45.3322
45.3011
45.2762
45.2573
45.2431
45.2303
45.2139
45.1765
45.1098
45.023
44.9375
44.8679
44.8017
44.7273
44.6354
44.5338
44.4269
44.323
44.2394
44.1648
44.0953
44.034
43.9912
43.9789
43.9919
44.0157
44.0374
44.0496
44.0306
43.9834
43.8928
43.7736
43.6465
43.5338
43.4687
43.4527
43.4618
43.4925
43.5185
43.5048
43.4567
43.3978
43.35
43.3169
43.3098
43.3332
43.3763
43.4278
43.4499
43.4251
43.3763
43.3026
43.1952
43.0852
43.0112
43.0068
43.0727
43.1986
43.3316
43.4244
43.4634
43.4352
43.3629
43.2842
43.2316
43.2362
43.2978
43.3928
43.5067
43.624
43.7335
43.8266
43.9044
43.9737
44.0384
44.0959
44.138
44.1597
44.1685
44.1777
44.2068
44.2973
44.4584
44.6961
44.9863
45.2956
45.5924
45.8556
46.0896
46.2978
46.5153
46.771
47.0905
47.4852
47.9439
48.4397
48.9259
49.3759
49.778
50.1282
50.4014
50.608
50.792
50.978
51.1952
51.461
51.7899
52.1587
52.5415
52.9043
53.2361
53.5468
53.8576
54.1628
54.4724
54.8134
55.1844
55.5698
55.9401
56.2759
56.5714
56.8263
57.0557
57.2785
57.5029
57.7403
58.0103
58.3199
58.6631
59.0198
59.3623
59.6755
59.9545
60.2126
60.4701
60.7375
61.0201
61.3173
61.6241
61.9318
62.2372
62.5331
62.8123
63.0684
63.3017
63.512
63.7025
63.8737
64.0259
64.1561
64.2707
64.3771
64.4825
64.5859
64.6865
64.7829
64.8764
64.969
65.0661
65.1868
65.3542
65.5647
65.8123
66.0893
66.3918
66.6955
66.9918
67.284
67.5887
67.9051
68.2387
68.5822
68.9372
69.307
69.6885
70.0825
70.5049
70.9671
71.5053
72.1351
72.8228
73.53
74.1401
74.6303
75.1122
47.0568
46.8945
46.6436
46.3587
46.0584
45.7816
45.5468
45.3712
45.2583
45.2011
45.1891
45.194
45.1937
45.1804
45.1559
45.1265
45.0979
45.0728
45.0519
45.0327
45.0132
44.9887
44.9443
44.8715
44.7806
44.6945
44.6227
44.5485
44.4628
44.3624
44.2524
44.1355
44.0193
43.9147
43.8195
43.737
43.6646
43.6161
43.5999
43.6132
43.6414
43.6777
43.7052
43.7036
43.6608
43.571
43.4497
43.3219
43.2173
43.158
43.1431
43.1506
43.1725
43.1818
43.1458
43.0756
42.9905
42.9173
42.8697
42.8565
42.8792
42.925
42.981
43.0135
43.0042
42.9612
42.8767
42.7504
42.6111
42.5076
42.476
42.5213
42.6304
42.7559
42.851
42.8963
42.8811
42.8275
42.7655
42.7241
42.7339
42.7895
42.8744
42.9752
43.078
43.1732
43.2456
43.299
43.3466
43.3982
43.4498
43.4907
43.513
43.521
43.54
43.5843
43.6801
43.8388
44.0627
44.3366
44.6312
44.9173
45.1733
45.3903
45.5846
45.7875
46.0307
46.3368
46.7151
47.1599
47.6431
48.129
48.5915
49.0118
49.3687
49.6413
49.8381
49.999
50.1567
50.3502
50.6045
50.9314
51.3089
51.7075
52.0918
52.4441
52.7735
53.0918
53.4002
53.7159
54.0553
54.4235
54.8022
55.1668
55.4908
55.7703
56.0136
56.2356
56.4546
56.6765
56.9121
57.1829
57.4943
57.8397
58.2015
58.551
58.8808
59.1826
59.4604
59.731
60.0063
60.2932
60.5928
60.9029
61.2161
61.5264
61.8295
62.1172
62.3806
62.617
62.8281
63.0163
63.1822
63.3289
63.4571
63.5693
63.6725
63.7695
63.8641
63.9532
64.0409
64.1284
64.2179
64.3158
64.4443
64.6227
64.8495
65.1146
65.4076
65.7188
66.0356
66.3466
66.6632
66.9898
67.3314
67.6905
68.0628
68.4403
68.8231
69.1963
69.5743
69.9677
70.4099
70.9105
71.529
72.2112
72.9537
73.6414
74.2784
74.846
46.9665
46.8021
46.5276
46.2177
45.8958
45.604
45.3574
45.1748
45.0592
45.004
44.9954
45.0021
44.9985
44.9797
44.9529
44.9255
44.8998
44.8754
44.8505
44.8193
44.783
44.7433
44.6887
44.6139
44.5247
44.4413
44.3696
44.2924
44.2032
44.0981
43.98
43.8544
43.7309
43.6127
43.5027
43.4084
43.3268
43.2744
43.2564
43.2656
43.2952
43.3385
43.3776
43.3902
43.3634
43.2945
43.194
43.0839
42.9933
42.9418
42.9224
42.9149
42.913
42.8959
42.8309
42.7302
42.6189
42.5191
42.4481
42.419
42.4322
42.4746
42.5326
42.5734
42.5739
42.5292
42.432
42.2881
42.129
42.0062
41.9569
41.986
42.076
42.1877
42.287
42.3424
42.3429
42.3111
42.2758
42.2543
42.2695
42.3234
42.3996
42.4821
42.5622
42.6307
42.6785
42.711
42.7425
42.7797
42.8214
42.8551
42.8801
42.904
42.9425
43.0085
43.1199
43.2811
43.4909
43.7446
44.0176
44.2868
44.5317
44.7405
44.9365
45.1387
45.3761
45.6727
46.0344
46.4553
46.9125
47.3817
47.8381
48.2568
48.6113
48.8846
49.081
49.2336
49.374
49.5495
49.7895
50.1056
50.4741
50.8697
51.2605
51.6239
51.9598
52.2822
52.5989
52.919
53.2546
53.6123
53.9762
54.3264
54.6384
54.9084
55.1449
55.365
55.5873
55.816
56.0574
56.3323
56.6439
56.9831
57.3404
57.6905
58.0283
58.3478
58.6455
58.9325
59.2201
59.5134
59.8152
60.1259
60.44
60.7505
61.0549
61.3461
61.6126
61.8537
62.0701
62.2627
62.4308
62.5791
62.7088
62.8206
62.9204
63.0103
63.0948
63.1763
63.2577
63.3437
63.4351
63.5394
63.6751
63.862
64.0951
64.3675
64.6648
64.9796
65.303
65.6321
65.9689
66.3203
66.6872
67.0711
67.4662
67.8708
68.2651
68.6495
69.0281
69.419
69.8511
70.3502
70.9722
71.6726
72.4365
73.2052
73.9107
74.5467
46.9084
46.7487
46.4652
46.1403
45.8027
45.4971
45.2385
45.0465
44.9229
44.8609
44.8454
44.8437
44.8304
44.8036
44.7722
44.744
44.72
44.6945
44.6592
44.6068
44.5446
44.4852
44.4195
44.3442
44.2602
44.1846
44.1186
44.0464
43.9606
43.8554
43.7337
43.608
43.4848
43.3651
43.2532
43.154
43.0684
43.0106
42.987
42.9892
43.0127
43.0525
43.0988
43.1223
43.1152
43.072
43.0001
42.9206
42.8587
42.8225
42.7964
42.7692
42.7363
42.6854
42.594
42.4643
42.3201
42.1856
42.0847
42.0284
42.0213
42.0516
42.1041
42.1462
42.1483
42.0964
41.9864
41.8299
41.6655
41.5414
41.4923
41.5152
41.5958
41.703
41.8045
41.8719
41.892
41.8822
41.8722
41.8752
41.9024
41.9593
42.0245
42.0857
42.1406
42.1801
42.2018
42.2101
42.2174
42.2312
42.2581
42.2908
42.3278
42.3746
42.4385
42.5305
42.6586
42.8246
43.0277
43.2625
43.5101
43.7567
43.9905
44.2061
44.4099
44.6216
44.8613
45.1443
45.4802
45.8691
46.2929
46.7303
47.1599
47.559
47.8997
48.1707
48.3713
48.5224
48.657
48.8211
49.0446
49.3405
49.6883
50.0662
50.4431
50.8007
51.1365
51.4612
51.783
52.1053
52.436
52.7797
53.1238
53.454
53.7543
54.017
54.2512
54.4747
54.7014
54.9389
55.1928
55.4751
55.7877
56.1193
56.4648
56.8099
57.1497
57.4797
57.7923
58.0929
58.3915
58.6919
58.9966
59.3063
59.6167
59.926
60.231
60.521
60.7879
61.0304
61.2515
61.4486
61.6237
61.7785
61.9148
62.0302
62.1312
62.2199
62.3002
62.3775
62.4583
62.5427
62.6372
62.7477
62.8924
63.0865
63.3248
63.5959
63.8923
64.2039
64.5311
64.8724
65.2276
65.5976
65.9876
66.39
66.8056
67.2266
67.644
68.0431
68.4436
68.8488
69.3186
69.8499
70.4964
71.2067
71.9957
72.7964
73.5704
74.1971
46.9072
46.7523
46.4654
46.1303
45.7803
45.4614
45.1893
44.9849
44.8482
44.7727
44.7418
44.7254
44.7001
44.6641
44.6266
44.5953
44.5685
44.5371
44.4859
44.4093
44.3234
44.2461
44.1679
44.0902
44.011
43.9403
43.881
43.8222
43.7486
43.6504
43.5338
43.4181
43.3077
43.2004
43.0983
43.0033
42.9211
42.8591
42.8246
42.8114
42.8184
42.8454
42.8833
42.9089
42.9168
42.8996
42.8617
42.8186
42.7888
42.7734
42.7482
42.706
42.6473
42.5646
42.4436
42.2854
42.1092
41.938
41.8003
41.7089
41.6699
41.6765
41.7129
41.7472
41.7428
41.6822
41.5663
41.4138
41.2666
41.1659
41.1355
41.1655
41.2459
41.3562
41.4609
41.5362
41.5749
41.5892
41.602
41.6234
41.6634
41.7213
41.7776
41.8175
41.8406
41.8428
41.829
41.8064
41.7872
41.7806
41.7952
41.8281
41.8797
41.9517
42.0431
42.1633
42.3119
42.4861
42.6868
42.9076
43.1376
43.3658
43.5903
43.8087
44.0251
44.2467
44.4883
44.7621
45.073
45.4227
45.8022
46.1948
46.5816
46.9472
47.2664
47.5237
47.7222
47.8781
48.0159
48.1761
48.386
48.6559
48.9737
49.3198
49.6721
50.0125
50.3372
50.656
50.9766
51.2953
51.6181
51.9435
52.2643
52.5722
52.8598
53.1187
53.3563
53.5848
53.8202
54.0658
54.3335
54.6235
54.9382
55.2641
55.5961
55.9288
56.2635
56.5981
56.9222
57.2317
57.5405
57.8473
58.1555
58.4642
58.7716
59.0723
59.3693
59.6515
59.9154
60.1581
60.3831
60.5837
60.765
60.9269
61.0711
61.1939
61.2986
61.3932
61.478
61.5577
61.6426
61.7308
61.8274
61.9445
62.0983
62.299
62.5415
62.8124
63.098
63.4068
63.7324
64.0779
64.4426
64.8212
65.2188
65.6381
66.0684
66.505
66.9413
67.3702
67.8099
68.2624
68.7914
69.3796
70.0607
70.8194
71.6243
72.4664
73.2016
73.8381
46.9656
46.8134
46.5242
46.1806
45.8193
45.4865
45.2007
44.9815
44.8285
44.7343
44.6818
44.6475
44.6112
44.569
44.5271
44.4903
44.4556
44.4126
44.3442
44.248
44.1455
44.0506
43.9586
43.8754
43.7997
43.7331
43.6824
43.6397
43.5827
43.5001
43.3972
43.2989
43.2091
43.1225
43.0367
42.9549
42.8829
42.8202
42.7719
42.7358
42.7181
42.7224
42.7426
42.7624
42.7778
42.7814
42.7731
42.7656
42.7692
42.7768
42.7638
42.7188
42.6448
42.5378
42.3899
42.2036
41.997
41.7911
41.6138
41.4823
41.4015
41.3727
41.3814
41.3916
41.3697
41.2994
41.1897
41.0627
40.9583
40.9026
40.904
40.9545
41.042
41.1539
41.2639
41.3502
41.4074
41.4408
41.4718
41.5102
41.56
41.614
41.6544
41.6677
41.6553
41.617
41.5669
41.5137
41.4688
41.4437
41.4486
41.4822
41.5436
41.6357
41.755
41.9017
42.0716
42.258
42.4625
42.6755
42.894
43.1084
43.3276
43.5433
43.7653
43.9943
44.235
44.4997
44.7885
45.1024
45.4367
45.7804
46.1193
46.4411
46.7288
46.9708
47.1613
47.3178
47.4592
47.6171
47.8153
48.0574
48.3407
48.6478
48.9642
49.2764
49.5818
49.8829
50.1898
50.4957
50.8047
51.1104
51.4102
51.6979
51.9703
52.2244
52.4644
52.7022
52.9488
53.2058
53.4823
53.7778
54.0897
54.41
54.7291
55.0515
55.3795
55.712
56.0397
56.3553
56.6687
56.982
57.2929
57.6
57.9028
58.1948
58.4797
58.7498
59.0054
59.2433
59.468
59.6717
59.8556
60.0251
60.1768
60.3099
60.4255
60.5329
60.6303
60.7214
60.8152
60.909
61.0084
61.1289
61.2868
61.4932
61.739
62.0088
62.2902
62.588
62.9086
63.2488
63.611
63.9897
64.3918
64.8177
65.264
65.7125
66.1765
66.6313
67.126
67.6369
68.2422
68.8939
69.6439
70.4437
71.2769
72.1129
72.8937
73.4664
47.0657
46.9107
46.6176
46.2667
45.8979
45.5556
45.26
45.0289
44.8618
44.7493
44.6731
44.6159
44.5658
44.5181
44.4726
44.4301
44.388
44.3336
44.2505
44.1397
44.0272
43.9179
43.8121
43.7228
43.6509
43.5896
43.5504
43.5229
43.4829
43.4196
43.3381
43.2646
43.1989
43.1329
43.064
42.998
42.9326
42.8705
42.811
42.7535
42.7093
42.6858
42.6825
42.6907
42.7043
42.7181
42.7316
42.7548
42.7897
42.8234
42.8309
42.7954
42.7168
42.593
42.4233
42.2159
41.9862
41.754
41.5409
41.3633
41.2328
41.1594
41.1271
41.0987
41.0508
40.9722
40.8793
40.7917
40.7385
40.7351
40.7766
40.8558
40.9604
41.0811
41.202
41.3041
41.3802
41.4298
41.4687
41.5115
41.5619
41.6075
41.6307
41.6172
41.571
41.4979
41.4182
41.3375
41.2699
41.228
41.2205
41.2543
41.3208
41.4245
41.5637
41.7308
41.9189
42.1159
42.3276
42.5353
42.7488
42.954
43.1677
43.3802
43.6012
43.8308
44.0673
44.3221
44.593
44.8765
45.1708
45.4693
45.762
46.0391
46.2886
46.5057
46.6839
46.8368
46.9782
47.1304
47.314
47.5279
47.7751
48.0398
48.3182
48.5945
48.8746
49.1504
49.4366
49.7213
50.012
50.2971
50.5737
50.8424
51.0994
51.3479
51.5873
51.8304
52.084
52.3477
52.6269
52.9218
53.2303
53.5457
53.8588
54.1741
54.4968
54.8228
55.1494
55.466
55.7811
56.0934
56.4047
56.7064
57.0057
57.2878
57.5602
57.8153
58.0631
58.2937
58.5142
58.718
58.904
59.0801
59.2404
59.385
59.513
59.6362
59.7492
59.8525
59.9582
60.0621
60.1698
60.2947
60.4592
60.6663
60.9121
61.1777
61.453
61.7448
62.0537
62.3836
62.7385
63.1104
63.5127
63.9425
64.4024
64.8643
65.3597
65.8476
66.401
66.969
67.6397
68.3689
69.1775
70.0581
70.9296
71.8221
72.5441
73.1714
47.18
47.0167
46.7139
46.3566
45.9864
45.6433
45.3468
45.1119
44.9389
44.8148
44.7206
44.6427
44.5774
44.5211
44.4695
44.4216
44.374
44.3114
44.218
44.1007
43.9839
43.8664
43.7499
43.6528
43.5829
43.5289
43.5009
43.4873
43.4624
43.4179
43.3611
43.3138
43.2719
43.2252
43.1729
43.1185
43.0598
42.9984
42.9273
42.8501
42.7801
42.7268
42.6969
42.6866
42.6914
42.7064
42.7321
42.776
42.836
42.8948
42.9273
42.9105
42.8377
42.7089
42.5279
42.3086
42.0652
41.8158
41.5746
41.3557
41.1799
41.058
40.974
40.8971
40.817
40.7296
40.6548
40.6076
40.6018
40.6477
40.7312
40.8418
40.9697
41.1052
41.2419
41.3603
41.4531
41.5158
41.5576
41.5963
41.6372
41.6692
41.6752
41.6387
41.5659
41.4676
41.3657
41.2653
41.1804
41.1236
41.1053
41.1359
41.2024
41.3103
41.4621
41.6405
41.8396
42.041
42.2604
42.4656
42.6757
42.8741
43.0823
43.2917
43.5062
43.7297
43.9567
44.1968
44.447
44.7014
44.96
45.2164
45.4654
45.7002
45.9119
46.1025
46.2663
46.4123
46.5501
46.6931
46.8617
47.0484
47.2633
47.4851
47.7261
47.9644
48.2161
48.4645
48.7247
48.9865
49.2541
49.5172
49.7717
50.0217
50.2624
50.4995
50.7345
50.9761
51.2284
51.4917
51.7694
52.0594
52.3651
52.6751
52.9842
53.2927
53.61
53.9273
54.2489
54.5605
54.873
55.1765
55.4837
55.7738
56.0645
56.3373
56.5986
56.8452
57.0834
57.3073
57.5207
57.7265
57.913
58.0933
58.261
58.4186
58.5602
58.697
58.8245
58.9464
59.0678
59.1866
59.3089
59.4424
59.61
59.8153
60.0533
60.3117
60.5781
60.8584
61.1571
61.4786
61.8272
62.1932
62.5969
63.0186
63.4933
63.9613
64.4905
65.0117
65.6269
66.2535
66.9878
67.7854
68.6591
69.5999
70.5436
71.4814
72.2978
72.8241
47.2763
47.0986
46.7815
46.4176
46.0525
45.7194
45.4355
45.21
45.0444
44.9196
44.8173
44.7262
44.6503
44.5887
44.5336
44.4832
44.4324
44.3637
44.2643
44.1442
44.0261
43.9043
43.78
43.6758
43.6062
43.5601
43.543
43.5418
43.5304
43.4994
43.4588
43.4292
43.4052
43.3768
43.3416
43.2981
43.2454
43.1811
43.1013
43.0082
42.9133
42.8306
42.7716
42.7399
42.7348
42.7474
42.7769
42.8311
42.9058
42.9841
43.0386
43.0429
42.9837
42.8594
42.6773
42.454
42.2093
41.9562
41.7046
41.4595
41.2451
41.0731
40.9316
40.8014
40.689
40.5899
40.5284
40.5124
40.5442
40.6285
40.7453
40.8825
41.0331
41.1848
41.3374
41.4709
41.579
41.6507
41.6936
41.7284
41.7616
41.7788
41.7639
41.7084
41.6149
41.4968
41.3781
41.2657
41.1715
41.1084
41.0852
41.1101
41.1758
41.2811
41.4345
41.611
41.8138
42.0159
42.2387
42.4425
42.6503
42.848
43.0488
43.2529
43.4614
43.6702
43.8791
44.099
44.3232
44.547
44.7689
44.9857
45.1956
45.3939
45.5727
45.7379
45.887
46.0242
46.1586
46.2921
46.4479
46.6079
46.795
46.976
47.179
47.3823
47.6016
47.8229
48.0544
48.2922
48.5312
48.7693
48.9985
49.2297
49.4525
49.6796
49.9088
50.1472
50.395
50.653
50.9256
51.2062
51.5014
51.8034
52.1057
52.4065
52.7159
53.0232
53.3351
53.6357
53.939
54.2281
54.5214
54.8009
55.0792
55.3405
55.5928
55.8304
56.0587
56.2773
56.4871
56.6933
56.883
57.0688
57.2459
57.4122
57.5673
57.7136
57.8563
57.9938
58.1322
58.2694
58.4087
58.5543
58.7248
58.9265
59.1547
59.3997
59.6576
59.9242
60.217
60.527
60.875
61.2278
61.636
62.0482
62.5352
63.0077
63.5671
64.1202
64.7841
65.4702
66.2564
67.1266
68.0541
69.0806
70.0837
71.1047
71.8743
72.5699
47.3286
47.1317
46.7952
46.4247
46.0708
45.7607
45.5054
45.3074
45.1647
45.0533
44.9558
44.8628
44.7842
44.7215
44.6681
44.6165
44.5626
44.4909
44.3899
44.2704
44.1552
44.034
43.9067
43.7988
43.7283
43.6893
43.6821
43.6886
43.6825
43.6526
43.615
43.591
43.5759
43.5589
43.5371
43.5027
43.4571
43.3949
43.3116
43.2019
43.0833
42.9747
42.8905
42.8382
42.819
42.8254
42.859
42.9194
42.9996
43.0871
43.1562
43.1786
43.1366
43.023
42.8488
42.6327
42.3999
42.1548
41.9054
41.6465
41.4025
41.1905
40.9989
40.817
40.67
40.5517
40.493
40.495
40.553
40.6636
40.8041
40.9588
41.1262
41.2906
41.4552
41.6034
41.722
41.8022
41.8485
41.8815
41.9047
41.9039
41.872
41.801
41.6897
41.556
41.4264
41.3074
41.2117
41.1498
41.1314
41.1522
41.2177
41.3165
41.4641
41.6296
41.8277
42.027
42.2492
42.4544
42.6587
42.8557
43.0513
43.2465
43.443
43.6349
43.8214
44.0159
44.21
44.3999
44.5877
44.7684
44.9427
45.1072
45.26
45.4014
45.5365
45.6614
45.7919
45.9122
46.0547
46.1901
46.3507
46.5015
46.67
46.8402
47.0267
47.2186
47.42
47.6276
47.8359
48.0466
48.2504
48.4618
48.6711
48.8871
49.1109
49.3446
49.5903
49.8396
50.1037
50.3721
50.6547
50.9417
51.2373
51.5273
51.8271
52.1192
52.4187
52.7028
52.9919
53.264
53.54
53.8019
54.0651
54.3113
54.5543
54.7824
55.0056
55.2194
55.43
55.6349
55.8314
56.0207
56.2044
56.3773
56.5443
56.6994
56.8567
57.0063
57.1584
57.3114
57.4698
57.6286
57.8049
58.0005
58.2192
58.4492
58.7004
58.952
59.237
59.5306
59.8775
60.2212
60.6349
61.0334
61.5281
62.0053
62.5923
63.172
63.8699
64.6063
65.4332
66.3526
67.3383
68.4125
69.4988
70.5815
71.5136
72.0642
47.3247
47.1006
46.7413
46.369
46.0376
45.7669
45.5573
45.4044
45.2977
45.2107
45.1285
45.0453
44.9707
44.9093
44.8576
44.805
44.7493
44.678
44.5791
44.4625
44.3513
44.2334
44.1088
44.0028
43.9324
43.8978
43.8946
43.9015
43.8947
43.8613
43.8138
43.7798
43.7593
43.7453
43.7346
43.7104
43.668
43.6054
43.5195
43.4046
43.2711
43.1403
43.0345
42.9636
42.9315
42.9332
42.9684
43.029
43.1106
43.1991
43.2724
43.3055
43.2803
43.1816
43.0234
42.8225
42.6071
42.3791
42.1417
41.8839
41.6247
41.382
41.1497
40.926
40.7477
40.6079
40.5392
40.542
40.6164
40.7394
40.8892
41.0489
41.2258
41.4
41.5725
41.7317
41.8548
41.9415
41.9898
42.0183
42.0341
42.018
41.9681
41.8775
41.754
41.6183
41.4871
41.3657
41.276
41.222
41.2122
41.2347
41.3013
41.3925
41.5299
41.6856
41.872
42.0688
42.2863
42.4907
42.6885
42.8815
43.0719
43.259
43.44
43.612
43.7742
43.9418
44.1052
44.2621
44.418
44.5655
44.7084
44.8418
44.972
45.0891
45.2098
45.3193
45.4394
45.5463
45.6722
45.7879
45.9219
46.0489
46.1844
46.3248
46.4781
46.6421
46.8117
46.9897
47.1696
47.3528
47.5352
47.7272
47.9247
48.1303
48.3493
48.5763
48.8158
49.056
49.3097
49.5652
49.8334
50.104
50.3865
50.6648
50.949
51.2231
51.5029
51.7706
52.0407
52.2965
52.5518
52.7956
53.0399
53.2732
53.502
53.7242
53.9399
54.1532
54.3629
54.5707
54.7698
54.9649
55.1515
55.3315
55.504
55.6673
55.8355
55.9955
56.1557
56.322
56.4896
56.6606
56.8411
57.0342
57.2458
57.4644
57.7073
57.9442
58.2251
58.5015
58.8492
59.1763
59.5964
59.9792
60.4838
60.9618
61.5623
62.1707
62.8842
63.6553
64.5061
65.4576
66.4701
67.5849
68.6955
69.8514
70.6882
71.5447
47.2563
47.0069
46.6361
46.2855
45.9947
45.7789
45.6275
45.5228
45.4491
45.3868
45.3252
45.2596
45.194
45.1345
45.0829
45.0296
44.9717
44.9006
44.8044
44.6916
44.5847
44.4725
44.3558
44.256
44.187
44.1522
44.1481
44.1529
44.1439
44.1015
44.0399
43.9883
43.9524
43.9281
43.9145
43.8955
43.8537
43.7913
43.7077
43.5914
43.4541
43.3139
43.1963
43.1138
43.0734
43.0685
43.0995
43.1559
43.2331
43.3147
43.389
43.4271
43.4137
43.3316
43.1902
43.0071
42.8119
42.6055
42.385
42.1385
41.8825
41.6276
41.3715
41.1194
40.9132
40.7491
40.6646
40.6585
40.7243
40.84
40.9928
41.1548
41.332
41.5065
41.6754
41.8355
41.9634
42.0524
42.1032
42.1255
42.1312
42.1005
42.0413
41.9372
41.8063
41.6676
41.5366
41.4236
41.347
41.3009
41.3017
41.3305
41.401
41.4908
41.6181
41.7635
41.939
42.1285
42.336
42.5368
42.7287
42.9144
43.0982
43.2748
43.4388
43.5906
43.732
43.8728
44.0111
44.1373
44.2663
44.3825
44.5004
44.6045
44.7126
44.807
44.9099
44.9993
45.1044
45.1955
45.3002
45.3994
45.5063
45.6108
45.7177
45.8283
45.9492
46.0841
46.2242
46.3735
46.5325
46.6933
46.8623
47.037
47.2253
47.4193
47.6319
47.8471
48.0784
48.3073
48.5483
48.7886
49.0426
49.2964
49.563
49.8245
50.0916
50.3451
50.6048
50.8531
51.1044
51.3413
51.5769
51.8004
52.0266
52.243
52.4605
52.6719
52.8844
53.0954
53.3079
53.5164
53.7209
53.9174
54.1072
54.2877
54.4629
54.6279
54.8025
54.9657
55.1321
55.3035
55.4773
55.6519
55.8399
56.0273
56.2383
56.4422
56.6841
56.9018
57.1856
57.4402
57.7885
58.0972
58.5205
58.8979
59.399
59.883
60.4871
61.1035
61.8174
62.5933
63.45
64.3888
65.3997
66.4764
67.5883
68.692
69.6839
70.2527
47.1753
46.9106
46.5556
46.2455
46.0075
45.8446
45.7397
45.6675
45.6165
45.5736
45.533
45.4867
45.4311
45.3732
45.3208
45.2671
45.2072
45.1352
45.0421
44.9335
44.8287
44.7224
44.6155
44.523
44.4563
44.4179
44.4061
44.4042
44.3898
44.343
44.274
44.2023
44.1483
44.1126
44.09
44.0623
44.0187
43.9547
43.8769
43.7667
43.6307
43.4867
43.3707
43.2858
43.2389
43.2244
43.2468
43.2919
43.3617
43.4337
43.5001
43.5356
43.5318
43.4657
43.3469
43.1861
43.0087
42.823
42.6252
42.3978
42.1524
41.8984
41.6414
41.3782
41.1493
40.965
40.8594
40.8308
40.877
40.9782
41.1185
41.2692
41.4362
41.6046
41.768
41.921
42.0444
42.1276
42.179
42.1939
42.1918
42.1517
42.0824
41.9736
41.8423
41.7045
41.5826
41.4761
41.4084
41.3712
41.3849
41.4202
41.496
41.5884
41.7103
41.8519
42.0183
42.1969
42.3933
42.5879
42.7707
42.947
43.1239
43.2859
43.4357
43.5682
43.6925
43.8108
43.9288
44.0302
44.1373
44.2276
44.3228
44.4023
44.4904
44.5582
44.6392
44.708
44.7894
44.8646
44.9463
45.0243
45.1077
45.1861
45.2703
45.3508
45.4446
45.5478
45.6644
45.7863
45.9297
46.0717
46.2356
46.3962
46.5804
46.7624
46.9671
47.1683
47.3869
47.6008
47.8272
48.0509
48.289
48.5258
48.7756
49.0168
49.2646
49.4974
49.7366
49.9663
50.1979
50.4173
50.6344
50.8412
51.0469
51.2465
51.4497
51.6525
51.8588
52.0671
52.2796
52.4878
52.6939
52.8912
53.0804
53.2606
53.4359
53.6011
53.7756
53.9382
54.1035
54.2737
54.4468
54.6183
54.8105
54.9886
55.2029
55.387
55.6351
55.8303
56.124
56.3549
56.7062
57.0002
57.4174
57.7921
58.287
58.7648
59.3561
59.9708
60.6645
61.4138
62.2315
63.1191
64.0606
65.0572
66.0445
67.0243
67.6655
68.5575
47.1272
46.8763
46.549
46.2854
46.0927
45.9621
45.8797
45.8236
45.7846
45.7548
45.7269
45.6933
45.6509
45.6023
45.5527
45.4986
45.4374
45.3643
45.2757
45.17
45.0656
44.9624
44.8622
44.7721
44.7054
44.662
44.6419
44.6308
44.6129
44.5683
44.4997
44.4196
44.3514
44.2953
44.2557
44.2229
44.183
44.1152
44.0344
43.9281
43.8031
43.6669
43.551
43.4625
43.4153
43.3963
43.4109
43.4432
43.5024
43.5629
43.6225
43.652
43.6469
43.5898
43.4922
43.3563
43.2019
43.0338
42.8537
42.6458
42.4177
42.1721
41.9207
41.6589
41.4249
41.2291
41.1039
41.0498
41.0688
41.1399
41.2585
41.3918
41.5424
41.6946
41.8443
41.9805
42.0981
42.1753
42.2272
42.2351
42.2258
42.1764
42.1042
41.9956
41.8737
41.7409
41.6286
41.529
41.4724
41.4418
41.4611
41.5024
41.5816
41.6781
41.8004
41.9393
42.1007
42.2695
42.4566
42.6382
42.8148
42.982
43.15
43.2998
43.4375
43.5516
43.6639
43.7589
43.8625
43.943
44.0338
44.102
44.1782
44.2352
44.2997
44.3449
44.4007
44.4438
44.5023
44.5521
44.6149
44.6665
44.7296
44.7827
44.8444
44.8991
44.9707
45.0435
45.1423
45.2388
45.3719
45.4999
45.6599
45.8128
45.992
46.167
46.3601
46.5497
46.7504
46.9483
47.1541
47.3607
47.5786
47.7962
48.0241
48.245
48.4695
48.6859
48.905
49.1187
49.3313
49.5368
49.7378
49.9311
50.1211
50.3067
50.4941
50.6889
50.8853
51.0889
51.2971
51.5035
51.7074
51.9028
52.0901
52.2676
52.4412
52.6036
52.7742
52.9295
53.0934
53.2497
53.4272
53.5806
53.778
53.9317
54.161
54.3133
54.5807
54.7468
55.0448
55.2623
55.608
55.8904
56.3026
56.6632
57.1412
57.6071
58.1702
58.7563
59.4172
60.102
60.8497
61.6189
62.4336
63.2282
63.9904
64.5984
64.8912
64.5975
47.1801
46.9676
46.6769
46.425
46.2383
46.1093
46.0351
45.9858
45.9475
45.9202
45.8941
45.865
45.8308
45.7871
45.7397
45.6894
45.6322
45.5616
45.4782
45.3768
45.2736
45.1716
45.0762
44.9904
44.9265
44.8813
44.8528
44.8316
44.8082
44.7664
44.7044
44.6271
44.5541
44.4901
44.4414
44.3972
44.3493
44.2807
44.2015
44.1008
43.9854
43.856
43.7455
43.6587
43.6042
43.577
43.5827
43.6095
43.6576
43.7045
43.7481
43.7689
43.7638
43.7192
43.6387
43.5202
43.3821
43.2277
43.0641
42.8753
42.6627
42.4307
42.1896
41.9345
41.7042
41.5017
41.3606
41.2832
41.2726
41.3122
41.4029
41.5162
41.6475
41.7798
41.914
42.0322
42.1421
42.2104
42.26
42.2626
42.2456
42.1921
42.1203
42.0128
41.9028
41.7794
41.6809
41.5922
41.5424
41.5177
41.5335
41.5777
41.6577
41.7595
41.884
42.0218
42.1818
42.3468
42.5265
42.6971
42.8678
43.028
43.188
43.3227
43.4512
43.5491
43.6499
43.7278
43.8168
43.8811
43.9541
44.0057
44.0623
44.098
44.1386
44.1596
44.1913
44.2075
44.2442
44.2672
44.3081
44.3355
44.3779
44.4082
44.4526
44.4845
44.5397
44.585
44.6695
44.7461
44.8695
44.9875
45.1414
45.289
45.4607
45.6289
45.8107
45.9881
46.1726
46.3517
46.5374
46.7215
46.9182
47.1126
47.316
47.5159
47.7187
47.9188
48.1225
48.3193
48.5193
48.7102
48.9011
49.0814
49.2618
49.4329
49.613
49.7932
49.9837
50.1752
50.3803
50.5767
50.7786
50.9662
51.1545
51.3221
51.5
51.6516
51.8228
51.9612
52.1267
52.2577
52.4363
52.5608
52.7653
52.8879
53.1278
53.2601
53.524
53.6797
53.9741
54.1747
54.521
54.7855
55.1865
55.5321
55.9885
56.4211
56.9468
57.47
58.0727
58.6589
59.2936
59.8874
60.467
60.9423
61.2323
61.1949
60.1269
58.2189
47.1913
47.1259
46.8547
46.6046
46.4156
46.278
46.1879
46.1246
46.0764
46.046
46.0237
45.999
45.9715
45.9386
45.8989
45.85
45.7914
45.7205
45.6401
45.5456
45.4466
45.3493
45.2591
45.1768
45.1088
45.0573
45.025
45.0025
44.9793
44.9399
44.8848
44.8159
44.746
44.6803
44.6236
44.57
44.5176
44.4495
44.3684
44.2691
44.1604
44.0421
43.9368
43.8484
43.7907
43.7587
43.7575
43.7732
43.8056
43.8406
43.8732
43.888
43.8804
43.839
43.7696
43.6659
43.5439
43.3989
43.2417
43.0616
42.8647
42.645
42.4164
42.1759
41.9532
41.7526
41.6004
41.505
41.472
41.4881
41.5523
41.6426
41.754
41.8672
41.9868
42.0892
42.1864
42.2447
42.2861
42.2854
42.2633
42.2074
42.1358
42.0343
41.9357
41.8257
41.7385
41.6631
41.6177
41.5987
41.6132
41.6586
41.7367
41.8377
41.9634
42.103
42.2607
42.4223
42.5949
42.7605
42.9271
43.0816
43.2341
43.3569
43.476
43.5627
43.6516
43.717
43.793
43.8447
43.9024
43.9378
43.9749
43.9901
44.0082
44.0061
44.015
44.0085
44.0199
44.0199
44.0362
44.0415
44.0626
44.072
44.1014
44.1152
44.1585
44.186
44.2567
44.3207
44.4308
44.5393
44.6819
44.8224
44.9848
45.1445
45.3171
45.481
45.6529
45.8125
45.9809
46.1425
46.3179
46.4883
46.6691
46.8466
47.0297
47.2118
47.3987
47.5801
47.7673
47.9462
48.1274
48.2991
48.4699
48.6351
48.8089
48.9783
49.1629
49.3428
49.5436
49.7273
49.928
50.1048
50.2957
50.4509
50.6325
50.7705
50.9366
51.0547
51.2156
51.3169
51.4913
51.5845
51.7872
51.8845
52.12
52.234
52.5031
52.6359
52.9348
53.1117
53.4559
53.6963
54.0863
54.3998
54.8309
55.2098
55.6867
56.1178
56.6378
57.078
57.5606
57.8938
58.1671
58.1247
57.7466
56.6244
54.4429
45.2497
-42.4986
-4.55632
-7.85686
-2.83003
-3.94553
-2.05366
-1.73173
-0.563237
-0.0404196
0.672116
1.078
1.47709
1.57288
1.72775
1.62692
1.60838
1.53138
1.21275
0.794174
0.633995
-29.3286
-4.86118
-7.84042
-2.94723
-4.06083
-2.17177
-1.86554
-0.687207
-0.166186
0.555862
0.966384
1.38051
1.48143
1.6498
1.55218
1.54085
1.48284
1.15814
0.729725
0.586711
-19.0935
-4.69189
-7.66506
-3.11377
-4.24642
-2.35803
-2.09427
-0.907497
-0.399637
0.331224
0.744619
1.18242
1.29076
1.48414
1.40013
1.39766
1.36889
1.03617
0.590006
0.490811
-10.1701
-3.79456
-6.89196
-3.23518
-4.34221
-2.56518
-2.32159
-1.16864
-0.669433
0.0541487
0.471998
0.930498
1.0475
1.26784
1.20705
1.20576
1.21407
0.890345
0.416649
0.354457
-2.66664
-2.03171
-5.59491
-3.22851
-4.28321
-2.74746
-2.49721
-1.43446
-0.938809
-0.241627
0.175811
0.653518
0.782151
1.02227
0.994613
0.988929
1.02424
0.743281
0.24359
0.205427
3.46216
0.442996
-3.84062
-2.93499
-4.0141
-2.84289
-2.59221
-1.66481
-1.18175
-0.523802
-0.116045
0.372862
0.516599
0.762111
0.770744
0.75709
0.797848
0.592133
0.0897999
0.0595077
8.47705
3.3379
-1.73893
-2.28769
-3.52818
-2.80932
-2.5979
-1.82854
-1.37776
-0.767591
-0.377929
0.107111
0.266754
0.501993
0.540468
0.521769
0.543887
0.425608
-0.041324
-0.0726752
12.6778
6.37739
0.577804
-1.30351
-2.84457
-2.61656
-2.49965
-1.89303
-1.49592
-0.941382
-0.578398
-0.118962
0.052755
0.261856
0.314741
0.295787
0.281056
0.237586
-0.152127
-0.182113
16.3045
9.38508
3.00296
-0.031925
-1.97177
-2.23423
-2.26043
-1.8165
-1.49324
-1.00895
-0.684559
-0.274515
-0.101857
0.0662933
0.112204
0.0907132
0.031486
0.03783
-0.247209
-0.264231
19.48
12.2438
5.43529
1.46467
-0.923462
-1.6488
-1.85667
-1.57847
-1.34287
-0.947579
-0.674327
-0.333904
-0.179352
-0.0649997
-0.0484421
-0.0807754
-0.178174
-0.147444
-0.332429
-0.322215
22.2658
14.8836
7.79014
3.09918
0.254789
-0.883257
-1.29608
-1.18755
-1.04413
-0.753578
-0.54383
-0.289697
-0.176853
-0.128
-0.154889
-0.205588
-0.328007
-0.292311
-0.409871
-0.361697
24.7186
17.2794
10.0033
4.77453
1.50443
0.00923763
-0.61116
-0.674414
-0.627058
-0.451778
-0.321271
-0.169555
-0.118353
-0.138888
-0.204012
-0.274139
-0.405087
-0.376539
-0.467315
-0.383223
26.9033
19.4424
12.0409
6.42028
2.78364
0.974737
0.151206
-0.087637
-0.148541
-0.0965734
-0.0572574
-0.0113579
-0.027906
-0.108119
-0.194715
-0.279581
-0.398817
-0.38527
-0.483015
-0.37825
28.8633
21.3776
13.8622
7.9681
4.04178
1.95343
0.927841
0.504172
0.321935
0.25384
0.206673
0.161332
0.0874082
-0.0315127
-0.122326
-0.217291
-0.307522
-0.31449
-0.438752
-0.338448
30.6478
23.0817
15.4373
9.35717
5.21515
2.87616
1.65024
1.04444
0.741975
0.567485
0.450373
0.341457
0.231066
0.0964492
0.0128268
-0.0875455
-0.140447
-0.171203
-0.33127
-0.262588
32.2807
24.5352
16.7448
10.5455
6.24119
3.67662
2.26115
1.49515
1.08935
0.832063
0.665549
0.522109
0.396952
0.265282
0.194612
0.0935601
0.0761333
0.0185667
-0.175401
-0.160482
33.7489
25.7096
17.783
11.5155
7.07721
4.31367
2.72905
1.83652
1.35411
1.04024
0.8464
0.689129
0.562326
0.442879
0.382785
0.282243
0.289254
0.207997
-0.00677598
-0.0544911
34.9842
26.5327
18.5134
12.2207
7.67457
4.75244
3.03813
2.06177
1.53322
1.18933
0.985076
0.823681
0.697822
0.587789
0.531059
0.429593
0.447837
0.351196
0.132905
0.0295932
35.9333
26.9801
18.9034
12.6003
7.98047
4.9616
3.17403
2.15915
1.6149
1.26475
1.0602
0.897973
0.77178
0.665551
0.608396
0.506464
0.527541
0.427672
0.218178
0.0786081
36.1676
27.0225
18.9777
12.6811
8.04206
5.00315
3.20094
2.17994
1.63235
1.2796
1.07403
0.910887
0.784873
0.680523
0.624193
0.524608
0.546186
0.448064
0.252074
0.0995973
)
;

boundaryField
{
    inlet
    {
        type            calculated;
        value           nonuniform List<scalar> 
20
(
87.038
83.9269
81.962
80.427
79.1787
78.194
77.4375
76.8845
76.5247
76.3455
76.3385
76.5069
76.8574
77.403
78.1561
79.1376
80.3838
81.9179
83.8815
86.9914
)
;
    }
    outlet
    {
        type            calculated;
        value           uniform 0;
    }
    walls
    {
        type            calculated;
        value           nonuniform List<scalar> 
520
(
86.9914
74.6305
67.1905
63.6293
61.7066
60.2902
59.0624
57.9298
56.8778
55.8634
54.8912
53.927
53.0062
52.0978
51.2581
50.4456
49.7375
49.0855
48.5882
48.2463
48.2102
48.1717
48.1081
48.0257
47.9268
47.8167
47.7045
47.5993
47.5053
47.4236
47.3529
47.2913
47.2372
47.1891
47.1462
47.1076
47.0728
47.0412
47.0126
46.9867
46.9632
46.9421
46.9232
46.9065
46.8915
46.8779
46.8652
46.8527
46.84
46.8267
46.8125
46.7976
46.7821
46.7666
46.7515
46.7368
46.7226
46.7084
46.6938
46.6786
46.6628
46.6472
46.6327
46.6202
46.6101
46.6025
46.5978
46.5961
46.5968
46.5994
46.604
46.6107
46.6198
46.6322
46.6484
46.6679
46.6896
46.7125
46.7358
46.7592
46.7829
46.8066
46.8301
46.853
46.8757
46.8987
46.9217
46.9446
46.967
46.9882
47.007
47.0221
47.0323
47.0367
47.0384
47.0434
47.0547
47.0721
47.0906
47.1044
47.1117
47.1156
47.1179
47.1108
47.1046
47.1274
47.1506
47.2356
47.2576
47.3476
47.3599
47.4586
47.4712
47.6053
47.6779
47.879
47.9896
48.2078
48.3282
48.5571
48.6688
48.881
48.9623
49.1394
49.1883
49.3305
49.3684
49.5293
49.5702
49.7169
49.7482
49.8926
49.9471
50.1372
50.2497
50.4834
50.6162
50.8671
50.9995
51.261
51.3849
51.6513
51.7681
52.0482
52.1714
52.4405
52.5593
52.8094
52.9127
53.1388
53.2448
53.4761
53.5964
53.8365
53.9621
54.1832
54.287
54.4811
54.5866
54.7886
54.8884
55.162
55.2783
55.608
55.6837
56.0705
56.0057
56.4931
56.3392
56.8744
56.6284
57.1679
56.9189
57.4838
57.2394
57.8003
57.5422
58.0935
57.909
58.4751
58.2444
58.997
58.69
59.5255
59.1655
59.9355
59.4565
60.0996
59.6173
60.2273
59.7529
60.3114
59.8271
60.4695
59.8067
60.4269
59.611
60.2321
59.2538
59.8388
58.8658
59.2649
58.1584
58.6067
57.2265
57.943
56.3122
57.1086
55.3461
55.7546
53.9788
53.6931
51.8244
50.9959
49.2149
47.7196
45.9164
44.25
42.3797
40.5321
36.1676
27.0225
18.9777
12.6811
8.04206
5.00315
3.20094
2.17994
1.63235
1.2796
1.07403
0.910887
0.784873
0.680523
0.624193
0.524608
0.546186
0.448064
0.252074
0.0995973
87.038
74.5863
67.1806
63.6123
61.721
60.2799
59.0702
57.9106
56.8795
55.8351
54.8837
53.8822
52.9784
52.0187
51.1814
50.2904
49.536
48.7344
48.0511
47.2655
47.228
47.1965
47.1833
47.1737
47.1349
47.0568
46.9665
46.9084
46.9072
46.9656
47.0657
47.18
47.2763
47.3286
47.3247
47.2563
47.1753
47.1272
47.1801
47.1913
47.228
47.228
47.2428
47.1773
47.0264
46.8383
46.6515
46.484
46.3397
46.218
46.1167
46.039
45.9884
45.9555
45.9232
45.9011
45.8902
45.8754
45.8605
45.8512
45.85
45.8576
45.8505
45.8256
45.7883
45.7378
45.6922
45.6668
45.6537
45.6221
45.5514
45.4538
45.3587
45.2899
45.2459
45.2107
45.1705
45.1292
45.0973
45.074
45.0628
45.077
45.098
45.1253
45.1651
45.1747
45.141
45.071
44.9781
44.8928
44.8435
44.82
44.8019
44.7849
44.7847
44.7992
44.8133
44.8139
44.803
44.7886
44.7864
44.7877
44.7798
44.7782
44.7724
44.7617
44.7412
44.728
44.7339
44.7444
44.7787
44.8363
44.9101
44.9831
45.0368
45.071
45.0699
45.0169
44.9372
44.8824
44.8767
44.9286
45.0213
45.1332
45.2255
45.2889
45.372
45.4871
45.6183
45.7458
45.8723
45.9959
46.1071
46.2183
46.3169
46.4262
46.5767
46.7423
46.9179
47.1079
47.3184
47.5621
47.8438
48.1587
48.4845
48.8123
49.1512
49.5068
49.881
50.2837
50.7048
51.1167
51.4945
51.8349
52.1599
52.4666
52.7535
53.0256
53.2929
53.567
53.8493
54.1447
54.4487
54.7499
55.0504
55.3475
55.6396
55.947
56.2604
56.5697
56.8753
57.1935
57.5477
57.9125
58.2726
58.6376
58.9927
59.3143
59.5937
59.8363
60.0731
60.3191
60.5858
60.88
61.1802
61.465
61.7284
61.9661
62.1905
62.4226
62.6746
62.9403
63.207
63.467
63.7187
63.9608
64.1993
64.4352
64.6668
64.8899
65.1037
65.3055
65.4943
65.6655
65.817
65.9515
66.0744
66.192
66.3087
66.4238
66.5364
66.6467
66.7602
66.8818
67.0199
67.1798
67.3592
67.5433
67.7471
67.9857
68.2561
68.5604
68.86
69.1532
69.4706
69.8065
70.1377
70.4633
70.8097
71.1942
71.641
72.1667
72.7711
73.4382
74.143
74.8163
75.3896
75.7282
75.8898
76.0324
76.0324
75.8696
75.6251
75.3618
75.1122
74.846
74.5467
74.1971
73.8381
73.4664
73.1714
72.8241
72.5699
72.0642
71.5447
70.2527
68.5575
64.5975
58.2189
45.2497
-42.4986
-4.55632
-7.85686
-2.83003
-3.94553
-2.05366
-1.73173
-0.563237
-0.0404196
0.672116
1.078
1.47709
1.57288
1.72775
1.62692
1.60838
1.53138
1.21275
0.794174
0.633995
)
;
    }
    frontAndBack
    {
        type            empty;
    }
}


// ************************************************************************* //
