/*--------------------------------*- C++ -*----------------------------------*\
| =========                 |                                                 |
| \\      /  F ield         | OpenFOAM: The Open Source CFD Toolbox           |
|  \\    /   O peration     | Version:  2.4.0                                 |
|   \\  /    A nd           | Web:      www.OpenFOAM.org                      |
|    \\/     M anipulation  |                                                 |
\*---------------------------------------------------------------------------*/
FoamFile
{
    version     2.0;
    format      ascii;
    class       volScalarField;
    location    "1.02";
    object      pMean;
}
// * * * * * * * * * * * * * * * * * * * * * * * * * * * * * * * * * * * * * //

dimensions      [0 2 -2 0 0 0 0];

internalField   nonuniform List<scalar> 
8800
(
88.2131
75.7717
68.3398
64.7615
62.8419
61.3916
60.155
58.9892
57.9304
56.8818
55.9011
54.8972
53.9599
52.9996
52.1245
51.2359
50.4465
49.6613
48.967
48.2263
85.1044
75.4178
68.5083
64.8752
62.9014
61.4169
60.1625
58.9896
57.9283
56.8793
55.8983
54.8951
53.9574
52.9978
52.1223
51.2335
50.4474
49.6572
48.97
48.1906
83.1407
75.4941
69.1089
65.2503
63.0682
61.4959
60.2088
59.022
57.9523
56.8964
55.9084
54.8999
53.9587
52.9959
52.1202
51.2252
50.4472
49.6449
49.0344
48.2454
81.6064
75.5558
69.6942
65.6733
63.2512
61.5834
60.2708
59.0785
58.0005
56.9355
55.9355
54.9182
53.9689
53.0005
52.1199
51.2181
50.4368
49.6336
49.0984
48.4915
80.359
75.5292
70.1691
66.079
63.4196
61.6509
60.3188
59.1364
58.0559
56.9878
55.9706
54.947
53.9812
53.0122
52.1156
51.2179
50.4105
49.6233
49.0209
48.8299
79.376
75.4325
70.5343
66.4261
63.5708
61.6953
60.3463
59.1823
58.1056
57.0385
56.006
54.9762
53.9927
53.0228
52.1096
51.2156
50.3859
49.6177
49.0371
49.3085
78.6203
75.3179
70.8016
66.7065
63.7074
61.7231
60.3547
59.2151
58.1452
57.0804
56.0362
54.9999
54.0022
53.0286
52.1041
51.2095
50.3731
49.6257
49.1286
49.6241
78.0693
75.2161
70.9846
66.9181
63.8285
61.7409
60.3508
59.2365
58.1747
57.1126
56.0592
55.0179
54.0082
53.0323
52.0992
51.2082
50.3703
49.6501
49.2139
49.8511
77.7104
75.1423
71.1
67.0618
63.9143
61.7523
60.3447
59.2497
58.1954
57.1359
56.0756
55.0309
54.0131
53.0361
52.0985
51.2122
50.3776
49.6787
49.2881
50.017
77.5317
75.1051
71.157
67.1359
63.9585
61.7592
60.3404
59.2571
58.2068
57.1499
56.0851
55.0394
54.0172
53.0419
52.1025
51.222
50.3912
49.7076
49.3461
50.1257
77.5273
75.1098
71.1572
67.1381
63.9583
61.7605
60.3392
59.2587
58.2071
57.1524
56.0862
55.043
54.0203
53.0485
52.1103
51.2351
50.4084
49.7339
49.3859
50.1851
77.6986
75.1552
71.1012
67.0674
63.9142
61.756
60.3419
59.2543
58.1969
57.1432
56.0795
55.0415
54.0227
53.0556
52.1221
51.2513
50.4301
49.7574
49.4069
50.1954
78.0529
75.2341
70.9863
66.9249
63.8278
61.7459
60.347
59.2429
58.1767
57.1234
56.065
55.0344
54.0232
53.0632
52.1369
51.272
50.4563
49.782
49.4051
50.1501
78.6009
75.3375
70.8029
66.7124
63.7043
61.728
60.3495
59.2217
58.1466
57.0929
56.0426
55.0208
54.0207
53.0699
52.1531
51.2971
50.489
49.8134
49.3881
50.0292
79.3558
75.4523
70.536
66.4306
63.5659
61.6992
60.3417
59.1887
58.1067
57.052
56.0136
55.0005
54.0156
53.0729
52.1698
51.324
50.5303
49.855
49.3833
49.8259
80.3381
75.5501
70.1714
66.0836
63.4137
61.6548
60.3154
59.1438
58.0577
57.003
55.9802
54.9756
54.0088
53.0721
52.1864
51.3488
50.5786
49.9069
49.4093
49.5598
81.5847
75.5779
69.6972
65.6796
63.2446
61.5882
60.2679
59.0878
58.0027
56.9531
55.9468
54.9512
54.0012
53.0689
52.2006
51.3676
50.6255
49.956
49.4658
49.2828
83.1187
75.516
69.1131
65.2578
63.0615
61.5011
60.2065
59.0319
57.9555
56.9148
55.9221
54.9346
53.9961
53.0679
52.211
51.3817
50.6592
49.9934
49.5227
49.1383
85.0816
75.4388
68.5132
64.8838
62.895
61.4222
60.1603
58.9998
57.932
56.8982
55.9128
54.9308
53.9967
53.0715
52.218
51.3921
50.675
50.0151
49.5196
49.0603
88.1898
75.7917
68.3445
64.7703
62.8358
61.3969
60.153
58.9996
57.9341
56.9011
55.9156
54.9334
53.9994
53.074
52.2212
51.3956
50.6786
50.0209
49.521
49.1793
48.1947
48.0371
47.7187
47.3975
47.1444
46.9623
46.8415
46.7608
46.6997
46.6504
46.6067
46.5599
46.509
46.454
46.3937
46.3269
46.2526
46.1653
46.0668
45.9537
45.8322
45.7111
45.5976
45.4939
45.4052
45.3347
45.2831
45.242
45.2042
45.159
45.104
45.0406
44.9771
44.9214
44.8774
44.842
44.8108
44.7725
44.7244
44.6651
44.5991
44.5284
44.4666
44.4208
44.4023
44.4089
44.4443
44.4988
44.568
44.6383
44.6993
44.7371
44.7462
44.7202
44.6625
44.5711
44.458
44.3228
44.1758
44.0067
43.8212
43.6125
43.395
43.1717
42.9613
42.7785
42.6371
42.5507
42.5216
42.5423
42.6079
42.7075
42.835
42.9795
43.1377
43.2971
43.4518
43.5811
43.6796
43.7245
43.721
43.6575
43.5547
43.4037
43.2407
43.0638
42.9016
42.7619
42.6538
42.5916
42.5806
42.6321
42.744
42.9095
43.1226
43.3683
43.6406
43.9193
44.2011
44.4647
44.7156
44.9346
45.1297
45.2728
45.3933
45.4713
45.5388
45.5805
45.6299
45.6571
45.6862
45.7007
45.713
45.7149
45.7124
45.7061
45.6982
45.6903
45.6817
45.6693
45.6569
45.6388
45.6292
45.6137
45.6175
45.6048
45.6265
45.6249
45.6671
45.6995
45.775
45.8476
45.9534
46.0624
46.2027
46.3476
46.519
46.6904
46.8804
47.0666
47.2691
47.4733
47.692
47.9124
48.1453
48.3724
48.6091
48.8419
49.0771
49.309
49.536
49.7543
49.9706
50.1719
50.3696
50.5559
50.7526
50.9272
51.1178
51.2888
51.48
51.6307
51.8077
51.9359
52.0906
52.1862
52.3147
52.3783
52.4719
52.5035
52.5867
52.5985
52.6868
52.7018
52.8258
52.8484
53.0337
53.0681
53.3052
53.3781
53.6407
53.7547
54.0473
54.2168
54.5405
54.77
55.1241
55.3812
55.7555
56.0036
56.36
56.5374
56.7618
56.6778
56.52
55.7326
54.513
51.2757
47.2003
26.8623
48.0048
47.9281
47.7716
47.5138
47.2422
47.0244
46.8847
46.8086
46.7702
46.7437
46.7167
46.6796
46.6335
46.5789
46.5188
46.451
46.3763
46.2914
46.1977
46.0931
45.9819
45.8701
45.7655
45.6695
45.5871
45.5179
45.4634
45.418
45.3782
45.3357
45.2885
45.2346
45.1801
45.1283
45.0842
45.0443
45.0074
44.9658
44.9184
44.8611
44.7994
44.7349
44.6786
44.635
44.6136
44.6137
44.638
44.6798
44.734
44.7887
44.8358
44.8633
44.8673
44.8397
44.7846
44.6971
44.5874
44.4533
44.3049
44.1367
43.9538
43.7539
43.545
43.3347
43.1333
42.9573
42.8166
42.7223
42.679
42.6825
42.7298
42.8103
42.9205
43.048
43.1881
43.3272
43.4589
43.5652
43.6424
43.6713
43.6583
43.5932
43.4938
43.3589
43.2094
43.0548
42.9075
42.7859
42.6897
42.6356
42.6273
42.6764
42.7806
42.933
43.1302
43.3588
43.6137
43.8746
44.1421
44.3967
44.6393
44.8552
45.0433
45.1852
45.304
45.385
45.452
45.494
45.5341
45.5574
45.5745
45.5799
45.5764
45.5607
45.5347
45.504
45.4681
45.4332
45.3981
45.359
45.3276
45.2867
45.2643
45.2311
45.2264
45.2019
45.2135
45.2053
45.2384
45.2635
45.3311
45.3963
45.4976
45.6013
45.7395
45.8793
46.0483
46.216
46.4036
46.5856
46.7885
46.9896
47.2087
47.4243
47.6583
47.879
48.1173
48.3441
48.5819
48.8082
49.0345
49.2463
49.464
49.6551
49.8554
50.0363
50.2408
50.4118
50.6172
50.7903
50.9933
51.1481
51.335
51.4616
51.6164
51.7058
51.8267
51.8728
51.9532
51.9601
52.027
52.0014
52.0768
52.0446
52.1619
52.1349
52.3066
52.3085
52.514
52.5652
52.7925
52.8831
53.1302
53.2697
53.5427
53.7107
54.0169
54.183
54.4896
54.6072
54.8312
54.7946
54.8096
54.3431
53.8176
52.181
50.4573
44.7214
38.9007
20.1797
47.9725
47.965
47.944
47.7343
47.4076
47.1034
46.907
46.8194
46.8042
46.8116
46.813
46.7935
46.7552
46.7009
46.6378
46.566
46.4891
46.4046
46.3144
46.2168
46.1161
46.015
45.9204
45.8332
45.7576
45.6924
45.639
45.5933
45.5539
45.5142
45.4734
45.4277
45.3812
45.3342
45.2913
45.2493
45.2087
45.1647
45.1178
45.0646
45.0089
44.9524
44.9024
44.8632
44.8409
44.8361
44.8501
44.8781
44.9161
44.9537
44.9855
44.9999
44.9953
44.9626
44.9056
44.8192
44.7106
44.5787
44.4305
44.2655
44.0869
43.8967
43.6996
43.5036
43.3165
43.1506
43.016
42.9196
42.8671
42.8566
42.8879
42.9513
43.0445
43.1545
43.2772
43.3962
43.5061
43.5911
43.6467
43.6617
43.6387
43.5759
43.4805
43.3612
43.2256
43.0892
42.9583
42.8491
42.7617
42.71
42.7009
42.7437
42.8362
42.9747
43.155
43.3676
43.6037
43.8502
44.1029
44.3479
44.5818
44.7931
44.975
45.1165
45.2354
45.3211
45.3888
45.4332
45.4684
45.4909
45.5019
45.5029
45.4878
45.4578
45.4127
45.3608
45.3039
45.2419
45.1863
45.121
45.0764
45.0149
44.9854
44.9378
44.9276
44.8983
44.9013
44.8921
44.9163
44.9395
44.9991
45.0605
45.1583
45.2595
45.3956
45.5313
45.6973
45.8607
46.0456
46.2233
46.4266
46.6272
46.849
47.0652
47.2999
47.5193
47.7589
47.9827
48.2231
48.4376
48.6596
48.8603
49.0746
49.2542
49.4557
49.6329
49.8367
50.0086
50.2252
50.4074
50.6162
50.7811
50.9734
51.0988
51.2522
51.3298
51.4429
51.4645
51.5362
51.5185
51.5733
51.5117
51.5791
51.5051
51.6141
51.5571
51.6912
51.6781
51.8317
51.8641
52.0376
52.1016
52.2998
52.3887
52.6208
52.7042
52.9538
53.0105
53.2305
53.1938
53.3105
52.9935
52.8723
51.8565
51.2402
48.4286
46.562
39.446
32.4082
19.6479
48.1308
48.0876
47.9914
47.682
47.2959
46.9858
46.8177
46.778
46.8174
46.8756
46.9168
46.9234
46.8978
46.8455
46.7777
46.6992
46.6165
46.5296
46.4412
46.3496
46.2583
46.168
46.0842
46.0071
45.9399
45.8809
45.8316
45.7883
45.7509
45.7142
45.6781
45.6386
45.5979
45.5548
45.5128
45.4698
45.4279
45.3834
45.3385
45.2901
45.2419
45.1934
45.1506
45.1149
45.0917
45.0805
45.0837
45.0961
45.1162
45.1346
45.149
45.1489
45.1337
45.0949
45.0348
44.9493
44.8428
44.7153
44.5718
44.4136
44.2444
44.0669
43.8855
43.7062
43.5362
43.3838
43.2583
43.1637
43.1063
43.0847
43.1015
43.1483
43.2242
43.3162
43.4194
43.5178
43.6055
43.67
43.7063
43.7094
43.6787
43.6171
43.5266
43.4188
43.2972
43.1751
43.0578
42.9549
42.87
42.8155
42.8013
42.8347
42.9144
43.038
43.2027
43.3984
43.6181
43.8491
44.0897
44.3239
44.55
44.7546
44.9314
45.0709
45.19
45.2801
45.3503
45.3997
45.4367
45.4616
45.4732
45.4707
45.4462
45.4034
45.344
45.2725
45.2019
45.1185
45.0498
44.9653
44.9093
44.8313
44.7959
44.7393
44.7265
44.6936
44.6935
44.6803
44.7022
44.7248
44.7836
44.8478
44.9447
45.0479
45.1828
45.3179
45.4812
45.6404
45.8222
45.996
46.1992
46.3977
46.6212
46.8396
47.0765
47.3005
47.5427
47.7646
48.0044
48.2036
48.4218
48.6051
48.8133
48.9766
49.1802
49.3508
49.5578
49.7303
49.9608
50.1395
50.362
50.5223
50.7306
50.8411
51.005
51.0601
51.1765
51.1645
51.2353
51.1824
51.2323
51.1372
51.2036
51.1063
51.1888
51.1246
51.2079
51.1821
51.2813
51.2862
51.4097
51.4349
51.5907
51.6137
51.7976
51.7825
51.978
51.8747
52.08
51.7659
51.9245
51.1436
51.1123
49.3366
48.7418
45.0589
42.6202
35.9295
28.4063
19.8549
49.608
49.2642
48.2176
47.3498
46.8029
46.5614
46.545
46.6505
46.7979
46.9311
47.0229
47.062
47.0533
47.0062
46.935
46.8496
46.7594
46.6679
46.5787
46.4914
46.4085
46.3294
46.2574
46.1918
46.1347
46.0841
46.041
46.0022
45.9679
45.9344
45.9016
45.8662
45.8297
45.7902
45.7507
45.7093
45.6685
45.6256
45.5832
45.539
45.4961
45.453
45.4141
45.3791
45.3527
45.3334
45.324
45.3201
45.3221
45.3227
45.3204
45.3071
45.2813
45.2373
45.1749
45.0919
44.9901
44.8706
44.7366
44.5902
44.4351
44.2735
44.1105
43.9497
43.7986
43.6619
43.5479
43.4592
43.4015
43.3736
43.3789
43.4122
43.4709
43.5445
43.6257
43.7019
43.767
43.8119
43.832
43.8246
43.7883
43.7257
43.6397
43.5385
43.4265
43.3119
43.2008
43.0979
43.0097
42.948
42.9258
42.9469
43.0145
43.1237
43.2755
43.4564
43.6619
43.8814
44.1106
44.3356
44.5547
44.7528
44.9252
45.063
45.183
45.2773
45.3509
45.4079
45.4481
45.477
45.4891
45.4819
45.4496
45.3932
45.3238
45.238
45.1594
45.0635
44.9848
44.8905
44.8243
44.7429
44.7025
44.6489
44.631
44.599
44.5951
44.581
44.6067
44.6286
44.6959
44.7624
44.8673
44.9723
45.1116
45.2461
45.4128
45.5671
45.75
45.9178
46.1216
46.3126
46.5409
46.7589
47.005
47.2322
47.481
47.6991
47.9386
48.1203
48.3368
48.4969
48.7002
48.8413
49.0466
49.1996
49.4191
49.5836
49.8306
49.9951
50.2381
50.3821
50.609
50.7004
50.8782
50.9073
51.0295
50.9852
51.0534
50.9632
51.0071
50.8887
50.9511
50.852
50.9109
50.8352
50.8899
50.8307
50.8993
50.855
50.9572
50.91
51.0532
50.9661
51.1459
50.9471
51.169
50.7815
51.0548
50.3517
50.577
49.3326
49.2164
47.0254
45.9632
42.3256
39.0826
33.7795
26.6762
20.3514
50.6194
50.1328
48.5027
47.1903
46.4258
46.1721
46.2608
46.5008
46.7646
46.9844
47.1358
47.2133
47.2252
47.1852
47.1114
47.0184
46.919
46.8202
46.7275
46.6419
46.5648
46.4953
46.4344
46.3805
46.334
46.2926
46.2567
46.2233
46.1928
46.1622
46.1321
46.0996
46.0662
46.03
45.9933
45.9544
45.9157
45.8751
45.8351
45.794
45.7542
45.7139
45.6762
45.6402
45.6091
45.582
45.5609
45.5431
45.5287
45.5134
45.4956
45.4702
45.4349
45.386
45.3225
45.2431
45.1483
45.039
44.9173
44.7851
44.6458
44.5022
44.3588
44.2183
44.087
43.9678
43.8676
43.7883
43.7345
43.7055
43.705
43.7298
43.7751
43.832
43.8927
43.9488
43.9936
44.0209
44.027
44.0099
43.9673
43.9015
43.8153
43.7142
43.6039
43.4905
43.38
43.2736
43.179
43.1048
43.0729
43.0821
43.1378
43.2353
43.3769
43.5466
43.7396
43.9502
44.1702
44.3882
44.6012
44.7964
44.9665
45.1054
45.2276
45.3248
45.4034
45.4671
45.5121
45.5419
45.5527
45.5367
45.4968
45.4258
45.3512
45.2574
45.174
45.0739
44.9883
44.8928
44.8222
44.7492
44.7077
44.6639
44.6418
44.6155
44.6071
44.6035
44.6333
44.6687
44.7466
44.8189
44.9357
45.0412
45.1875
45.3201
45.4922
45.6423
45.829
45.9929
46.196
46.3827
46.6192
46.8342
47.0953
47.3244
47.5832
47.7977
48.0329
48.2009
48.4092
48.5476
48.7427
48.8554
49.0657
49.1914
49.4214
49.5715
49.8315
49.9748
50.2441
50.36
50.6117
50.6745
50.8697
50.87
51.0022
50.9149
50.9913
50.8584
50.9141
50.7723
50.8469
50.728
50.8038
50.6828
50.7488
50.6251
50.6998
50.5689
50.686
50.5322
50.6833
50.4565
50.6279
50.2509
50.4382
49.8446
50.0205
49.1232
49.1031
47.7302
47.1707
45.0323
43.4597
40.3263
36.8004
32.8155
26.6943
21.441
51.2318
50.737
48.8361
47.2423
46.2817
45.9436
46.055
46.3753
46.73
47.0288
47.2409
47.3612
47.3976
47.3667
47.2903
47.1888
47.0788
46.9715
46.8735
46.7873
46.7138
46.6518
46.6005
46.5573
46.5212
46.4894
46.4613
46.4344
46.4083
46.3811
46.353
46.3226
46.2908
46.2567
46.2218
46.1851
46.1483
46.1103
46.0724
46.0336
45.9952
45.9563
45.9182
45.8806
45.8451
45.8114
45.7806
45.7516
45.7242
45.696
45.6654
45.6294
45.5863
45.5337
45.4705
45.3954
45.3086
45.2102
45.102
44.9852
44.8631
44.738
44.6136
44.4928
44.38
44.2779
44.1911
44.1224
44.0756
44.0517
44.0519
44.0734
44.1113
44.1555
44.1996
44.2377
44.2657
44.2796
44.2745
44.2478
44.1982
44.1274
44.0368
43.9305
43.8171
43.7014
43.5883
43.4752
43.3712
43.2838
43.2396
43.2393
43.2875
43.3792
43.515
43.6774
43.8634
44.0676
44.2796
44.494
44.7024
44.8958
45.0647
45.2086
45.3285
45.4265
45.5089
45.5746
45.6215
45.6479
45.6575
45.6334
45.5866
45.5045
45.4236
45.3256
45.2389
45.1419
45.0547
44.9684
44.9033
44.8471
44.8121
44.7807
44.7609
44.7427
44.7364
44.7458
44.7847
44.8417
44.9281
45.0204
45.1409
45.2575
45.4049
45.5427
45.7161
45.8714
46.0624
46.2288
46.4336
46.6267
46.8675
47.0858
47.3506
47.5877
47.8517
48.0629
48.2881
48.4462
48.6368
48.7659
48.943
49.0289
49.2381
49.3396
49.5586
49.701
49.9679
50.0886
50.3798
50.4747
50.7339
50.7821
50.9821
50.9781
51.1082
51.0001
51.0607
50.9122
50.9654
50.8306
50.9011
50.7827
50.8528
50.7156
50.7638
50.6043
50.6495
50.4693
50.5298
50.3182
50.3786
50.0832
50.1298
49.6654
49.6916
49.0116
48.9507
48.0485
47.7332
46.3666
45.558
43.5304
41.8052
39.2835
35.9204
32.8267
27.7693
23.099
51.597
51.1352
49.1383
47.3936
46.2987
45.8569
45.9343
46.2864
46.701
47.0623
47.3269
47.4878
47.5495
47.5298
47.4529
47.3451
47.2265
47.1119
47.0093
46.9223
46.8515
46.7957
46.7522
46.7186
46.6916
46.669
46.6483
46.6279
46.6064
46.5829
46.5571
46.5288
46.4982
46.4657
46.4319
46.3969
46.3613
46.3248
46.2878
46.2499
46.2116
46.1727
46.1334
46.094
46.0545
46.0159
45.9777
45.9404
45.9028
45.8647
45.8245
45.7813
45.7331
45.6791
45.6177
45.5482
45.4701
45.3836
45.2891
45.1884
45.0827
44.9749
44.8674
44.7641
44.6675
44.5816
44.5089
44.4529
44.4155
44.3993
44.4025
44.4236
44.4556
44.4903
44.5209
44.5456
44.5606
44.5654
44.5529
44.5191
44.4626
44.3852
44.2872
44.1733
44.0545
43.9335
43.8177
43.6985
43.5853
43.4892
43.4357
43.4306
43.4759
43.5673
43.6979
43.8551
44.0355
44.234
44.4421
44.6545
44.863
45.0584
45.2263
45.371
45.4851
45.584
45.6652
45.726
45.7689
45.7886
45.7947
45.7674
45.7135
45.6264
45.5373
45.4419
45.3569
45.2704
45.1922
45.1245
45.0737
45.0397
45.0187
45.0052
44.9954
44.9903
44.9948
45.0221
45.0767
45.1529
45.2514
45.3577
45.4809
45.6143
45.7636
45.9136
46.0882
46.2565
46.4517
46.6306
46.8375
47.043
47.2859
47.5085
47.7785
48.0156
48.2802
48.4866
48.7089
48.8475
49.0183
49.1494
49.3046
49.3793
49.5792
49.6506
49.8571
49.9774
50.2463
50.3504
50.6449
50.7463
50.9958
51.0489
51.2544
51.2585
51.3845
51.2581
51.2862
51.1432
51.1722
51.0621
51.1255
51.019
51.0833
50.9367
50.9713
50.7835
50.793
50.5712
50.5525
50.2873
50.2367
49.8699
49.7888
49.2176
49.1018
48.3778
48.1497
47.2645
46.8227
45.4686
44.6077
42.7669
41.0164
39.0368
36.0067
33.379
29.2002
24.9707
51.8255
51.3937
49.3704
47.5491
46.373
45.854
45.8892
46.2481
46.698
47.1035
47.4074
47.6002
47.6836
47.6749
47.5993
47.4878
47.3633
47.2441
47.1386
47.0517
46.9831
46.9323
46.8952
46.8693
46.8499
46.835
46.8206
46.806
46.7886
46.7687
46.7451
46.7189
46.6895
46.6584
46.6252
46.5912
46.5557
46.5196
46.482
46.444
46.4046
46.3648
46.3234
46.282
46.2392
46.1966
46.1527
46.1091
46.0643
46.0196
45.9734
45.9261
45.8758
45.8227
45.7648
45.7022
45.6331
45.5584
45.4769
45.3911
45.301
45.2099
45.1185
45.0319
44.9515
44.8823
44.8247
44.7826
44.7557
44.7475
44.7548
44.7761
44.8024
44.8294
44.8494
44.8634
44.8697
44.869
44.8512
44.8132
44.7525
44.6701
44.5644
44.4416
44.3128
44.1851
44.0642
43.9383
43.824
43.7235
43.6687
43.6644
43.7129
43.8048
43.9312
44.0806
44.257
44.4523
44.6619
44.874
45.0862
45.2883
45.4596
45.6016
45.712
45.8073
45.8804
45.9299
45.9612
45.9728
45.9752
45.944
45.8872
45.8019
45.7133
45.626
45.5502
45.4783
45.4179
45.3723
45.3446
45.3365
45.3368
45.3478
45.3549
45.3684
45.3913
45.4358
45.5075
45.6004
45.7141
45.832
45.9642
46.1126
46.2652
46.4258
46.6066
46.7822
46.9849
47.1781
47.3927
47.614
47.8591
48.0887
48.3622
48.5979
48.8688
49.059
49.2951
49.3952
49.555
49.6789
49.8063
49.8793
50.0746
50.1028
50.3156
50.4049
50.6779
50.7669
51.0629
51.1589
51.4208
51.4514
51.6986
51.7116
51.8484
51.656
51.6565
51.5357
51.5579
51.4672
51.5227
51.4286
51.5026
51.343
51.3719
51.1549
51.1406
50.8828
50.8033
50.4696
50.3431
49.8961
49.6636
49.0708
48.8096
48.1988
47.891
47.0212
46.5399
45.1963
44.2702
42.6565
40.9144
39.3023
36.6462
34.2179
30.6789
26.8671
51.9786
51.5618
49.5299
47.6752
46.4609
45.9037
45.9151
46.2746
46.743
47.1724
47.4981
47.708
47.8033
47.8004
47.7256
47.6121
47.4853
47.3647
47.2592
47.174
47.1086
47.0622
47.0306
47.0109
46.9977
46.9887
46.9794
46.9693
46.9555
46.9387
46.9172
46.8929
46.8647
46.8346
46.8018
46.768
46.732
46.6955
46.657
46.6179
46.5768
46.5354
46.4918
46.448
46.4021
46.3563
46.3087
46.2614
46.2126
46.1645
46.1152
46.0663
46.0164
45.9662
45.9135
45.8589
45.7995
45.7363
45.6674
45.596
45.5208
45.4455
45.37
45.3002
45.2363
45.1832
45.1414
45.114
45.0989
45.1005
45.1136
45.1348
45.1557
45.1763
45.1896
45.1955
45.1946
45.1898
45.1701
45.1316
45.069
44.9817
44.87
44.7407
44.6028
44.4639
44.3365
44.2044
44.0925
43.9924
43.9434
43.9424
44.0012
44.0962
44.2222
44.3654
44.5425
44.7364
44.9463
45.1578
45.3784
45.5887
45.7666
45.9043
46.0087
46.0928
46.1528
46.1876
46.2067
46.2117
46.2114
46.179
46.1257
46.0475
45.9677
45.8951
45.8356
45.7844
45.7463
45.7248
45.7258
45.7449
45.7753
45.8129
45.845
45.8819
45.9284
45.9872
46.0743
46.177
46.3047
46.4308
46.5777
46.7338
46.8973
47.0629
47.2546
47.4321
47.6519
47.8548
48.0847
48.321
48.5786
48.8133
49.0955
49.32
49.6061
49.7721
50.0228
50.0607
50.2374
50.3252
50.4603
50.5112
50.6952
50.6774
50.9152
50.9705
51.2634
51.3161
51.6527
51.7167
52.0399
51.9991
52.3252
52.3269
52.5147
52.1948
52.2235
52.0914
52.1377
52.0538
52.1435
52.0334
52.1391
51.9423
51.9945
51.7234
51.7261
51.4234
51.3366
50.8993
50.6773
50.1566
49.8876
49.3183
49.0238
48.4256
48.0991
47.2373
46.6735
45.3784
44.3108
42.9326
41.2947
39.8627
37.521
35.1886
32.0915
28.6789
52.062
51.6497
49.6186
47.7641
46.5503
45.9932
46.006
46.368
46.8405
47.273
47.6007
47.8112
47.9064
47.9026
47.8276
47.7149
47.5904
47.4732
47.3719
47.2911
47.2304
47.189
47.1625
47.1477
47.139
47.1339
47.1281
47.1209
47.1095
47.0948
47.0753
47.0525
47.0255
46.9963
46.964
46.9302
46.894
46.8567
46.8172
46.7769
46.7342
46.691
46.6455
46.5996
46.5517
46.5038
46.4542
46.4049
46.3549
46.306
46.2568
46.209
46.1612
46.1149
46.0682
46.022
45.9728
45.9218
45.8666
45.8102
45.7505
45.6913
45.6332
45.5808
45.533
45.4954
45.4699
45.4578
45.4551
45.4655
45.4832
45.5035
45.5207
45.5363
45.5438
45.5446
45.5404
45.5334
45.5139
45.4778
45.4163
45.3268
45.2106
45.0739
44.9289
44.7802
44.6471
44.5118
44.4058
44.3094
44.2767
44.2805
44.3537
44.4525
44.5822
44.7197
44.9035
45.0962
45.3082
45.5159
45.747
45.9618
46.1449
46.2744
46.3688
46.4331
46.4764
46.4958
46.509
46.5114
46.5106
46.4804
46.44
46.3732
46.3163
46.2623
46.2319
46.1986
46.1929
46.1953
46.2302
46.2725
46.3377
46.3975
46.4681
46.5273
46.6057
46.6778
46.7815
46.8835
47.0251
47.1479
47.3111
47.4626
47.6425
47.8092
48.0155
48.1938
48.4352
48.6476
48.9036
49.1504
49.4316
49.6633
49.964
50.1649
50.4834
50.6001
50.8698
50.8254
51.0568
51.0839
51.2609
51.247
51.4483
51.3929
51.6745
51.6816
52.0081
52.0032
52.3882
52.4365
52.8337
52.7391
53.1674
53.1162
53.3417
52.9004
53.0242
52.8449
52.9645
52.8214
52.9721
52.8495
52.9798
52.745
52.8159
52.5042
52.5249
52.1902
52.044
51.5498
51.339
50.8398
50.5257
49.8804
49.5459
48.9403
48.6626
47.7544
47.0097
45.8012
44.6609
43.4772
42.017
40.6078
38.4669
36.2173
33.4306
30.3676
52.07
51.6534
49.6361
47.8167
46.6424
46.1239
46.1637
46.5319
46.9945
47.4089
47.7183
47.9128
47.9955
47.9843
47.9084
47.7995
47.682
47.5728
47.4796
47.4063
47.3523
47.3163
47.2942
47.2826
47.2766
47.2733
47.2692
47.2632
47.2533
47.2399
47.2217
47.2001
47.1744
47.146
47.1143
47.0806
47.0443
47.0067
46.9668
46.9258
46.8824
46.838
46.7913
46.744
46.6949
46.6459
46.5961
46.547
46.4983
46.451
46.4041
46.359
46.3155
46.2747
46.2347
46.1966
46.158
46.1197
46.0794
46.0383
45.995
45.9527
45.9132
45.8787
45.8487
45.8276
45.8186
45.8202
45.8275
45.8432
45.8634
45.8829
45.8967
45.9049
45.9045
45.9004
45.8951
45.8898
45.8753
45.8454
45.789
45.7032
45.5873
45.4466
45.295
45.139
45.0008
44.8674
44.7696
44.6864
44.6769
44.6866
44.776
44.8755
45.0097
45.1381
45.3311
45.522
45.7381
45.9402
46.1848
46.4006
46.5914
46.7099
46.7911
46.8229
46.8547
46.8535
46.8688
46.8695
46.8758
46.8516
46.8336
46.7855
46.7647
46.7326
46.7417
46.7304
46.7666
46.7899
46.8631
46.9268
47.0333
47.1138
47.2191
47.2987
47.4121
47.4965
47.6194
47.7242
47.8689
47.9877
48.1622
48.3092
48.5012
48.6744
48.8892
49.0848
49.3444
49.5657
49.8421
50.0966
50.3945
50.6303
50.9322
51.1091
51.439
51.5385
51.76
51.6852
51.9935
51.9234
52.1662
52.0554
52.2963
52.2105
52.5276
52.5389
52.8736
52.852
53.289
53.3277
53.7586
53.6742
54.1255
54.0682
54.2685
53.7825
53.9674
53.7675
53.9614
53.8239
54.0083
53.8699
54.0017
53.7645
53.8295
53.507
53.4905
53.1224
52.9146
52.4426
52.1952
51.676
51.3009
50.7129
50.4351
49.8062
49.3415
48.401
47.5139
46.4014
45.3286
44.2166
42.8941
41.4365
39.4279
37.2748
34.7194
31.9394
51.9891
51.5606
49.5822
47.8417
46.7497
46.3104
46.3985
46.7695
47.203
47.5769
47.8473
48.0085
48.0666
48.0432
47.9666
47.865
47.7591
47.6625
47.5813
47.5184
47.4728
47.4428
47.4247
47.4151
47.41
47.4069
47.4029
47.397
47.3876
47.3748
47.3576
47.337
47.3124
47.2849
47.2541
47.2211
47.1857
47.1485
47.1091
47.068
47.0244
46.9793
46.9321
46.8843
46.8357
46.7874
46.7397
46.6932
46.6475
46.6032
46.5605
46.5201
46.4823
46.4484
46.417
46.3881
46.3603
46.3339
46.3083
46.2835
46.2574
46.2317
46.2102
46.1934
46.1817
46.1789
46.1859
46.1993
46.2154
46.2361
46.2575
46.2736
46.2815
46.2812
46.2738
46.2664
46.2606
46.2569
46.2493
46.2279
46.1806
46.1035
45.994
45.8547
45.7005
45.5453
45.4073
45.2806
45.1895
45.1266
45.1388
45.1613
45.2627
45.359
45.4906
45.6163
45.8232
46.0091
46.2265
46.4247
46.6863
46.8998
47.101
47.205
47.2743
47.2752
47.2952
47.2771
47.3041
47.3008
47.3225
47.306
47.3156
47.2931
47.316
47.3123
47.3666
47.3867
47.4711
47.5219
47.6392
47.7234
47.8642
47.9602
48.1004
48.1961
48.3437
48.4416
48.5849
48.6871
48.8356
48.9514
49.131
49.2833
49.4903
49.6767
49.901
50.1178
50.3807
50.6145
50.9097
51.1628
51.4591
51.7007
51.9817
52.1586
52.4451
52.5703
52.7153
52.6539
52.9713
52.8455
53.0889
52.9795
53.2759
53.1652
53.4843
53.5351
53.8068
53.8332
54.2938
54.3952
54.8281
54.821
55.1913
55.1861
55.2856
54.804
55.0793
54.8199
55.0942
54.9542
55.1575
55.0821
55.1677
54.9638
54.9562
54.6837
54.6274
54.1797
53.917
53.4912
53.193
52.7145
52.3546
51.871
51.4227
50.7719
50.0918
49.1907
48.2358
47.2187
46.2574
45.1053
43.8467
42.3002
40.4081
38.3484
35.9796
33.4226
51.7681
51.3324
49.4599
47.8726
46.9179
46.5911
46.7275
47.0801
47.4583
47.7675
47.9789
48.0915
48.1176
48.0805
48.0056
47.9154
47.8254
47.7453
47.6791
47.6285
47.5919
47.5677
47.5524
47.5434
47.5376
47.5332
47.5279
47.5209
47.511
47.4979
47.4811
47.461
47.4372
47.4105
47.3812
47.3498
47.3159
47.2802
47.2423
47.2023
47.1596
47.115
47.0682
47.0211
46.975
46.9305
46.8866
46.8435
46.8019
46.7625
46.7251
46.6906
46.66
46.6341
46.6118
46.5934
46.5785
46.5674
46.5583
46.5483
46.5375
46.5291
46.5254
46.5261
46.5331
46.5475
46.5682
46.5915
46.6155
46.641
46.6635
46.6778
46.6807
46.6715
46.6555
46.6436
46.638
46.6387
46.6389
46.6284
46.5952
46.5325
46.4342
46.304
46.1534
46.0063
45.87
45.7552
45.6746
45.6373
45.6592
45.6884
45.7921
45.8857
46.0134
46.1594
46.3834
46.5713
46.7873
46.9918
47.2587
47.4622
47.664
47.7596
47.8233
47.8038
47.8165
47.7922
47.8297
47.8286
47.8669
47.8597
47.8983
47.9063
47.972
48.0044
48.1058
48.1653
48.297
48.3858
48.5422
48.6524
48.8191
48.9319
49.0996
49.2117
49.3858
49.502
49.6604
49.7652
49.9157
50.0337
50.2208
50.3804
50.6045
50.8073
51.044
51.2832
51.5331
51.781
52.0659
52.3255
52.6059
52.8611
53.0885
53.2729
53.5189
53.6541
53.745
53.8119
54.0089
53.8886
54.0733
54.0248
54.2973
54.2485
54.5287
54.6689
54.8086
54.9535
55.3898
55.5341
55.9764
56.1244
56.3673
56.4097
56.4604
56.0204
56.274
56.101
56.3262
56.1699
56.4045
56.422
56.4636
56.2826
56.2049
55.9159
55.7902
55.3177
55.0314
54.6797
54.2835
53.9455
53.4895
53.0326
52.4733
51.8905
50.8891
50.1395
49.1061
48.24
47.3186
46.094
44.8338
43.1921
41.3993
39.4144
37.1948
34.8081
51.2935
50.881
49.2748
47.9643
47.2168
47.0067
47.1573
47.4515
47.7412
47.9618
48.0979
48.1549
48.149
48.1013
48.0318
47.9561
47.8843
47.8221
47.7713
47.7323
47.7035
47.6832
47.6689
47.6589
47.6511
47.6441
47.6367
47.628
47.617
47.6033
47.5865
47.5667
47.5438
47.5184
47.4907
47.4611
47.4296
47.3964
47.3611
47.3233
47.2826
47.2403
47.1969
47.1532
47.1104
47.0702
47.033
46.9972
46.9617
46.9273
46.8955
46.8684
46.8472
46.831
46.8189
46.8126
46.8115
46.815
46.8223
46.8306
46.8386
46.8471
46.8591
46.8763
46.8991
46.9266
46.9578
46.9901
47.0217
47.0515
47.0748
47.0866
47.0843
47.0678
47.0437
47.0253
47.0197
47.0256
47.0354
47.0381
47.0224
46.9792
46.8979
46.7822
46.645
46.5146
46.3835
46.2884
46.2177
46.1989
46.2227
46.2644
46.364
46.4505
46.5792
46.7628
46.9986
47.1938
47.4057
47.6328
47.8864
48.0825
48.2731
48.3686
48.4288
48.417
48.4176
48.4005
48.4433
48.4592
48.5125
48.5271
48.5852
48.6259
48.7249
48.8089
48.9451
49.0595
49.2227
49.3618
49.5367
49.6818
49.8635
50.0003
50.183
50.3185
50.5048
50.64
50.8165
50.9257
51.0887
51.2193
51.4088
51.5886
51.818
52.0319
52.2754
52.5169
52.7533
53.0133
53.2783
53.5389
53.8135
54.0849
54.2615
54.4588
54.639
54.7641
54.8872
55.0255
55.076
55.1051
55.1515
55.2306
55.4433
55.4313
55.6323
55.8244
55.932
56.2289
56.4686
56.8337
57.2473
57.3977
57.596
57.6981
57.6693
57.4044
57.6079
57.5139
57.6179
57.5404
57.7132
57.812
57.7373
57.6328
57.4802
57.2214
56.9961
56.5747
56.2363
55.9079
55.4422
55.2264
54.6881
54.2675
53.4746
52.9886
51.7813
51.2085
50.121
49.4199
48.4312
47.1631
45.8577
44.1417
42.4184
40.4789
38.3762
36.1191
50.5295
50.2097
49.0782
48.1682
47.6667
47.5424
47.65
47.8366
48.0076
48.1262
48.1861
48.1942
48.1643
48.1123
48.0515
47.991
47.9362
47.8895
47.8512
47.8207
47.7967
47.778
47.7632
47.7512
47.7409
47.7315
47.722
47.7117
47.6999
47.6858
47.6689
47.6493
47.6273
47.6031
47.5769
47.5498
47.5221
47.4929
47.4611
47.4267
47.39
47.3513
47.3123
47.2746
47.2385
47.2046
47.1742
47.1473
47.1217
47.0957
47.0717
47.0545
47.0454
47.042
47.0429
47.0494
47.0624
47.0809
47.1019
47.1229
47.1455
47.1712
47.2001
47.2327
47.2684
47.3056
47.3435
47.3809
47.4171
47.4497
47.4728
47.4825
47.4761
47.4546
47.4253
47.4025
47.3973
47.4072
47.4232
47.435
47.4332
47.4089
47.3494
47.2554
47.1385
47.0319
46.9091
46.8459
46.79
46.7873
46.8085
46.8724
46.9595
47.0564
47.1987
47.4043
47.63
47.8403
48.0612
48.3128
48.5436
48.7441
48.9129
49.0194
49.0713
49.0839
49.0778
49.0894
49.1265
49.1743
49.2326
49.2882
49.3554
49.4406
49.5544
49.695
49.8557
50.0276
50.2072
50.393
50.5676
50.7523
50.9277
51.0934
51.2743
51.4456
51.6312
51.8108
51.9846
52.1313
52.2885
52.4555
52.6353
52.8463
53.0617
53.3009
53.5293
53.78
54.0027
54.2723
54.5072
54.7746
55.0232
55.2839
55.4427
55.6842
55.766
55.9603
55.9984
56.1729
56.1936
56.3144
56.3119
56.5124
56.5503
56.6482
56.7782
57.0088
57.0507
57.5232
57.6942
58.278
58.3977
58.6417
58.8042
58.9774
58.9647
58.9681
58.9763
58.9347
58.8983
58.9768
59.0157
59.0979
58.9811
58.9338
58.637
58.5864
58.0977
57.8661
57.4658
57.1797
56.7016
56.5639
55.8498
55.38
54.4955
54.0808
52.7935
52.3733
51.2075
50.613
49.4675
48.2452
46.8777
45.1389
43.4514
41.53
39.5197
37.3528
49.6958
49.5284
48.9751
48.5016
48.2167
48.1079
48.112
48.1617
48.2112
48.2389
48.2383
48.2125
48.1696
48.1187
48.0669
48.0189
47.9766
47.9403
47.9096
47.8836
47.8615
47.8428
47.8268
47.813
47.8009
47.7896
47.7786
47.767
47.7544
47.7399
47.723
47.7034
47.682
47.6598
47.6369
47.6123
47.5871
47.5618
47.5354
47.5058
47.4736
47.4415
47.4102
47.3792
47.3503
47.3266
47.3078
47.2915
47.2762
47.2618
47.2514
47.2481
47.2517
47.2606
47.2752
47.2958
47.3216
47.3514
47.3846
47.4191
47.4531
47.4874
47.5243
47.5649
47.6071
47.649
47.6903
47.7303
47.7676
47.7984
47.8186
47.8278
47.8243
47.8065
47.7788
47.7557
47.7496
47.7589
47.7779
47.7958
47.804
47.7941
47.7535
47.6835
47.5952
47.527
47.4308
47.3988
47.3537
47.3727
47.4009
47.4944
47.5669
47.6895
47.825
48.0354
48.2396
48.4906
48.716
48.9795
49.1831
49.4022
49.5463
49.6798
49.7204
49.7751
49.7707
49.8231
49.8659
49.9507
50.0121
50.1089
50.1726
50.3074
50.4285
50.6224
50.7901
51.0137
51.1965
51.4195
51.5909
51.8058
51.9659
52.156
52.3333
52.5399
52.7196
52.9514
53.1167
53.3121
53.4582
53.6653
53.827
54.0712
54.268
54.5328
54.7448
55.0047
55.2103
55.4865
55.6866
55.9462
56.1587
56.4126
56.5441
56.8248
56.825
57.0827
57.0537
57.3357
57.2889
57.5041
57.4675
57.6931
57.6245
57.9157
57.9203
58.2197
58.2756
58.8495
58.8653
59.4291
59.3718
59.9383
59.9215
60.3399
60.3309
60.2897
60.153
60.35
60.1704
60.358
60.2501
60.3795
60.1205
60.1317
59.735
59.8384
59.2038
59.1019
58.6524
58.4712
57.8302
57.7777
56.8287
56.5735
55.4038
55.1203
53.761
53.548
52.3381
51.7456
50.4597
49.3238
47.8553
46.1532
44.4572
42.556
40.5987
38.4968
48.9924
48.9954
48.9685
48.8478
48.6916
48.5545
48.455
48.3897
48.3467
48.3098
48.269
48.2227
48.1734
48.1249
48.0799
48.0397
48.0042
47.9729
47.9452
47.9206
47.8987
47.8792
47.862
47.8469
47.8335
47.8213
47.8095
47.7972
47.7837
47.7688
47.7521
47.7336
47.7135
47.6922
47.6711
47.6506
47.6306
47.6097
47.5874
47.5635
47.5376
47.5116
47.4865
47.4637
47.4467
47.4356
47.4278
47.4226
47.4191
47.4177
47.4214
47.432
47.4477
47.4678
47.4936
47.5253
47.5616
47.6007
47.6409
47.6811
47.721
47.7605
47.7998
47.8394
47.8801
47.9219
47.9634
48.0025
48.0373
48.0661
48.0873
48.1003
48.1017
48.0902
48.0708
48.0552
48.0533
48.0646
48.082
48.1033
48.1176
48.1102
48.0823
48.0403
47.9852
47.9535
47.8978
47.9082
47.8875
47.9395
47.9574
48.0753
48.1255
48.2886
48.4115
48.6389
48.8141
49.0956
49.2923
49.5714
49.7438
49.9827
50.095
50.2821
50.3191
50.4369
50.437
50.5548
50.5923
50.7307
50.783
50.9246
50.9714
51.1533
51.2664
51.5112
51.6618
51.9321
52.0937
52.3606
52.5072
52.7623
52.8879
53.1297
53.2765
53.5271
53.6819
53.9531
54.0977
54.3405
54.478
54.7303
54.8821
55.1585
55.3362
55.6291
55.8064
56.0794
56.2494
56.5286
56.6828
56.9592
57.1258
57.4013
57.4909
57.7959
57.7359
58.0676
57.9888
58.3979
58.253
58.6311
58.4791
58.8435
58.7033
59.0871
58.9566
59.4019
59.4154
59.9471
59.8852
60.5045
60.3367
61.0699
60.9047
61.5445
61.3516
61.5628
61.312
61.6023
61.2254
61.5587
61.2979
61.5096
61.0828
61.273
60.7295
60.9723
60.1352
60.2361
59.6866
59.6175
58.8105
58.798
57.6455
57.6027
56.1707
56.177
54.7404
54.739
53.3915
52.8084
51.3675
50.2565
48.6979
47.0637
45.3189
43.4519
41.5365
39.5021
48.9971
49.0104
49.0163
48.9565
48.8429
48.7147
48.5977
48.4995
48.4174
48.3463
48.2827
48.2248
48.172
48.1247
48.0828
48.0456
48.0125
47.9828
47.956
47.9318
47.9099
47.8904
47.873
47.8575
47.8437
47.8311
47.8192
47.8072
47.7942
47.7796
47.7632
47.7455
47.7272
47.7088
47.6909
47.6735
47.6566
47.64
47.623
47.6049
47.5865
47.5683
47.5516
47.5383
47.5298
47.5258
47.5263
47.5317
47.5409
47.5529
47.5683
47.5877
47.6109
47.6389
47.6725
47.7107
47.7524
47.7958
47.8392
47.8817
47.9232
47.9644
48.0053
48.0457
48.0858
48.1252
48.1629
48.1985
48.2309
48.2589
48.2814
48.297
48.3033
48.2981
48.2872
48.2813
48.2857
48.3001
48.3173
48.3307
48.3345
48.3286
48.3241
48.3078
48.272
48.2691
48.2579
48.3281
48.3365
48.4285
48.4424
48.5757
48.5971
48.7823
48.885
49.1405
49.2928
49.5833
49.753
50.0506
50.2024
50.4638
50.5635
50.7826
50.8264
50.9948
51.0134
51.1915
51.2326
51.4104
51.448
51.6204
51.6617
51.8756
51.9809
52.2476
52.3772
52.6675
52.8062
53.1088
53.2286
53.5232
53.6278
53.9315
54.0493
54.3439
54.4685
54.7631
54.8762
55.1456
55.2642
55.5466
55.6861
55.9893
56.1516
56.4581
56.6069
56.881
57.0292
57.3091
57.4272
57.7351
57.8431
58.1769
58.2152
58.5694
58.4679
58.8894
58.7492
59.2974
59.0597
59.5684
59.3415
59.8736
59.6036
60.1023
59.8918
60.3956
60.3477
60.9114
60.743
61.4402
61.2173
61.9828
61.7037
62.4507
62.0542
62.6348
62.1824
62.5872
62.0967
62.6258
62.1548
62.4677
61.9977
62.2474
61.5086
61.8402
61.0025
61.3031
60.5812
60.6716
59.7284
59.7215
58.4503
58.5186
56.8528
57.2465
55.6875
55.8081
54.2825
53.8279
52.1423
51.0217
49.3229
47.7339
45.932
44.1178
42.224
40.3144
49.1446
49.1066
49.0432
48.9607
48.8617
48.7512
48.6387
48.5331
48.439
48.3573
48.2867
48.2256
48.1722
48.1253
48.0836
48.0465
48.0132
47.9832
47.9561
47.9315
47.9093
47.8894
47.8718
47.8564
47.8427
47.8304
47.8187
47.807
47.7946
47.7809
47.766
47.7498
47.733
47.7162
47.7001
47.6851
47.671
47.6574
47.6439
47.6298
47.6156
47.6023
47.591
47.5835
47.58
47.5806
47.5861
47.5962
47.6101
47.6271
47.6472
47.6704
47.697
47.7284
47.7651
47.8062
47.8501
47.8952
47.9403
47.9848
48.0288
48.0718
48.1133
48.1527
48.1902
48.2264
48.261
48.2936
48.3238
48.3506
48.3724
48.3876
48.3945
48.3921
48.3854
48.383
48.3896
48.4054
48.4231
48.4346
48.4372
48.4354
48.4323
48.4159
48.4014
48.4297
48.4585
48.5773
48.6036
48.7284
48.7386
48.8733
48.8807
49.0642
49.1567
49.4354
49.5795
49.878
50.0307
50.3394
50.4752
50.7562
50.8454
51.0754
51.1206
51.3055
51.3409
51.5579
51.5997
51.7942
51.8171
51.9993
52.0417
52.272
52.3791
52.6556
52.7807
53.0771
53.2009
53.514
53.628
53.9508
54.0534
54.3911
54.4945
54.8143
54.9223
55.2255
55.3158
55.5873
55.6874
55.9743
56.1054
56.4193
56.5737
56.8761
57.0126
57.285
57.4282
57.7058
57.8146
58.1517
58.2391
58.6245
58.6366
59.0747
58.938
59.4858
59.2467
59.8886
59.561
60.1774
59.8732
60.4579
60.1503
60.7078
60.4481
61.0145
60.8696
61.4649
61.2818
62.0677
61.8113
62.6659
62.3038
63.0705
62.5559
63.2103
62.6925
63.2974
62.6987
63.2477
62.66
63.1839
62.5525
62.8433
62.0134
62.488
61.5945
62.0817
61.1507
61.3422
60.2896
60.4281
59.1384
59.2075
57.613
58.2016
56.4562
56.9316
55.0647
54.6417
52.6493
51.5645
49.6896
48.0882
46.2205
44.4293
42.5075
40.5814
48.0725
48.0694
48.0903
48.0065
47.8059
47.5508
47.2917
47.0548
46.8502
46.6806
46.5393
46.4306
46.3598
46.3164
46.2764
46.2523
46.2447
46.2325
46.2208
46.2176
46.2257
46.2418
46.23
46.1876
46.1241
46.0397
45.9616
45.9147
45.8886
45.841
45.7422
45.6087
45.4749
45.3782
45.3314
45.3192
45.3183
45.3247
45.3421
45.3585
45.3751
45.4167
45.459
45.5056
45.5731
45.6034
45.5871
45.5486
45.5044
45.474
45.4754
45.4967
45.5195
45.541
45.5712
45.6076
45.639
45.663
45.6965
45.7401
45.8108
45.8997
45.9759
46.0434
46.0996
46.1403
46.1487
46.1542
46.1857
46.2394
46.3408
46.4847
46.6571
46.8317
46.9886
47.1351
47.2556
47.3223
47.3512
47.3876
47.449
47.5521
47.701
47.8806
48.0426
48.1644
48.3043
48.4881
48.7009
48.9167
49.1231
49.3006
49.4323
49.5253
49.5994
49.6608
49.7475
49.8983
50.1221
50.3809
50.6448
50.9409
51.2884
51.687
52.098
52.4997
52.8945
53.2855
53.6792
54.0854
54.5061
54.925
55.3152
55.6672
55.9948
56.2944
56.5696
56.8346
57.112
57.4109
57.7159
58.0131
58.2797
58.5092
58.7263
58.9442
59.1569
59.3805
59.6087
59.8445
60.0908
60.3664
60.7007
61.0511
61.3917
61.7289
62.034
62.2788
62.4616
62.5991
62.7207
62.8479
62.9967
63.1702
63.3669
63.5742
63.7823
63.9835
64.1777
64.3701
64.565
64.7557
64.9372
65.1118
65.2842
65.4546
65.6317
65.8183
66.0089
66.1928
66.3626
66.5115
66.6381
66.7417
66.8255
66.8965
66.9647
67.0378
67.1211
67.2139
67.3157
67.4222
67.5344
67.6573
67.7914
67.9308
68.075
68.2255
68.3936
68.5927
68.8214
69.075
69.3439
69.625
69.9293
70.2632
70.6216
70.9898
71.3611
71.7551
72.1933
72.6845
73.2318
73.839
74.5006
75.1683
75.7766
76.1893
76.4188
76.549
48.0291
48.0142
48.0113
47.9093
47.6954
47.4296
47.1612
46.9198
46.7163
46.5499
46.4169
46.3172
46.2502
46.2099
46.1713
46.139
46.1216
46.107
46.1039
46.1151
46.1337
46.1458
46.1106
46.0613
45.9918
45.8975
45.8039
45.7379
45.7001
45.6395
45.5355
45.4073
45.2761
45.1755
45.1264
45.1043
45.1021
45.1446
45.2079
45.2124
45.2094
45.2416
45.2699
45.2928
45.3331
45.3411
45.3092
45.2688
45.2354
45.2186
45.2267
45.2502
45.2743
45.2957
45.3202
45.347
45.3656
45.3853
45.428
45.483
45.5587
45.6363
45.7162
45.7908
45.836
45.8519
45.8431
45.8393
45.8641
45.9119
46.0051
46.1458
46.3299
46.5291
46.7125
46.889
47.0133
47.0622
47.077
47.1086
47.1719
47.2882
47.4449
47.6197
47.7721
47.9061
48.0774
48.2894
48.5159
48.7223
48.9025
49.0547
49.1527
49.2097
49.2623
49.3186
49.411
49.5708
49.8057
50.0806
50.3699
50.683
51.0311
51.4198
51.82
52.2103
52.6045
52.996
53.3967
53.8247
54.2745
54.7021
55.0887
55.4392
55.7632
56.0547
56.3208
56.585
56.868
57.1713
57.4788
57.7794
58.0507
58.2864
58.5094
58.718
58.9231
59.1433
59.3718
59.6152
59.8764
60.1596
60.4987
60.8587
61.2029
61.5368
61.8343
62.0666
62.2387
62.3672
62.4829
62.6116
62.7634
62.943
63.146
63.3611
63.5779
63.7861
63.9826
64.172
64.3613
64.549
64.7336
64.9145
65.0939
65.2744
65.4628
65.6576
65.8527
66.0388
66.2093
66.357
66.481
66.5821
66.6645
66.735
66.8042
66.8804
66.9677
67.0646
67.1691
67.2766
67.3888
67.5072
67.6319
67.7619
67.8994
68.0443
68.2083
68.4071
68.6423
68.9027
69.1782
69.4522
69.7499
70.0872
70.4457
70.8062
71.1747
71.5659
72.0011
72.4858
73.0227
73.6152
74.2639
74.9294
75.5422
75.9667
76.2255
76.4044
48.0098
47.9499
47.8795
47.7139
47.4579
47.165
46.8834
46.6419
46.4495
46.2992
46.1876
46.1136
46.0668
46.0336
46.0001
45.9642
45.9346
45.9162
45.9154
45.9253
45.9357
45.9342
45.9006
45.8354
45.7338
45.619
45.5111
45.4303
45.372
45.2859
45.1732
45.0552
44.9406
44.85
44.7973
44.7752
44.7837
44.8143
44.8669
44.9208
44.9554
44.9765
44.9827
44.9731
44.9728
44.9341
44.8696
44.8115
44.7801
44.7732
44.7947
44.8358
44.8769
44.9218
44.955
44.9639
44.9559
44.9533
44.9812
45.0429
45.133
45.2256
45.3292
45.4145
45.4452
45.4347
45.4028
45.3598
45.336
45.3554
45.445
45.5984
45.8132
46.0452
46.2563
46.4468
46.5748
46.6337
46.6525
46.6845
46.7563
46.8817
47.0378
47.2043
47.3715
47.5379
47.7157
47.915
48.1326
48.3363
48.4995
48.6132
48.6705
48.6836
48.6906
48.717
48.8017
48.9756
49.2461
49.5784
49.9347
50.2877
50.6471
51.0166
51.381
51.7397
52.1087
52.4963
52.923
53.3794
53.8424
54.2793
54.6782
55.0214
55.323
55.5851
55.818
56.0622
56.3446
56.6609
56.9865
57.314
57.6177
57.8855
58.1223
58.3153
58.4985
58.7047
58.9274
59.1696
59.4501
59.7606
60.1112
60.483
60.8262
61.1428
61.4119
61.6123
61.759
61.8754
61.9842
62.1166
62.2825
62.4838
62.7104
62.9498
63.1901
63.4161
63.6189
63.8039
63.9821
64.1604
64.3422
64.5269
64.7144
64.9108
65.1139
65.3162
65.5143
65.7023
65.8736
66.0215
66.1416
66.2372
66.3138
66.3817
66.4517
66.5317
66.6233
66.7259
66.8335
66.9438
67.0564
67.1748
67.2964
67.4198
67.5477
67.689
67.8557
68.0599
68.2994
68.5618
68.8374
69.1268
69.4364
69.7732
70.1191
70.4763
70.8517
71.2505
71.6705
72.1249
72.621
73.1773
73.8064
74.4733
75.1052
75.5865
75.9238
76.1837
47.9965
47.8651
47.7005
47.4522
47.1405
46.8168
46.5216
46.2811
46.102
45.9734
45.8907
45.8457
45.8192
45.796
45.7667
45.7337
45.705
45.6862
45.684
45.6911
45.6958
45.6874
45.6391
45.5461
45.4205
45.2885
45.1785
45.0865
45.002
44.896
44.7805
44.6653
44.5553
44.476
44.4224
44.388
44.3865
44.4094
44.4629
44.5336
44.5911
44.6213
44.6361
44.6234
44.5983
44.5256
44.4229
44.3313
44.2794
44.2767
44.3199
44.3843
44.4519
44.5143
44.5432
44.5277
44.4906
44.4661
44.475
44.5269
44.6188
44.7357
44.8629
44.9548
44.9842
44.9815
44.9525
44.8801
44.8068
44.781
44.8444
44.9956
45.2313
45.4951
45.7339
45.9413
46.0832
46.1557
46.1852
46.2198
46.3
46.4304
46.5864
46.7467
46.9046
47.0623
47.2341
47.4261
47.6253
47.8041
47.9396
48.0179
48.0386
48.0119
47.9821
47.9911
48.0776
48.2695
48.5745
48.9642
49.3858
49.7932
50.1719
50.5281
50.8556
51.1732
51.5051
51.8734
52.2912
52.7634
53.2628
53.7353
54.1503
54.4841
54.7602
54.9809
55.1665
55.3732
55.6323
55.9477
56.3003
56.6751
57.0312
57.343
57.6004
57.8001
57.9706
58.1609
58.3721
58.6042
58.8943
59.2317
59.6061
59.9838
60.3272
60.6215
60.8519
61.013
61.1235
61.2176
61.3218
61.4631
61.6486
61.8775
62.1372
62.4084
62.6755
62.9172
63.1258
63.3092
63.4822
63.6556
63.8365
64.0239
64.2194
64.4272
64.6442
64.8566
65.0557
65.2355
65.3951
65.5323
65.6462
65.739
65.8137
65.8787
65.9472
66.0268
66.1195
66.2212
66.3284
66.4393
66.5563
66.6765
66.799
66.9241
67.0564
67.2026
67.3738
67.5811
67.8199
68.0803
68.3607
68.6603
68.9921
69.3522
69.7279
70.109
70.4903
70.871
71.2636
71.6747
72.1177
72.6256
73.2324
73.8966
74.583
75.1444
75.5722
75.9238
47.9464
47.7595
47.4939
47.1684
46.8029
46.4481
46.1362
45.8916
45.7206
45.6119
45.5593
45.5411
45.533
45.5206
45.496
45.4655
45.4402
45.4279
45.4262
45.4301
45.4303
45.4145
45.3557
45.2441
45.0983
44.9558
44.8412
44.7391
44.635
44.5183
44.3987
44.2769
44.1581
44.0696
44.0052
43.9642
43.947
43.9597
44.0088
44.0847
44.164
44.2252
44.2645
44.2574
44.2142
44.118
43.9945
43.8816
43.8107
43.804
43.8601
43.9394
44.0265
44.0984
44.1114
44.0646
43.9958
43.9472
43.9292
43.9598
44.048
44.1804
44.3301
44.4465
44.5041
44.5246
44.5001
44.4136
44.3083
44.243
44.2679
44.3954
44.6235
44.8888
45.1399
45.3622
45.5179
45.6091
45.6606
45.7091
45.7997
45.9306
46.0744
46.2177
46.3536
46.4939
46.6443
46.8058
46.9704
47.1208
47.2326
47.2898
47.2917
47.2551
47.2209
47.2288
47.3242
47.5341
47.8665
48.2901
48.7452
49.1856
49.5795
49.9316
50.2432
50.5378
50.8375
51.1794
51.5835
52.0533
52.5603
53.0486
53.481
53.8238
54.0897
54.282
54.4292
54.6014
54.8302
55.1328
55.5
55.9108
56.3134
56.6696
56.9502
57.1642
57.3457
57.5387
57.7437
57.9746
58.2675
58.6177
59.0023
59.3795
59.7169
59.9911
60.1887
60.3218
60.4165
60.4961
60.5889
60.7298
60.9256
61.1747
61.4592
61.7551
62.0425
62.2984
62.5149
62.7047
62.8807
63.055
63.236
63.428
63.6303
63.8451
64.0674
64.284
64.4818
64.6573
64.8076
64.9355
65.0406
65.1275
65.1976
65.2623
65.33
65.4088
65.4982
65.5958
65.699
65.8091
65.9254
66.047
66.1717
66.3061
66.4506
66.612
66.797
67.017
67.2582
67.5154
67.7989
68.1227
68.4799
68.8691
69.273
69.6775
70.0653
70.4398
70.8028
71.1738
71.5691
72.0408
72.6231
73.2915
74.0055
74.6523
75.178
75.6367
47.8439
47.6283
47.2936
46.9114
46.5055
46.1268
45.7992
45.5463
45.3758
45.2801
45.2476
45.2454
45.2439
45.2309
45.208
45.184
45.1661
45.1575
45.1563
45.1554
45.1468
45.1185
45.0475
44.924
44.7696
44.6243
44.5065
44.3953
44.2785
44.1539
44.027
43.8965
43.7681
43.6595
43.5742
43.5208
43.493
43.503
43.5514
43.6321
43.7207
43.8042
43.8654
43.8811
43.8402
43.7403
43.6077
43.4868
43.4195
43.4164
43.4752
43.5563
43.6381
43.6921
43.679
43.6061
43.5058
43.4242
43.3825
43.3981
43.484
43.6245
43.7856
43.9244
44.0145
44.0612
44.046
43.9587
43.8368
43.7465
43.7372
43.8314
44.025
44.2643
44.5061
44.7267
44.8919
45.0053
45.0807
45.1538
45.2622
45.3947
45.5256
45.646
45.7575
45.8709
45.9856
46.1058
46.2298
46.346
46.4357
46.4866
46.4945
46.4698
46.4597
46.4988
46.6248
46.8572
47.1978
47.6221
48.0794
48.527
48.9346
49.2893
49.6048
49.8938
50.1805
50.5013
50.8798
51.3275
51.821
52.3067
52.7448
53.0993
53.3649
53.5506
53.6827
53.8298
54.0306
54.3126
54.6746
55.0943
55.519
55.904
56.2179
56.4601
56.6648
56.8651
57.0711
57.3067
57.5926
57.9357
58.3086
58.6759
58.9953
59.2488
59.4355
59.567
59.6637
59.7453
59.8383
59.9777
60.1772
60.4305
60.7228
61.0246
61.3191
61.5831
61.8078
62.006
62.1908
62.3722
62.5595
62.7598
62.9703
63.1865
63.4077
63.623
63.8201
63.9929
64.1393
64.2617
64.36
64.441
64.5106
64.5753
64.6434
64.7165
64.7994
64.8869
64.9828
65.0882
65.2045
65.3283
65.4613
65.6078
65.7736
65.9565
66.1587
66.3827
66.6253
66.8853
67.1833
67.5217
67.9011
68.3136
68.7413
69.1678
69.5799
69.9527
70.2996
70.6407
71.0225
71.4662
72.0478
72.7151
73.464
74.1696
74.8093
75.3383
47.7216
47.5026
47.1356
46.7192
46.2843
45.8858
45.5426
45.2799
45.1055
45.012
44.9826
44.9816
44.9748
44.9548
44.9295
44.9099
44.8986
44.8931
44.8879
44.87
44.8365
44.7851
44.6987
44.5716
44.419
44.2772
44.16
44.0452
43.9246
43.7956
43.6586
43.5184
43.3856
43.2657
43.1678
43.1041
43.0688
43.0784
43.1295
43.2091
43.3035
43.3987
43.4762
43.5091
43.4855
43.4076
43.2953
43.1882
43.1297
43.1324
43.1842
43.2477
43.3057
43.3332
43.2908
43.1873
43.0632
42.9544
42.8856
42.8804
42.9557
43.0928
43.259
43.4124
43.525
43.5855
43.5745
43.4894
43.3645
43.2651
43.2371
43.3046
43.4596
43.6615
43.8871
44.0972
44.2633
44.3945
44.5019
44.6041
44.7266
44.8605
44.9823
45.0832
45.1667
45.2453
45.3188
45.3922
45.4753
45.558
45.6283
45.6726
45.6959
45.7117
45.7502
45.8406
46.0153
46.2784
46.6215
47.0318
47.4693
47.8996
48.3017
48.6563
48.9793
49.2712
49.555
49.8687
50.2312
50.6531
51.1186
51.5839
52.0118
52.3655
52.6327
52.8239
52.9599
53.0943
53.2717
53.5301
53.8722
54.28
54.7025
55.0978
55.4354
55.7064
55.9306
56.1437
56.3622
56.5997
56.8713
57.1913
57.5369
57.8775
58.1756
58.4161
58.5991
58.7412
58.8559
58.9591
59.072
59.2231
59.4267
59.6745
59.9572
60.2483
60.5348
60.7976
61.0256
61.2324
61.4282
61.6207
61.8168
62.0256
62.2433
62.4609
62.6798
62.8942
63.0894
63.2616
63.4074
63.5296
63.628
63.7108
63.782
63.8458
63.9101
63.9752
64.0466
64.1243
64.2126
64.3154
64.4335
64.5653
64.7093
64.8752
65.0594
65.2595
65.4724
65.6987
65.9407
66.2078
66.5118
66.8618
67.2554
67.6819
68.1254
68.5804
69.0085
69.3956
69.7504
70.096
70.4727
70.9238
71.5171
72.2082
72.9784
73.7528
74.4367
75.0365
47.639
47.4262
47.0466
46.6103
46.1548
45.7388
45.38
45.1048
44.9196
44.8169
44.778
44.765
44.7447
44.7131
44.681
44.6606
44.6525
44.6458
44.6253
44.576
44.504
44.4242
44.3227
44.1964
44.0529
43.9236
43.8152
43.7069
43.5902
43.4599
43.3168
43.1772
43.0487
42.9326
42.8388
42.7726
42.7359
42.7416
42.7896
42.8636
42.953
43.0457
43.1335
43.1798
43.1791
43.1296
43.0478
42.9717
42.9401
42.9577
42.9976
43.0384
43.065
43.0605
42.9956
42.871
42.7219
42.5824
42.4854
42.4549
42.5106
42.6319
42.7881
42.9384
43.0529
43.1114
43.0972
43.0153
42.9034
42.8167
42.7939
42.8485
42.9785
43.1577
43.3626
43.5578
43.7223
43.865
43.9992
44.1307
44.2636
44.3969
44.5063
44.5851
44.6413
44.684
44.7163
44.7451
44.7851
44.8307
44.8803
44.9313
44.985
45.0538
45.1538
45.3072
45.5315
45.8237
46.1728
46.5663
46.9713
47.3664
47.743
48.0907
48.4093
48.7095
49.0005
49.3064
49.6517
50.0446
50.476
50.9086
51.3116
51.6553
51.9213
52.1211
52.2698
52.4037
52.5675
52.802
53.1153
53.4942
53.8951
54.2842
54.6262
54.9131
55.157
55.3828
55.6101
55.8463
56.1027
56.3914
56.6989
57.0018
57.278
57.5091
57.696
57.8572
57.9998
58.1363
58.2829
58.4574
58.672
58.9139
59.1784
59.4504
59.7183
59.9749
60.2034
60.4162
60.6221
60.826
61.0308
61.2456
61.4662
61.6866
61.9068
62.1199
62.3122
62.482
62.6297
62.7535
62.857
62.9472
63.0254
63.091
63.1529
63.2117
63.2727
63.3397
63.4225
63.5186
63.6342
63.7702
63.9285
64.1117
64.3157
64.53
64.7544
64.9827
65.2256
65.4958
65.8076
66.1631
66.5666
67.0014
67.4578
67.9209
68.369
68.774
69.1572
69.5293
69.9493
70.443
71.0634
71.7647
72.5577
73.3625
74.1189
74.7233
47.6304
47.424
47.04
46.5902
46.1188
45.6858
45.3097
45.0185
44.8159
44.6953
44.6361
44.6038
44.5674
44.5221
44.4799
44.4538
44.4407
44.4242
44.3781
44.2917
44.1849
44.0805
43.9643
43.8379
43.7043
43.5843
43.4856
43.395
43.2938
43.1707
43.0325
42.9065
42.7976
42.7031
42.6263
42.5679
42.5365
42.5374
42.5737
42.6305
42.7005
42.7788
42.8562
42.9043
42.9209
42.9017
42.8586
42.8221
42.8233
42.8613
42.9004
42.9254
42.9284
42.8969
42.8104
42.6688
42.4995
42.3325
42.2059
42.1453
42.1678
42.2568
42.3847
42.5176
42.6175
42.6628
42.6458
42.5791
42.4999
42.4503
42.4555
42.5178
42.641
42.8091
42.9938
43.1703
43.3331
43.4885
43.6435
43.7934
43.9323
44.057
44.1512
44.2025
44.2213
44.2181
44.2044
44.1917
44.1963
44.2139
44.2485
44.3075
44.3955
44.5202
44.6818
44.8976
45.1712
45.4898
45.8432
46.2191
46.5959
46.9551
47.3001
47.6272
47.9344
48.2289
48.5189
48.8197
49.1491
49.5097
49.8986
50.2899
50.6567
50.9839
51.2499
51.4545
51.6141
51.7568
51.9191
52.1349
52.4158
52.7537
53.1187
53.4827
53.8175
54.108
54.3614
54.5954
54.8251
55.0537
55.2937
55.548
55.8158
56.081
56.3323
56.5566
56.753
56.9323
57.1055
57.2766
57.4623
57.6649
57.8957
58.1372
58.3849
58.6344
58.8844
59.1334
59.366
59.5819
59.7963
60.0092
60.2245
60.4456
60.6695
60.8873
61.103
61.3087
61.4982
61.667
61.8177
61.9439
62.0545
62.1523
62.2381
62.3072
62.366
62.4223
62.4792
62.5381
62.6157
62.7066
62.8177
62.9553
63.126
63.3278
63.5498
63.7812
64.0103
64.2442
64.4871
64.7598
65.0753
65.4299
65.8291
66.2681
66.7291
67.197
67.657
68.0912
68.5165
68.943
69.4353
69.9943
70.6586
71.4109
72.2193
73.0622
73.7708
74.3918
47.7009
47.498
47.1112
46.6505
46.1646
45.7136
45.3198
45.0096
44.7856
44.6403
44.5529
44.4973
44.446
44.391
44.3408
44.3042
44.2769
44.2405
44.1664
44.0492
43.9181
43.7908
43.6598
43.5311
43.4059
43.2926
43.2048
43.1349
43.0558
42.9533
42.8328
42.7296
42.6498
42.585
42.529
42.4872
42.4658
42.4641
42.4831
42.5125
42.5534
42.6057
42.6619
42.7033
42.7288
42.7346
42.7265
42.7308
42.7678
42.8295
42.8821
42.9071
42.8992
42.8499
42.7452
42.588
42.402
42.2129
42.0581
41.9649
41.9406
41.9797
42.0635
42.1575
42.2281
42.2583
42.2495
42.2151
42.1896
42.1967
42.245
42.332
42.4587
42.6172
42.7877
42.9532
43.1163
43.2824
43.4531
43.6163
43.7597
43.8706
43.9373
43.9512
43.9262
43.8738
43.8152
43.7609
43.7291
43.7213
43.7476
43.8153
43.9318
44.1041
44.3236
44.593
44.9098
45.2535
45.6159
45.9778
46.3316
46.6598
46.9757
47.2742
47.5606
47.8397
48.1158
48.4008
48.7064
49.0355
49.3813
49.7291
50.0582
50.3587
50.6166
50.8283
50.9977
51.1491
51.3121
51.5136
51.7649
52.0611
52.3827
52.7103
53.0219
53.3027
53.5554
53.7868
54.0115
54.2259
54.4473
54.6711
54.9029
55.1377
55.3649
55.581
55.7814
55.979
56.1793
56.3837
56.601
56.8304
57.0751
57.3237
57.5641
57.801
58.0406
58.2817
58.5148
58.735
58.9544
59.1786
59.4032
59.6313
59.8565
60.0734
60.28
60.4744
60.6566
60.8216
60.9721
61.1028
61.216
61.3205
61.4119
61.4855
61.5481
61.6094
61.6705
61.7311
61.8058
61.8915
61.9945
62.1303
62.3073
62.5249
62.7663
63.0132
63.2539
63.4887
63.734
64.0036
64.3132
64.6604
65.0507
65.4838
65.9482
66.4172
66.8932
67.354
67.8296
68.3189
68.8961
69.5252
70.2623
71.0574
71.8883
72.7177
73.4893
74.0628
47.8276
47.6208
47.2291
46.7598
46.2647
45.8015
45.3952
45.07
44.8282
44.6593
44.541
44.4547
44.3836
44.3191
44.261
44.2132
44.1713
44.1145
44.0152
43.8746
43.7291
43.5843
43.4395
43.3078
43.1907
43.0844
43.0109
42.9606
42.9054
42.8306
42.7395
42.6699
42.6223
42.5822
42.5451
42.517
42.4971
42.4924
42.4969
42.5013
42.5127
42.5344
42.5648
42.5954
42.6215
42.641
42.6596
42.6996
42.7718
42.8611
42.9377
42.9764
42.9685
42.9079
42.7889
42.6224
42.4265
42.225
42.0455
41.9103
41.8286
41.8079
41.8322
41.8702
41.9035
41.921
41.9283
41.937
41.9706
42.0403
42.1397
42.2615
42.4037
42.5622
42.7272
42.8919
43.0627
43.2409
43.418
43.5821
43.7215
43.8146
43.8525
43.8279
43.7561
43.6542
43.5529
43.4571
43.3875
43.3554
43.3696
43.447
43.587
43.7938
44.0573
44.3672
44.7171
45.0783
45.4492
45.8001
46.1369
46.4409
46.7334
47.0077
47.2725
47.5302
47.7821
48.0438
48.3214
48.6163
48.9184
49.2222
49.5125
49.7803
50.0187
50.2262
50.4015
50.5607
50.724
50.912
51.1369
51.3931
51.673
51.9577
52.2423
52.5035
52.7502
52.9693
53.1845
53.3816
53.5824
53.7799
53.9787
54.1848
54.3912
54.5975
54.8
55.0093
55.2287
55.4563
55.6956
55.9432
56.2014
56.4577
56.7016
56.9373
57.1749
57.4099
57.6433
57.8684
58.0943
58.3258
58.5583
58.7906
59.019
59.2331
59.4335
59.6156
59.7922
59.9511
60.0983
60.2284
60.3441
60.4529
60.5508
60.63
60.6983
60.7667
60.8352
60.8983
60.9747
61.0586
61.1621
61.2974
61.4818
61.7092
61.9649
62.2229
62.4691
62.7102
62.9544
63.2198
63.5219
63.8555
64.2372
64.6608
65.1233
65.5947
66.0867
66.5771
67.1073
67.6502
68.2982
69.0037
69.8042
70.6792
71.551
72.4368
73.153
73.7897
47.9771
47.758
47.3535
46.8765
46.3811
45.9182
45.5119
45.1828
44.9347
44.7515
44.6095
44.4941
44.3998
44.3207
44.2509
44.1918
44.1381
44.0656
43.9477
43.7955
43.6442
43.4902
43.3342
43.1963
43.0848
42.9882
42.9281
42.8962
42.8633
42.8166
42.7604
42.7275
42.7101
42.6908
42.6686
42.6453
42.6257
42.6149
42.6023
42.5837
42.5684
42.5607
42.5653
42.5796
42.6009
42.6269
42.6642
42.7312
42.8331
42.9506
43.0546
43.1136
43.1137
43.0505
42.9243
42.754
42.556
42.3516
42.1529
41.9768
41.8409
41.756
41.7109
41.6826
41.6734
41.6763
41.6994
41.7481
41.8324
41.9583
42.1095
42.2712
42.4379
42.6058
42.7763
42.9493
43.1301
43.3175
43.4928
43.6483
43.7732
43.8453
43.8548
43.7929
43.677
43.53
43.3874
43.2563
43.1532
43.098
43.1036
43.1867
43.3411
43.5672
43.861
44.1964
44.568
44.9374
45.3131
45.6545
45.9786
46.265
46.5387
46.7949
47.0375
47.2716
47.4959
47.7313
47.9753
48.2294
48.4877
48.7458
48.9952
49.2292
49.4419
49.6385
49.8142
49.9779
50.1407
50.3148
50.5185
50.7388
50.9852
51.2276
51.4826
51.716
51.9482
52.1537
52.3534
52.5365
52.7186
52.8943
53.0669
53.2478
53.4311
53.6226
53.8218
54.0347
54.2632
54.5036
54.7572
55.0164
55.2849
55.5488
55.7989
56.0371
56.2769
56.5119
56.7462
56.9768
57.2081
57.4439
57.6814
57.9128
58.1382
58.35
58.5453
58.7236
58.8932
59.0484
59.1912
59.3232
59.4391
59.5487
59.6496
59.7383
59.8147
59.8891
59.9638
60.0391
60.1229
60.2138
60.324
60.4625
60.6474
60.8784
61.1366
61.398
61.6481
61.8889
62.1344
62.4015
62.7
63.0251
63.4007
63.8043
64.2643
64.7331
65.2413
65.7563
66.3421
66.9412
67.6491
68.4221
69.2813
70.2114
71.1488
72.0862
72.912
73.4541
48.1052
47.8676
47.4447
46.9606
46.4738
46.0263
45.6388
45.3242
45.087
44.9034
44.75
44.6141
44.5016
44.412
44.3347
44.2691
44.2074
44.1227
43.9931
43.8351
43.6817
43.5231
43.3578
43.2129
43.1042
43.0183
42.9727
42.9582
42.9455
42.9194
42.887
42.8787
42.8822
42.8815
42.8751
42.8576
42.836
42.812
42.7835
42.7454
42.7043
42.6694
42.6489
42.6469
42.6665
42.6996
42.7509
42.8382
42.9614
43.1017
43.2267
43.3046
43.3154
43.2536
43.1253
42.9553
42.7639
42.5659
42.3619
42.1562
41.97
41.8223
41.7061
41.6102
41.5585
41.5419
41.5704
41.6435
41.7631
41.929
42.1175
42.3113
42.5037
42.6888
42.8751
43.0642
43.2596
43.4529
43.6225
43.7673
43.8768
43.9219
43.8973
43.8021
43.6472
43.4604
43.2799
43.1203
42.9922
42.9233
42.9252
43.0075
43.1719
43.404
43.71
44.0528
44.4345
44.8056
45.1807
45.515
45.8307
46.1083
46.3645
46.601
46.8264
47.0345
47.2285
47.4335
47.6404
47.8546
48.0679
48.2814
48.4932
48.6969
48.8846
49.0664
49.2371
49.4
49.5641
49.7262
49.9147
50.1024
50.3196
50.519
50.7384
50.9426
51.1495
51.3378
51.5193
51.6903
51.8541
52.013
52.163
52.3246
52.4866
52.6647
52.8548
53.0685
53.2988
53.5457
53.8052
54.0708
54.3409
54.6103
54.8652
55.1096
55.3503
55.5898
55.8242
56.058
56.2915
56.5268
56.7616
56.9906
57.2107
57.4196
57.612
57.7877
57.9523
58.1049
58.2475
58.38
58.4967
58.6093
58.7152
58.8099
58.8949
58.9735
59.0585
59.145
59.2403
59.3445
59.4665
59.6103
59.7953
60.0211
60.2747
60.5308
60.7832
61.0237
61.2788
61.5442
61.845
62.1544
62.5257
62.9169
63.3735
63.8363
64.3629
64.8995
65.5265
66.1754
66.9245
67.7592
68.6631
69.6743
70.6733
71.6887
72.4599
73.1803
48.1801
47.9154
47.4668
46.9759
46.5078
46.0949
45.7486
45.4726
45.2665
45.1
44.9511
44.8087
44.688
44.5935
44.5168
44.448
44.38
44.2884
44.1538
43.9946
43.8441
43.6859
43.5165
43.3675
43.2597
43.1861
43.1553
43.1517
43.1476
43.1255
43.0976
43.0959
43.1095
43.1205
43.1268
43.115
43.095
43.0668
43.0284
42.968
42.9007
42.8423
42.8023
42.7878
42.8028
42.8414
42.911
43.0182
43.1564
43.3087
43.4438
43.5326
43.5511
43.4908
43.3632
43.1987
43.0209
42.8328
42.6278
42.4015
42.1762
41.9792
41.8021
41.6442
41.5498
41.5059
41.5251
41.6049
41.7427
41.9317
42.1434
42.3558
42.5668
42.7686
42.9741
43.1856
43.3992
43.6004
43.7684
43.8997
43.9866
44.0025
43.9472
43.8196
43.6305
43.4129
43.2039
43.0214
42.8796
42.8029
42.8046
42.8823
43.0511
43.2798
43.5868
43.9229
44.3025
44.6708
45.0391
45.3724
45.6812
45.9494
46.1942
46.4127
46.617
46.8007
46.9642
47.1378
47.3085
47.481
47.6544
47.8293
48.007
48.181
48.3494
48.5129
48.6768
48.8315
48.9962
49.1438
49.3185
49.4765
49.6636
49.8296
50.0114
50.1829
50.3581
50.5244
50.6851
50.8375
50.9833
51.1262
51.26
51.4072
51.5555
51.7228
51.9057
52.1158
52.3467
52.5924
52.8538
53.1188
53.3882
53.656
53.9165
54.1649
54.4091
54.648
54.8854
55.1169
55.3529
55.5822
55.8125
56.0345
56.2512
56.4537
56.6459
56.8182
56.9824
57.1322
57.278
57.4104
57.5329
57.6478
57.7572
57.8556
57.9515
58.0356
58.1335
58.2298
58.3347
58.4517
58.5884
58.7408
58.9258
59.142
59.3856
59.6305
59.8836
60.1201
60.3808
60.6418
60.9461
61.2517
61.6188
61.9952
62.4459
62.9055
63.4524
64.0028
64.6545
65.3421
66.1182
66.9858
67.9363
68.9852
70.0591
71.1415
72.0869
72.6686
48.1781
47.8787
47.4002
46.9094
46.4752
46.1197
45.8385
45.6255
45.4663
45.3302
45.1983
45.0645
44.9443
44.8484
44.7721
44.7006
44.6287
44.5362
44.4036
44.2473
44.1016
43.9472
43.7817
43.6369
43.533
43.4701
43.4485
43.447
43.4415
43.4122
43.3702
43.3542
43.3594
43.374
43.3939
43.3945
43.3741
43.3399
43.2934
43.2255
43.1408
43.0589
43.0008
42.9757
42.9882
43.0353
43.1204
43.2402
43.3882
43.5434
43.6764
43.763
43.7848
43.7289
43.605
43.4471
43.2799
43.1031
42.9054
42.6743
42.4268
42.1909
41.9665
41.7585
41.6226
41.5513
41.5525
41.6246
41.768
41.961
42.1751
42.3881
42.6075
42.8206
43.0428
43.2768
43.5046
43.7146
43.884
44.0047
44.0722
44.0626
43.9746
43.814
43.6007
43.3665
43.1423
42.9439
42.7957
42.7158
42.7179
42.7913
42.9577
43.1777
43.4762
43.8029
44.1701
44.5356
44.8928
45.2224
45.5243
45.784
46.0191
46.2258
46.4074
46.5665
46.702
46.8456
46.9814
47.1158
47.255
47.3957
47.5437
47.6899
47.8418
47.985
48.1397
48.2787
48.4358
48.5701
48.7258
48.8608
49.0146
49.1518
49.2941
49.4339
49.5757
49.7192
49.8557
49.989
50.1164
50.2441
50.3663
50.504
50.6446
50.8066
50.9856
51.1914
51.4166
51.6595
51.9157
52.1787
52.4418
52.7056
52.9651
53.2181
53.4622
53.7001
53.9357
54.1667
54.3994
54.6272
54.8491
55.0657
55.2751
55.4755
55.6628
55.8379
55.9996
56.1519
56.2973
56.4364
56.563
56.6854
56.7974
56.903
57.0047
57.0965
57.2044
57.3087
57.4202
57.55
57.6907
57.8499
58.0312
58.2378
58.471
58.7048
58.9531
59.1822
59.4454
59.7015
60.0123
60.3082
60.6773
61.0358
61.4906
61.9437
62.497
63.0629
63.7195
64.4308
65.221
66.1088
67.0738
68.1511
69.2415
70.3911
71.2267
72.1049
48.0903
47.7538
47.2595
46.7986
46.4217
46.1435
45.9446
45.7997
45.6853
45.5811
45.474
45.36
45.2479
45.1518
45.0743
45.0012
44.9248
44.8326
44.7049
44.5548
44.415
44.2689
44.1152
43.9813
43.883
43.826
43.8081
43.8068
43.7971
43.7527
43.6885
43.6463
43.6283
43.6289
43.648
43.6599
43.6409
43.6059
43.5607
43.49
43.397
43.3035
43.2338
43.2029
43.2139
43.2635
43.3538
43.4778
43.6251
43.7731
43.9004
43.9831
44.0043
43.9507
43.8312
43.6784
43.5209
43.3568
43.1703
42.9456
42.6963
42.4442
42.1933
41.9511
41.7781
41.6742
41.6528
41.7043
41.828
42.0011
42.2052
42.4139
42.6314
42.8471
43.073
43.3169
43.5582
43.7756
43.9459
44.059
44.1107
44.0775
43.9689
43.7879
43.5576
43.3128
43.0826
42.8791
42.7339
42.652
42.6552
42.7226
42.8811
43.093
43.3793
43.6955
44.0462
44.4032
44.7456
45.0676
45.3622
45.6134
45.8391
46.0355
46.1962
46.3332
46.4473
46.5619
46.6721
46.7735
46.8832
46.9919
47.1164
47.2352
47.3708
47.4932
47.6344
47.7535
47.8941
48.0113
48.1398
48.2552
48.3715
48.4828
48.5894
48.6991
48.8084
48.9275
49.0389
49.1519
49.2647
49.38
49.4967
49.6271
49.7651
49.9242
50.1009
50.3014
50.5199
50.756
51.0028
51.2566
51.513
51.7696
52.0259
52.2774
52.5229
52.7578
52.9925
53.2217
53.4521
53.6751
53.8934
54.1028
54.3082
54.5018
54.6883
54.8606
55.0273
55.1827
55.3345
55.4782
55.6152
55.7423
55.8619
55.9691
56.076
56.1707
56.2851
56.3907
56.5064
56.6387
56.7836
56.9379
57.1218
57.3122
57.5389
57.7564
58.0026
58.2191
58.4831
58.7271
59.0394
59.3273
59.6986
60.0531
60.5042
60.9513
61.5048
62.0686
62.7173
63.4191
64.2035
65.0682
66.0171
67.0417
68.1214
69.2078
70.1972
70.7901
47.9743
47.6198
47.1455
46.7413
46.4367
46.2328
46.0988
46.0001
45.9175
45.839
45.7582
45.6692
45.5713
45.4765
45.3964
45.3215
45.2419
45.1497
45.0286
44.8863
44.7506
44.6135
44.4744
44.3527
44.2613
44.2052
44.183
44.1776
44.1614
44.1088
44.0304
43.9566
43.912
43.897
43.9034
43.9082
43.8919
43.8574
43.816
43.7474
43.6515
43.5539
43.4878
43.4581
43.4647
43.5098
43.5933
43.7088
43.8483
43.9849
44.0999
44.1723
44.1924
44.1439
44.0366
43.8954
43.745
43.5924
43.423
43.2113
42.9703
42.7175
42.4611
42.2018
41.9974
41.8613
41.8096
41.8305
41.9225
42.069
42.2528
42.4425
42.6448
42.8565
43.0834
43.3271
43.5649
43.7748
43.9426
44.0473
44.0859
44.0397
43.9195
43.7323
43.4995
43.2535
43.03
42.828
42.6866
42.6029
42.6092
42.673
42.8211
43.0231
43.2917
43.5979
43.9325
44.2766
44.6054
44.9177
45.1992
45.4437
45.6616
45.844
45.9907
46.1069
46.2064
46.2975
46.3887
46.4637
46.5522
46.6324
46.736
46.8289
46.9472
47.044
47.1635
47.264
47.3751
47.475
47.5711
47.6613
47.7457
47.827
47.9073
47.9858
48.069
48.1603
48.2513
48.3435
48.4427
48.5466
48.6613
48.7864
48.9269
49.0832
49.2605
49.4541
49.667
49.8909
50.1277
50.3674
50.6163
50.8647
51.1184
51.365
51.6095
51.8419
52.0755
52.3033
52.531
52.7504
52.9668
53.1732
53.3746
53.5625
53.7468
53.9203
54.09
54.2516
54.4099
54.56
54.7035
54.8363
54.9594
55.0713
55.18
55.2791
55.3931
55.4977
55.6109
55.738
55.8778
56.0222
56.1994
56.3731
56.5909
56.7876
57.0326
57.2328
57.4998
57.728
58.0407
58.3202
58.6908
59.0365
59.488
59.9224
60.459
61.013
61.6356
62.2985
63.0345
63.8363
64.7072
65.6391
66.5828
67.5364
68.174
69.0736
47.9071
47.5645
47.1293
46.7886
46.5457
46.3854
46.2822
46.206
46.141
46.083
46.0239
45.9565
45.8758
45.7897
45.712
45.6397
45.5611
45.4696
45.3562
45.2199
45.0856
44.9543
44.8252
44.7086
44.6196
44.5609
44.5312
44.5174
44.4962
44.4448
44.3651
44.2764
44.2096
44.1652
44.1478
44.1477
44.139
44.1026
44.0569
43.9943
43.9093
43.815
43.7417
43.7069
43.7144
43.7561
43.8295
43.9273
44.0496
44.17
44.2757
44.3403
44.357
44.3145
44.2239
44.095
43.954
43.8077
43.648
43.4529
43.2314
42.9863
42.7347
42.4759
42.256
42.0924
42.0112
41.9993
42.0543
42.1613
42.3128
42.4833
42.6724
42.872
43.0854
43.3097
43.5345
43.7327
43.8897
43.9826
44.0117
43.9585
43.8394
43.654
43.4354
43.1976
42.9852
42.7907
42.659
42.5746
42.5787
42.6377
42.7746
42.9693
43.2223
43.515
43.8335
44.1618
44.4772
44.7766
45.0478
45.2848
45.4954
45.6647
45.8015
45.9003
45.9901
46.0589
46.1384
46.1928
46.2666
46.3237
46.4065
46.4764
46.5671
46.6423
46.7309
46.8075
46.8885
46.9609
47.0278
47.0877
47.1454
47.1991
47.2537
47.3069
47.3675
47.4321
47.5058
47.578
47.6684
47.7625
47.8779
47.9991
48.1429
48.297
48.4733
48.6605
48.8648
49.0766
49.2998
49.528
49.7674
50.0088
50.2564
50.4995
50.738
50.973
51.2045
51.4333
51.6579
51.8782
52.0926
52.3
52.498
52.685
52.8667
53.0447
53.2155
53.383
53.5465
53.702
53.8496
53.9859
54.1135
54.2274
54.3382
54.4372
54.5493
54.6451
54.7569
54.8644
55.0019
55.1204
55.291
55.4335
55.6479
55.8108
56.0591
56.2338
56.5
56.7111
57.0228
57.2842
57.6595
57.988
58.4248
58.8451
59.3537
59.8726
60.4628
61.0566
61.7164
62.3914
63.1291
63.8493
64.5614
65.138
65.4223
65.1216
47.9645
47.6859
47.3003
46.9743
46.7364
46.5774
46.486
46.4225
46.3623
46.312
46.2581
46.1988
46.1338
46.0612
45.9891
45.9216
45.8473
45.7594
45.6532
45.5228
45.3881
45.257
45.1328
45.0214
44.9367
44.8767
44.837
44.8099
44.7794
44.7304
44.6591
44.5745
44.4992
44.444
44.4128
44.3972
44.3791
44.3419
44.2961
44.2371
44.1608
44.0732
44.0044
43.9675
43.9613
43.9868
44.0457
44.1328
44.2401
44.343
44.4309
44.4843
44.4995
44.4662
44.3892
44.2755
44.1454
44.0051
43.8554
43.6777
43.4683
43.2365
42.9971
42.7449
42.524
42.3414
42.2297
42.1849
42.2043
42.2749
42.3958
42.5441
42.7135
42.8938
43.0911
43.2939
43.4984
43.6777
43.8186
43.8962
43.9118
43.8562
43.7423
43.5643
43.3666
43.1437
42.95
42.7687
42.6445
42.5642
42.559
42.6159
42.7436
42.929
43.1681
43.4465
43.7503
44.0635
44.3667
44.6524
44.9152
45.1467
45.3535
45.5093
45.64
45.7236
45.8055
45.858
45.9267
45.9666
46.0257
46.0661
46.1262
46.1732
46.2315
46.2813
46.3358
46.3862
46.4368
46.4808
46.519
46.5521
46.5825
46.6136
46.6445
46.6778
46.718
46.7583
46.8182
46.8731
46.959
47.044
47.1604
47.277
47.4219
47.5733
47.7476
47.9274
48.1247
48.3245
48.5369
48.7537
48.9852
49.2186
49.4598
49.6985
49.9356
50.1708
50.4057
50.6328
50.8615
51.0793
51.2975
51.5023
51.7017
51.8847
52.0704
52.2465
52.4237
52.5912
52.7632
52.9175
53.0726
53.2078
53.3441
53.4524
53.574
53.6631
53.7788
53.8542
53.9665
54.0434
54.1717
54.2589
54.4162
54.5267
54.7259
54.8611
55.0941
55.2469
55.5112
55.6927
56.0101
56.2474
56.6151
56.9265
57.3448
57.7252
58.2011
58.6554
59.191
59.6919
60.2379
60.7396
61.2357
61.6397
61.8702
61.8037
60.7106
58.7878
48.0142
47.9024
47.5451
47.2225
46.9833
46.8127
46.7008
46.6193
46.5482
46.4963
46.4501
46.3989
46.3436
46.2847
46.2216
46.1546
46.079
45.9905
45.8888
45.7678
45.639
45.5134
45.3954
45.2873
45.1951
45.124
45.0768
45.0452
45.0141
44.9664
44.9028
44.8276
44.756
44.698
44.6565
44.6279
44.6044
44.5689
44.521
44.4612
44.391
44.3137
44.2473
44.2032
44.1893
44.2056
44.2539
44.3223
44.4063
44.4898
44.5635
44.6104
44.624
44.5963
44.5314
44.4319
44.3123
44.1753
44.026
43.8537
43.6612
43.4434
43.2172
42.9797
42.7645
42.5776
42.4452
42.3751
42.3668
42.4092
42.4997
42.6221
42.7697
42.9313
43.1084
43.2893
43.4686
43.6223
43.7418
43.8044
43.8112
43.7525
43.6441
43.4784
43.2996
43.0976
42.9205
42.7595
42.6419
42.57
42.5591
42.6123
42.7304
42.9059
43.1328
43.3972
43.6866
43.9824
44.2743
44.5474
44.8047
45.0298
45.2325
45.3795
45.5047
45.5819
45.6545
45.6989
45.7581
45.7896
45.8343
45.8603
45.8945
45.9189
45.9452
45.9662
45.9891
46.0097
46.0309
46.0464
46.0584
46.0652
46.0728
46.0792
46.0938
46.1044
46.1334
46.1503
46.2013
46.2423
46.3239
46.4014
46.514
46.6267
46.7705
46.9192
47.0929
47.2669
47.4607
47.6515
47.8575
48.066
48.2908
48.5164
48.7523
48.9856
49.2229
49.4569
49.6933
49.921
50.1509
50.3687
50.5862
50.7895
50.9882
51.1729
51.3631
51.5393
51.7216
51.8915
52.0705
52.2229
52.3864
52.5191
52.6653
52.7668
52.8962
52.9737
53.0821
53.1383
53.2367
53.2859
53.3905
53.449
53.5823
53.6593
53.8428
53.9373
54.1734
54.2816
54.5549
54.6999
55.0146
55.2188
55.5777
55.8474
56.244
56.5671
56.9968
57.3609
57.8193
58.1821
58.5854
58.8364
59.0269
58.9222
58.4858
57.3323
55.1342
45.8733
-41.6386
-3.79028
-7.10388
-2.09284
-3.20293
-1.32111
-0.980846
0.152742
0.659854
1.2943
1.64818
1.98178
1.9917
2.08183
1.91472
1.82514
1.69291
1.33891
0.873387
0.630289
-28.4828
-4.08458
-7.08243
-2.21251
-3.323
-1.44292
-1.1168
0.0281206
0.536503
1.18158
1.54023
1.88959
1.9043
2.00844
1.84555
1.76242
1.64835
1.29007
0.816281
0.587951
-18.2315
-3.89875
-6.90207
-2.3804
-3.51678
-1.63828
-1.35054
-0.196148
0.304315
0.959438
1.32296
1.69861
1.72007
1.84964
1.70329
1.62903
1.54251
1.17834
0.688356
0.500762
-9.27293
-2.98631
-6.13607
-2.50618
-3.62355
-1.85463
-1.58217
-0.459922
0.0372894
0.685676
1.05587
1.45518
1.48563
1.6416
1.52196
1.45001
1.39723
1.04332
0.529266
0.375635
-1.73701
-1.21318
-4.84237
-2.49447
-3.55941
-2.03917
-1.75498
-0.722558
-0.22392
0.39807
0.765755
1.18725
1.23103
1.40508
1.32124
1.24766
1.21709
0.904419
0.368289
0.237361
4.41528
1.27578
-3.07633
-2.18243
-3.26563
-2.12381
-1.83945
-0.94217
-0.453613
0.130171
0.482734
0.915321
0.976939
1.15446
1.10814
1.03116
1.00097
0.757464
0.222338
0.100483
9.4449
4.18328
-0.951879
-1.5131
-2.74779
-2.06953
-1.83008
-1.08839
-0.632949
-0.0927646
0.234225
0.658552
0.740644
0.905489
0.888618
0.810851
0.758487
0.592181
0.0947157
-0.0246037
13.634
7.21572
1.37816
-0.517671
-2.04557
-1.85645
-1.71811
-1.13343
-0.735257
-0.243995
0.0492259
0.44254
0.54185
0.679331
0.674646
0.598299
0.508151
0.404696
-0.0164736
-0.129175
17.2238
10.1898
3.79185
0.742862
-1.17848
-1.46888
-1.47496
-1.04319
-0.720256
-0.291439
-0.0394453
0.299173
0.402163
0.49968
0.483221
0.402889
0.271681
0.207222
-0.115066
-0.208567
20.3449
12.9932
6.18768
2.20435
-0.16167
-0.897215
-1.07959
-0.799375
-0.563285
-0.21494
-0.0106063
0.252559
0.337657
0.383096
0.332582
0.237938
0.0756257
0.0273189
-0.203365
-0.264453
23.0576
15.5575
8.48476
3.78664
0.970967
-0.158211
-0.535997
-0.411102
-0.267181
-0.016363
0.131363
0.306505
0.347378
0.330001
0.233337
0.11761
-0.0611969
-0.108838
-0.280955
-0.30206
25.4184
17.8609
10.6185
5.39506
2.16515
0.69571
0.119493
0.0818868
0.128998
0.273225
0.35044
0.429985
0.407111
0.32206
0.18573
0.0492476
-0.130023
-0.184578
-0.338364
-0.323731
27.4957
19.9196
12.5589
6.96096
3.37861
1.61208
0.839863
0.631182
0.572247
0.602437
0.596928
0.580589
0.490522
0.34548
0.188409
0.0372026
-0.126116
-0.191821
-0.358353
-0.322628
29.3338
21.7415
14.2719
8.42153
4.56498
2.53687
1.57005
1.17857
1.00173
0.919215
0.831015
0.731074
0.587512
0.40432
0.244922
0.0860574
-0.048207
-0.129722
-0.323592
-0.289877
30.9903
23.3294
15.7376
9.72697
5.6704
3.40879
2.24667
1.67121
1.37733
1.19224
1.03709
0.879629
0.705003
0.509285
0.360127
0.200029
0.0996739
-0.00225572
-0.22915
-0.222574
32.4958
24.6709
16.9406
10.8379
6.63635
4.16243
2.81229
2.0746
1.67942
1.41318
1.21406
1.02798
0.844805
0.656692
0.522828
0.366164
0.297268
0.170995
-0.0865711
-0.12895
33.8471
25.7411
17.8818
11.7376
7.42076
4.75773
3.23927
2.37625
1.90699
1.58602
1.36596
1.17128
0.991297
0.818956
0.69681
0.543195
0.494648
0.346956
0.0718255
-0.0292516
34.9925
26.4739
18.5291
12.386
7.97806
5.16373
3.51918
2.57707
2.06383
1.71386
1.48812
1.29148
1.11491
0.954181
0.836027
0.682984
0.642966
0.481759
0.205824
0.0514922
35.8939
26.8544
18.8588
12.7263
8.25764
5.35319
3.63986
2.66333
2.13591
1.78027
1.55585
1.35876
1.18321
1.02753
0.909425
0.756287
0.718077
0.554146
0.287807
0.0986065
36.1035
26.8662
18.9115
12.794
8.31186
5.3906
3.66415
2.68276
2.15187
1.79343
1.56818
1.37041
1.19543
1.04168
0.924787
0.774022
0.735665
0.573173
0.319802
0.118443
)
;

boundaryField
{
    inlet
    {
        type            calculated;
        value           nonuniform List<scalar> 
20
(
88.2131
85.1044
83.1407
81.6064
80.359
79.376
78.6203
78.0693
77.7104
77.5317
77.5273
77.6986
78.0529
78.6009
79.3558
80.3381
81.5847
83.1187
85.0816
88.1898
)
;
    }
    outlet
    {
        type            calculated;
        value           uniform 0;
    }
    walls
    {
        type            calculated;
        value           nonuniform List<scalar> 
520
(
88.1898
75.7917
68.3445
64.7703
62.8358
61.3969
60.153
58.9996
57.9341
56.9011
55.9156
54.9334
53.9994
53.074
52.2212
51.3956
50.6786
50.0209
49.521
49.1793
49.1446
49.1066
49.0432
48.9607
48.8617
48.7512
48.6387
48.5331
48.439
48.3573
48.2867
48.2256
48.1722
48.1253
48.0836
48.0465
48.0132
47.9832
47.9561
47.9315
47.9093
47.8894
47.8718
47.8564
47.8427
47.8304
47.8187
47.807
47.7946
47.7809
47.766
47.7498
47.733
47.7162
47.7001
47.6851
47.671
47.6574
47.6439
47.6298
47.6156
47.6023
47.591
47.5835
47.58
47.5806
47.5861
47.5962
47.6101
47.6271
47.6472
47.6704
47.697
47.7284
47.7651
47.8062
47.8501
47.8952
47.9403
47.9848
48.0288
48.0718
48.1133
48.1527
48.1902
48.2264
48.261
48.2936
48.3238
48.3506
48.3724
48.3876
48.3945
48.3921
48.3854
48.383
48.3896
48.4054
48.4231
48.4346
48.4372
48.4354
48.4323
48.4159
48.4014
48.4297
48.4585
48.5773
48.6036
48.7284
48.7386
48.8733
48.8807
49.0642
49.1567
49.4354
49.5795
49.878
50.0307
50.3394
50.4752
50.7562
50.8454
51.0754
51.1206
51.3055
51.3409
51.5579
51.5997
51.7942
51.8171
51.9993
52.0417
52.272
52.3791
52.6556
52.7807
53.0771
53.2009
53.514
53.628
53.9508
54.0534
54.3911
54.4945
54.8143
54.9223
55.2255
55.3158
55.5873
55.6874
55.9743
56.1054
56.4193
56.5737
56.8761
57.0126
57.285
57.4282
57.7058
57.8146
58.1517
58.2391
58.6245
58.6366
59.0747
58.938
59.4858
59.2467
59.8886
59.561
60.1774
59.8732
60.4579
60.1503
60.7078
60.4481
61.0145
60.8696
61.4649
61.2818
62.0677
61.8113
62.6659
62.3038
63.0705
62.5559
63.2103
62.6925
63.2974
62.6987
63.2477
62.66
63.1839
62.5525
62.8433
62.0134
62.488
61.5945
62.0817
61.1507
61.3422
60.2896
60.4281
59.1384
59.2075
57.613
58.2016
56.4562
56.9316
55.0647
54.6417
52.6493
51.5645
49.6896
48.0882
46.2205
44.4293
42.5075
40.5814
36.1035
26.8662
18.9115
12.794
8.31186
5.3906
3.66415
2.68276
2.15187
1.79343
1.56818
1.37041
1.19543
1.04168
0.924787
0.774022
0.735665
0.573173
0.319802
0.118443
88.2131
75.7717
68.3398
64.7615
62.8419
61.3916
60.155
58.9892
57.9304
56.8818
55.9011
54.8972
53.9599
52.9996
52.1245
51.2359
50.4465
49.6613
48.967
48.2263
48.0725
48.0291
48.0098
47.9965
47.9464
47.8439
47.7216
47.639
47.6304
47.7009
47.8276
47.9771
48.1052
48.1801
48.1781
48.0903
47.9743
47.9071
47.9645
48.0142
48.0725
48.0694
48.0903
48.0065
47.8059
47.5508
47.2917
47.0548
46.8502
46.6806
46.5393
46.4306
46.3598
46.3164
46.2764
46.2523
46.2447
46.2325
46.2208
46.2176
46.2257
46.2418
46.23
46.1876
46.1241
46.0397
45.9616
45.9147
45.8886
45.841
45.7422
45.6087
45.4749
45.3782
45.3314
45.3192
45.3183
45.3247
45.3421
45.3585
45.3751
45.4167
45.459
45.5056
45.5731
45.6034
45.5871
45.5486
45.5044
45.474
45.4754
45.4967
45.5195
45.541
45.5712
45.6076
45.639
45.663
45.6965
45.7401
45.8108
45.8997
45.9759
46.0434
46.0996
46.1403
46.1487
46.1542
46.1857
46.2394
46.3408
46.4847
46.6571
46.8317
46.9886
47.1351
47.2556
47.3223
47.3512
47.3876
47.449
47.5521
47.701
47.8806
48.0426
48.1644
48.3043
48.4881
48.7009
48.9167
49.1231
49.3006
49.4323
49.5253
49.5994
49.6608
49.7475
49.8983
50.1221
50.3809
50.6448
50.9409
51.2884
51.687
52.098
52.4997
52.8945
53.2855
53.6792
54.0854
54.5061
54.925
55.3152
55.6672
55.9948
56.2944
56.5696
56.8346
57.112
57.4109
57.7159
58.0131
58.2797
58.5092
58.7263
58.9442
59.1569
59.3805
59.6087
59.8445
60.0908
60.3664
60.7007
61.0511
61.3917
61.7289
62.034
62.2788
62.4616
62.5991
62.7207
62.8479
62.9967
63.1702
63.3669
63.5742
63.7823
63.9835
64.1777
64.3701
64.565
64.7557
64.9372
65.1118
65.2842
65.4546
65.6317
65.8183
66.0089
66.1928
66.3626
66.5115
66.6381
66.7417
66.8255
66.8965
66.9647
67.0378
67.1211
67.2139
67.3157
67.4222
67.5344
67.6573
67.7914
67.9308
68.075
68.2255
68.3936
68.5927
68.8214
69.075
69.3439
69.625
69.9293
70.2632
70.6216
70.9898
71.3611
71.7551
72.1933
72.6845
73.2318
73.839
74.5006
75.1683
75.7766
76.1893
76.4188
76.549
76.549
76.4044
76.1837
75.9238
75.6367
75.3383
75.0365
74.7233
74.3918
74.0628
73.7897
73.4541
73.1803
72.6686
72.1049
70.7901
69.0736
65.1216
58.7878
45.8733
-41.6386
-3.79028
-7.10388
-2.09284
-3.20293
-1.32111
-0.980846
0.152742
0.659854
1.2943
1.64818
1.98178
1.9917
2.08183
1.91472
1.82514
1.69291
1.33891
0.873387
0.630289
)
;
    }
    frontAndBack
    {
        type            empty;
    }
}


// ************************************************************************* //
