/*--------------------------------*- C++ -*----------------------------------*\
| =========                 |                                                 |
| \\      /  F ield         | OpenFOAM: The Open Source CFD Toolbox           |
|  \\    /   O peration     | Version:  2.4.0                                 |
|   \\  /    A nd           | Web:      www.OpenFOAM.org                      |
|    \\/     M anipulation  |                                                 |
\*---------------------------------------------------------------------------*/
FoamFile
{
    version     2.0;
    format      ascii;
    class       volScalarField;
    location    "0.38";
    object      pPrime2Mean;
}
// * * * * * * * * * * * * * * * * * * * * * * * * * * * * * * * * * * * * * //

dimensions      [0 4 -4 0 0 0 0];

internalField   nonuniform List<scalar> 
8800
(
1.70117e+06
1.65824e+06
1.61218e+06
1.56651e+06
1.52147e+06
1.47708e+06
1.43335e+06
1.39027e+06
1.34784e+06
1.30607e+06
1.26494e+06
1.22446e+06
1.18461e+06
1.14537e+06
1.1067e+06
1.06852e+06
1.0307e+06
992936
954554
913405
1.70123e+06
1.65825e+06
1.61218e+06
1.56651e+06
1.52147e+06
1.47708e+06
1.43335e+06
1.39027e+06
1.34784e+06
1.30607e+06
1.26494e+06
1.22446e+06
1.18461e+06
1.14537e+06
1.10671e+06
1.06854e+06
1.03074e+06
993023
954765
914101
1.70127e+06
1.65824e+06
1.61217e+06
1.5665e+06
1.52147e+06
1.47708e+06
1.43334e+06
1.39027e+06
1.34784e+06
1.30607e+06
1.26495e+06
1.22447e+06
1.18462e+06
1.14539e+06
1.10673e+06
1.06858e+06
1.03082e+06
993189
955153
915455
1.70129e+06
1.65824e+06
1.61215e+06
1.5665e+06
1.52146e+06
1.47708e+06
1.43334e+06
1.39027e+06
1.34784e+06
1.30607e+06
1.26495e+06
1.22447e+06
1.18463e+06
1.1454e+06
1.10676e+06
1.06864e+06
1.03094e+06
993426
955694
917032
1.70132e+06
1.65824e+06
1.61215e+06
1.56649e+06
1.52146e+06
1.47708e+06
1.43334e+06
1.39027e+06
1.34784e+06
1.30607e+06
1.26495e+06
1.22448e+06
1.18464e+06
1.14542e+06
1.1068e+06
1.06872e+06
1.03108e+06
993721
956343
918662
1.70134e+06
1.65825e+06
1.61214e+06
1.56648e+06
1.52146e+06
1.47708e+06
1.43334e+06
1.39027e+06
1.34784e+06
1.30607e+06
1.26495e+06
1.22448e+06
1.18465e+06
1.14545e+06
1.10685e+06
1.06881e+06
1.03125e+06
994060
957056
920254
1.70135e+06
1.65825e+06
1.61213e+06
1.56648e+06
1.52145e+06
1.47707e+06
1.43334e+06
1.39027e+06
1.34784e+06
1.30607e+06
1.26496e+06
1.22449e+06
1.18467e+06
1.14548e+06
1.1069e+06
1.06891e+06
1.03144e+06
994431
957799
921767
1.70136e+06
1.65825e+06
1.61213e+06
1.56647e+06
1.52145e+06
1.47707e+06
1.43334e+06
1.39027e+06
1.34784e+06
1.30608e+06
1.26496e+06
1.2245e+06
1.18469e+06
1.14551e+06
1.10696e+06
1.06902e+06
1.03165e+06
994819
958548
923180
1.70137e+06
1.65825e+06
1.61213e+06
1.56647e+06
1.52145e+06
1.47708e+06
1.43334e+06
1.39027e+06
1.34784e+06
1.30608e+06
1.26497e+06
1.22451e+06
1.1847e+06
1.14554e+06
1.10702e+06
1.06913e+06
1.03186e+06
995215
959282
924480
1.70137e+06
1.65825e+06
1.61213e+06
1.56647e+06
1.52145e+06
1.47708e+06
1.43335e+06
1.39027e+06
1.34785e+06
1.30608e+06
1.26497e+06
1.22452e+06
1.18472e+06
1.14558e+06
1.10709e+06
1.06925e+06
1.03208e+06
995607
959985
925664
1.70137e+06
1.65825e+06
1.61213e+06
1.56647e+06
1.52145e+06
1.47708e+06
1.43335e+06
1.39027e+06
1.34785e+06
1.30609e+06
1.26498e+06
1.22453e+06
1.18474e+06
1.14561e+06
1.10715e+06
1.06937e+06
1.03229e+06
995987
960647
926731
1.70137e+06
1.65825e+06
1.61213e+06
1.56647e+06
1.52145e+06
1.47708e+06
1.43335e+06
1.39027e+06
1.34785e+06
1.30609e+06
1.26499e+06
1.22454e+06
1.18476e+06
1.14565e+06
1.10722e+06
1.06948e+06
1.03249e+06
996347
961258
927684
1.70136e+06
1.65825e+06
1.61213e+06
1.56647e+06
1.52145e+06
1.47708e+06
1.43335e+06
1.39027e+06
1.34785e+06
1.30609e+06
1.26499e+06
1.22455e+06
1.18478e+06
1.14568e+06
1.10728e+06
1.06959e+06
1.03269e+06
996681
961812
928523
1.70135e+06
1.65825e+06
1.61213e+06
1.56648e+06
1.52146e+06
1.47708e+06
1.43335e+06
1.39027e+06
1.34785e+06
1.3061e+06
1.265e+06
1.22456e+06
1.1848e+06
1.14571e+06
1.10733e+06
1.06969e+06
1.03286e+06
996983
962304
929253
1.70134e+06
1.65825e+06
1.61214e+06
1.56648e+06
1.52146e+06
1.47708e+06
1.43335e+06
1.39027e+06
1.34786e+06
1.3061e+06
1.265e+06
1.22457e+06
1.18481e+06
1.14574e+06
1.10738e+06
1.06978e+06
1.03302e+06
997249
962731
929875
1.70132e+06
1.65824e+06
1.61215e+06
1.56649e+06
1.52146e+06
1.47708e+06
1.43335e+06
1.39027e+06
1.34786e+06
1.3061e+06
1.26501e+06
1.22458e+06
1.18483e+06
1.14577e+06
1.10743e+06
1.06986e+06
1.03315e+06
997475
963088
930391
1.70129e+06
1.65824e+06
1.61216e+06
1.5665e+06
1.52146e+06
1.47708e+06
1.43335e+06
1.39028e+06
1.34786e+06
1.30611e+06
1.26501e+06
1.22459e+06
1.18484e+06
1.14579e+06
1.10746e+06
1.06992e+06
1.03326e+06
997658
963376
930803
1.70127e+06
1.65824e+06
1.61217e+06
1.56651e+06
1.52147e+06
1.47708e+06
1.43335e+06
1.39028e+06
1.34786e+06
1.30611e+06
1.26502e+06
1.22459e+06
1.18485e+06
1.1458e+06
1.10749e+06
1.06997e+06
1.03335e+06
997798
963592
931109
1.70123e+06
1.65825e+06
1.61218e+06
1.56651e+06
1.52147e+06
1.47708e+06
1.43335e+06
1.39028e+06
1.34786e+06
1.30611e+06
1.26502e+06
1.2246e+06
1.18485e+06
1.14581e+06
1.10751e+06
1.07e+06
1.03341e+06
997891
963737
931312
1.70117e+06
1.65824e+06
1.61218e+06
1.56652e+06
1.52147e+06
1.47708e+06
1.43335e+06
1.39028e+06
1.34786e+06
1.30611e+06
1.26502e+06
1.2246e+06
1.18486e+06
1.14582e+06
1.10752e+06
1.07002e+06
1.03343e+06
997939
963809
931411
876121
866083
858427
851809
845672
839830
834197
828719
823363
818102
812921
807805
802745
797732
792761
787824
782917
778035
773174
768335
763517
758719
753941
749182
744441
739718
735012
730324
725654
721000
716365
711749
707153
702577
698022
693486
688970
684473
679996
675536
671093
666666
662253
657853
653465
649090
644726
640375
636037
631713
627400
623101
618813
614538
610275
606027
601795
597578
593377
589192
585020
580864
576721
572592
568477
564378
560293
556224
552171
548134
544113
540109
536120
532148
528191
524251
520326
516417
512525
508649
504791
500951
497128
493322
489531
485754
481990
478238
474499
470773
467059
463355
459663
455981
452310
448651
445004
441370
437750
434144
430552
426976
423415
419870
416341
412829
409332
405852
402386
398937
395503
392084
388681
385294
381924
378568
375228
371903
368594
365299
362020
358756
355508
352276
349061
345863
342682
339518
336370
333238
330121
327019
323929
320853
317789
314736
311696
308666
305650
302645
299654
296676
293711
290760
287821
284896
281984
279086
276203
273334
270481
267643
264821
262015
259224
256449
253688
250943
248213
245499
242799
240115
237445
234792
232154
229533
226927
224340
221768
219214
216674
214154
211645
209158
206677
204220
201764
199335
196901
194497
192086
189701
187315
184946
182580
180224
177868
175518
173163
170807
168436
166053
163642
161204
158714
156166
153515
150716
147645
144016
883272
872577
863858
856350
849557
843207
837161
831341
825693
820181
814781
809474
804244
799081
793974
788917
783902
778922
773975
769058
764169
759307
754470
749659
744870
740104
735360
730637
725935
721254
716594
711954
707337
702742
698169
693616
689085
684574
680082
675610
671155
666717
662294
657886
653491
649109
644741
640386
636044
631716
627401
623100
618812
614537
610276
606030
601799
597584
593384
589200
585031
580876
576735
572609
568498
564401
560319
556252
552201
548165
544146
540143
536155
532184
528228
524288
520363
516455
512564
508690
504835
500998
497179
493376
489588
485813
482052
478303
474566
470842
467130
463428
459736
456054
452383
448723
445076
441442
437821
434214
430621
427044
423481
419935
416405
412890
409391
405907
402438
398984
395546
392123
388716
385325
381952
378594
375252
371927
368617
365323
362044
358780
355533
352302
349089
345892
342713
339551
336404
333273
330157
327054
323964
320887
317821
314767
311724
308693
305674
302668
299675
296695
293728
290774
287832
284903
281988
279086
276199
273327
270470
267630
264804
261995
259200
256422
253657
250908
248173
245453
242747
240057
237381
234721
232075
229444
226829
224230
221645
219079
216524
213989
211462
208957
206455
203978
201497
199043
196583
194146
191706
189282
186858
184443
182029
179618
177205
174789
172363
169927
167468
164984
162458
159884
157237
154489
151612
148474
145043
140995
888234
877622
868497
860456
853174
846404
839999
833868
827950
822203
816595
811103
805710
800401
795164
789989
784867
779793
774761
769767
764808
759884
754990
750127
745292
740485
735702
730945
726212
721503
716818
712157
707519
702905
698314
693745
689199
684673
680168
675683
671217
666768
662335
657919
653516
649129
644755
640395
636050
631719
627402
623100
618812
614538
610278
606034
601805
597591
593393
589211
585044
580892
576754
572631
568523
564429
560350
556285
552236
548202
544184
540182
536195
532224
528268
524328
520404
516496
512606
508734
504881
501047
497231
493431
489646
485874
482115
478368
474635
470914
467203
463502
459810
456129
452458
448798
445151
441517
437896
434289
430697
427118
423554
420006
416473
412956
409453
405965
402492
399033
395589
392161
388749
385354
381977
378617
375274
371948
368638
365344
362066
358803
355557
352328
349116
345921
342744
339583
336437
333307
330190
327086
323996
320916
317848
314791
311746
308712
305692
302684
299689
296708
293739
290782
287837
284905
281985
279079
276188
273313
270453
267610
264782
261969
259171
256388
253620
250866
248127
245402
242691
239995
237312
234645
231991
229353
226727
224118
221521
218942
216371
213822
211276
208754
206232
203733
201231
198749
196266
193796
191328
188865
186405
183946
181487
179022
176554
174075
171582
169069
166529
163950
161324
158622
155855
152930
149901
146563
142956
138895
892012
881681
872441
864105
856481
849379
842672
836269
830109
824145
818343
812679
807131
801682
796319
791030
785806
780640
775525
770457
765431
760446
755498
750584
745704
740856
736037
731247
726484
721748
717039
712355
707697
703064
698456
693872
689311
684771
680253
675756
671278
666818
662376
657951
653542
649148
644769
640405
636057
631723
627405
623102
618814
614541
610283
606041
601813
597602
593406
589226
585061
580911
576777
572657
568551
564460
560384
556322
552275
548243
544227
540225
536238
532266
528310
524370
520445
516537
512648
508778
504927
501096
497282
493485
489702
485933
482177
478434
474704
470985
467276
463575
459885
456204
452534
448875
445229
441595
437974
434368
430775
427195
423630
420080
416544
413022
409515
406022
402544
399080
395631
392197
388780
385381
382000
378637
375293
371965
368655
365360
362083
358822
355578
352350
349140
345947
342772
339612
336467
333336
330220
327114
324022
320939
317868
314808
311759
308723
305700
302690
299694
296711
293741
290781
287834
284898
281975
279065
276170
273292
270430
267584
264753
261937
259136
256348
253576
250818
248074
245344
242629
239927
237239
234565
231903
229257
226622
224003
221393
218802
216217
213652
211091
208549
206009
203487
200967
198458
195952
193451
190954
188456
185960
183458
180956
178440
175921
173379
170827
168237
165630
162953
160254
157429
154572
151513
148362
144945
141296
137344
895050
885004
875790
867314
859465
852115
845162
838527
832153
825994
820015
814190
808496
802916
797433
792036
786715
781460
776266
771126
766036
760992
755990
751029
746106
741218
736364
731542
726750
721989
717256
712551
707873
703222
698597
693997
689421
684869
680338
675828
671339
666869
662418
657985
653569
649169
644786
640418
636067
631731
627412
623108
618820
614548
610292
606051
601825
597616
593422
589244
585082
580935
576803
572685
568583
564495
560421
556362
552317
548286
544270
540269
536281
532308
528350
524409
520483
516576
512687
508819
504970
501140
497329
493534
489755
485989
482236
478497
474769
471053
467346
463647
459957
456277
452608
448949
445304
441670
438050
434444
430851
427270
423704
420151
416612
413086
409574
406076
402592
399122
395667
392227
388806
385402
382018
378652
375306
371977
368666
365372
362095
358835
355593
352367
349159
345967
342794
339635
336491
333360
330243
327135
324041
320955
317880
314816
311764
308724
305700
302687
299690
296705
293733
290771
287821
284882
281956
279043
276146
273265
270401
267551
264718
261898
259094
256303
253527
250764
248015
245281
242561
239853
237160
234480
231812
229158
226514
223885
221265
218661
216063
213482
210906
208345
205790
203243
200705
198169
195641
193110
190586
188051
185524
182978
180439
177870
175309
172701
170103
167433
164772
162007
159238
156324
153375
150246
147006
143576
139953
136113
897607
887806
878662
870125
862134
854603
847455
840628
834069
827737
821599
815628
809799
804096
798502
793003
787590
782252
776982
771773
766621
761521
756469
751462
746497
741571
736683
731831
727012
722225
717470
712744
708047
703379
698737
694122
689532
684966
680422
675901
671402
666922
662463
658022
653599
649194
644806
640436
636082
631744
627423
623119
618831
614560
610304
606065
601842
597634
593443
589267
585107
580962
576832
572717
568616
564530
560459
556401
552358
548328
544311
540308
536319
532344
528384
524441
520515
516608
512720
508853
505006
501178
497369
493577
489800
486038
482289
478553
474829
471116
467411
463714
460026
456346
452678
449019
445373
441740
438120
434514
430921
427340
423772
420216
416673
413142
409626
406122
402633
399156
395695
392250
388824
385417
382030
378662
375313
371983
368672
365377
362101
358842
355601
352376
349170
345980
342808
339650
336507
333375
330256
327148
324050
320960
317882
314814
311759
308716
305689
302673
299675
296688
293714
290750
287798
284856
281929
279013
276115
273232
270366
267513
264678
261853
259047
256251
253473
250704
247952
245213
242488
239776
237077
234392
231717
229055
226404
223764
221135
218517
215909
213310
210723
208140
205572
203002
200447
197883
195336
192772
190225
187653
185098
182509
179937
177318
174716
172053
169403
166674
163949
161124
158280
155312
152287
149125
145842
142417
138833
135085
899810
890206
881142
872586
864507
856846
849549
842564
835850
829369
823089
816985
811034
805218
799520
793927
788428
783011
777670
772397
767186
762033
756932
751882
746877
741915
736995
732113
727267
722457
717679
712933
708218
703533
698875
694245
689641
685063
680508
675976
671466
666978
662510
658062
653634
649224
644832
640458
636101
631762
627440
623135
618847
614576
610322
606083
601862
597656
593466
589292
585133
580989
576861
572747
568648
564563
560493
556436
552392
548362
544344
540339
536347
532370
528409
524465
520538
516631
512744
508878
505033
501207
497400
493610
489836
486077
482331
478599
474879
471170
467469
463774
460087
456408
452738
449079
445432
441798
438179
434573
430979
427398
423828
420269
416722
413188
409667
406158
402663
399180
395712
392262
388832
385423
382033
378664
375314
371983
368672
365377
362101
358842
355601
352377
349172
345984
342813
339654
336511
333379
330259
327149
324048
320956
317874
314802
311743
308697
305667
302650
299651
296662
293687
290721
287768
284823
281894
278976
276078
273192
270326
267469
264631
261804
258995
256196
253414
250642
247885
245143
242410
239695
236990
234300
231619
228949
226290
223641
221003
218371
215753
213138
210538
207937
205353
202763
200188
197602
195032
192442
189868
187267
184679
182059
179446
176792
174141
171438
168733
165963
163178
160309
157405
154401
151325
148143
144843
141424
137874
134200
901731
892286
883297
874745
866613
858860
851448
844337
837492
830882
824478
818256
812195
806277
800484
794804
789224
783735
778327
772993
767727
762523
757378
752285
747243
742248
737296
732386
727515
722681
717883
713118
708385
703683
699011
694367
689750
685159
680593
676051
671533
667036
662561
658107
653672
649257
644861
640484
636125
631784
627461
623155
618867
614596
610342
606104
601883
597678
593489
589316
585158
581015
576887
572773
568675
564590
560519
556461
552416
548384
544364
540358
536365
532386
528424
524479
520552
516645
512758
508893
505048
501224
497419
493632
489860
486104
482361
478632
474917
471212
467515
463822
460137
456458
452787
449126
445478
441843
438223
434616
431022
427439
423868
420306
416757
413219
409694
406180
402679
399191
395718
392264
388831
385419
382029
378659
375309
371978
368667
365372
362095
358835
355593
352370
349164
345976
342806
339647
336503
333369
330248
327136
324034
320939
317854
314779
311717
308669
305636
302618
299617
296629
293653
290686
287729
284784
281852
278933
276035
273148
270280
267420
264580
261751
258939
256138
253352
250578
247815
245071
242333
239612
236902
234207
231519
228843
226176
223518
220870
218228
215597
212970
210355
207739
205137
202530
199935
197330
194735
192125
189522
186898
184277
181630
178979
176294
173600
170864
168112
165306
162472
159570
156621
153592
150484
147284
143975
140563
137043
133430
903419
894100
885180
876641
868477
860659
853158
845945
838992
832273
825761
819436
813277
807266
801387
795627
789974
784417
778948
773557
768240
762990
757801
752670
747592
742565
737584
732647
727752
722897
718078
713295
708546
703828
699142
694485
689856
685254
680678
676127
671600
667096
662614
658154
653714
649295
644895
640514
636153
631810
627485
623178
618889
614617
610362
606124
601903
597697
593508
589335
585177
581033
576905
572791
568691
564605
560532
556473
552426
548393
544371
540363
536369
532390
528427
524482
520555
516648
512761
508896
505052
501228
497425
493640
489871
486118
482379
478653
474942
471241
467547
463856
460171
456491
452819
449157
445508
441872
438250
434642
431047
427462
423889
420325
416773
413232
409704
406186
402681
399188
395712
392254
388819
385407
382017
378647
375298
371968
368656
365361
362083
358821
355577
352351
349145
345957
342785
339626
336480
333346
330223
327111
324008
320911
317825
314749
311684
308634
305598
302579
299577
296587
293611
290644
287685
284738
281805
278886
275987
273098
270229
267367
264524
261695
258879
256078
253287
250513
247744
244998
242255
239531
236814
234118
231419
228739
226062
223400
220740
218090
215445
212807
210176
207548
204927
202307
199691
197071
194452
191824
189195
186551
183900
181228
178545
175834
173104
170339
167547
164713
161839
158913
155929
152879
149743
146528
143214
139812
136322
132758
904904
895687
886826
878306
870123
862258
854689
847395
840353
833541
826937
820521
814275
808182
802226
796394
790674
785055
779529
774086
768721
763427
758199
753032
747921
742863
737855
732894
727977
723101
718263
713463
708698
703967
699267
694598
689958
685346
680761
676202
671667
667156
662668
658202
653758
649334
644930
640546
636182
631836
627509
623200
618909
614636
610379
606140
601918
597711
593521
589347
585187
581042
576912
572796
568695
564607
560532
556471
552422
548387
544364
540355
536360
532381
528418
524473
520547
516640
512753
508887
505043
501220
497417
493634
489868
486118
482383
478662
474955
471256
467565
463874
460188
456507
452834
449170
445520
441882
438259
434649
431052
427466
423891
420325
416771
413228
409696
406175
402667
399172
395694
392235
388799
385386
381996
378628
375280
371951
368641
365346
362066
358801
355553
352324
349115
345925
342751
339592
336444
333310
330185
327074
323970
320874
317787
314710
311644
308595
305556
302537
299532
296542
293563
290597
287635
284688
281755
278834
275936
273048
270174
267314
264465
261640
258816
256022
253219
250451
247671
244931
242177
239457
236725
234034
231319
228640
225950
223287
220613
217959
215298
212653
210005
207367
204730
202098
199462
196830
194189
191546
188892
186230
183553
180861
178150
175415
172655
169865
167040
164182
161277
158331
155316
152246
149085
145859
142546
139158
135696
132174
906209
897075
888265
879764
871571
863671
856049
848690
841574
834685
828003
821509
815187
809021
802996
797099
791319
785644
780066
774576
769167
763833
758568
753368
748227
743142
738109
733125
728187
723291
718437
713621
708842
704097
699386
694706
690056
685435
680841
676274
671733
667215
662722
658250
653801
649372
644964
640577
636209
631860
627530
623218
618925
614650
610391
606150
601925
597717
593525
589349
585187
581041
576908
572790
568686
564596
560519
556456
552406
548369
544345
540335
536340
532361
528400
524455
520529
516621
512734
508867
505022
501198
497397
493615
489852
486105
482375
478657
474954
471257
467566
463874
460186
456503
452828
449162
445511
441872
438247
434635
431037
427449
423873
420305
416750
413204
409670
406148
402639
399143
395666
392207
388771
385358
381969
378603
375257
371930
368621
365325
362043
358774
355522
352289
349075
345882
342705
339545
336396
333262
330137
327027
323922
320829
317742
314667
311599
308552
305510
302493
299484
296494
293511
290545
287581
284634
281699
278781
275876
272997
270116
267261
264405
261589
258753
255967
253150
250390
247601
244869
242101
239390
236643
233956
231223
228548
225842
223181
220490
217837
215158
212511
209845
207202
204547
201907
199254
196609
193949
191293
188617
185939
183239
180529
177794
175039
172253
169441
166589
163709
160780
157813
154770
151681
148503
145271
141964
138591
135155
131668
907351
898284
889518
881035
872836
864910
857248
849836
842661
835707
828958
822398
816010
809781
803695
797741
791906
786181
780556
775024
769575
764205
758907
753677
748508
743398
738342
733337
728380
723468
718598
713768
708975
704219
699496
694806
690147
685518
680917
676342
671794
667271
662772
658295
653840
649407
644995
640603
636231
631879
627546
623232
618935
614657
610396
606152
601925
597714
593520
589341
585177
581027
576893
572772
568666
564575
560496
556431
552380
548342
544318
540308
536313
532335
528375
524432
520505
516597
512708
508839
504992
501167
497365
493584
489823
486080
482354
478640
474938
471240
467548
463853
460164
456478
452802
449134
445482
441842
438216
434601
431001
427411
423835
420265
416710
413162
409629
406107
402600
399106
395631
392174
388739
385327
381939
378574
375230
371906
368596
365299
362015
358742
355486
352248
349029
345832
342651
339488
336339
333204
330080
326971
323867
320776
317690
314617
311552
308505
305463
302446
299435
296444
293458
290490
287524
284580
281643
278728
275822
272947
270056
267212
264351
261545
258699
255918
253094
250337
247544
244813
242035
239327
236569
233883
231137
228464
225746
223080
220379
217719
215031
212377
209700
207050
204383
201733
199067
196410
193734
191065
188372
185680
182959
180233
177475
174703
171894
169062
166190
163290
160340
157349
154283
151179
147993
144760
141461
138102
134689
131232
908343
899331
890601
882133
873932
865987
858292
850839
843615
836608
829804
823187
816743
810459
804321
798316
792434
786664
780998
775427
769943
764541
759213
753956
748763
743630
738554
733530
728556
723628
718744
713901
709097
704330
699597
694898
690231
685594
680986
676405
671850
667321
662816
658334
653875
649437
645020
640624
636248
631892
627555
623237
618938
614656
610392
606145
601915
597702
593505
589323
585156
581005
576868
572746
568638
564545
560465
556399
552347
548309
544285
540276
536282
532306
528347
524404
520478
516569
512678
508807
504958
501131
497328
493546
489786
486045
482321
478609
474906
471206
467510
463811
460121
456434
452757
449088
445437
441795
438168
434551
430951
427358
423781
420210
416655
413107
409577
406056
402553
399061
395589
392133
388701
385290
381905
378541
375199
371875
368566
365268
361981
358705
355445
352202
348979
345776
342592
339426
336275
333140
330017
326907
323806
320717
317633
314563
311501
308454
305415
302397
299385
296394
293406
290437
287471
284527
281591
278676
275771
272903
270008
267169
264313
261504
258654
255876
253052
250291
247498
244765
241981
239266
236505
233811
231063
228385
225660
222986
220279
217611
214917
212256
209572
206913
204239
201577
198901
196233
193545
190862
188155
185449
182711
179969
177193
174404
171578
168726
165839
162916
159950
156936
153855
150739
147550
144320
141027
137682
134290
130858
909197
900229
891527
883072
874869
866909
859190
851703
844440
837391
830540
823876
817385
811054
804870
798822
792899
787090
781388
775783
770269
764838
759485
754203
748989
743837
738742
733702
728713
723772
718875
714021
709206
704429
699688
694981
690306
685662
681047
676459
671899
667364
662854
658367
653902
649460
645038
640638
636257
631897
627556
623235
618932
614647
610380
606130
601897
597681
593481
589297
585129
580975
576837
572713
568605
564510
560429
556363
552311
548273
544250
540241
536249
532275
528317
524375
520449
516539
512647
508773
504921
501092
497286
493503
489742
486002
482277
478564
474857
471154
467454
463754
460063
456375
452697
449028
445376
441733
438106
434488
430888
427294
423716
420145
416590
413044
409517
405999
402499
399011
395542
392089
388659
385249
381866
378503
375163
371839
368529
365230
361941
358663
355400
352154
348927
345720
342532
339362
336210
333073
329950
326841
323742
320654
317574
314506
311447
308400
305365
302346
299335
296342
293356
290385
287424
284481
281545
278630
275732
272855
269968
267134
264285
261465
258619
255836
253022
250247
247464
244717
241935
239206
236451
233740
230996
228308
225581
222902
220191
217516
214819
212149
209462
206795
204112
201441
198756
196077
193379
190685
187966
185245
182495
179737
176949
174141
171303
168433
165534
162588
159608
156573
153485
150362
147173
143945
140659
137326
133951
130541
909920
900988
892306
883860
875655
867684
859945
852434
845141
838056
831169
824466
817936
811566
805344
799258
793300
787458
781725
776092
770551
765096
759720
754419
749186
744016
738907
733853
728851
723897
718990
714125
709302
704516
699767
695052
690370
685719
681098
676505
671939
667399
662883
658391
653922
649475
645049
640644
636259
631895
627550
623225
618919
614631
610361
606109
601874
597655
593453
589267
585097
580942
576803
572678
568568
564473
560392
556325
552273
548236
544214
540207
536216
532243
528287
524346
520420
516509
512615
508739
504885
501053
497243
493458
489694
485952
482223
478507
474795
471088
467386
463686
459994
456307
452627
448959
445305
441662
438034
434418
430817
427225
423646
420076
416521
412978
409453
405940
402444
398959
395493
392043
388615
385207
381824
378462
375121
371797
368487
365186
361896
358617
355353
352103
348874
345664
342474
339302
336147
333009
329886
326776
323678
320591
317513
314447
311392
308346
305314
302294
299287
296292
293308
290337
287382
284442
281509
278598
275697
272817
269946
267101
264257
261427
258595
255798
252996
250211
247435
244670
241897
239146
236400
233676
230932
228234
225513
222827
220113
217432
214732
212056
209366
206689
204002
201322
198631
195940
193236
190531
187802
185070
182310
179539
176740
173916
171068
168179
165273
162305
159317
156267
153175
150047
146860
143632
140353
137030
133669
130276
910521
901615
892946
884504
876297
868318
860566
853035
845719
838608
831691
824957
818395
811993
805739
799623
793636
787767
782008
776351
770788
765313
759919
754601
749352
744169
739046
733980
728967
724003
719087
714214
709382
704589
699833
695111
690423
685766
681139
676541
671970
667425
662904
658408
653934
649483
645052
640643
636255
631887
627539
623210
618901
614610
610338
606084
601847
597627
593424
589237
585065
580909
576769
572643
568532
564436
560355
556288
552236
548199
544178
540172
536183
532212
528257
524318
520392
516480
512584
508707
504850
501015
497203
493414
489646
485899
482164
478443
474725
471015
467309
463611
459918
456232
452553
448886
445230
441587
437958
434344
430742
427152
423573
420005
416451
412913
409390
405882
402388
398909
395445
391998
388570
385165
381781
378420
375077
371753
368440
365139
361848
358570
355305
352056
348827
345617
342425
339251
336094
332954
329830
326718
323619
320532
317456
314391
311338
308295
305265
302245
299241
296247
293266
290298
287347
284404
281479
278571
275676
272797
269933
267075
264233
261398
258576
255767
252970
250170
247409
244620
241860
239094
236360
233615
230883
228168
225452
222757
220047
217357
214660
211974
209283
206597
203908
201220
198523
195824
193114
190398
187664
184922
182155
179374
176565
173728
170869
167966
165054
162072
159072
156017
152922
149790
146605
143377
140103
136789
133439
130060
911000
902113
893450
885010
876801
868817
861056
853512
846179
839047
832108
825350
818763
812335
806056
799917
793906
788016
782236
776560
770980
765489
760080
754748
749486
744291
739158
734082
729060
724089
719164
714284
709445
704646
699884
695157
690464
685802
681170
676567
671992
667443
662918
658418
653941
649485
645051
640639
636247
631876
627526
623195
618883
614591
610317
606061
601822
597601
593396
589208
585036
580879
576737
572611
568499
564403
560321
556254
552203
548166
544146
540141
536153
532182
528228
524290
520365
516453
512557
508678
504820
500983
497167
493374
489600
485846
482105
478378
474656
470943
467234
463535
459840
456156
452477
448813
445156
441515
437884
434271
430669
427081
423502
419938
416385
412851
409330
405827
402337
398862
395400
391956
388530
385125
381740
378377
375032
371706
368392
365091
361802
358525
355263
352015
348788
345578
342386
339211
336052
332910
329783
326669
323568
320481
317404
314340
311289
308249
305220
302202
299200
296208
293230
290264
287318
284374
281456
278546
275662
272775
269918
267049
264206
261370
258557
255733
252942
250133
247371
244570
241834
239060
236327
233566
230839
228116
225405
222697
219991
217291
214598
211904
209213
206519
203829
201134
198433
195728
193015
190290
187552
184802
182031
179240
176423
173577
170710
167798
164881
161887
158876
155823
152724
149589
146404
143176
139907
136598
133257
129889
911357
902483
893823
885384
877174
869188
861421
853868
846523
839376
832420
825644
819038
812592
806295
800137
794110
788203
782409
776718
771125
765621
760201
754859
749588
744384
739243
734159
729130
724152
719222
714336
709492
704688
699922
695191
690493
685828
681192
676586
672007
667454
662927
658424
653943
649485
645049
640634
636240
631867
627515
623182
618869
614574
610299
606041
601801
597579
593373
589184
585011
580853
576711
572584
568473
564375
560293
556226
552175
548139
544119
540115
536127
532157
528203
524265
520340
516429
512532
508653
504794
500957
497139
493340
489561
485801
482052
478318
474591
470878
467167
463469
459772
456090
452411
448748
445090
441451
437819
434208
430604
427020
423441
419880
416328
412797
409278
405779
402290
398819
395360
391919
388494
385090
381703
378338
374991
371663
368350
365049
361763
358489
355229
351985
348760
345551
342360
339183
336025
332879
329748
326629
323526
320437
317359
314296
311246
308209
305182
302167
299167
296177
293201
290236
287292
284351
281438
278525
275640
272749
269895
267014
264182
261336
258529
255695
252910
250097
247336
244542
241804
239019
236290
233529
230808
228082
225368
222648
219949
217240
214549
211849
209158
206459
203768
201066
198364
195656
192940
190208
187469
184713
181937
179140
176317
173464
170593
167670
164747
161753
158733
155683
152580
149443
146255
143028
139762
136457
133122
129761
911586
902722
894070
885634
877424
869435
861664
854105
846751
839595
832628
825840
819222
812764
806455
800285
794246
788329
782524
776825
771222
765711
760283
754933
749656
744446
739299
734211
729177
724195
719260
714371
709523
704716
699946
695212
690512
685844
681206
676597
672016
667461
662931
658426
653944
649484
645047
640630
636235
631860
627506
623172
618858
614563
610286
606027
601786
597562
593356
589166
584992
580834
576691
572563
568450
564353
560271
556204
552152
548116
544096
540093
536106
532136
528182
524243
520318
516407
512512
508634
504777
500938
497116
493314
489533
485767
482010
478269
474536
470823
467111
463416
459719
456037
452357
448696
445038
441401
437769
434159
430555
426973
423395
419836
416285
412756
409238
405740
402253
398785
395327
391888
388464
385059
381671
378304
374956
371627
368315
365016
361733
358462
355205
351965
348742
345534
342342
339165
336003
332856
329722
326601
323495
320403
317324
314262
311213
308179
305155
302142
299144
296152
293179
290213
287269
284332
281417
278502
275616
272719
269864
266986
264162
261300
258499
255662
252882
250074
247307
244517
241777
238986
236264
233500
230784
228044
225335
222611
219915
217204
214514
211810
209121
206419
203727
201021
198319
195607
192888
190155
187413
184654
181874
179074
176246
173392
170514
167588
164661
161665
158638
155596
152486
149352
146157
142931
139666
136365
133033
129677
911699
902840
894193
885759
877550
869560
861786
854223
846865
839705
832732
825938
819314
812850
806535
800359
794315
788392
782582
776878
771271
765755
760324
754970
749690
744477
739327
734236
729200
724216
719279
714388
709539
704730
699958
695223
690521
685851
681212
676602
672019
667463
662933
658427
653944
649483
645045
640628
636232
631856
627502
623167
618852
614556
610279
606020
601779
597554
593347
589157
584983
580824
576680
572552
568439
564342
560259
556192
552141
548105
544085
540081
536094
532124
528169
524230
520306
516395
512501
508623
504765
500925
497104
493302
489519
485747
481984
478238
474502
470788
467077
463382
459686
456006
452326
448665
445006
441371
437739
434132
430527
426947
423368
419812
416261
412734
409214
405716
402229
398763
395306
391869
388444
385039
381650
378282
374934
371605
368293
364997
361714
358446
355191
351953
348729
345523
342329
339152
335988
332841
329706
326586
323478
320385
317305
314244
311195
308163
305138
302127
299130
296136
293162
290196
287252
284314
281396
278481
275593
272695
269840
266964
264137
261277
258476
255643
252865
250063
247291
244504
241756
238965
236243
233476
230759
228018
225316
222590
219895
217182
214494
211789
209099
206397
203704
200998
198295
195582
192862
190129
187385
184626
181843
179043
176211
173358
170469
167556
164610
161644
158603
155571
152444
149308
146109
142883
139618
136318
132989
129636
803622
803319
802717
801825
800652
799205
797496
795540
793351
790945
788338
785543
782575
779449
776180
772782
769269
765652
761941
758144
754271
750330
746332
742282
738190
734060
729895
725696
721467
717212
712937
708647
704345
700032
695711
691386
687058
682729
678402
674076
669750
665422
661100
656786
652481
648185
643896
639612
635335
631066
626806
622555
618313
614081
609863
605657
601465
597288
593124
588974
584834
580703
576585
572481
568392
564319
560260
556211
552170
548140
544121
540114
536118
532134
528164
524206
520262
516334
512422
508527
504646
500779
496927
493089
489268
485465
481679
477908
474150
470406
466676
462963
459267
455586
451919
448265
444623
440995
437380
433779
430192
426619
423062
419520
415994
412483
408987
405507
402041
398591
395156
391737
388332
384943
381567
378206
374859
371526
368209
364906
361620
358349
355095
351857
348637
345433
342246
339075
335919
332777
329650
326537
323438
320354
317284
314230
311191
308168
305162
302171
299196
296237
293294
290368
287457
284563
281685
278824
275981
273156
270349
267560
264789
262037
259303
256588
253892
251216
248560
245925
243311
240719
238150
235604
233082
230585
228114
225670
223255
220869
218514
216191
213902
211647
209428
207247
205106
203005
200949
198939
196979
195072
193220
191428
189700
188042
186457
184950
183527
182192
180950
179807
178769
177843
177033
176347
175792
175373
175098
174964
803835
803531
802925
802029
800849
799394
797676
795709
793509
791093
788475
785670
782693
779558
776282
772877
769356
765732
762013
758209
754329
750384
746382
742330
738234
734103
729937
725736
721505
717247
712969
708675
704369
700053
695730
691404
687076
682745
678414
674087
669761
665434
661113
656798
652493
648197
643908
639625
635348
631080
626819
622568
618325
614093
609872
605666
601474
597298
593134
588983
584845
580717
576600
572496
568407
564334
560276
556227
552185
548153
544134
540125
536127
532141
528170
524213
520270
516342
512431
508535
504654
500787
496934
493096
489274
485469
481681
477911
474156
470414
466685
462972
459275
455594
451927
448272
444630
441002
437387
433785
430198
426626
423069
419527
416000
412490
408994
405513
402048
398598
395163
391744
388339
384950
381574
378213
374866
371534
368216
364913
361626
358355
355100
351862
348641
345438
342250
339079
335923
332781
329654
326540
323441
320357
317287
314233
311194
308171
305164
302173
299198
296239
293296
290368
287457
284563
281685
278824
275981
273155
270348
267559
264788
262036
259302
256587
253891
251214
248558
245922
243308
240716
238146
235600
233077
230579
228108
225663
223247
220860
218504
216181
213890
211634
209414
207231
205088
202986
200927
198915
196953
195043
193189
191394
189664
188003
186415
184904
183475
182136
180889
179741
178699
177768
176954
176265
175706
175285
175006
174869
804261
803954
803343
802437
801243
799771
798034
796047
793826
791388
788750
785924
782928
779775
776481
773061
769526
765888
762155
758339
754448
750493
746482
742422
738323
734189
730020
725815
721577
717314
713029
708727
704413
700090
695763
691433
687104
682775
678445
674115
669785
665458
661137
656824
652519
648223
643934
639651
635374
631104
626843
622590
618347
614111
609887
605679
601487
597313
593153
589006
584869
580742
576625
572519
568429
564354
560295
556249
552209
548176
544152
540137
536135
532149
528178
524221
520279
516353
512444
508548
504666
500797
496942
493102
489280
485476
481688
477916
474161
470420
466695
462984
459288
455606
451938
448283
444641
441012
437397
433795
430208
426635
423078
419536
416009
412499
409003
405523
402058
398609
395174
391755
388351
384962
381587
378226
374880
371547
368230
364927
361640
358368
355113
351874
348652
345447
342260
339089
335932
332790
329662
326548
323449
320364
317295
314241
311202
308179
305171
302180
299204
296244
293301
290373
287461
284565
281686
278823
275979
273153
270345
267555
264784
262032
259298
256583
253887
251210
248553
245917
243302
240709
238139
235591
233068
230569
228096
225649
223231
220842
218484
216157
213864
211605
209382
207196
205049
202944
200881
198865
196898
194983
193124
191325
189589
187922
186325
184806
183370
182021
180764
179608
178557
177618
176796
176100
175534
175106
174821
174680
804904
804593
803973
803050
801835
800337
798571
796553
794300
791830
789160
786304
783278
780097
776779
773335
769778
766118
762366
758531
754623
750652
746628
742559
738453
734312
730136
725923
721678
717406
713111
708799
704475
700144
695811
691477
687146
682816
678487
674157
669826
665498
661177
656863
652559
648262
643971
639686
635408
631137
626874
622620
618373
614135
609908
605698
601507
597336
593180
589035
584900
580772
576651
572545
568454
564376
560312
556264
552227
548196
544171
540153
536148
532159
528187
524230
520290
516367
512459
508564
504680
500809
496953
493113
489290
485484
481696
477923
474167
470427
466703
462994
459299
455617
451949
448294
444652
441023
437407
433805
430217
426644
423086
419544
416018
412508
409013
405533
402069
398620
395187
391768
388365
384977
381603
378243
374897
371566
368248
364946
361658
358386
355130
351890
348668
345463
342276
339104
335947
332804
329675
326560
323460
320376
317307
314253
311214
308190
305182
302190
299214
296254
293310
290381
287467
284570
281689
278825
275979
273152
270342
267552
264780
262027
259293
256578
253881
251204
248547
245910
243294
240700
238128
235579
233054
230553
228078
225629
223208
220815
218453
216123
213825
211561
209333
207142
204990
202878
200810
198787
196813
194892
193025
191217
189472
187794
186187
184655
183205
181842
180573
179402
178337
177385
176552
175844
175270
174833
174541
174394
805772
805453
804818
803872
802626
801093
799287
797226
794929
792417
789704
786807
783742
780524
777171
773696
770110
766423
762644
758784
754853
750862
746820
742737
738620
734468
730280
726058
721803
717520
713213
708890
704557
700218
695878
691539
687204
682872
678543
674213
669882
665553
661231
656918
652613
648314
644019
639730
635448
631175
626910
622653
618404
614163
609936
605725
601534
597363
593210
589069
584934
580804
576680
572569
568474
564393
560326
556276
552237
548207
544181
540164
536159
532169
528197
524240
520301
516379
512472
508576
504691
500820
496964
493124
489301
485494
481704
477931
474174
470434
466710
463001
459307
455626
451958
448303
444661
441031
437415
433813
430225
426652
423094
419552
416026
412516
409022
405543
402080
398633
395200
391784
388382
384995
381622
378263
374919
371588
368272
364969
361681
358409
355153
351913
348690
345485
342296
339124
335965
332821
329691
326576
323475
320390
317321
314267
311228
308204
305196
302203
299227
296266
293321
290391
287476
284578
281695
278830
275982
273153
270342
267550
264777
262022
259287
256571
253874
251197
248539
245901
243284
240688
238115
235564
233037
230533
228055
225602
223177
220780
218413
216077
213774
211504
209269
207071
204911
202791
200714
198683
196700
194769
192892
191071
189313
187619
185997
184449
182981
181600
180313
179125
178042
177072
176221
175499
174909
174462
174161
174011
806868
806538
805881
804904
803618
802037
800179
798063
795712
793145
790379
787430
784315
781053
777658
774143
770521
766799
762988
759097
755138
751121
747057
742955
738821
734654
730451
726216
721949
717653
713335
709000
704657
700310
695964
691620
687280
682944
678610
674278
669947
665619
661296
656982
652675
648372
644073
639779
635493
631216
626948
622689
618439
614197
609968
605756
601565
597394
593240
589098
584962
580829
576702
572588
568489
564405
560336
556282
552241
548209
544183
540167
536165
532176
528203
524246
520307
516385
512478
508582
504698
500827
496972
493133
489309
485502
481711
477937
474179
470438
466714
463004
459310
455629
451961
448306
444665
441036
437420
433818
430231
426659
423101
419560
416034
412524
409030
405553
402091
398644
395214
391799
388399
385013
381642
378285
374941
371612
368297
364995
361708
358436
355179
351939
348716
345510
342321
339147
335987
332841
329709
326593
323493
320408
317338
314284
311244
308220
305212
302219
299242
296281
293335
290404
287488
284588
281704
278837
275988
273157
270344
267550
264775
262019
259282
256564
253866
251187
248527
245888
243270
240672
238097
235544
233013
230507
228025
225568
223138
220736
218363
216021
213711
211433
209190
206983
204814
202684
200597
198555
196560
194616
192724
190888
189111
187400
185757
184188
182699
181296
179986
178775
177670
176678
175805
175061
174453
173990
173679
173522
808201
807855
807169
806151
804813
803172
801249
799065
796645
794011
791179
788168
784995
781679
778234
774673
771007
767245
763395
759468
755475
751429
747338
743212
739057
734869
730648
726396
722114
717805
713474
709129
704776
700421
696067
691716
687369
683027
678687
674351
670017
665688
661366
657050
652741
648434
644130
639832
635541
631260
626989
622727
618475
614232
610002
605788
601594
597421
593264
589119
584981
580845
576716
572599
568497
564410
560339
556284
552241
548206
544180
540165
536163
532177
528205
524248
520309
516385
512477
508581
504698
500829
496975
493136
489314
485507
481716
477941
474183
470441
466715
463004
459309
455627
451959
448305
444663
441036
437421
433821
430234
426663
423106
419565
416040
412531
409038
405561
402100
398655
395226
391813
388415
385031
381662
378306
374964
371637
368323
365022
361736
358464
355208
351967
348744
345537
342346
339171
336009
332862
329730
326613
323512
320427
317357
314302
311263
308239
305230
302237
299260
296298
293350
290418
287501
284600
281715
278847
275996
273163
270349
267553
264775
262017
259277
256557
253856
251175
248513
245872
243251
240651
238072
235516
232982
230472
227986
225525
223090
220682
218304
215955
213637
211352
209099
206882
204702
202560
200460
198404
196395
194434
192524
190668
188870
187136
185469
183875
182360
180931
179594
178354
177221
176200
175298
174529
173897
173415
173090
172927
809779
809414
808690
807619
806216
804501
802497
800231
797729
795013
792103
789019
785779
782400
778898
775284
771567
767757
763862
759894
755864
751784
747663
743508
739325
735112
730868
726596
722297
717972
713629
709273
704910
700546
696183
691824
687469
683119
678772
674430
670092
665762
661438
657121
652808
648498
644190
639888
635593
631308
627033
622767
618512
614267
610034
605818
601621
597443
593282
589133
584990
580853
576722
572604
568499
564410
560337
556278
552233
548196
544170
540156
536155
532170
528199
524243
520303
516379
512469
508573
504691
500824
496971
493134
489313
485507
481716
477941
474182
470440
466713
463001
459304
455622
451954
448299
444659
441032
437419
433820
430234
426664
423108
419568
416044
412536
409044
405568
402109
398666
395239
391827
388431
385049
381681
378327
374987
371660
368347
365048
361762
358490
355234
351994
348771
345563
342372
339195
336033
332885
329752
326635
323534
320449
317379
314324
311284
308259
305250
302257
299279
296316
293367
290434
287517
284615
281729
278859
276007
273173
270356
267558
264778
262017
259274
256551
253847
251162
248497
245852
243228
240624
238041
235480
232943
230429
227939
225473
223033
220620
218235
215879
213554
211259
208997
206768
204575
202420
200305
198232
196205
194224
192293
190414
188591
186830
185135
183512
181967
180507
179137
177864
176695
175638
174701
173898
173238
172731
172391
172218
811617
811227
810456
809318
807834
806028
803928
801563
798963
796151
793151
789982
786664
783213
779645
775971
772198
768335
764390
760375
756304
752186
748029
743841
739625
735382
731110
726814
722494
718153
713796
709429
705056
700682
696310
691941
687577
683218
678864
674515
670174
665840
661514
657194
652878
648564
644254
639949
635651
631361
627082
622811
618551
614302
610065
605845
601643
597460
593293
589138
584992
580853
576721
572601
568494
564404
560329
556268
552219
548181
544154
540141
536141
532156
528187
524232
520292
516368
512458
508562
504680
500814
496963
493127
489307
485501
481711
477937
474179
470435
466708
462996
459299
455616
451947
448293
444653
441027
437415
433817
430233
426663
423109
419570
416047
412540
409050
405576
402118
398677
395251
391841
388446
385066
381699
378346
375007
371682
368370
365072
361786
358515
355260
352020
348796
345589
342397
339220
336057
332910
329777
326660
323559
320474
317403
314348
311308
308282
305272
302278
299299
296336
293386
290453
287535
284633
281746
278875
276021
273185
270366
267566
264783
262019
259273
256546
253839
251150
248481
245832
243202
240593
238006
235440
232897
230378
227883
225412
222967
220548
218157
215794
213461
211157
208883
206642
204435
202263
200131
198040
195992
193989
192034
190129
188278
186486
184760
183104
181524
180027
178618
177304
176092
174993
174012
173169
172474
171939
171575
171392
813733
813311
812480
811259
809676
807760
805545
803064
800349
797427
794322
791056
787647
784114
780472
776730
772895
768973
764973
760907
756789
752628
748432
744206
739954
735677
731376
727052
722708
718347
713975
709595
705211
700826
696443
692064
687691
683323
678961
674607
670261
665924
661594
657270
652950
648633
644320
640012
635711
631417
627131
622855
618589
614335
610094
605869
601662
597473
593299
589139
584988
580847
576714
572593
568485
564393
560316
556253
552201
548161
544134
540121
536122
532138
528169
524215
520277
516353
512443
508548
504668
500802
496952
493117
489298
485493
481704
477931
474173
470430
466703
462992
459294
455612
451943
448289
444649
441023
437412
433815
430232
426663
423110
419572
416050
412545
409056
405584
402128
398688
395263
391855
388461
385082
381716
378364
375026
371702
368391
365094
361809
358539
355283
352044
348820
345612
342420
339244
336082
332935
329803
326686
323586
320500
317430
314374
311333
308308
305297
302302
299323
296358
293409
290474
287556
284653
281765
278893
276037
273199
270379
267576
264791
262024
259274
256544
253832
251139
248465
245810
243176
240561
237968
235396
232848
230323
227822
225345
222893
220468
218070
215700
213358
211043
208758
206502
204279
202090
199939
197827
195756
193729
191747
189814
187932
186108
184346
182653
181033
179493
178038
176676
175411
174260
173229
172335
171597
171025
170638
170439
816153
815691
814784
813459
811752
809703
807351
804735
801887
798839
795615
792239
788728
785100
781374
777556
773653
769666
765604
761482
757313
753106
748867
744600
740309
735996
731662
727308
722938
718556
714165
709769
705371
700974
696580
692191
687807
683430
679062
674702
670352
666010
661676
657347
653023
648702
644386
640075
635769
631471
627180
622898
618626
614367
610121
605891
601678
597482
593303
589136
584982
580839
576705
572583
568475
564381
560301
556235
552181
548140
544112
540099
536101
532117
528149
524197
520259
516337
512428
508535
504656
500791
496942
493109
489290
485486
481698
477925
474168
470427
466701
462990
459293
455611
451943
448289
444649
441024
437412
433815
430233
426665
423113
419576
416056
412551
409064
405592
402137
398698
395275
391867
388474
385095
381731
378380
375043
371719
368409
365113
361830
358560
355305
352066
348842
345634
342443
339267
336106
332960
329829
326713
323613
320528
317457
314401
311361
308335
305324
302329
299349
296384
293434
290499
287579
284675
281786
278913
276056
273216
270393
267587
264800
262029
259277
256542
253826
251128
248449
245789
243149
240528
237929
235351
232796
230264
227756
225273
222814
220381
217975
215596
213244
210918
208619
206349
204108
201901
199728
197594
195498
193444
191435
189471
187557
185697
183897
182161
180496
178906
177396
175978
174651
173438
172347
171394
170604
169988
169565
169351
818906
818393
817389
815933
814075
811864
809349
806575
803575
800381
797023
793523
789898
786166
782344
778442
774461
770403
766275
762094
757870
753613
749326
745016
740684
736333
731965
727580
723182
718775
714364
709950
705536
701125
696718
692317
687924
683539
679163
674797
670442
666096
661757
657424
653095
648770
644450
640135
635825
631522
627226
622939
618662
614398
610148
605913
601694
597492
593307
589135
584977
580831
576696
572574
568464
564368
560286
556217
552161
548119
544091
540078
536080
532098
528131
524179
520243
516322
512415
508524
504646
500784
496936
493103
489285
485483
481696
477924
474169
470429
466704
462993
459297
455615
451947
448293
444653
441028
437417
433820
430237
426670
423118
419583
416063
412559
409072
405602
402147
398708
395286
391878
388486
385107
381743
378393
375057
371734
368426
365130
361847
358579
355325
352086
348863
345656
342465
339289
336129
332984
329854
326740
323640
320555
317485
314430
311389
308363
305352
302357
299377
296412
293460
290524
287603
284698
281808
278933
276075
273233
270408
267599
264808
262035
259279
256540
253820
251117
248433
245768
243121
240494
237888
235304
232741
230202
227687
225195
222729
220288
217872
215483
213119
210781
208467
206181
203923
201695
199501
197343
195221
193139
191099
189103
187154
185256
183413
181632
179914
178270
176695
175211
173813
172525
171363
170340
169485
168815
168354
168111
822036
821453
820324
818703
816657
814251
811543
808583
805407
802048
798538
794900
791149
787300
783373
779376
775309
771173
766975
762730
758449
754138
749803
745448
741074
736684
732280
727863
723436
719004
714570
710137
705705
701278
696858
692445
688041
683646
679263
674892
670531
666181
661837
657497
653163
648833
644509
640190
635876
631569
627270
622978
618698
614429
610175
605935
601712
597505
593314
589137
584975
580826
576689
572565
568454
564357
560273
556202
552144
548101
544073
540060
536063
532081
528115
524165
520230
516311
512406
508516
504640
500779
496933
493102
489285
485484
481699
477930
474176
470437
466713
463003
459308
455626
451958
448303
444663
441037
437426
433829
430246
426680
423128
419592
416073
412569
409082
405611
402157
398718
395296
391889
388496
385118
381755
378406
375070
371749
368440
365146
361864
358597
355343
352105
348883
345676
342485
339311
336151
333007
329879
326765
323667
320583
317514
314459
311419
308394
305383
302388
299407
296440
293488
290551
287629
284722
281831
278955
276094
273250
270422
267611
264817
262040
259280
256538
253813
251105
248415
245744
243092
240459
237846
235254
232685
230138
227614
225114
222639
220188
217762
215360
212984
210631
208303
206000
203723
201474
199258
197075
194926
192814
190742
188712
186725
184786
182897
181066
179289
177584
175937
174376
172898
171525
170277
169169
168235
167495
166977
166711
825592
824917
823622
821791
819512
816869
813931
810753
807374
803829
800149
796359
792468
788493
784451
780349
776187
771968
767697
763386
759044
754678
750293
745891
741475
737045
732604
728154
723698
719239
714783
710328
705879
701436
697000
692574
688158
683754
679362
674984
670617
666261
661911
657565
653225
648890
644561
640238
635921
631610
627308
623014
618730
614459
610200
605957
601731
597520
593325
589144
584977
580824
576685
572558
568446
564347
560262
556190
552132
548089
544060
540047
536051
532070
528105
524156
520222
516304
512401
508512
504639
500779
496935
493105
489291
485492
481710
477942
474190
470453
466730
463020
459325
455643
451975
448320
444679
441053
437441
433843
430261
426694
423142
419606
416086
412582
409094
405623
402169
398730
395307
391900
388508
385130
381767
378419
375084
371763
368455
365161
361880
358613
355361
352123
348901
345695
342505
339331
336173
333030
329903
326791
323694
320612
317544
314490
311451
308426
305415
302419
299438
296470
293518
290579
287655
284747
281854
278976
276113
273266
270436
267622
264825
262045
259281
256534
253805
251092
248397
245720
243061
240422
237802
235203
232626
230071
227539
225029
222543
220081
217643
215229
212839
210471
208126
205806
203509
201240
199000
196791
194614
192472
190365
188299
186271
184289
182348
180465
178622
176849
175125
173477
171910
170437
169087
167875
166840
166012
165429
165115
829645
828839
827322
825218
822647
819716
816504
813070
809460
805708
801843
797885
793844
789734
785568
781354
777093
772785
768437
764057
759653
755230
750793
746344
741884
737415
732937
728454
723968
719482
715000
710525
706056
701595
697144
692703
688276
683861
679460
675074
670700
666335
661977
657625
653277
648937
644604
640277
635957
631644
627340
623045
618759
614485
610223
605978
601749
597536
593337
589153
584982
580826
576683
572554
568440
564341
560255
556183
552124
548081
544052
540040
536044
532063
528099
524151
520219
516302
512400
508514
504642
500785
496942
493115
489304
485508
481728
477963
474212
470476
466754
463045
459350
455668
451999
448344
444702
441075
437463
433865
430282
426714
423162
419625
416104
412599
409111
405639
402183
398744
395321
391913
388521
385144
381781
378433
375099
371778
368470
365176
361896
358630
355378
352141
348919
345714
342525
339351
336194
333053
329927
326817
323722
320641
317575
314523
311484
308459
305449
302452
299470
296501
293547
290607
287682
284772
281876
278996
276131
273282
270449
267632
264832
262048
259280
256529
253795
251077
248377
245694
243029
240383
237756
235150
232565
230001
227459
224940
222443
219969
217518
215090
212685
210301
207939
205600
203284
200993
198728
196493
194286
192112
189969
187865
185793
183766
181769
179828
177917
176067
174261
172517
170849
169265
167793
166458
165296
164350
163672
163314
834291
833290
831459
828991
826051
822768
819234
815511
811646
807669
803603
799466
795266
791014
786719
782389
778024
773624
769195
764743
760275
755794
751303
746805
742300
737791
733276
728759
724243
719729
715223
710724
706235
701757
697289
692834
688394
683968
679556
675159
670776
666402
662036
657675
653321
648975
644636
640305
635983
631669
627364
623068
618782
614506
610242
605995
601764
597549
593349
589163
584989
580830
576685
572554
568438
564337
560250
556178
552120
548077
544049
540037
536042
532063
528100
524153
520222
516306
512406
508521
504651
500796
496956
493132
489324
485531
481754
477991
474243
470507
466786
463077
459382
455700
452031
448375
444733
441106
437492
433894
430310
426741
423187
419649
416127
412621
409132
405659
402202
398763
395339
391930
388538
385161
381798
378449
375115
371794
368486
365192
361913
358647
355396
352159
348939
345734
342545
339373
336217
333078
329953
326845
323751
320673
317608
314557
311519
308495
305484
302487
299503
296533
293577
290636
287709
284797
281899
279017
276149
273298
270462
267642
264838
262050
259278
256523
253783
251061
248355
245667
242996
240344
237710
235096
232502
229929
227378
224848
222339
219852
217388
214945
212523
210123
207743
205384
203047
200733
198443
196181
193943
191736
189555
187412
185292
183217
181163
179159
177177
175245
173351
171505
169724
168017
166406
164923
163604
162505
161698
161243
839679
838359
836062
833099
829694
825994
822093
818053
813911
809693
805416
801089
796723
792325
787899
783450
778978
774484
769970
765443
760908
756367
751821
747273
742722
738171
733619
729069
724522
719981
715448
710927
706417
701920
697436
692965
688511
684073
679649
675241
670847
666463
662088
657719
653358
649005
644661
640326
636002
631686
627381
623085
618798
614521
610257
606007
601775
597560
593359
589171
584996
580836
576689
572556
568438
564336
560249
556176
552119
548077
544050
540039
536045
532067
528105
524160
520230
516316
512417
508534
504666
500814
496977
493156
489352
485562
481788
478027
474280
470546
466825
463118
459423
455741
452071
448415
444773
441144
437530
433930
430344
426773
423218
419679
416156
412648
409158
405684
402227
398786
395361
391952
388559
385181
381817
378467
375132
371811
368504
365210
361931
358665
355415
352180
348960
345756
342568
339397
336243
333104
329982
326876
323784
320707
317643
314593
311556
308531
305520
302521
299536
296565
293607
290664
287735
284821
281921
279036
276166
273312
270473
267649
264842
262050
259274
256514
253770
251043
248332
245638
242962
240303
237662
235041
232438
229856
227294
224752
222231
219731
217252
214794
212356
209938
207539
205161
202802
200465
198148
195857
193587
191347
189126
186941
184772
182645
180530
178459
176406
174387
172401
170451
168549
166706
164940
163280
161764
160455
159456
158890
846065
844158
841146
837518
833542
829361
825056
820673
816238
811766
807267
802746
798209
793660
789100
784530
779949
775359
770759
766156
761552
756948
752345
747745
743148
738555
733965
729381
724803
720234
715676
711131
706600
702083
697582
693095
688627
684175
679738
675317
670911
666517
662133
657757
653389
649030
644681
640342
636014
631697
627391
623095
618808
614531
610267
606016
601783
597566
593365
589177
585002
580841
576694
572561
568442
564339
560252
556179
552123
548081
544056
540047
536054
532077
528117
524173
520245
516332
512435
508554
504688
500839
497005
493188
489387
485601
481829
478071
474325
470592
466873
463166
459471
455789
452120
448463
444820
441190
437574
433973
430386
426813
423257
419716
416191
412683
409191
405716
402258
398816
395390
391980
388585
385205
381839
378489
375153
371831
368523
365230
361951
358686
355436
352201
348983
345780
342593
339424
336271
333134
330014
326909
323818
320742
317679
314630
311592
308567
305555
302555
299569
296596
293637
290691
287760
284844
281942
279054
276181
273324
270481
267654
264842
262047
259267
256503
253755
251023
248307
245608
242926
240261
237613
234983
232372
229779
227207
224654
222120
219607
217113
214639
212183
209748
207330
204931
202549
200189
197844
195525
193220
190946
188682
186456
184234
182053
179879
177736
175610
173505
171422
169364
167335
165347
163407
161544
159788
158208
156925
156137
853941
850790
846684
842195
837546
832829
828090
823346
818605
813871
809145
804426
799715
795011
790314
785623
780933
776246
771560
766878
762203
757536
752875
748222
743577
738941
734314
729695
725086
720489
715905
711336
706783
702247
697728
693225
688741
684274
679824
675391
670972
666567
662174
657790
653415
649051
644697
640354
636023
631704
627396
623099
618813
614536
610272
606022
601788
597571
593369
589182
585008
580847
576701
572568
568450
564347
560259
556188
552132
548092
544068
540060
536069
532094
528135
524192
520266
516355
512459
508580
504717
500870
497040
493227
489429
485646
481877
478121
474377
470646
466928
463222
459528
455846
452176
448519
444875
441244
437626
434023
430434
426860
423302
419760
416234
412724
409231
405755
402295
398852
395424
392012
388614
385232
381866
378514
375177
371854
368546
365252
361972
358707
355458
352225
349007
345806
342621
339453
336302
333167
330048
326944
323855
320779
317716
314666
311628
308602
305589
302588
299600
296625
293664
290717
287784
284865
281960
279069
276193
273332
270485
267655
264839
262040
259256
256489
253737
251000
248280
245576
242888
240216
237561
234923
232302
229700
227117
224552
222006
219479
216970
214480
212007
209553
207115
204697
202291
199908
197534
195187
192845
190538
188229
185958
183687
181446
179214
176999
174797
172608
170426
168259
166100
163960
161837
159747
157709
155776
154079
152929
863818
858238
852539
847018
841624
836343
831153
826040
820989
815990
811035
806117
801231
796372
791537
786723
781925
777140
772367
767607
762859
758127
753408
748702
744009
739330
734663
730010
725370
720745
716135
711543
706968
702412
697874
693355
688855
684373
679910
675463
671032
666616
662212
657821
653440
649070
644711
640365
636030
631709
627399
623101
618814
614538
610275
606025
601792
597574
593373
589186
585013
580854
576709
572578
568462
564359
560273
556202
552148
548109
544087
540081
536091
532118
528160
524219
520293
516383
512489
508612
504751
500908
497081
493272
489478
485698
481931
478177
474435
470707
466990
463286
459593
455911
452241
448582
444936
441304
437685
434080
430490
426915
423355
419811
416284
412773
409279
405801
402339
398892
395462
392047
388647
385263
381894
378541
375203
371879
368570
365275
361995
358731
355482
352250
349033
345834
342651
339485
336336
333202
330085
326981
323892
320816
317753
314702
311663
308636
305621
302618
299629
296652
293689
290740
287804
284882
281974
279080
276200
273335
270486
267651
264832
262030
259242
256471
253715
250974
248249
245539
242845
240167
237505
234859
232230
229618
227023
224447
221888
219347
216823
214318
211827
209356
206897
204459
202029
199623
197218
194845
192466
190122
187773
185452
183134
180834
178541
176257
173978
171704
169426
167150
164862
162570
160260
157936
155587
153229
150897
149073
132020
114997
102166
90375.3
79653.4
69625.4
60339.9
51726.3
43796.2
36525.7
29914.9
23953.8
18642.2
13987.3
10002.8
6684.59
4043.25
2076.43
761.68
85.6382
130774
114900
102139
90368.9
79656.6
69632.3
60347.9
51734.3
43803.7
36532.4
29921
23959.1
18646.6
13990.4
10005
6685.96
4043.96
2077.24
762.62
85.9332
129657
114732
102089
90352.6
79662.2
69640
60361.9
51746.1
43816.3
36542.7
29930.8
23967
18653
13994.9
10008.2
6687.89
4044.8
2078.31
764.128
86.399
128627
114496
102001
90325.2
79661.1
69644.7
60374.9
51757.6
43829.1
36553.2
29940.5
23974.9
18659.1
13999.1
10011.4
6689.65
4045.19
2078.53
764.757
86.8559
127705
114198
101873
90284
79647.7
69642.5
60381.3
51764.7
43837.8
36560.7
29947.3
23980.3
18663.2
14001.9
10013.6
6690.66
4044.82
2076.98
763.435
86.9168
126895
113859
101711
90225
79618.9
69632.1
60378.6
51765.6
43839.9
36562.8
29948.8
23981.5
18664
14002.6
10014.4
6690.79
4043.81
2073.52
759.806
86.379
126184
113500
101522
90146
79572.9
69611.8
60366
51759.2
43834.3
36558.4
29944
23977.8
18661.1
14001.2
10013.8
6690.58
4042.74
2069.07
754.523
85.3358
125557
113144
101313
90047.3
79509.4
69580.4
60343.1
51744.9
43821.2
36547.4
29933
23968.8
18654.7
13998.4
10012.6
6691.26
4042.79
2065.59
749.25
84.1682
125004
112805
101098
89932.8
79431.8
69536.8
60309.8
51721.9
43800.5
36529.8
29916.4
23955.2
18645.9
13995.4
10012.3
6694.43
4045.63
2065.21
746.2
83.4022
124518
112495
100888
89809
79345.7
69483.1
60267.8
51691
43773.1
36506.4
29895.6
23938.9
18636.3
13993.4
10014.7
6701.56
4052.68
2069.39
747.061
83.4121
124095
112217
100695
89684.2
79257.2
69423.3
60220.6
51654.3
43741.1
36479.4
29872.9
23922.3
18628
13994.1
10021
6713.08
4064.08
2077.88
751.694
84.1581
123730
111973
100525
89566.8
79171.9
69362.5
60172.3
51615.8
43708.1
36452
29851.6
23908.1
18622.9
13997.9
10030.9
6727.77
4078.26
2089
758.503
85.2475
123416
111763
100380
89463.2
79094.9
69305.6
60127.3
51579.7
43678.2
36428
29834.2
23898.3
18621.7
14004.3
10042.8
6743.14
4092.78
2100.65
765.735
86.2721
123151
111584
100259
89376.8
79029.5
69256.1
60088.5
51549.3
43654
36409.5
29822
23892.9
18623.3
14011.6
10054.2
6756.86
4105.76
2111.34
772.109
86.9673
122929
111434
100161
89307.2
78976.9
69215.9
60057.7
51525.9
43636.3
36396.9
29814.4
23890.6
18625.9
14017.9
10063.4
6767.35
4115.92
2119.97
776.735
87.215
122747
111310
100080
89252.1
78936.2
69185.6
60035.2
51509.3
43624.3
36388.9
29809.8
23889.5
18628
14022.2
10069.2
6773.81
4122.46
2125.6
779.031
87.0225
122601
111211
100017
89209.2
78905.8
69164
60019.8
51498.2
43616.4
36383.6
29806.6
23888.4
18628.6
14023.8
10071.7
6776.18
4124.97
2127.6
778.889
86.5064
122492
111136
99968.5
89177.5
78884.2
69149.2
60009.9
51491.2
43611.3
36379.9
29803.9
23886.7
18627.6
14023
10071.1
6775.17
4124.07
2126.53
777.065
85.8794
122419
111086
99936.3
89156.7
78870.6
69140.5
60004.4
51487.6
43608.6
36377.8
29802
23885.1
18625.8
14021
10069
6772.59
4121.6
2124.23
774.943
85.3699
122385
111060
99920.1
89146.8
78864.6
69137.1
60002.4
51486.3
43607.7
36377.1
29801.4
23884.3
18624.8
14019.7
10067.5
6770.68
4119.65
2122.41
773.467
85.0722
)
;

boundaryField
{
    inlet
    {
        type            calculated;
        value           nonuniform List<scalar> 
20
(
1.70117e+06
1.70123e+06
1.70127e+06
1.70129e+06
1.70132e+06
1.70134e+06
1.70135e+06
1.70136e+06
1.70137e+06
1.70137e+06
1.70137e+06
1.70137e+06
1.70136e+06
1.70135e+06
1.70134e+06
1.70132e+06
1.70129e+06
1.70127e+06
1.70123e+06
1.70117e+06
)
;
    }
    outlet
    {
        type            calculated;
        value           uniform 0;
    }
    walls
    {
        type            calculated;
        value           nonuniform List<scalar> 
520
(
1.70117e+06
1.65824e+06
1.61218e+06
1.56652e+06
1.52147e+06
1.47708e+06
1.43335e+06
1.39028e+06
1.34786e+06
1.30611e+06
1.26502e+06
1.2246e+06
1.18486e+06
1.14582e+06
1.10752e+06
1.07002e+06
1.03343e+06
997939
963809
931411
911699
902840
894193
885759
877550
869560
861786
854223
846865
839705
832732
825938
819314
812850
806535
800359
794315
788392
782582
776878
771271
765755
760324
754970
749690
744477
739327
734236
729200
724216
719279
714388
709539
704730
699958
695223
690521
685851
681212
676602
672019
667463
662933
658427
653944
649483
645045
640628
636232
631856
627502
623167
618852
614556
610279
606020
601779
597554
593347
589157
584983
580824
576680
572552
568439
564342
560259
556192
552141
548105
544085
540081
536094
532124
528169
524230
520306
516395
512501
508623
504765
500925
497104
493302
489519
485747
481984
478238
474502
470788
467077
463382
459686
456006
452326
448665
445006
441371
437739
434132
430527
426947
423368
419812
416261
412734
409214
405716
402229
398763
395306
391869
388444
385039
381650
378282
374934
371605
368293
364997
361714
358446
355191
351953
348729
345523
342329
339152
335988
332841
329706
326586
323478
320385
317305
314244
311195
308163
305138
302127
299130
296136
293162
290196
287252
284314
281396
278481
275593
272695
269840
266964
264137
261277
258476
255643
252865
250063
247291
244504
241756
238965
236243
233476
230759
228018
225316
222590
219895
217182
214494
211789
209099
206397
203704
200998
198295
195582
192862
190129
187385
184626
181843
179043
176211
173358
170469
167556
164610
161644
158603
155571
152444
149308
146109
142883
139618
136318
132989
129636
122385
111060
99920.1
89146.8
78864.6
69137.1
60002.4
51486.3
43607.7
36377.1
29801.4
23884.3
18624.8
14019.7
10067.5
6770.68
4119.65
2122.41
773.467
85.0722
1.70117e+06
1.65824e+06
1.61218e+06
1.56651e+06
1.52147e+06
1.47708e+06
1.43335e+06
1.39027e+06
1.34784e+06
1.30607e+06
1.26494e+06
1.22446e+06
1.18461e+06
1.14537e+06
1.1067e+06
1.06852e+06
1.0307e+06
992936
954554
913405
803622
803835
804261
804904
805772
806868
808201
809779
811617
813733
816153
818906
822036
825592
829645
834291
839679
846065
853941
863818
803622
803319
802717
801825
800652
799205
797496
795540
793351
790945
788338
785543
782575
779449
776180
772782
769269
765652
761941
758144
754271
750330
746332
742282
738190
734060
729895
725696
721467
717212
712937
708647
704345
700032
695711
691386
687058
682729
678402
674076
669750
665422
661100
656786
652481
648185
643896
639612
635335
631066
626806
622555
618313
614081
609863
605657
601465
597288
593124
588974
584834
580703
576585
572481
568392
564319
560260
556211
552170
548140
544121
540114
536118
532134
528164
524206
520262
516334
512422
508527
504646
500779
496927
493089
489268
485465
481679
477908
474150
470406
466676
462963
459267
455586
451919
448265
444623
440995
437380
433779
430192
426619
423062
419520
415994
412483
408987
405507
402041
398591
395156
391737
388332
384943
381567
378206
374859
371526
368209
364906
361620
358349
355095
351857
348637
345433
342246
339075
335919
332777
329650
326537
323438
320354
317284
314230
311191
308168
305162
302171
299196
296237
293294
290368
287457
284563
281685
278824
275981
273156
270349
267560
264789
262037
259303
256588
253892
251216
248560
245925
243311
240719
238150
235604
233082
230585
228114
225670
223255
220869
218514
216191
213902
211647
209428
207247
205106
203005
200949
198939
196979
195072
193220
191428
189700
188042
186457
184950
183527
182192
180950
179807
178769
177843
177033
176347
175792
175373
175098
174964
174964
174869
174680
174394
174011
173522
172927
172218
171392
170439
169351
168111
166711
165115
163314
161243
158890
156137
152929
149073
132020
114997
102166
90375.3
79653.4
69625.4
60339.9
51726.3
43796.2
36525.7
29914.9
23953.8
18642.2
13987.3
10002.8
6684.59
4043.25
2076.43
761.68
85.6382
)
;
    }
    frontAndBack
    {
        type            empty;
    }
}


// ************************************************************************* //
