/*--------------------------------*- C++ -*----------------------------------*\
| =========                 |                                                 |
| \\      /  F ield         | OpenFOAM: The Open Source CFD Toolbox           |
|  \\    /   O peration     | Version:  2.4.0                                 |
|   \\  /    A nd           | Web:      www.OpenFOAM.org                      |
|    \\/     M anipulation  |                                                 |
\*---------------------------------------------------------------------------*/
FoamFile
{
    version     2.0;
    format      ascii;
    class       volScalarField;
    location    "0.92";
    object      p;
}
// * * * * * * * * * * * * * * * * * * * * * * * * * * * * * * * * * * * * * //

dimensions      [0 2 -2 0 0 0 0];

internalField   nonuniform List<scalar> 
8800
(
61.0769
48.7235
41.3293
37.7994
35.907
34.5039
33.309
32.2026
31.1782
30.2084
29.258
28.3442
27.445
26.5341
25.713
24.9128
24.1498
23.3838
22.9112
22.2412
57.9633
48.3693
41.4992
37.9138
35.9666
34.5289
33.3165
32.2035
31.1758
30.2064
29.2549
28.3419
27.4441
26.5307
25.7109
24.9107
24.1527
23.3701
22.9098
22.1642
55.9972
48.4467
42.1027
38.2894
36.134
34.6075
33.3624
32.2357
31.1997
30.2242
29.2654
28.3474
27.4465
26.5272
25.7096
24.9019
24.1561
23.3488
22.986
22.2128
54.4599
48.5075
42.6925
38.7145
36.3177
34.694
33.4244
32.291
31.249
30.2628
29.2933
28.3665
27.4577
26.5315
25.7116
24.8925
24.1483
23.3363
23.0669
22.4412
53.211
48.4806
43.1703
39.1223
36.4883
34.7609
33.4701
32.3464
31.3051
30.3154
29.3323
28.3945
27.4704
26.5447
25.7102
24.8891
24.1249
23.3346
22.9884
22.7828
52.2242
48.3849
43.5402
39.4716
36.641
34.8054
33.4984
32.3906
31.3547
30.3631
29.3729
28.4226
27.4857
26.5566
25.7095
24.8819
24.1044
23.3433
22.9952
23.3216
51.4685
48.2701
43.8108
39.7541
36.7827
34.8332
33.5054
32.423
31.3951
30.4056
29.41
28.4438
27.4981
26.5667
25.7085
24.8721
24.1013
23.3638
23.0772
23.6867
50.9164
48.1707
43.9947
39.9677
36.9075
34.8515
33.504
32.4447
31.4256
30.4371
29.4376
28.4631
27.5093
26.5719
25.7086
24.8705
24.1019
23.4038
23.1514
23.9359
50.5606
48.0945
44.11
40.1112
36.9976
34.8634
33.4962
32.4571
31.4472
30.4597
29.4602
28.4729
27.5142
26.58
25.7101
24.8713
24.1147
23.4449
23.2046
24.0942
50.3862
48.0528
44.1656
40.1846
37.0434
34.8677
33.4933
32.4618
31.4586
30.4714
29.4723
28.4805
27.5198
26.5851
25.7155
24.8815
24.1246
23.4808
23.2488
24.1757
50.3859
48.0526
44.165
40.1846
37.0449
34.8674
33.4916
32.4704
31.4609
30.4718
29.4772
28.481
27.5212
26.5967
25.7227
24.8906
24.1459
23.5114
23.2783
24.2019
50.5623
48.0922
44.1087
40.1131
36.9997
34.8617
33.4959
32.4662
31.4512
30.4598
29.4718
28.4775
27.5217
26.6062
25.7336
24.9095
24.1622
23.5373
23.288
24.1765
50.918
48.1681
43.9925
39.9684
36.9138
34.8506
33.4999
32.4561
31.4315
30.4376
29.4597
28.4677
27.5183
26.6181
25.7478
24.9276
24.1873
23.5687
23.2691
24.1017
51.4707
48.2671
43.8077
39.7566
36.7851
34.832
33.5023
32.4379
31.4026
30.4041
29.4386
28.4532
27.5114
26.6298
25.7625
24.9534
24.2242
23.597
23.2366
23.9631
52.227
48.3814
43.5373
39.4721
36.6478
34.8032
33.4937
32.4074
31.3618
30.3619
29.413
28.4309
27.5021
26.638
25.778
24.9793
24.2638
23.6398
23.2228
23.7427
53.2136
48.4765
43.168
39.1247
36.4932
34.7582
33.4673
32.366
31.3144
30.3083
29.3823
28.4055
27.4886
26.6423
25.7952
25.0007
24.3162
23.6914
23.2367
23.4556
54.4618
48.5049
42.6904
38.7153
36.3251
34.6937
33.4179
32.3125
31.2591
30.2552
29.3512
28.3803
27.4771
26.642
25.8094
25.0186
24.3627
23.7393
23.2874
23.1644
56.0002
48.4431
42.1006
38.2908
36.1413
34.6064
33.3568
32.2578
31.2129
30.2154
29.3252
28.3643
27.4704
26.6408
25.8209
25.0326
24.3951
23.7758
23.3409
23.0107
57.9663
48.3659
41.4972
37.9144
35.9745
34.529
33.3112
32.2249
31.1894
30.1991
29.3141
28.3608
27.4717
26.643
25.8281
25.0438
24.4093
23.7962
23.3356
22.9301
61.0808
48.72
41.3274
37.8004
35.9147
34.5034
33.3046
32.2234
31.191
30.2038
29.3149
28.363
27.4764
26.6441
25.8311
25.0488
24.4117
23.801
23.3365
23.049
22.3713
22.3954
22.3744
22.3528
22.3618
22.4091
22.4695
22.5262
22.562
22.5775
22.5842
22.5809
22.5823
22.5779
22.5621
22.515
22.4069
22.2314
21.9655
21.6356
21.2659
20.8964
20.5861
20.3726
20.2593
20.2152
20.263
20.3724
20.5129
20.6395
20.7555
20.8523
20.9388
21.0061
21.0781
21.1466
21.2311
21.315
21.4252
21.5506
21.68
21.7991
21.9027
22.0124
22.0948
22.1801
22.2438
22.3003
22.3178
22.3104
22.2937
22.2255
22.1525
22.026
21.8315
21.5648
21.1145
20.5753
19.8422
18.9418
17.8992
16.722
15.5679
14.4411
13.5794
12.7374
12.4552
12.1432
12.345
12.5154
13.0141
13.5184
14.1067
14.807
15.4367
16.1838
16.6731
17.3335
17.5976
17.8472
17.9786
17.9488
17.8995
17.7311
17.8469
17.5664
17.5839
17.3931
17.6347
18.0147
18.5476
19.2496
19.9558
20.6456
21.2308
21.9524
22.2194
22.8171
22.7467
22.6138
22.4537
21.6834
20.9342
19.938
18.7796
17.5581
15.9515
14.5604
13.1541
11.545
9.99296
8.72276
7.41327
6.11595
5.03956
4.29632
3.52586
3.09509
2.6807
2.66467
2.81656
3.07512
3.51412
4.15695
4.85053
5.75376
6.83835
7.95068
9.20613
10.4819
11.7145
13.2107
14.5716
15.8654
17.1547
18.4179
19.5112
20.5703
21.5002
22.2887
22.9275
23.3052
23.4977
23.494
23.1567
22.6646
21.9422
21.1886
20.3445
19.476
18.7381
18.3213
17.9778
17.4951
17.6797
18.2455
18.9186
19.722
20.4268
21.2219
22.1349
22.836
23.2985
23.6635
23.9108
23.7291
23.4621
22.9721
22.246
21.4445
20.5162
19.5621
18.3551
17.2184
16.026
14.574
13.1201
11.4432
10.0042
7.83731
6.50799
4.25728
3.20485
1.36736
0.572255
-0.243631
-0.608757
-0.487003
-0.200775
0.938683
2.28212
4.54188
6.93431
10.7183
14.5416
20.2227
26.636
33.9444
41.2389
43.4371
22.1893
22.2386
22.3048
22.3477
22.3521
22.3721
22.4048
22.4618
22.519
22.5584
22.5855
22.58
22.5736
22.5509
22.5099
22.4504
22.329
22.1608
21.9165
21.6196
21.2935
20.9578
20.671
20.4478
20.3342
20.2824
20.3064
20.3846
20.4947
20.6153
20.7205
20.8247
20.9234
21.0042
21.0891
21.1605
21.2596
21.3445
21.4659
21.5737
21.7095
21.8257
21.9277
22.0311
22.1019
22.1856
22.2199
22.2767
22.2646
22.261
22.205
22.124
22.013
21.857
21.6187
21.3329
20.8514
20.3292
19.5938
18.7447
17.8288
16.6849
15.7445
14.5963
13.9179
13.0758
12.8136
12.5783
12.6478
12.9357
13.2394
13.8388
14.2783
14.9472
15.4654
16.1451
16.5485
17.0842
17.3248
17.5671
17.7395
17.7092
17.6349
17.4445
17.7473
17.5361
17.5935
17.5304
17.6302
18.0878
18.5468
19.2689
19.9138
20.7729
21.2058
21.9305
22.1965
22.5434
22.7113
22.364
22.1734
21.5807
20.7599
19.8632
18.7786
17.5936
16.1565
14.7517
13.3925
11.9847
10.4978
9.26709
8.0618
6.94051
5.84105
5.10518
4.43391
4.01231
3.71437
3.57353
3.78355
4.0724
4.59264
5.22081
6.05383
6.93728
8.05004
9.18582
10.4225
11.5843
12.8138
14.0779
15.3354
16.4897
17.5535
18.6832
19.7
20.5647
21.3668
22.0046
22.49
22.7012
22.6148
22.3057
21.6532
20.6299
19.4392
18.1684
16.8407
15.5352
14.3239
13.4751
12.5021
12.0748
12.2194
12.938
13.8881
14.9331
16.103
17.3532
18.6869
19.6994
20.6195
21.3433
21.9671
22.2662
22.2185
22.202
21.7966
21.3141
20.5524
19.7653
18.8241
17.6039
16.674
15.1074
14.0372
12.2489
11.0033
8.98121
7.6834
5.92301
4.51197
3.27563
2.07776
1.66274
1.05281
1.49619
1.65341
2.89995
4.02608
6.42265
8.66902
12.2475
15.8538
20.9478
25.2363
30.4762
33.7552
35.255
22.093
22.2313
22.4102
22.4708
22.401
22.3404
22.3122
22.3507
22.4316
22.4987
22.5641
22.5614
22.5575
22.5147
22.4484
22.3782
22.2335
22.087
21.853
21.6011
21.3156
21.0216
20.7681
20.5527
20.4309
20.3592
20.3718
20.4163
20.5088
20.607
20.7222
20.8136
20.9314
21.0043
21.1076
21.1729
21.2806
21.368
21.4819
21.5899
21.7033
21.8281
21.9077
22.0172
22.0575
22.1387
22.1461
22.1991
22.1557
22.1629
22.0604
21.9838
21.8195
21.6493
21.3829
21.0634
20.6144
20.057
19.4026
18.5707
17.7793
16.7339
15.9307
14.8894
14.2893
13.5607
13.2536
13.0945
13.0609
13.3635
13.5691
14.1462
14.4771
15.1285
15.4794
16.1145
16.4438
16.8512
17.147
17.2871
17.5272
17.4549
17.4604
17.3117
17.6491
17.6281
17.5861
17.5958
17.6746
18.2178
18.5581
19.293
19.864
20.6471
21.1592
21.6483
22.008
22.1648
22.3874
22.1715
21.8425
21.4133
20.67
19.7652
18.7592
17.6817
16.3224
15.0277
13.7115
12.4412
11.0982
9.85702
8.74112
7.74657
6.83357
6.0229
5.513
5.06669
4.88623
4.80577
5.02141
5.45171
6.021
6.67431
7.55104
8.48796
9.51419
10.5823
11.7105
12.7745
13.9181
14.8885
15.983
17.0507
17.9482
18.965
19.8763
20.6704
21.3959
21.9127
22.2498
22.2729
21.9765
21.3019
20.3389
18.8375
17.1516
15.2887
13.4872
11.6915
10.0114
8.68376
7.51099
6.67648
6.59157
7.22864
8.4008
9.77693
11.4142
13.3209
15.1848
16.7153
18.0771
19.3422
20.1325
20.8855
21.276
21.6998
21.5463
21.1964
21.0049
20.2797
19.5291
18.2973
17.6182
16.2451
15.2434
13.5532
12.3446
10.7055
9.27677
7.91155
6.3431
5.41189
4.245
3.85878
3.32577
3.81665
4.17629
5.20572
6.47175
8.71296
10.8288
13.9331
17.2143
21.186
24.8623
28.5374
31.0371
31.8574
22.2453
22.3587
22.4478
22.3509
22.1538
22.0682
22.0674
22.1657
22.297
22.4085
22.5111
22.5295
22.5303
22.4827
22.3883
22.3081
22.1432
22.0038
21.7952
21.5704
21.3418
21.0749
20.879
20.6592
20.5528
20.4559
20.4575
20.4804
20.5493
20.6329
20.7368
20.8222
20.9377
21.0074
21.1143
21.1845
21.2821
21.3772
21.4673
21.5863
21.659
21.8022
21.838
21.9693
21.9612
22.0503
22.0278
22.0682
22.0225
21.9928
21.9078
21.776
21.6271
21.4046
21.1353
20.8111
20.3579
19.8487
19.2186
18.4897
17.7574
16.8593
16.1706
15.2444
14.7421
14.0914
13.799
13.6343
13.534
13.8692
13.9256
14.4951
14.702
15.2854
15.5591
16.0504
16.4106
16.656
17.0343
17.0623
17.3387
17.2755
17.3665
17.3498
17.5423
17.7183
17.5393
17.6991
17.7963
18.3015
18.6477
19.1654
19.7136
20.2977
20.8754
21.2975
21.6398
21.7905
21.915
21.8399
21.4717
21.0678
20.5122
19.69
18.7593
17.8154
16.645
15.386
14.2403
13.0075
11.8274
10.6976
9.68521
8.77918
8.02408
7.30618
6.83249
6.49837
6.4071
6.51155
6.73213
7.19157
7.79854
8.4961
9.29563
10.1484
11.0922
12.049
12.9409
13.916
14.8637
15.7044
16.6509
17.5993
18.45
19.335
20.1488
20.946
21.6344
22.0481
22.261
22.1664
21.707
20.7408
19.4629
17.6571
15.4549
13.0673
10.8694
8.67672
6.64485
4.70129
3.02412
1.71403
1.36938
1.67522
2.78156
4.4312
6.58445
9.16951
11.455
13.7839
15.7148
17.3657
18.5818
19.7532
20.6705
21.0936
21.5446
21.4173
21.5805
20.7958
20.3875
19.574
18.9285
17.6267
16.6219
15.2997
14.1693
12.7639
11.2019
10.1542
8.74638
7.902
6.91985
6.57479
6.10243
6.65359
6.88641
7.85257
9.03546
10.9838
12.8881
15.3599
18.2558
21.1568
24.1228
26.4066
28.1505
28.1374
23.7516
23.558
22.6542
21.9648
21.5355
21.4803
21.6012
21.8612
22.108
22.2819
22.4359
22.4718
22.4943
22.4361
22.3389
22.2435
22.071
21.9355
21.7417
21.5431
21.3603
21.1113
20.9767
20.7594
20.6729
20.5729
20.5445
20.5751
20.5954
20.6919
20.7552
20.8479
20.9454
21.0114
21.1171
21.1849
21.2758
21.3629
21.4354
21.5456
21.6003
21.7152
21.7498
21.8522
21.8495
21.9169
21.8919
21.9009
21.8641
21.7908
21.7261
21.5623
21.4076
21.1791
20.8857
20.5861
20.1248
19.6848
19.0862
18.4605
17.8154
17.0173
16.4852
15.6245
15.2576
14.604
14.362
14.2489
14.0305
14.4175
14.3097
14.8699
14.9694
15.4399
15.7381
15.9867
16.4621
16.5236
16.9339
16.9433
17.1413
17.2331
17.2695
17.4358
17.4673
17.6654
17.6207
17.7933
17.9775
18.3016
18.6416
18.9649
19.461
19.9498
20.4346
20.8927
21.1502
21.2896
21.3894
21.3221
21.0844
20.688
20.2512
19.6032
18.7989
17.9306
17.0145
15.9072
14.8739
13.8308
12.8219
11.8284
10.9434
10.1354
9.51152
8.953
8.58194
8.36328
8.34098
8.49614
8.75892
9.20017
9.71971
10.4093
11.0861
11.7966
12.5521
13.4073
14.1403
14.903
15.7469
16.5301
17.3319
18.1858
18.9998
19.8
20.5638
21.3265
22.0076
22.4277
22.5633
22.4339
21.8921
20.763
19.2457
17.1758
14.4879
11.7949
9.27546
6.66849
4.34879
1.87684
-0.426505
-2.2416
-3.09347
-3.28774
-2.42887
-0.655894
1.85388
4.93905
7.85217
10.8742
13.3469
15.3879
17.4802
18.7608
20.0711
20.6675
21.7008
21.7877
21.9876
21.5596
21.4714
20.9012
20.1701
19.3109
18.4392
17.2298
15.9755
14.8383
13.462
12.6706
11.4301
10.6128
9.78439
9.46941
9.09911
9.41945
9.75943
10.4738
11.5624
12.7117
14.4757
16.3168
18.8376
20.9775
23.1874
24.6994
25.8639
25.7938
24.7914
24.4271
22.8971
21.7353
21.0551
20.9352
21.1273
21.5147
21.8962
22.144
22.3548
22.4189
22.4683
22.4061
22.3193
22.1901
22.0331
21.8834
21.6978
21.5333
21.3494
21.1585
21.037
20.8601
20.7784
20.6899
20.6488
20.6635
20.6725
20.7441
20.796
20.877
20.9553
21.0247
21.106
21.1841
21.2524
21.34
21.3796
21.4928
21.525
21.6177
21.6589
21.7195
21.7278
21.7679
21.7471
21.7137
21.7038
21.5739
21.5304
21.362
21.1678
20.9846
20.6577
20.3857
19.9561
19.545
19.0387
18.4535
17.9493
17.2104
16.8043
16.0697
15.6786
15.2803
14.8828
14.927
14.5967
14.8968
14.825
15.1447
15.3534
15.5624
15.9592
16.017
16.4598
16.5369
16.7743
16.9285
16.992
17.2134
17.2486
17.4187
17.4569
17.5706
17.7543
17.866
18.0449
18.2323
18.5059
18.7928
19.1734
19.6058
19.9742
20.4186
20.6631
20.7893
20.9104
20.8273
20.6797
20.3781
19.9956
19.5069
18.8602
18.1182
17.4047
16.5353
15.6448
14.8288
14.0163
13.1769
12.4035
11.7175
11.208
10.8112
10.537
10.379
10.3784
10.5322
10.7892
11.1825
11.6233
12.1224
12.7187
13.3485
13.8882
14.5689
15.272
15.9313
16.5952
17.3512
18.0443
18.7406
19.5396
20.2769
20.9575
21.7687
22.4027
22.8909
23.1316
22.9608
22.4168
21.3034
19.6163
17.2343
14.1238
11.2269
8.46172
5.64539
3.01252
-0.117222
-2.93453
-5.01687
-6.36438
-7.15757
-6.83021
-5.20187
-2.40723
0.998565
4.51596
7.86606
11.1783
13.7806
16.3413
17.8528
19.6386
20.739
21.7868
22.1028
22.4704
22.539
22.4455
22.0224
21.5229
20.9673
19.9934
19.0331
18.0742
17.0872
15.8182
14.9865
14.0274
13.3622
12.7034
12.2423
11.9028
11.8426
12.0462
12.5731
13.6691
14.602
15.8922
17.279
19.0873
20.5772
22.1285
23.3552
24.1701
24.1961
25.37
24.986
23.1747
21.7172
20.8424
20.5846
20.7745
21.2136
21.6982
22.0126
22.2784
22.3794
22.4461
22.4144
22.3088
22.1818
21.9984
21.8537
21.6677
21.5327
21.3476
21.1957
21.0881
20.9376
20.8664
20.7932
20.7381
20.7517
20.7415
20.7918
20.8364
20.8961
20.971
21.0251
21.0981
21.1651
21.2301
21.2973
21.3283
21.4212
21.453
21.5087
21.5669
21.5939
21.5966
21.6374
21.585
21.5545
21.5298
21.3919
21.3352
21.1841
20.9565
20.8013
20.4896
20.1982
19.8563
19.4291
19.0361
18.4904
18.0883
17.4422
17.0848
16.5195
16.0629
15.856
15.4086
15.4359
15.1812
15.2909
15.3431
15.4182
15.7088
15.738
16.1167
16.1393
16.4202
16.6208
16.6635
16.9326
16.9452
17.1509
17.2576
17.3141
17.4393
17.5408
17.7875
17.8491
17.9553
18.1095
18.3381
18.6239
18.9111
19.2495
19.5751
19.9757
20.2386
20.3748
20.4879
20.439
20.3163
20.1461
19.8482
19.4596
19.0009
18.4159
17.8222
17.1781
16.4762
15.8228
15.1462
14.4348
13.8233
13.3114
12.8973
12.5883
12.4015
12.2959
12.3247
12.4344
12.6345
12.9302
13.3015
13.7035
14.1599
14.7159
15.1941
15.6944
16.3911
16.9766
17.4806
18.1411
18.7157
19.3121
19.9881
20.6719
21.3423
22.1273
22.7626
23.3605
23.6833
23.6089
23.1853
22.0046
20.2269
17.4915
14.0081
11.1016
8.1451
5.24401
2.21655
-1.54377
-4.75501
-7.21591
-9.12864
-10.2396
-10.1971
-8.81156
-5.91559
-2.53511
1.55835
5.29589
9.28634
12.2916
15.1671
17.2972
19.36
20.6754
21.8006
22.4874
22.9398
23.2549
23.1998
23.1374
22.9021
22.349
21.5098
20.8771
20.1168
19.2764
18.3114
17.52
16.6355
15.8833
15.139
14.5897
14.3217
14.0419
14.1418
14.1765
14.6849
15.625
16.7117
18.0137
19.341
20.4485
21.5804
22.5686
23.1117
23.013
25.7286
25.34
23.4195
21.7921
20.7934
20.3883
20.5258
20.9631
21.5107
21.8892
22.195
22.3419
22.4215
22.413
22.3007
22.178
21.9742
21.832
21.6455
21.5203
21.3524
21.2078
21.1253
20.9823
20.9354
20.8656
20.8131
20.8292
20.7998
20.8496
20.8697
20.9252
20.9878
21.021
21.094
21.1355
21.2062
21.2511
21.2764
21.3556
21.3794
21.4075
21.4792
21.4657
21.4876
21.5067
21.4452
21.4205
21.3622
21.2513
21.1541
21.0336
20.7802
20.6449
20.364
20.0492
19.7882
19.3605
19.0385
18.5738
18.1862
17.6998
17.2978
16.92
16.4345
16.3142
15.925
15.8255
15.7181
15.6569
15.7698
15.7322
15.9683
15.9701
16.236
16.2894
16.4404
16.6788
16.6587
16.9027
16.9472
17.0666
17.207
17.2292
17.3896
17.5365
17.6769
17.745
17.8086
17.9715
18.1983
18.4038
18.6622
18.9108
19.2232
19.5871
19.8525
20.0047
20.1419
20.162
20.051
19.9942
19.7969
19.4986
19.1887
18.766
18.2807
17.7762
17.2726
16.7337
16.1614
15.6303
15.1903
14.8119
14.4558
14.2373
14.1111
14.0236
14.0305
14.1219
14.2882
14.4869
14.8235
15.1526
15.5571
16.0367
16.4718
16.9179
17.4406
17.9104
18.3813
18.8589
19.3254
19.8039
20.3112
20.9608
21.6688
22.3359
23.0103
23.6924
23.9711
24.0634
23.6857
22.4004
20.7535
17.4125
13.8856
11.1352
8.05887
5.28508
1.7227
-2.62294
-6.11627
-8.81884
-10.6669
-12.4747
-12.6255
-11.6142
-8.70614
-5.43181
-0.840336
3.07982
7.47995
11.0243
14.3816
16.9029
19.0068
20.5827
21.9858
22.8786
23.3703
24.0533
24.1938
24.4143
24.2167
23.7865
23.3826
22.855
22.1945
21.4536
20.7024
19.9324
18.9926
18.2866
17.5604
16.9004
16.3569
15.846
15.9224
15.9969
16.3047
16.8238
17.5273
18.2691
19.3472
20.2346
21.1217
21.9688
22.3828
22.2851
25.9679
25.5681
23.593
21.8696
20.8018
20.2994
20.3736
20.7923
21.3504
21.7938
22.114
22.3051
22.3916
22.3945
22.2858
22.1687
21.9591
21.8064
21.6401
21.4997
21.377
21.2216
21.1572
21.0294
20.9879
20.9293
20.8773
20.8907
20.8497
20.8981
20.8942
20.9484
20.9957
21.0171
21.0833
21.1066
21.1758
21.2076
21.2208
21.2989
21.2976
21.3324
21.3822
21.3681
21.3792
21.3852
21.3345
21.2812
21.2356
21.1072
21.0238
20.8823
20.6566
20.5079
20.266
19.9533
19.7201
19.3568
19.0282
18.6841
18.2752
17.9268
17.521
17.2333
16.7989
16.6585
16.3677
16.1815
16.1553
16.02
16.115
16.0559
16.1844
16.2267
16.3494
16.4485
16.5041
16.7147
16.7145
16.8519
16.9482
16.9859
17.13
17.1847
17.3189
17.4725
17.5131
17.5932
17.6948
17.8316
17.9953
18.1662
18.3943
18.6136
18.9008
19.2263
19.4752
19.6564
19.8602
19.9301
19.8866
19.8837
19.7986
19.5934
19.3972
19.1337
18.7327
18.3577
17.9914
17.5579
17.1717
16.7957
16.4477
16.1744
15.8978
15.6978
15.6381
15.5665
15.5468
15.6772
15.807
15.9877
16.288
16.5723
16.9756
17.3537
17.6991
18.0704
18.4235
18.8206
19.18
19.493
19.8422
20.1241
20.6115
21.0907
21.7521
22.3744
22.9574
23.7114
23.8582
23.853
23.4192
22.2749
20.8945
17.0095
13.7299
11.093
8.1127
5.5631
1.2949
-3.34975
-7.00927
-9.54253
-11.6259
-14.0346
-14.2665
-13.7085
-10.6503
-7.52752
-2.77032
1.25999
5.94655
9.81213
13.5106
16.3458
18.9484
20.747
22.2347
23.3815
24.2111
25.3304
25.4822
25.9588
25.8047
25.6023
25.5246
24.866
24.4535
23.6639
22.9115
22.1787
21.2008
20.3832
19.554
18.8261
18.2003
17.7714
17.5555
17.1804
17.4081
17.8391
18.3411
18.9485
19.593
20.2381
20.8192
21.4059
21.6688
21.5468
26.1225
25.7156
23.7029
21.9244
20.8114
20.2714
20.3025
20.7006
21.2454
21.7305
22.0636
22.2822
22.3699
22.376
22.2652
22.1614
21.9492
21.7838
21.6361
21.4761
21.3976
21.2301
21.1738
21.0697
21.0164
20.9901
20.9238
20.9452
20.8983
20.9333
20.9325
20.959
21.0162
21.0119
21.0744
21.086
21.139
21.1721
21.1652
21.2388
21.229
21.244
21.2931
21.265
21.2756
21.2797
21.2147
21.1808
21.1061
21.001
20.9062
20.7563
20.566
20.3892
20.2052
19.8747
19.6861
19.3567
19.0453
18.7708
18.3853
18.1011
17.7491
17.4852
17.1349
16.9498
16.7428
16.5227
16.5001
16.3768
16.3962
16.3691
16.3968
16.4722
16.4806
16.6046
16.5876
16.7536
16.7825
16.8076
16.9496
16.9376
17.0776
17.1429
17.2327
17.331
17.3664
17.4544
17.5517
17.6317
17.7326
17.9198
18.0805
18.3261
18.5764
18.8828
19.1349
19.3435
19.6038
19.7399
19.7839
19.8148
19.8312
19.7148
19.6142
19.4898
19.2121
18.9315
18.6906
18.4062
18.1482
17.8891
17.6093
17.4064
17.195
17.0613
17.0263
16.9606
17.0081
17.1238
17.2575
17.4643
17.7068
17.9804
18.3091
18.618
18.8329
19.1345
19.4148
19.6745
19.9282
20.032
20.2971
20.3848
20.667
21.1503
21.5378
22.1902
22.793
23.0326
23.0664
23.2629
22.7223
21.3389
19.8952
16.3768
13.3887
10.8899
8.24602
5.6452
0.636338
-4.19286
-7.57748
-9.25692
-11.9319
-14.6026
-15.0933
-14.7803
-12.0139
-8.88584
-4.23842
-0.239384
4.83985
8.69757
12.8529
16.0258
19.1358
21.1105
22.9029
24.3692
25.5306
26.7835
26.9877
27.834
27.4987
27.6009
27.5425
26.815
26.7437
25.7525
24.9807
24.1546
23.1947
22.2924
21.5122
20.5941
19.6593
19.2301
18.8826
18.5185
18.6118
18.6337
18.7234
19.2716
19.6683
20.1061
20.6683
21.1138
21.1519
21.0918
26.1744
25.7761
23.7495
21.9515
20.8256
20.2864
20.3195
20.6989
21.2221
21.7043
22.0375
22.2567
22.3415
22.3344
22.2299
22.128
21.936
21.7607
21.6255
21.4681
21.4068
21.2589
21.1885
21.1184
21.0482
21.0432
20.9728
20.985
20.9504
20.9523
20.969
20.9578
21.0245
21.0022
21.051
21.07
21.0893
21.1421
21.1068
21.1861
21.1656
21.1658
21.2148
21.1697
21.1866
21.1778
21.1219
21.0705
20.997
20.905
20.802
20.659
20.4794
20.3179
20.1346
19.8546
19.6447
19.395
19.0717
18.8446
18.5235
18.2228
17.9824
17.6847
17.4268
17.226
17.0547
16.8435
16.8029
16.6962
16.6658
16.6505
16.6232
16.6801
16.6609
16.7192
16.7206
16.7966
16.8347
16.825
16.9231
16.9476
17.0183
17.0801
17.1086
17.1737
17.2236
17.2701
17.3312
17.3688
17.4588
17.6285
17.7822
18.0091
18.2576
18.5383
18.8274
19.076
19.3451
19.5896
19.6985
19.7747
19.8834
19.8678
19.851
19.8501
19.7009
19.5333
19.4064
19.2565
19.0704
18.9039
18.711
18.5293
18.4119
18.3558
18.3129
18.3036
18.385
18.5194
18.6859
18.8413
19.0105
19.2998
19.5454
19.7636
19.9197
20.1593
20.3523
20.4067
20.6335
20.579
20.4962
20.6418
20.602
20.9633
21.4725
21.7063
21.9693
22.2602
22.2284
21.5609
21.0827
19.9765
18.4202
15.8846
13.2423
10.8338
8.40239
5.32979
-0.173723
-5.04752
-7.85586
-8.2679
-11.7505
-13.962
-14.7469
-14.4882
-12.4553
-9.37108
-5.25642
-1.03093
4.14932
8.24544
12.755
16.2481
19.6921
21.7448
24.085
25.4744
27.1062
28.19
28.6048
29.5699
28.9595
29.7047
29.1803
28.7695
28.7453
27.4903
26.8695
26.0493
25.0853
23.9236
23.2204
22.0406
21.3619
20.901
20.182
19.6102
19.5578
19.5009
19.2908
19.794
19.8175
19.9959
20.4374
20.6198
20.7074
20.7507
26.1536
25.7589
23.7364
21.9579
20.841
20.3405
20.394
20.7702
21.2657
21.7204
22.0362
22.2397
22.3166
22.2863
22.1881
22.0823
21.9154
21.7419
21.6128
21.4655
21.4095
21.288
21.1989
21.1633
21.0706
21.0864
21.0108
21.0165
20.9946
20.9672
20.9994
20.9636
21.0265
21.0009
21.0278
21.0524
21.052
21.0939
21.0686
21.1148
21.1118
21.0891
21.133
21.0891
21.0905
21.0883
21.019
20.9834
20.9031
20.8164
20.7245
20.5675
20.4256
20.2544
20.0904
19.847
19.6184
19.4427
19.1042
18.9344
18.6416
18.3609
18.1654
17.8899
17.667
17.488
17.3227
17.1375
17.0784
16.9781
16.9283
16.9002
16.8533
16.8767
16.8516
16.8471
16.871
16.8622
16.9045
16.8849
16.9093
16.9734
16.9558
16.9821
16.9719
17.0163
17.0187
17.0278
17.0598
17.0726
17.179
17.3005
17.4622
17.6661
17.9471
18.2108
18.5267
18.8188
19.1236
19.4415
19.6234
19.7867
19.9653
20.0641
20.133
20.2303
20.2065
20.1418
20.1321
20.072
19.9351
19.8557
19.7562
19.6099
19.5908
19.5824
19.5668
19.6411
19.7114
19.809
19.9767
20.1289
20.2461
20.5249
20.7075
20.7827
20.9607
21.0585
21.0838
21.0231
21.0419
21.0542
20.6973
20.5631
20.7615
20.8593
21.0654
21.3944
21.6695
21.4276
21.0329
20.345
19.2702
18.7029
17.3227
15.4592
13.5987
11.2446
8.82283
5.46307
-0.316908
-4.97935
-7.12067
-6.75955
-11.3011
-13.1532
-13.8235
-12.5566
-10.898
-8.60894
-5.15167
-0.767326
4.2897
8.57176
13.1253
17.2898
20.3243
22.8285
25.2107
26.504
28.7134
29.0762
30.3783
30.811
30.3447
31.6691
30.4695
30.8274
30.4811
29.3083
28.7465
27.802
26.6732
25.5984
25.0954
23.3949
22.8858
21.9892
21.2409
20.7749
20.5699
20.1322
19.6085
20.1516
19.8164
20.0757
20.3477
20.1956
20.4605
20.5841
26.0405
25.6342
23.6487
21.9346
20.8801
20.4554
20.5555
20.9302
21.3792
21.786
22.0516
22.2256
22.2771
22.2228
22.1271
22.0165
21.8793
21.7154
21.6001
21.4642
21.4198
21.318
21.2294
21.2031
21.1137
21.1193
21.0608
21.0416
21.0327
20.9859
21.009
20.98
21.0037
21.0039
20.9925
21.0306
21.0115
21.0439
21.0294
21.0467
21.0599
21.0205
21.0593
21.0182
21.0089
21.0039
20.9396
20.8964
20.8194
20.7432
20.648
20.5054
20.3685
20.2175
20.0565
19.8421
19.6352
19.4602
19.1949
18.9871
18.7798
18.4933
18.3274
18.0976
17.8744
17.7385
17.5574
17.4142
17.3205
17.2382
17.1684
17.1338
17.0779
17.0725
17.0414
17.0151
17.01
16.9838
16.9905
16.957
16.942
16.9584
16.9063
16.8608
16.8589
16.813
16.7848
16.7626
16.7526
16.7726
16.8461
16.9607
17.075
17.3098
17.5805
17.8562
18.2138
18.5562
18.9161
19.2747
19.5773
19.8321
20.0743
20.2974
20.4654
20.6351
20.7262
20.7633
20.8282
20.8247
20.8065
20.8019
20.7696
20.7108
20.7009
20.7388
20.7711
20.8557
20.948
21.0257
21.127
21.2535
21.4235
21.6299
21.6949
21.6661
21.7371
21.6919
21.579
21.4873
21.2825
21.1516
20.9906
20.7268
20.6214
20.855
21.1212
21.0512
20.9823
20.7695
20.0621
19.4535
18.5481
17.0313
15.9014
14.9189
13.8438
11.8675
9.6342
6.81378
0.974337
-3.33429
-5.45512
-4.72647
-10.6592
-11.9433
-12.5447
-10.606
-10.7219
-6.64124
-4.1744
0.625936
5.43397
9.37754
14.0264
18.2923
20.8384
24.1929
25.7267
27.7335
29.7862
29.8826
31.9369
31.5015
32.105
33.0189
31.9023
32.8113
31.925
31.1005
30.3758
29.5323
28.2362
27.2209
26.4388
24.7315
24.7026
23.0153
22.408
21.6236
21.2683
20.5675
20.0314
20.485
19.8258
20.2797
20.1039
19.8078
20.4346
20.5078
25.7822
25.3604
23.4845
21.9088
20.9682
20.6486
20.8072
21.1615
21.5447
21.8714
22.0781
22.1988
22.2184
22.1507
22.055
21.9543
21.8339
21.7045
21.5855
21.4832
21.4255
21.3493
21.2656
21.2275
21.162
21.1344
21.103
21.0584
21.0546
21.0066
21.0103
20.9922
20.9864
20.9938
20.9728
20.9957
20.9826
20.9927
20.9894
20.9906
20.9965
20.9711
20.9776
20.9579
20.9307
20.9229
20.8689
20.814
20.7538
20.6694
20.5876
20.4518
20.3278
20.19
20.0347
19.8543
19.6559
19.4954
19.2647
19.068
18.8819
18.6372
18.4759
18.2708
18.087
17.9366
17.788
17.6554
17.5458
17.4793
17.3917
17.3512
17.294
17.2616
17.2337
17.185
17.1624
17.1207
17.0884
17.0427
16.99
16.9434
16.8645
16.7858
16.7152
16.6287
16.5523
16.4894
16.4581
16.4361
16.4882
16.5675
16.6847
16.9382
17.1992
17.5133
17.907
18.3021
18.7025
19.1436
19.5384
19.8736
20.2244
20.5376
20.8038
21.0568
21.2488
21.3861
21.5047
21.5928
21.6671
21.7276
21.7284
21.7301
21.7322
21.7771
21.8456
21.9188
22.0494
22.1279
22.1242
22.1563
22.3051
22.4546
22.4034
22.2823
22.2248
22.0472
21.8103
21.6904
21.517
21.2589
20.9962
20.8543
20.8154
20.8573
20.8899
20.7743
20.5983
20.2136
19.4762
18.4147
17.0646
15.2895
14.8527
14.9874
14.2417
12.5816
10.6317
8.72694
3.03876
-0.804516
-3.21918
-3.21105
-8.97851
-9.35119
-10.2245
-8.89917
-9.43459
-4.39173
-3.73337
2.71401
6.66369
10.2032
15.1283
18.5344
21.3339
24.8662
25.8225
28.9073
29.9189
30.9778
32.9958
32.2514
33.637
33.9356
33.504
34.25
33.3332
32.7006
31.8571
30.9838
29.4961
28.664
27.5238
26.1754
25.6879
23.793
23.5377
22.3214
22.0584
21.1577
20.744
20.7489
19.905
20.2801
19.756
19.9143
20.6675
20.5422
25.2543
24.851
23.2531
21.9506
21.2105
21.0116
21.1732
21.4644
21.7491
21.9733
22.1064
22.1627
22.1503
22.069
21.982
21.8839
21.7871
21.6835
21.5732
21.4998
21.4291
21.37
21.2997
21.2484
21.203
21.1578
21.13
21.0866
21.065
21.0322
21.0108
21.0009
20.9778
20.9776
20.9609
20.9563
20.9551
20.9399
20.9469
20.9341
20.933
20.9216
20.9082
20.8966
20.8707
20.848
20.8062
20.7532
20.6874
20.6192
20.5198
20.4185
20.2946
20.1683
20.0262
19.8576
19.6934
19.5217
19.3374
19.1531
18.9669
18.7813
18.6014
18.4343
18.2685
18.1183
17.9906
17.8598
17.7635
17.6789
17.6075
17.5436
17.4952
17.4465
17.4057
17.354
17.3048
17.2557
17.1918
17.1247
17.0384
16.9387
16.8357
16.7161
16.5822
16.4702
16.3416
16.2441
16.1711
16.1193
16.1452
16.2105
16.3554
16.594
16.8704
17.2122
17.6413
18.0696
18.5298
19.0406
19.4923
19.933
20.3818
20.7652
21.1288
21.4772
21.7447
21.9662
22.1491
22.2949
22.4363
22.5386
22.5765
22.5946
22.6242
22.6398
22.6677
22.7666
22.9035
22.9259
22.8493
22.8024
22.8184
22.8576
22.7594
22.5606
22.4573
22.2616
21.9451
21.7121
21.5456
21.3434
21.1332
20.9231
20.83
20.824
20.8009
20.6156
20.312
19.7877
19.039
18.1136
16.5891
15.7543
15.8197
16.2256
15.4236
13.4806
11.6761
9.93661
5.58483
2.06928
-0.730722
-1.56104
-5.30611
-6.69596
-8.38676
-7.56079
-6.86056
-3.16783
-3.06398
4.78364
7.24976
10.6842
15.8079
18.455
21.9856
24.724
26.0938
29.3784
29.9003
32.1681
33.4179
33.3545
34.8073
34.8354
34.9865
35.4468
34.6642
34.1123
33.1087
32.1415
30.8928
29.7445
28.4757
27.4746
26.1864
24.8585
24.4039
22.8048
22.5655
21.442
21.3791
20.8925
20.3449
20.57
19.7465
20.2819
20.7317
20.4406
24.4566
24.1464
23.0249
22.1193
21.615
21.4922
21.5921
21.7772
21.9434
22.0536
22.1134
22.1145
22.0733
21.9963
21.9134
21.8281
21.7454
21.6626
21.5731
21.514
21.4467
21.3898
21.335
21.2713
21.2356
21.1812
21.1485
21.1099
21.072
21.0488
21.0102
20.9991
20.9679
20.9562
20.944
20.9233
20.9251
20.9043
20.9047
20.8955
20.8783
20.8803
20.8549
20.8426
20.8247
20.7858
20.7574
20.6997
20.6413
20.5719
20.481
20.3866
20.2733
20.1543
20.0189
19.87
19.7205
19.5537
19.393
19.2234
19.0483
18.8866
18.7198
18.5592
18.4164
18.2736
18.1445
18.0397
17.9309
17.852
17.7746
17.7068
17.6521
17.5959
17.5437
17.4835
17.4239
17.3584
17.2751
17.1827
17.0742
16.9381
16.807
16.655
16.4882
16.3414
16.185
16.0553
15.9602
15.8848
15.8971
15.9712
16.1114
16.3526
16.631
16.9942
17.4461
17.9116
18.4283
18.9757
19.4913
20.0119
20.5275
20.9665
21.4029
21.8099
22.1317
22.4133
22.643
22.8295
23.0254
23.1494
23.2005
23.2384
23.2554
23.236
23.2382
23.2962
23.3519
23.329
23.2396
23.1233
23.0287
22.9698
22.8482
22.6674
22.4974
22.2769
21.9959
21.79
21.6223
21.4244
21.2169
21.0568
20.9551
20.8982
20.7664
20.543
20.1656
19.705
18.9757
18.2191
17.4457
16.8906
17.4157
17.6056
16.654
14.5597
12.6841
10.6402
7.45473
4.40979
1.3539
-0.0290161
-2.77425
-4.39173
-6.1381
-5.67315
-4.95962
-2.4666
-1.42015
5.68242
7.50312
10.8829
15.9528
18.2378
22.3573
24.1647
26.406
29.2088
30.2089
32.9008
33.5791
34.4355
35.6417
35.7746
36.2513
36.5112
35.8465
35.314
34.175
33.1585
31.8532
30.5735
29.4599
28.2157
26.7967
25.781
24.8463
23.5109
23.0404
21.8693
21.8324
20.7809
20.667
20.5509
20.0397
20.8188
20.903
20.7247
23.5917
23.4297
22.8925
22.4195
22.1289
22.0161
22.0068
22.0516
22.0923
22.1079
22.1038
22.0668
22.0101
21.9402
21.8681
21.7933
21.7209
21.6537
21.5775
21.5239
21.4579
21.4019
21.3522
21.288
21.2514
21.1971
21.16
21.1215
21.0806
21.0555
21.0148
20.9966
20.9645
20.9448
20.93
20.9042
20.9002
20.8779
20.8726
20.8607
20.8432
20.8415
20.8171
20.8041
20.7831
20.746
20.7151
20.6643
20.6043
20.5391
20.4515
20.3627
20.2569
20.1409
20.0163
19.8769
19.7383
19.5813
19.431
19.2761
19.1085
18.9628
18.8041
18.6521
18.5219
18.3814
18.2634
18.1589
18.0553
17.9711
17.8955
17.8224
17.7613
17.6987
17.6355
17.5703
17.498
17.418
17.3196
17.2125
17.084
16.9344
16.7822
16.6108
16.4296
16.2607
16.0901
15.9497
15.8431
15.7684
15.7757
15.8433
15.9808
16.2184
16.5102
16.893
17.3596
17.8493
18.3927
18.9683
19.5179
20.0843
20.6304
21.1121
21.5865
22.0154
22.3729
22.6888
22.9499
23.1882
23.3785
23.5053
23.5881
23.5867
23.5408
23.5198
23.5241
23.5326
23.5073
23.3937
23.2813
23.2197
23.1555
23.0112
22.8079
22.6146
22.4702
22.2766
22.0389
21.8156
21.6402
21.4713
21.3099
21.1788
21.0701
20.967
20.8068
20.5487
20.1982
19.6773
19.1791
18.503
17.9645
17.7005
18.0893
18.3708
17.6046
15.8572
13.5369
11.1501
8.62877
5.94118
2.95599
1.09307
-1.8248
-2.59843
-3.25413
-3.26294
-2.87122
-1.83657
-0.345505
6.38554
7.45436
11.0889
16.1707
18.2375
22.0661
23.8407
26.6897
28.8988
30.7576
33.1494
33.9733
35.3703
36.2447
36.7321
37.325
37.3629
36.8701
36.1013
34.9084
33.9414
32.4676
31.1884
30.029
28.6342
27.3442
26.3145
25.1548
24.0225
23.2816
22.4208
22.1366
21.1945
21.2572
20.6829
20.5447
21.0368
20.8488
21.0558
22.8628
22.8761
22.8664
22.7485
22.5842
22.4385
22.3251
22.2479
22.1936
22.1442
22.096
22.037
21.9725
21.9061
21.8401
21.7727
21.7087
21.6492
21.584
21.5299
21.4685
21.4117
21.362
21.3031
21.2605
21.2099
21.1676
21.1291
21.0874
21.0564
21.0181
20.9916
20.9602
20.9353
20.9172
20.8927
20.8817
20.8629
20.852
20.8401
20.8229
20.8167
20.7959
20.7782
20.7571
20.7205
20.6879
20.6388
20.5799
20.5145
20.4318
20.3441
20.2437
20.1322
20.0121
19.8817
19.7469
19.5993
19.4551
19.3065
19.1503
19.007
18.8569
18.7123
18.5829
18.4511
18.334
18.23
18.1281
18.0411
17.9608
17.8847
17.8163
17.7485
17.6795
17.6071
17.5265
17.437
17.3334
17.2169
17.0833
16.9309
16.7703
16.5963
16.4132
16.2366
16.0689
15.9258
15.8144
15.7453
15.7441
15.8088
15.9568
16.1921
16.494
16.8852
17.3494
17.8513
18.4034
18.9822
19.5546
20.1316
20.6855
21.185
21.6588
22.0945
22.4744
22.8044
23.0774
23.3259
23.5158
23.6223
23.6922
23.679
23.5677
23.5039
23.5489
23.6404
23.6324
23.4535
23.2565
23.1212
23.0465
22.9517
22.7963
22.6282
22.4553
22.2626
22.0563
21.8616
21.6908
21.5309
21.3726
21.2532
21.1298
21.0196
20.8402
20.6077
20.2467
19.8773
19.3955
18.872
18.6333
18.3091
18.2733
18.8716
18.6069
16.9496
14.8187
12.42
9.74627
6.89049
4.24709
2.16599
-0.461378
-0.638467
-1.47293
-1.9189
-1.45191
-1.10661
1.41344
6.51334
7.57468
11.5778
15.4356
18.3463
22.0339
23.7288
26.8043
29.1856
31.283
33.2715
34.6125
36.0916
36.8553
37.5339
38.0068
37.9539
37.4296
36.5315
35.4611
34.364
32.923
31.6369
30.396
29.0322
27.7079
26.6019
25.4172
24.3499
23.5021
22.6992
22.1356
21.5298
21.4688
20.9001
21.0743
21.2581
21.1016
21.4018
22.8777
22.8954
22.9054
22.8403
22.7166
22.5796
22.4505
22.3417
22.249
22.1656
22.0921
22.0211
21.9531
21.8887
21.8259
21.7632
21.7031
21.6449
21.5845
21.5293
21.4705
21.415
21.3639
21.309
21.263
21.2141
21.1705
21.1304
21.0895
21.0553
21.0188
20.9888
20.958
20.932
20.9113
20.8883
20.873
20.8557
20.8425
20.8291
20.8137
20.8033
20.7848
20.7658
20.7431
20.7105
20.6725
20.6241
20.5664
20.4999
20.4203
20.3332
20.2348
20.126
20.0085
19.8819
19.7496
19.6077
19.4654
19.3199
19.1695
19.0262
18.8808
18.7396
18.6095
18.4814
18.3642
18.2581
18.1574
18.0666
17.9834
17.9045
17.832
17.7609
17.6879
17.6114
17.5281
17.4352
17.3299
17.2124
17.0783
16.9273
16.7666
16.5942
16.4144
16.2406
16.0781
15.9385
15.832
15.769
15.7692
15.8412
15.9956
16.2289
16.5354
16.9227
17.3793
17.8834
18.4315
19.0033
19.5766
20.1481
20.6922
21.1904
21.6584
22.0858
22.4619
22.7937
23.0812
23.3421
23.5535
23.6797
23.7297
23.6997
23.5842
23.4748
23.4557
23.4934
23.4871
23.4103
23.2686
23.1666
23.0673
22.9399
22.7791
22.6072
22.4372
22.2545
22.0675
21.8865
21.7064
21.55
21.3883
21.2763
21.1537
21.0415
20.8646
20.7006
20.3512
20.0428
19.7257
19.1646
19.1115
18.7699
18.4487
18.9845
18.7214
17.1296
15.2527
13.1861
10.7157
7.85408
5.44285
3.25266
1.17333
0.157506
-0.636883
-0.679131
-0.723774
0.266108
2.84119
6.03463
8.25411
12.1331
15.4165
18.4706
21.8548
24.2013
26.8752
29.4955
31.7298
33.4754
35.2178
36.5308
37.3609
38.084
38.4194
38.2785
37.673
36.7863
35.7328
34.5449
33.1338
31.8519
30.6013
29.2223
27.9402
26.7879
25.6468
24.6037
23.7491
22.9976
22.3202
21.8583
21.5866
21.1119
21.2355
21.2712
21.3301
21.7603
23.0227
22.9875
22.9251
22.8381
22.7314
22.6127
22.4893
22.3725
22.267
22.1731
22.0913
22.0169
21.9482
21.8838
21.8215
21.7599
21.7003
21.6422
21.5835
21.5273
21.4699
21.4148
21.3626
21.3099
21.2623
21.2148
21.1709
21.13
21.0902
21.0544
21.0191
20.9878
20.958
20.9321
20.91
20.8886
20.8716
20.8552
20.8415
20.8276
20.8128
20.7997
20.782
20.762
20.7375
20.705
20.6662
20.618
20.5603
20.4933
20.415
20.3278
20.2301
20.1221
20.0052
19.8799
19.7478
19.6081
19.4663
19.3215
19.1742
19.0303
18.8868
18.7475
18.6163
18.49
18.3729
18.2654
18.1648
18.0728
17.988
17.9083
17.8333
17.76
17.6854
17.607
17.5221
17.4284
17.3233
17.2054
17.0718
16.9228
16.7628
16.5927
16.4173
16.2466
16.0889
15.9543
15.8526
15.7961
15.7995
15.8739
16.0343
16.2673
16.574
16.957
17.4066
17.9076
18.4501
19.0155
19.5854
20.1502
20.6896
21.1888
21.6527
22.0768
22.4518
22.7766
23.058
23.3007
23.4932
23.621
23.6833
23.6546
23.5714
23.5072
23.5104
23.5431
23.523
23.4147
23.2632
23.1411
23.0378
22.9209
22.7714
22.6077
22.4385
22.2548
22.069
21.8843
21.7117
21.5518
21.402
21.2749
21.1672
21.0369
20.8913
20.7262
20.4026
20.1658
19.8869
19.3647
19.4739
19.0493
18.33
18.2615
17.8549
16.966
15.2865
13.2278
10.949
8.61342
6.32005
3.9566
2.01873
0.633454
-0.141659
-0.114814
-0.0326867
1.43957
3.6355
6.08548
8.83272
12.3331
15.4866
18.8069
21.7549
24.3671
27.254
29.7535
31.8517
33.6943
35.5319
36.7128
37.6472
38.3194
38.5633
38.3528
37.7368
36.864
35.7953
34.5867
33.2343
31.9424
30.6487
29.2908
27.9844
26.8454
25.7062
24.6213
23.8284
23.08
22.3904
21.9605
21.6069
21.2557
21.2586
21.2453
21.3823
21.5929
22.3844
22.3746
22.3815
22.4002
22.4081
22.4059
22.3994
22.3916
22.3826
22.3749
22.3654
22.348
22.3194
22.281
22.2284
22.155
22.0624
21.9503
21.8175
21.6831
21.5228
21.2939
21.0168
20.7371
20.5098
20.3896
20.4383
20.6485
20.9277
21.1178
21.1982
21.1865
21.125
21.1326
21.2107
21.2427
21.2494
21.2867
21.3694
21.5035
21.6751
21.8434
21.9979
22.1412
22.2364
22.2916
22.3398
22.3252
22.1168
21.7503
21.2683
20.6656
20.046
19.5353
19.2407
19.2053
19.4134
19.7345
19.9529
19.9751
19.8852
19.8799
19.9837
20.1378
20.1417
19.8873
19.4062
18.7504
18.0357
17.2862
16.5395
15.8511
15.254
14.7683
14.4329
14.2881
14.3535
14.535
14.619
14.3459
13.7039
13.3609
13.4588
13.8407
14.329
14.9488
15.5536
16.0106
16.3795
16.722
17.0418
17.3554
17.6528
17.8618
18.0177
18.2032
18.2484
17.9936
17.6016
17.253
16.9626
16.6528
16.358
16.128
15.9164
15.6709
15.361
14.9354
14.3529
13.6252
12.7896
11.8673
10.881
9.85639
8.85499
7.95303
7.17713
6.54304
6.05434
5.68497
5.47503
5.44433
5.55311
5.82658
6.26652
6.84283
7.56638
8.44517
9.47318
10.6611
12.0063
13.4657
15.0415
16.746
18.5377
20.4172
22.395
24.428
26.4898
28.5857
30.7161
32.8115
34.8405
36.827
38.7332
40.5046
42.1208
43.5665
44.8135
45.8275
46.6077
47.1425
47.44
47.5097
47.3558
46.9797
46.3843
45.5823
44.605
43.5097
42.3497
41.1422
39.9008
38.6251
37.3255
35.9932
34.6125
33.1505
31.555
29.781
27.7575
25.4201
22.7768
19.9331
17.2323
15.1545
14.2901
14.8222
16.2884
17.4415
16.9251
15.8013
14.1458
12.2377
11.9388
11.617
10.6556
9.7427
9.41606
10.0449
11.2941
13.2823
15.7975
18.7483
22.0507
25.0022
26.9162
27.2627
26.5772
26.6065
22.377
22.3646
22.373
22.395
22.4047
22.4049
22.3988
22.3916
22.3835
22.3753
22.3659
22.3502
22.324
22.2879
22.2353
22.1593
22.0644
21.963
21.8499
21.6818
21.5099
21.2981
21.0059
20.6947
20.4333
20.2899
20.3292
20.5732
20.8748
21.1084
21.2155
21.2084
21.1402
21.1089
21.1512
21.1989
21.2091
21.2381
21.3193
21.4536
21.6191
21.7716
21.9221
22.0663
22.1488
22.2153
22.2872
22.2667
22.0537
21.6813
21.179
20.5376
19.8717
19.3164
18.9808
18.9023
19.0763
19.4026
19.6846
19.8225
19.8558
19.9035
20.0365
20.1472
20.0717
19.7577
19.2248
18.5418
17.8131
17.0705
16.3422
15.6688
15.0695
14.5534
14.1851
13.9761
13.9451
14.026
14.0565
13.8221
13.441
13.3886
13.5965
13.8915
14.2476
14.8195
15.4512
15.9322
16.2822
16.6323
16.9945
17.3333
17.6806
17.9084
18.0637
18.2543
18.2341
17.8
17.296
17.0998
17.0106
16.7601
16.4415
16.1688
15.9146
15.6286
15.2949
14.8611
14.2654
13.524
12.6925
11.8081
10.8539
9.80392
8.74174
7.79616
6.98632
6.33157
5.84297
5.47356
5.27437
5.26401
5.38008
5.6566
6.11086
6.6895
7.41481
8.30648
9.34593
10.539
11.8877
13.3462
14.9236
16.6363
18.4213
20.2921
22.2615
24.2896
26.3482
28.4374
30.5644
32.6611
34.6942
36.6821
38.5925
40.3636
41.9847
43.4431
44.6922
45.7185
46.511
47.0631
47.3789
47.467
47.3293
46.9599
46.3619
45.5576
44.5859
43.5022
42.3517
41.1599
39.9428
38.6829
37.3889
36.0587
34.6845
33.2504
31.6907
29.9491
27.9363
25.5735
22.8094
19.7476
16.7303
14.3099
13.1211
13.4883
15.0071
16.5595
16.8137
16.1978
14.8846
12.443
10.941
10.0585
8.85245
8.29878
8.31652
9.09824
10.4717
12.4074
14.8728
17.7241
20.8524
23.7446
25.7401
26.4924
26.4312
26.2365
22.3728
22.3701
22.3654
22.3822
22.3872
22.3861
22.3839
22.3832
22.3821
22.3786
22.3723
22.3595
22.3369
22.3045
22.2552
22.1825
22.0948
21.992
21.874
21.7319
21.5436
21.2852
20.9642
20.6411
20.3598
20.1941
20.24
20.4829
20.8
21.0558
21.1808
21.1827
21.1488
21.1357
21.1377
21.1297
21.1229
21.1534
21.2183
21.3372
21.4907
21.6326
21.7868
21.9225
22.0089
22.1038
22.1749
22.1397
21.9237
21.5371
21.0004
20.3376
19.6088
18.9863
18.6012
18.4717
18.6217
18.9948
19.4311
19.8091
20.0921
20.2896
20.3976
20.3785
20.1407
19.6789
19.0297
18.2801
17.5197
16.764
16.0577
15.3996
14.7633
14.1935
13.7407
13.4758
13.3902
13.4189
13.5433
13.6199
13.6808
13.7885
13.9166
14.1371
14.4461
14.9121
15.4508
15.8539
16.1345
16.4292
16.7753
17.1769
17.6101
18.0116
18.3187
18.5165
18.3591
17.8314
17.284
16.968
16.8491
16.7054
16.4735
16.2064
15.9029
15.5633
15.1973
14.7449
14.1286
13.3315
12.4085
11.4195
10.4086
9.34868
8.27768
7.32349
6.50001
5.83101
5.36237
5.02952
4.84409
4.84704
4.9934
5.29803
5.77506
6.38468
7.12961
8.03304
9.09177
10.2804
11.5904
13.0529
14.6377
16.3309
18.1281
19.9917
21.9343
23.9654
26.0391
28.1205
30.2359
32.3456
34.3913
36.3837
38.2989
40.0807
41.7258
43.2049
44.48
45.5404
46.366
46.9568
47.3137
47.4448
47.3511
47.0321
46.4808
45.7063
44.7514
43.6806
42.5266
41.3093
40.0344
38.7785
37.477
36.1393
34.7555
33.34
31.7777
30.0634
28.0315
25.6518
22.7693
19.4639
16.0612
13.1927
11.5939
11.7888
13.4359
15.5723
17.0657
16.6235
14.2975
11.4819
9.03215
7.28614
6.11554
5.80861
6.23511
7.25833
8.8027
10.7629
13.1602
15.822
18.6829
21.4694
23.8186
25.3848
26.0873
26.5209
22.3774
22.3736
22.358
22.3494
22.3417
22.3369
22.3413
22.3564
22.3751
22.3854
22.386
22.3761
22.3583
22.3326
22.2921
22.2282
22.143
22.0351
21.8891
21.6947
21.4724
21.2134
20.9099
20.6008
20.3329
20.1928
20.2623
20.4918
20.7759
21.0015
21.1234
21.1446
21.1251
21.1199
21.0998
21.0512
21.0196
21.0329
21.075
21.1706
21.2981
21.4342
21.597
21.7484
21.8514
21.9489
22.0055
21.9569
21.7327
21.3395
20.7952
20.1276
19.3491
18.6892
18.266
18.0999
18.2401
18.6384
19.189
19.7854
20.31
20.6682
20.8209
20.7213
20.3148
19.6712
18.8488
17.9819
17.196
16.4849
15.8098
15.1761
14.5272
13.9209
13.4451
13.1308
13.0003
13.0134
13.2051
13.5175
13.8297
14.1217
14.4439
14.7642
15.037
15.3133
15.5861
15.791
15.9302
16.1604
16.5531
17.1074
17.7371
18.258
18.6188
18.9669
18.7858
18.0983
17.4995
17.2199
17.0181
16.7963
16.5343
16.213
15.8392
15.4179
14.9639
14.4379
13.7489
12.8865
11.8923
10.7826
9.6341
8.51669
7.4418
6.51002
5.74897
5.09621
4.65613
4.42007
4.284
4.30174
4.5026
4.83024
5.30867
5.96751
6.73618
7.64759
8.72588
9.92517
11.2318
12.6894
14.2797
15.9525
17.7431
19.6075
21.5332
23.5635
25.6469
27.7247
29.8318
31.9542
34.0146
36.016
37.9459
39.7599
41.4415
42.9703
44.3064
45.4254
46.3107
46.955
47.3683
47.5542
47.5216
47.2687
46.7925
46.101
45.2195
44.1946
43.0473
41.7979
40.5101
39.143
37.7302
36.2879
34.8135
33.294
31.682
29.9163
27.9267
25.5534
22.6328
19.1957
15.52
12.1963
10.2
10.2045
11.7707
14.0986
15.527
14.6546
11.9393
8.78504
6.17094
4.22465
3.31997
3.40865
4.22543
5.51032
7.14034
9.12766
11.4301
13.9048
16.5392
19.1742
21.723
23.9262
25.6354
27.01
22.3897
22.3653
22.3313
22.2955
22.2687
22.2579
22.271
22.3085
22.3543
22.3863
22.3995
22.3965
22.3852
22.3662
22.3344
22.2788
22.1775
22.0217
21.8136
21.5647
21.306
21.039
20.7765
20.523
20.3112
20.2261
20.3468
20.5693
20.8027
20.9865
21.0997
21.1285
21.1099
21.0769
21.0377
20.9696
20.8924
20.8758
20.8877
20.9336
21.0573
21.2179
21.3825
21.5359
21.6683
21.7695
21.8086
21.7459
21.5293
21.1561
20.6417
19.9731
19.1635
18.4985
18.0337
17.8198
17.9669
18.3874
19.001
19.7128
20.394
20.8996
21.1251
20.9262
20.3853
19.5652
18.6017
17.6604
16.8874
16.2435
15.6411
15.0305
14.3759
13.7691
13.2546
12.9162
12.7727
12.7915
13.0606
13.4338
13.9082
14.4236
14.8437
15.2834
15.6135
15.6831
15.6871
15.6958
15.6772
15.767
16.1293
16.8064
17.7157
18.6871
19.3429
19.3714
19.052
18.4304
17.8762
17.5293
17.2621
16.9762
16.6563
16.2677
15.8058
15.2922
14.716
14.0272
13.1977
12.1983
11.0797
9.89444
8.65782
7.50069
6.43668
5.5174
4.83424
4.25791
3.86194
3.71607
3.65996
3.72218
3.97621
4.34126
4.81998
5.50097
6.31642
7.24469
8.3326
9.53126
10.8477
12.2996
13.8809
15.5554
17.3413
19.2049
21.1335
23.1702
25.2566
27.3445
29.4584
31.5894
33.6642
35.6836
37.6358
39.4762
41.196
42.7757
44.1743
45.3654
46.323
47.0399
47.5252
47.7864
47.8303
47.6591
47.2757
46.687
45.9011
44.9352
43.8075
42.5213
41.139
39.6506
38.0818
36.465
34.8227
33.1569
31.4455
29.6462
27.6715
25.3657
22.5201
19.0797
15.2806
11.6802
9.45074
9.10794
10.2055
11.8916
12.6192
11.2213
8.28676
5.2504
2.78847
1.00458
0.407207
0.937301
2.09333
3.64595
5.36446
7.38917
9.61329
11.9547
14.4538
17.0338
19.6455
22.1818
24.5102
26.2788
22.3931
22.3498
22.2876
22.2301
22.1885
22.1732
22.1934
22.2496
22.3222
22.38
22.4099
22.4169
22.4158
22.4095
22.3866
22.3131
22.1666
21.9462
21.6634
21.3531
21.0606
20.7999
20.5728
20.3817
20.2624
20.2832
20.4205
20.6339
20.8431
21.0125
21.1271
21.1402
21.0994
21.066
21.0076
20.8748
20.749
20.7124
20.6829
20.7006
20.812
20.9835
21.155
21.3337
21.4918
21.5927
21.6363
21.5763
21.3796
21.0412
20.5542
19.9008
19.1108
18.4413
17.9471
17.6926
17.8071
18.2144
18.8585
19.6062
20.3115
20.835
21.0625
20.8562
20.2459
19.3138
18.2418
17.2675
16.56
16.0112
15.484
14.9114
14.2799
13.6919
13.1852
12.8519
12.7165
12.7633
13.0348
13.4388
14.0226
14.6285
15.1422
15.631
15.9527
16.0072
15.768
15.4462
15.1501
15.1785
15.674
16.6765
17.7418
18.5852
19.2439
19.4703
19.2368
18.7522
18.2893
17.9361
17.6016
17.2383
16.8546
16.3913
15.8444
15.2477
14.5304
13.6846
12.6814
11.4901
10.2158
8.91626
7.6183
6.45197
5.44322
4.56211
3.92074
3.44731
3.10421
3.02297
3.04337
3.1549
3.46189
3.85526
4.3475
5.05722
5.89132
6.84191
7.94784
9.1534
10.4807
11.9364
13.5111
15.2028
16.9857
18.855
20.8048
22.8476
24.9423
27.0515
29.1855
31.3301
33.4292
35.47
37.4381
39.3012
41.0501
42.663
44.1056
45.3546
46.3816
47.1785
47.7429
48.0809
48.1964
48.1046
47.8135
47.3278
46.6415
45.7537
44.6678
43.3923
41.891
40.2332
38.4728
36.6518
34.8166
32.9829
31.1457
29.2961
27.3639
25.1929
22.5832
19.4027
15.7714
12.1686
9.78429
8.97755
9.33015
9.92321
9.49212
7.44303
4.47022
1.64485
-0.6687
-2.23419
-2.55692
-1.80615
-0.219882
1.66649
3.50553
5.54148
7.71833
10.0268
12.495
15.0549
17.6601
20.2831
22.7753
24.6747
22.3691
22.3158
22.2353
22.1661
22.1165
22.0992
22.1245
22.194
22.2884
22.3686
22.4141
22.4289
22.4372
22.4422
22.4278
22.3231
22.1065
21.8063
21.4562
21.0811
20.7463
20.4896
20.3007
20.1787
20.146
20.241
20.4352
20.669
20.8926
21.0691
21.1846
21.1969
21.1436
21.0725
20.9553
20.7858
20.6298
20.5527
20.4991
20.485
20.6
20.7828
20.965
21.1652
21.3336
21.454
21.509
21.4615
21.2927
20.9903
20.5317
19.9068
19.1642
18.5256
18.0313
17.7666
17.816
18.1434
18.7142
19.4212
20.0812
20.5242
20.6882
20.47
19.7781
18.7661
17.6717
16.7697
16.1572
15.6969
15.2475
14.7366
14.1516
13.6161
13.1887
12.9119
12.8059
12.8934
13.1383
13.4855
14.1912
14.7794
15.3099
15.8705
16.1201
15.9637
15.6563
15.3614
15.0176
15.0277
15.6032
16.6275
17.7096
18.5677
19.1623
19.4147
19.328
19.0208
18.6921
18.3653
17.9865
17.5897
17.1246
16.6018
16.0003
15.256
14.4267
13.4173
12.2174
10.9164
9.49685
8.06842
6.75066
5.55286
4.56974
3.76726
3.14546
2.73909
2.46281
2.40777
2.48843
2.65047
2.99007
3.42013
3.98181
4.68099
5.52918
6.50629
7.60958
8.83252
10.1667
11.6284
13.2071
14.8988
16.6875
18.5683
20.5387
22.5918
24.7049
26.8448
29.0059
31.1755
33.3023
35.3695
37.3628
39.2528
41.0273
42.6655
44.1439
45.4386
46.5239
47.3885
48.0245
48.4301
48.6104
48.5895
48.3836
47.9873
47.3851
46.5539
45.4885
44.1675
42.5676
40.7648
38.8289
36.8086
34.7675
32.7514
30.7986
28.92
27.0618
25.0882
22.8398
20.1629
17.0903
14.0872
11.6191
10.259
9.62917
8.91913
7.14468
4.32501
1.27479
-1.38404
-3.58662
-4.95314
-5.0043
-3.98555
-2.18385
-0.11223
1.83168
3.84355
5.9561
8.22247
10.6797
13.2165
15.849
18.4886
20.9573
22.6975
22.3264
22.2728
22.1871
22.1133
22.0603
22.0434
22.0743
22.1528
22.2605
22.3553
22.411
22.4313
22.4444
22.4557
22.4415
22.3069
22.0192
21.6316
21.1985
20.7357
20.3502
20.1026
19.9632
19.92
19.9632
20.1206
20.3748
20.6566
20.9217
21.1427
21.2929
21.3002
21.1987
21.0829
20.9602
20.7708
20.5496
20.4115
20.3411
20.3407
20.4549
20.6469
20.8526
21.0549
21.2381
21.3671
21.4324
21.4083
21.2704
21.0082
20.5969
20.0169
19.3304
18.7284
18.2639
18.0066
18.0012
18.2267
18.6484
19.1998
19.6953
19.9564
19.9464
19.6079
18.9058
17.9094
16.8549
16.0326
15.5202
15.1574
14.8106
14.4106
13.9583
13.5535
13.2396
13.0635
13.0502
13.1625
13.3835
13.7639
14.3451
14.9317
15.4246
15.8466
16.0539
16.0401
15.7097
15.3529
15.2356
15.4441
16.0611
16.9282
17.7958
18.5519
19.1229
19.4004
19.4276
19.3155
19.089
18.7752
18.4186
17.9548
17.4473
16.8888
16.1776
15.3569
14.3724
13.1631
11.8567
10.4206
8.89144
7.43851
6.07534
4.87989
3.89936
3.12981
2.54064
2.15422
1.93671
1.8853
2.00167
2.20663
2.56193
3.04121
3.62471
4.35566
5.21646
6.20559
7.31509
8.53943
9.88478
11.3468
12.9296
14.6331
16.4279
18.3225
20.3172
22.3878
24.5227
26.6945
28.8833
31.079
33.2385
35.3363
37.3618
39.2836
41.0849
42.7429
44.2389
45.5596
46.6828
47.6029
48.3068
48.7834
49.0269
49.051
48.8962
48.5726
48.0542
47.2654
46.2111
44.8327
43.1481
41.1943
39.0944
36.8865
34.681
32.5232
30.4724
28.5607
26.7727
25.0329
23.1997
21.1157
18.759
16.4027
14.3467
12.6695
11.048
8.92031
5.90989
2.35104
-0.878894
-3.48856
-5.63973
-6.90876
-6.82635
-5.66458
-3.77957
-1.68213
0.287486
2.21289
4.22119
6.45257
8.94972
11.5548
14.2806
16.8796
19.177
20.7778
22.2906
22.2405
22.1551
22.0813
22.0262
22.0108
22.047
22.1311
22.245
22.346
22.4044
22.4268
22.4408
22.4513
22.4259
22.2579
21.9013
21.4176
20.8889
20.3366
19.9107
19.6748
19.5764
19.595
19.7041
19.9221
20.24
20.5879
20.919
21.1856
21.366
21.4015
21.3057
21.1685
20.9967
20.7719
20.5175
20.3589
20.281
20.2874
20.4123
20.5974
20.8109
21.036
21.2242
21.3584
21.4271
21.42
21.3153
21.1056
20.7678
20.2777
19.6692
19.0891
18.6435
18.3688
18.2874
18.4073
18.6622
18.9707
19.1754
19.1419
18.85
18.3292
17.5833
16.6674
15.7534
15.0339
14.6139
14.3665
14.1712
13.9403
13.6852
13.4817
13.3401
13.3044
13.3878
13.5277
13.7371
14.095
14.5894
15.0239
15.4349
15.8906
16.0492
15.981
15.8909
15.7766
15.8257
16.1032
16.6074
17.2791
18.0122
18.6833
19.171
19.4958
19.6693
19.642
19.481
19.2378
18.8428
18.3461
17.7924
17.1458
16.3868
15.4394
14.3255
13.0159
11.5424
10.028
8.44678
6.95184
5.58386
4.39556
3.42541
2.64737
2.08219
1.69366
1.49153
1.45364
1.56964
1.80708
2.18092
2.68519
3.3056
4.06216
4.93851
5.93932
7.05433
8.28452
9.64628
11.113
12.6997
14.4182
16.2221
18.1298
20.1467
22.2342
24.3878
26.5865
28.796
31.0131
33.1999
35.3178
37.3638
39.3052
41.1217
42.7921
44.3004
45.6426
46.7895
47.7444
48.5127
49.0567
49.3397
49.3997
49.3062
49.0485
48.5992
47.8658
46.8039
45.3701
43.5667
41.4901
39.2553
36.8771
34.5462
32.258
30.1131
28.194
26.5145
25.0091
23.5472
22.0255
20.4202
18.7069
16.9185
15.0067
12.6374
9.4255
5.45814
1.32322
-2.14285
-4.82615
-6.9377
-8.14408
-8.02719
-6.80727
-4.94165
-2.95633
-1.07092
0.725005
2.63399
4.8802
7.45855
10.1658
12.9616
15.5222
17.6896
19.1187
22.2753
22.2297
22.1464
22.0742
22.0187
22.0062
22.0457
22.1319
22.245
22.3432
22.4012
22.4214
22.4341
22.4422
22.404
22.2009
21.7798
21.2079
20.6034
19.9981
19.5408
19.3093
19.2491
19.3238
19.4787
19.7069
20.0354
20.4356
20.8318
21.1686
21.4081
21.4867
21.4124
21.2593
21.0599
20.8223
20.5607
20.3797
20.2999
20.3226
20.4458
20.6319
20.8624
21.0882
21.2841
21.4197
21.4896
21.5014
21.4312
21.2843
21.0424
20.6689
20.1677
19.6409
19.212
18.9329
18.7798
18.753
18.7975
18.7973
18.5945
18.1603
17.5076
16.722
15.8878
15.0559
14.2921
13.7271
13.4104
13.2819
13.2741
13.2861
13.3036
13.3492
13.4408
13.5865
13.7609
13.929
14.1252
14.4284
14.845
15.2648
15.6431
15.974
16.2143
16.2846
16.2986
16.3434
16.4302
16.6585
17.1006
17.6901
18.3153
18.9043
19.3983
19.8025
20.0174
20.0391
19.953
19.7069
19.2955
18.7722
18.1548
17.4215
16.56
15.5235
14.2991
12.9058
11.3428
9.75836
8.16757
6.63147
5.27814
4.06679
3.08955
2.30118
1.71149
1.3178
1.11019
1.07404
1.19848
1.44904
1.83538
2.37298
3.02985
3.81531
4.70962
5.72293
6.84496
8.07297
9.45276
10.9302
12.5141
14.2468
16.0589
17.9778
20.0121
22.1139
24.2812
26.499
28.7279
30.9459
33.1413
35.2714
37.3142
39.246
41.0476
42.7092
44.2182
45.5708
46.745
47.7304
48.5081
49.0731
49.4353
49.5627
49.4809
49.2338
48.9088
48.2413
47.1342
45.6206
43.7462
41.5767
39.2276
36.7701
34.3112
31.9225
29.7169
27.8074
26.21
24.871
23.7076
22.6268
21.5207
20.2849
18.7833
16.7316
13.7916
9.85937
5.30869
0.825697
-2.85302
-5.61263
-7.65738
-8.7641
-8.61426
-7.42562
-5.67977
-3.93627
-2.26183
-0.623977
1.22004
3.48283
6.10938
8.8965
11.7899
14.4507
16.6389
18.0509
22.2842
22.2424
22.1621
22.0921
22.0392
22.0304
22.0715
22.1555
22.2607
22.3509
22.4026
22.4187
22.4272
22.4313
22.3881
22.1664
21.7004
21.0635
20.4082
19.7752
19.2955
19.0536
19.0019
19.1078
19.2748
19.5071
19.8494
20.2795
20.7106
21.0845
21.3702
21.4963
21.4651
21.3339
21.1466
20.9094
20.6511
20.4811
20.4185
20.4473
20.5804
20.7708
20.9775
21.1882
21.3792
21.5165
21.5977
21.6257
21.5964
21.506
21.3459
21.0882
20.7385
20.3465
19.988
19.6993
19.4856
19.3066
19.0909
18.7141
18.0517
17.1495
16.1001
14.9875
13.9294
13.0835
12.5123
12.1191
11.9189
11.9327
12.114
12.4238
12.7786
13.1423
13.5228
13.8835
14.206
14.4677
14.7177
15.0326
15.3946
15.7595
16.1601
16.4891
16.6819
16.8014
16.844
16.8716
16.9272
17.1071
17.513
18.0442
18.6135
19.2167
19.7646
20.1629
20.4223
20.5155
20.4331
20.1757
19.7602
19.2137
18.5171
17.6868
16.7424
15.6228
14.2938
12.8247
11.2429
9.58413
7.99345
6.44314
5.06363
3.84517
2.83117
2.0258
1.40638
0.995509
0.786509
0.747726
0.859126
1.13569
1.54136
2.10805
2.8021
3.61865
4.53474
5.55199
6.68487
7.90847
9.28287
10.7714
12.3626
14.1103
15.9205
17.8428
19.8987
22.0164
24.1804
26.3852
28.634
30.8463
33.005
35.1152
37.1361
39.0387
40.8035
42.4436
43.9299
45.2262
46.3492
47.3299
48.184
48.8294
49.1893
49.3138
49.3427
49.2979
48.899
48.1949
47.0722
45.5526
43.6342
41.3861
38.9868
36.5031
33.9745
31.5028
29.265
27.382
25.884
24.7035
23.7823
22.9115
21.9805
20.9265
19.5453
17.4678
14.281
10.0067
5.12791
0.509898
-3.18004
-5.93226
-7.85291
-8.78378
-8.61407
-7.61723
-6.18313
-4.8042
-3.3744
-1.83359
-0.0287862
2.19957
4.83566
7.70186
10.7709
13.6783
15.9873
17.4037
22.3162
22.2774
22.2011
22.1332
22.0843
22.0785
22.1201
22.1975
22.2898
22.3665
22.4088
22.4218
22.4259
22.4258
22.3789
22.1629
21.6789
21.0185
20.3248
19.6678
19.1579
18.8862
18.8231
18.9296
19.1192
19.3604
19.6874
20.1119
20.56
20.96
21.2828
21.4386
21.4488
21.3679
21.2211
21.0073
20.7935
20.6711
20.6293
20.661
20.7736
20.9304
21.103
21.2922
21.4751
21.6229
21.7233
21.774
21.7744
21.7286
21.6338
21.4786
21.2846
21.057
20.8372
20.6149
20.369
20.0283
19.5331
18.7633
17.6712
16.33
14.9115
13.5225
12.2876
11.3509
10.7306
10.4129
10.366
10.5276
10.8952
11.5037
12.1965
12.9251
13.6802
14.353
14.8968
15.3197
15.6578
15.9874
16.3456
16.6825
16.9567
17.2105
17.3782
17.3909
17.3397
17.3276
17.3564
17.4582
17.7765
18.3033
18.9097
19.5038
20.0693
20.515
20.8266
20.9533
20.8793
20.6312
20.2149
19.6262
18.8396
17.9802
16.9522
15.6844
14.3224
12.7955
11.1781
9.47998
7.85997
6.32681
4.90397
3.66963
2.63723
1.81397
1.17349
0.733375
0.51711
0.488979
0.619708
0.901419
1.29943
1.88796
2.63144
3.46505
4.39774
5.42792
6.55273
7.78965
9.17039
10.6296
12.2073
13.9942
15.8241
17.7289
19.7752
21.9113
24.1009
26.2563
28.4499
30.6495
32.7645
34.7949
36.7293
38.5722
40.2587
41.811
43.234
44.4775
45.5959
46.6324
47.4618
48.0185
48.4061
48.6577
48.7283
48.6628
48.3988
47.7437
46.5918
45.0443
43.1353
40.9413
38.5645
36.0653
33.4909
31.0241
28.8328
27.0318
25.585
24.4383
23.5327
22.6764
21.8128
20.8328
19.4325
17.2699
14.084
9.84259
5.01516
0.50759
-3.09017
-5.76248
-7.54024
-8.39342
-8.35139
-7.64205
-6.54081
-5.52597
-4.25072
-2.76085
-1.0334
1.08728
3.68523
6.6309
9.89115
13.1393
15.6627
17.2257
22.3661
22.3301
22.258
22.1923
22.1478
22.1445
22.1839
22.2508
22.3268
22.3874
22.4205
22.4331
22.4379
22.4358
22.4007
22.1954
21.7432
21.097
20.3804
19.7062
19.1845
18.8946
18.7993
18.8666
19.0353
19.2597
19.5726
20.0042
20.4584
20.8477
21.1699
21.3498
21.3779
21.3312
21.2385
21.0755
20.9158
20.8308
20.8162
20.8496
20.9449
21.0797
21.2283
21.3889
21.556
21.7054
21.8186
21.8865
21.9033
21.9058
21.8844
21.8404
21.7713
21.6702
21.5527
21.4042
21.1806
20.7674
20.0381
18.946
17.5193
15.8595
14.2034
12.664
11.349
10.3869
9.82402
9.57178
9.54269
9.68668
10.1247
10.877
11.7856
12.8268
13.9416
14.9441
15.7435
16.3563
16.8189
17.175
17.4336
17.6456
17.838
17.9698
18.0581
17.96
17.7799
17.7007
17.6545
17.7009
17.9788
18.4997
19.1267
19.7142
20.3167
20.8064
21.1582
21.3175
21.2811
21.0513
20.6272
20.0009
19.2012
18.2562
17.1252
15.8193
14.4076
12.7962
11.1217
9.44935
7.80736
6.23917
4.79974
3.5661
2.52696
1.67243
0.996506
0.536024
0.342249
0.304684
0.427651
0.745716
1.16274
1.71384
2.47247
3.35201
4.30465
5.34735
6.45213
7.67238
9.09415
10.5695
12.1042
13.867
15.729
17.6567
19.6904
21.7644
23.9377
26.1192
28.2097
30.2557
32.3084
34.2609
36.0289
37.7284
39.3152
40.7304
42.0606
43.2506
44.3023
45.2608
46.0186
46.5968
47.0707
47.4019
47.5657
47.5844
47.3532
46.6643
45.5737
44.1276
42.308
40.1592
37.8277
35.4029
32.9255
30.5224
28.3788
26.5946
25.1411
23.9794
23.0068
22.1046
21.1919
20.1403
18.6565
16.5037
13.4292
9.46402
5.04227
0.841233
-2.59447
-5.1573
-6.8859
-7.7711
-7.89966
-7.51398
-6.77549
-5.99517
-4.82532
-3.40334
-1.75071
0.336217
3.00048
6.14901
9.63334
13.2829
16.1623
18.0096
22.4242
22.3904
22.3232
22.261
22.2225
22.2215
22.2555
22.3081
22.365
22.4097
22.436
22.452
22.4616
22.4603
22.4465
22.2805
21.8939
21.3003
20.6078
19.9484
19.4276
19.106
18.9621
18.9594
19.072
19.2645
19.5602
19.9692
20.4021
20.7667
21.0665
21.2355
21.2794
21.2634
21.2097
21.1083
21.0114
20.9628
20.9666
21.014
21.1039
21.2207
21.3424
21.4736
21.6133
21.7653
21.8843
21.9443
21.9887
22.0277
22.0542
22.0815
22.1047
22.1169
22.0908
21.9874
21.7524
21.2955
20.462
19.2023
17.5864
15.7744
14.0252
12.4531
11.1708
10.2608
9.76976
9.52733
9.45072
9.6651
10.1765
10.9024
11.8427
12.9849
14.2934
15.505
16.4919
17.2852
17.8856
18.2412
18.3495
18.458
18.6217
18.5948
18.5259
18.4125
18.1446
17.9554
17.8527
17.8901
18.1547
18.6411
19.2857
19.8842
20.5028
21.0141
21.4339
21.6355
21.6233
21.4245
21.0552
20.3889
19.5186
18.5483
17.3961
16.0035
14.4733
12.867
11.2051
9.46256
7.77357
6.24384
4.81939
3.53723
2.47037
1.63832
0.956025
0.407077
0.202582
0.212337
0.352509
0.625466
1.04425
1.65455
2.43483
3.27307
4.22454
5.32075
6.44404
7.61314
9.01569
10.5384
12.0974
13.8151
15.6334
17.5488
19.6124
21.6571
23.6605
25.7866
27.8716
29.7132
31.5313
33.3812
34.9902
36.4575
37.8715
39.1472
40.3119
41.3672
42.3147
43.22
43.9938
44.5358
45.0235
45.4754
45.7105
45.7786
45.6205
45.0365
44.0386
42.7477
41.0748
39.0101
36.822
34.5554
32.1943
29.8814
27.8041
26.0052
24.5404
23.3379
22.2787
21.2773
20.283
19.1233
17.5775
15.4039
12.4991
8.9272
4.9878
1.2076
-1.96801
-4.41361
-6.1295
-7.09319
-7.42748
-7.33702
-6.8111
-6.16924
-5.11154
-3.6821
-1.93741
0.315062
3.17845
6.65655
10.375
14.3765
17.7729
20.2064
22.4744
22.445
22.3839
22.3242
22.2912
22.292
22.3227
22.3619
22.4013
22.432
22.4549
22.4742
22.4892
22.4967
22.4895
22.3817
22.0889
21.5811
20.9492
20.3119
19.7795
19.426
19.2251
19.1486
19.2061
19.3739
19.6442
20.0124
20.3929
20.7254
20.9788
21.1347
21.1958
21.1916
21.1644
21.1266
21.0828
21.0723
21.0871
21.1431
21.2234
21.3283
21.442
21.5524
21.6597
21.785
21.9057
21.9992
22.0654
22.1123
22.1697
22.1989
22.2292
22.309
22.3676
22.3099
22.0792
21.5835
20.7069
19.4042
17.7377
15.8775
14.1
12.5007
11.2409
10.375
9.93848
9.83498
9.93812
10.2101
10.6559
11.2922
12.235
13.3967
14.722
15.9667
17.065
17.9838
18.6341
18.9785
18.9934
18.9546
19.1334
19.0391
18.754
18.6282
18.4298
18.1375
17.9659
18.0244
18.3267
18.7579
19.506
20.0324
20.6609
21.2462
21.685
21.8816
21.922
21.8368
21.4496
20.7285
19.8923
18.9491
17.652
16.1677
14.6799
13.0514
11.274
9.52389
7.93288
6.3808
4.88446
3.61591
2.55799
1.67574
0.970754
0.373506
0.160138
0.146041
0.344992
0.664157
1.03299
1.60394
2.45365
3.33379
4.2149
5.29422
6.48638
7.67289
9.002
10.5116
12.1312
13.8659
15.6355
17.4668
19.4398
21.4926
23.4128
25.2916
27.2442
28.991
30.5347
32.1035
33.574
34.8033
35.9419
37.0657
38.0582
38.8873
39.7194
40.5491
41.2985
41.7389
42.2741
42.8139
43.1166
43.2783
43.2733
42.8391
41.9718
40.8917
39.3737
37.4975
35.5682
33.5067
31.2622
29.0835
27.105
25.3005
23.8469
22.6157
21.452
20.3507
19.2618
17.9846
16.3325
14.2071
11.4866
8.2673
4.78935
1.43497
-1.49612
-3.81514
-5.50179
-6.5544
-7.02495
-7.12306
-6.6686
-6.09271
-5.08479
-3.44019
-1.44298
1.0333
4.16803
7.94805
12.0737
16.4632
20.545
23.8268
22.5074
22.4897
22.4331
22.378
22.3487
22.3519
22.3799
22.4094
22.4365
22.4568
22.4767
22.497
22.516
22.532
22.532
22.4739
22.2695
21.8748
21.325
20.7243
20.1904
19.7993
19.5535
19.432
19.4379
19.5627
19.7908
20.1073
20.4333
20.7148
20.9226
21.0577
21.1168
21.1313
21.1275
21.1256
21.1191
21.11
21.1561
21.2289
21.3174
21.4191
21.5288
21.6315
21.7245
21.8269
21.9404
22.0244
22.0864
22.1495
22.1777
22.2481
22.3922
22.4975
22.4716
22.3446
22.1194
21.6575
20.8002
19.5123
17.8931
16.0856
14.3211
12.7519
11.5268
10.6852
10.2728
10.1829
10.3221
10.6285
11.1345
11.8215
12.7233
13.7441
14.8988
16.172
17.438
18.3285
18.9116
19.2824
19.3392
19.1868
19.3348
19.2828
18.8034
18.57
18.5155
18.2755
18.0403
18.1045
18.4887
18.9218
19.5896
20.1657
20.8269
21.4043
21.8171
22.1176
22.1934
22.1245
21.7848
21.0951
20.2314
19.2609
17.9698
16.4305
14.8931
13.2555
11.5148
9.74625
8.12608
6.59134
5.09534
3.79621
2.73435
1.81777
1.07706
0.635735
0.346162
0.208378
0.321997
0.751085
1.21027
1.69901
2.45786
3.4395
4.36004
5.35947
6.56336
7.82412
9.12934
10.5794
12.1996
13.9413
15.6737
17.5002
19.3368
21.2287
23.084
24.8037
26.4267
28.0419
29.3831
30.5813
31.8269
32.8204
33.6636
34.5436
35.3395
35.9786
36.6359
37.2945
37.7756
38.3233
38.9552
39.4641
39.8255
40.144
40.2941
39.9841
39.3591
38.5558
37.3025
35.7026
34.0594
32.2065
30.1223
28.2007
26.3002
24.5612
23.1326
21.8825
20.5941
19.4053
18.2396
16.8033
15.134
13.0661
10.5656
7.65633
4.5344
1.54886
-1.15157
-3.31377
-4.93607
-6.04626
-6.53993
-6.74225
-6.2972
-5.5895
-4.52227
-2.70744
-0.405999
2.27985
5.74484
9.71091
14.4372
19.5072
24.818
29.4765
22.5311
22.504
22.4574
22.4043
22.3839
22.3937
22.423
22.449
22.4694
22.4825
22.4994
22.5191
22.5397
22.5593
22.5667
22.5357
22.4
22.1104
21.668
21.1381
20.6262
20.2176
19.9384
19.7759
19.7193
19.7907
19.9827
20.2426
20.5065
20.7239
20.8912
21.0033
21.0639
21.0894
21.1047
21.1284
21.1491
21.169
21.2298
21.3144
21.4056
21.5089
21.618
21.724
21.8141
21.9072
22.0079
22.0844
22.149
22.1984
22.2342
22.2898
22.3299
22.3438
22.3625
22.2909
22.0613
21.5589
20.7193
19.5284
18.0228
16.3168
14.6692
13.1613
11.961
11.1234
10.6712
10.5553
10.7353
11.0692
11.5911
12.2205
13.0751
14.1082
15.2781
16.3027
17.1951
18.0155
18.8606
19.3421
19.3208
18.9779
19.1421
19.2615
18.7368
18.4112
18.4166
18.2295
18.0451
18.0852
18.5891
19.026
19.6908
20.3529
20.9729
21.5449
22.0542
22.3245
22.4418
22.4309
22.0959
21.3688
20.5411
19.5571
18.2607
16.7221
15.1633
13.4979
11.8334
10.0393
8.3571
6.91225
5.46501
4.03671
2.92699
2.09254
1.29393
0.630325
0.45898
0.510653
0.527786
0.856771
1.39373
1.99324
2.66341
3.57283
4.58951
5.5398
6.70035
8.02469
9.39643
10.8017
12.403
14.1113
15.795
17.5635
19.3065
21.0104
22.6923
24.2731
25.5886
26.9476
28.1196
29.0088
29.9387
30.7102
31.2613
31.8616
32.3749
32.8053
33.2346
33.7231
34.163
34.6361
35.1894
35.6817
36.0141
36.3861
36.7119
36.5732
36.2614
35.8624
34.8654
33.597
32.3449
30.7074
28.8249
27.1605
25.4801
23.8342
22.4609
21.1229
19.7718
18.5598
17.2873
15.7722
14.0888
12.1319
9.83829
7.1494
4.35361
1.68487
-0.730803
-2.72742
-4.32447
-5.43305
-5.84285
-6.08296
-5.57119
-4.76179
-3.54149
-1.6423
0.971392
3.79219
7.56549
11.9486
17.4322
23.681
30.7745
37.6954
22.5135
22.4962
22.4537
22.4094
22.3975
22.4171
22.4527
22.482
22.4996
22.51
22.5229
22.5397
22.5582
22.5771
22.587
22.5632
22.4643
22.2474
21.8932
21.4367
20.9679
20.5556
20.2495
20.0632
19.9802
20.0019
20.1353
20.3391
20.5544
20.7362
20.8787
20.9767
21.0349
21.0666
21.0968
21.1355
21.1698
21.2149
21.2951
21.3928
21.4955
21.598
21.7046
21.8099
21.9057
21.9974
22.0891
22.1513
22.2063
22.2493
22.27
22.2896
22.3034
22.3035
22.2566
22.1018
21.7869
21.2775
20.5243
19.4313
18.0616
16.5369
14.9999
13.5778
12.4448
11.5937
11.1631
11.0061
11.1667
11.5055
12.0224
12.6432
13.4705
14.3381
15.2695
16.1819
17.2038
18.0186
18.4402
18.6281
18.8479
18.9303
18.983
18.9963
18.5638
18.0772
18.0693
18.0162
18.0226
18.0588
18.5538
19.1243
19.7923
20.4345
21.1217
21.6847
22.1804
22.5281
22.6371
22.5982
22.3302
21.6114
20.705
19.8218
18.5599
16.92
15.487
13.8166
12.0932
10.4207
8.7891
7.21437
5.75947
4.48014
3.26231
2.37364
1.67965
1.07632
0.748936
0.818237
0.896
1.16251
1.70205
2.31512
3.01435
3.8112
4.89597
5.90187
7.02618
8.3158
9.71565
11.1444
12.7403
14.3608
16.0513
17.6682
19.3061
20.8343
22.3397
23.7116
24.8311
25.859
26.8577
27.511
28.0992
28.6609
28.9519
29.2367
29.4924
29.6198
29.8123
30.0566
30.3356
30.8558
31.229
31.5504
31.8996
32.3418
32.715
32.8551
32.8584
32.7089
32.2047
31.3711
30.3209
28.8957
27.5283
26.1674
24.5651
23.004
21.8083
20.5098
19.0727
17.846
16.5203
14.9989
13.3118
11.5013
9.31715
6.8404
4.40783
2.01065
-0.152458
-2.0186
-3.44347
-4.55715
-4.85385
-5.14332
-4.54221
-3.67712
-2.23447
-0.341385
2.47335
5.46188
9.59104
14.7399
21.0833
28.8832
37.8666
47.4871
22.5283
22.4723
22.414
22.376
22.3793
22.4162
22.4651
22.5016
22.5192
22.5299
22.5405
22.5562
22.5713
22.5883
22.5949
22.5692
22.4813
22.2875
21.9842
21.5952
21.1637
20.7608
20.4492
20.2442
20.1366
20.1323
20.2262
20.3831
20.5551
20.7032
20.8276
20.927
20.9992
21.0461
21.0906
21.1402
21.1838
21.2465
21.3495
21.457
21.5633
21.6725
21.7818
21.8852
21.977
22.077
22.1747
22.2305
22.2749
22.3109
22.3031
22.2948
22.2923
22.2397
22.1399
21.9203
21.5654
21.049
20.286
19.2911
18.0637
16.6493
15.2794
13.9625
12.8896
12.0937
11.6507
11.4553
11.5822
11.8794
12.4173
12.9507
13.727
14.4757
15.3935
16.2685
17.0483
17.6139
18.1299
18.5977
18.763
18.4884
18.3395
18.36
18.3468
18.0171
17.8021
17.7507
17.8429
17.9482
18.5213
19.0852
19.8082
20.5322
21.2042
21.778
22.3003
22.6679
22.7704
22.7431
22.4078
21.8296
20.8674
19.8849
18.8486
17.1422
15.663
14.1788
12.3877
10.7465
9.211
7.70877
6.1567
4.9396
3.80558
2.83836
2.13177
1.58579
1.23339
1.26654
1.42063
1.66292
2.12135
2.74567
3.49354
4.28678
5.27124
6.34241
7.51431
8.81107
10.1561
11.6837
13.1934
14.6845
16.3436
17.843
19.3263
20.692
22.0178
23.1694
24.1056
24.9024
25.6463
26.0743
26.4026
26.6401
26.7168
26.658
26.6195
26.4822
26.3991
26.379
26.4969
26.8574
27.1465
27.34
27.6654
28.2095
28.6597
28.9269
29.275
29.5074
29.2234
28.693
28.2117
27.3417
26.0393
24.9181
23.7171
22.4389
21.2041
19.8541
18.5712
17.3749
16.1182
14.4538
12.8556
11.1531
9.1434
6.90484
4.68829
2.58265
0.689076
-1.12543
-2.25951
-3.44095
-3.58167
-3.85935
-3.17916
-2.33815
-0.695349
1.08843
4.10305
7.30956
11.6758
17.4903
24.6977
33.974
45.2662
55.8964
22.4071
22.4329
22.3868
22.3509
22.3632
22.4143
22.474
22.5196
22.5414
22.552
22.56
22.5687
22.5796
22.5899
22.5914
22.5581
22.4659
22.2831
22.0037
21.6464
21.2353
20.8371
20.5222
20.3154
20.1942
20.1612
20.2394
20.3712
20.5146
20.6547
20.7867
20.8939
20.9694
21.0255
21.08
21.1395
21.2072
21.2789
21.3848
21.5058
21.6278
21.7415
21.859
21.9642
22.0586
22.1425
22.2222
22.2784
22.3049
22.3278
22.3109
22.2839
22.2309
22.1571
22.003
21.7542
21.3692
20.8115
20.0942
19.1327
17.9974
16.7213
15.4509
14.2653
13.268
12.4818
12.0863
11.8421
11.9934
12.2035
12.7612
13.2242
13.9519
14.6478
15.4646
16.1847
16.8447
17.475
17.8912
18.2398
18.2288
18.1634
18.1472
18.3128
18.1421
17.7433
17.6087
17.2681
17.6286
17.9465
18.5038
19.1861
19.9081
20.5941
21.2963
21.8855
22.3007
22.764
22.7305
22.7281
22.3713
21.7821
20.9783
19.8693
18.8986
17.4609
15.7622
14.4321
12.8217
11.1305
9.57491
8.2327
6.76865
5.42078
4.40872
3.45553
2.75621
2.2462
1.85676
1.90378
2.03455
2.32193
2.69556
3.32
4.0199
4.96255
5.91689
6.95851
8.18956
9.54473
10.8332
12.4015
13.8047
15.2145
16.7127
18.1242
19.3742
20.584
21.7052
22.6945
23.4489
24.0519
24.5387
24.7239
24.7731
24.6662
24.3947
24.0568
23.6308
23.1417
22.8083
22.5913
22.5535
22.4537
22.6864
23.0319
23.4154
23.9997
24.6033
25.103
25.6246
26.0928
26.2066
26.2217
25.9953
25.398
24.7187
24.0097
22.9408
21.6874
20.711
19.6689
18.342
17.1
15.7955
14.3575
12.8275
11.1451
9.34708
7.15683
5.4449
3.30131
1.87287
-0.0764092
-0.846386
-2.08078
-1.9773
-2.35062
-1.52333
-0.773005
0.839282
2.83963
5.60285
8.99582
13.5396
19.081
26.891
36.4643
50.4797
60.6685
16.6159
14.3108
13.6389
12.1857
9.20364
7.54011
3.77311
0.778104
0.722028
0.969988
0.702189
-0.0602866
-1.23928
-2.23532
-2.56167
-1.6482
-0.672534
0.055405
0.82658
0.475376
21.0008
14.6553
13.8025
12.3034
9.17047
7.5868
3.77354
0.646688
0.691025
0.980909
0.717246
-0.031778
-1.23618
-2.2527
-2.60252
-1.67109
-0.670465
0.0390693
0.8497
0.516164
22.8374
15.3231
14.3898
12.4557
9.13302
7.69236
3.68518
0.413557
0.671994
0.99882
0.731223
-0.00486302
-1.24539
-2.30353
-2.67969
-1.7151
-0.677621
0.0118336
0.884596
0.56096
22.985
16.0958
15.1179
12.4976
9.20905
7.86929
3.51081
0.235483
0.709728
1.01286
0.725351
0.015542
-1.26203
-2.33295
-2.76301
-1.79098
-0.723603
-0.0774372
0.88532
0.603815
22.6128
16.8046
15.606
12.3593
9.40711
8.01143
3.25431
0.314751
0.958812
1.05744
0.731423
0.0357832
-1.2749
-2.30402
-2.80984
-1.88548
-0.80662
-0.253237
0.79481
0.620849
22.2661
17.4837
15.9455
12.1929
9.74885
7.96706
2.90982
0.688084
1.39439
1.13194
0.809593
0.0885972
-1.28142
-2.17845
-2.75857
-1.99247
-0.910719
-0.481519
0.598387
0.594943
21.7982
18.0495
16.1441
12.0611
10.1787
7.70479
2.53631
1.23915
1.88163
1.22371
0.95134
0.184067
-1.24097
-1.92556
-2.57618
-2.10244
-1.07193
-0.734952
0.321459
0.524894
21.4471
18.4701
16.1286
11.9935
10.5009
7.28321
2.22443
1.71345
2.23702
1.32845
1.15162
0.273877
-1.14793
-1.5427
-2.23266
-2.15228
-1.3125
-1.01459
0.00025134
0.406172
20.987
18.7315
15.9956
12.0188
10.6231
6.76232
1.96724
2.01252
2.45027
1.46417
1.29816
0.266798
-0.988708
-1.0271
-1.70273
-2.08551
-1.66709
-1.33364
-0.321585
0.249842
20.535
18.9699
15.9129
12.2115
10.5086
6.06337
1.73511
2.25434
2.54783
1.62992
1.32569
0.117847
-0.744075
-0.363862
-1.01322
-1.90141
-2.15172
-1.74159
-0.631843
0.024031
20.1075
19.3277
15.9404
12.635
10.1784
5.10354
1.54207
2.58422
2.87049
1.90679
1.24957
-0.134307
-0.41702
0.410263
0.099749
-1.62452
-2.71018
-2.2509
-0.956355
-0.155302
19.791
19.5774
16.0767
13.2125
9.73331
3.89331
1.34921
2.96025
3.24505
2.29434
1.17002
-0.393151
0.0166624
1.22424
0.923381
-1.36734
-3.30795
-2.83273
-1.29631
-0.33103
19.6593
20.2114
16.3304
13.7448
9.35423
2.6153
1.07725
3.21065
3.62159
2.75778
1.1248
-0.542607
0.549631
2.0143
1.57424
-1.21172
-3.91235
-3.45067
-1.68692
-0.491909
19.7566
20.8644
16.7815
14.0788
9.0611
1.4882
0.692026
3.23364
3.94606
3.22213
1.12756
-0.537203
1.11057
2.71139
2.04954
-1.18185
-4.46363
-4.04544
-2.06012
-0.617733
20.0558
21.5974
17.3792
14.2254
8.77077
0.734588
0.259537
3.11042
4.19725
3.59794
1.18214
-0.35992
1.66657
3.26591
2.33794
-1.23278
-4.8792
-4.53236
-2.38931
-0.703863
20.5333
22.3147
17.9619
14.2781
8.50931
0.349765
0.0552331
3.04534
4.40349
3.82875
1.28186
-0.0444115
2.17552
3.66531
2.48625
-1.29077
-5.08298
-4.84341
-2.62785
-0.737878
21.1391
22.9473
18.4748
14.3426
8.35831
0.370433
0.146163
3.06497
4.52332
3.96896
1.40826
0.273563
2.53216
3.85802
2.51178
-1.31523
-5.07257
-4.94624
-2.74287
-0.732311
21.5824
23.2574
18.8155
14.3926
8.33301
0.645778
0.414469
3.09879
4.52327
3.97835
1.51919
0.524102
2.66592
3.8645
2.45151
-1.30246
-4.91815
-4.87189
-2.75303
-0.717917
21.9805
23.2898
18.9401
14.3902
8.29838
0.947715
0.6844
3.07943
4.45577
3.93569
1.58936
0.640096
2.66378
3.77632
2.35093
-1.29934
-4.73321
-4.71042
-2.7226
-0.714496
21.8155
23.1215
18.847
14.3751
8.24459
1.126
0.874961
3.06606
4.39673
3.80007
1.6033
0.773201
2.68215
3.63442
2.26713
-1.32138
-4.6206
-4.59443
-2.70131
-0.715014
)
;

boundaryField
{
    inlet
    {
        type            zeroGradient;
    }
    outlet
    {
        type            fixedValue;
        value           uniform 0;
    }
    walls
    {
        type            zeroGradient;
    }
    frontAndBack
    {
        type            empty;
    }
}


// ************************************************************************* //
