/*--------------------------------*- C++ -*----------------------------------*\
| =========                 |                                                 |
| \\      /  F ield         | OpenFOAM: The Open Source CFD Toolbox           |
|  \\    /   O peration     | Version:  2.4.0                                 |
|   \\  /    A nd           | Web:      www.OpenFOAM.org                      |
|    \\/     M anipulation  |                                                 |
\*---------------------------------------------------------------------------*/
FoamFile
{
    version     2.0;
    format      ascii;
    class       volScalarField;
    location    "0.11";
    object      p;
}
// * * * * * * * * * * * * * * * * * * * * * * * * * * * * * * * * * * * * * //

dimensions      [0 2 -2 0 0 0 0];

internalField   nonuniform List<scalar> 
8800
(
85.0182
72.6918
65.2929
61.7429
59.8768
58.4513
57.2406
56.1925
55.1392
54.1175
53.2379
52.3023
51.3805
50.4835
49.653
48.8963
48.0975
47.3841
46.8458
46.3933
81.906
72.3389
65.4635
61.856
59.9372
58.4771
57.2451
56.1952
55.1387
54.1112
53.2366
52.3014
51.3772
50.4812
49.6491
48.8962
48.0977
47.3747
46.8371
46.3165
79.9406
72.4145
66.0654
62.2324
60.1058
58.5559
57.2907
56.2289
55.1628
54.127
53.2493
52.3066
51.3783
50.4787
49.6456
48.8899
48.0951
47.3608
46.8811
46.3448
78.4067
72.4781
66.6515
62.6548
60.2892
58.6424
57.3544
56.2835
55.2088
54.168
53.2809
52.322
51.3903
50.4859
49.6455
48.8793
48.0856
47.3482
46.9754
46.6099
77.1548
72.4471
67.1323
63.0653
60.4546
58.7127
57.4047
56.3357
55.2623
54.2253
53.3189
52.3475
51.4039
50.5034
49.6425
48.8719
48.0632
47.3371
46.8833
46.9312
76.177
72.3481
67.5022
63.4174
60.6072
58.7552
57.4356
56.3766
55.3093
54.2831
53.3593
52.3707
51.4182
50.5225
49.6394
48.856
48.0482
47.3325
46.8962
47.3819
75.4173
72.2249
67.7829
63.6989
60.7465
58.7891
57.4428
56.4064
55.3511
54.3289
53.3947
52.3934
51.4306
50.5332
49.6421
48.8378
48.0459
47.3387
46.9995
47.6306
74.8746
72.1236
67.9628
63.9132
60.8671
58.806
57.444
56.4278
55.3762
54.3699
53.4235
52.4073
51.4403
50.5447
49.6377
48.8274
48.0512
47.3657
47.0743
47.809
74.5193
72.0384
68.0848
64.0583
60.9549
58.8214
57.4389
56.4364
55.3981
54.3961
53.4426
52.4193
51.4484
50.5501
49.6406
48.8274
48.0589
47.3946
47.1313
47.9199
74.3466
71.998
68.1374
64.1331
60.9981
58.8263
57.4366
56.4425
55.4074
54.4109
53.456
52.4217
51.4563
50.5557
49.6535
48.8195
48.0768
47.4178
47.1829
47.9578
74.3498
71.9914
68.1376
64.1314
60.9928
58.8314
57.4378
56.4405
55.4085
54.4146
53.4555
52.4246
51.4586
50.5778
49.6613
48.8303
48.0868
47.4426
47.2056
47.9742
74.5252
72.035
68.0786
64.0617
60.9472
58.8221
57.4448
56.4336
55.401
54.4033
53.4492
52.4213
51.4611
50.5873
49.676
48.84
48.1023
47.4741
47.211
47.9157
74.8855
72.1068
67.958
63.9251
60.8539
58.8127
57.4543
56.4173
55.3837
54.3845
53.4313
52.4135
51.4637
50.5948
49.6925
48.8562
48.1289
47.4978
47.193
47.812
75.437
72.2069
67.7697
63.7163
60.7274
58.7931
57.4596
56.3936
55.3555
54.3571
53.4025
52.4048
51.4563
50.6072
49.7137
48.8764
48.1567
47.5366
47.1633
47.6394
76.1966
72.3185
67.4975
63.4376
60.5846
58.7631
57.461
56.3519
55.3207
54.3199
53.3676
52.3855
51.4505
50.6145
49.7344
48.8957
48.2
47.5928
47.1501
47.356
77.182
72.4169
67.1234
63.0957
60.4285
58.7188
57.4417
56.2991
55.2728
54.2778
53.3279
52.3625
51.4416
50.6154
49.7569
48.9146
48.2465
47.6571
47.172
47.0563
78.4333
72.4433
66.6411
62.6922
60.2572
58.6508
57.4016
56.2374
55.2183
54.2346
53.2888
52.3382
51.4327
50.613
49.7755
48.9295
48.2921
47.7164
47.2226
46.7799
79.9703
72.385
66.0486
62.2688
60.0743
58.5619
57.3445
56.1801
55.17
54.1994
53.2606
52.3213
51.4284
50.6107
49.787
48.9442
48.3239
47.7555
47.2675
46.6641
81.9376
72.3093
65.4428
61.8924
59.9091
58.4826
57.2987
56.1485
55.1458
54.1834
53.2501
52.3169
51.4307
50.6119
49.7928
48.9572
48.3385
47.7748
47.2557
46.6265
85.0514
72.6647
65.2736
61.7773
59.8498
58.4586
57.2894
56.1488
55.1484
54.1854
53.2525
52.3191
51.4353
50.6129
49.7941
48.9636
48.3427
47.7756
47.2488
46.75
46.298
46.1866
46.1999
46.2998
46.248
45.9795
45.611
45.1527
44.7629
44.6433
44.8875
45.5923
46.4644
47.3382
47.8761
47.9581
47.4872
46.5038
45.5547
44.4798
43.5843
42.9143
42.3828
42.1262
41.7361
41.3038
40.6616
39.8061
38.9593
37.6712
36.2321
34.6227
32.6739
30.8832
28.9179
26.661
24.7804
22.9439
21.0802
19.7263
18.6163
17.9919
18.1757
18.5217
19.3268
20.9719
22.7809
25.0156
27.9344
30.7229
33.6124
36.7297
39.6611
42.5279
45.1714
47.626
50.0736
52.1465
53.9206
55.5157
56.8155
57.6949
58.015
58.0534
57.3685
55.842
53.6511
50.6097
46.8446
42.4259
37.7099
32.7874
27.7864
23.3775
19.2588
15.5128
12.5319
10.9473
10.0749
9.921
10.6612
12.2177
14.2819
17.0474
20.2499
23.4729
26.9147
30.703
34.5539
38.3819
42.1865
45.8946
49.5845
53.1195
56.3597
59.529
62.6183
65.3847
67.9648
70.4312
72.4962
74.0135
75.0704
75.7808
76.1473
76.366
76.466
76.4658
76.4219
76.4535
76.4547
76.3398
76.105
75.7632
75.5062
75.2866
75.08
74.6317
73.9344
72.9205
70.6012
66.8632
61.4621
54.8303
48.6169
42.1018
35.8765
31.1397
27.4604
24.1339
22.5007
23.4925
25.0522
27.2253
31.3433
36.6033
41.6413
46.307
50.8632
55.0944
58.0261
59.8349
60.7077
60.6014
59.8065
58.3778
56.3657
53.9715
51.0258
48.2062
45.4803
42.7992
40.6314
38.6406
37.1058
35.5552
34.5616
33.9004
34.386
35.5214
37.4339
39.4027
41.6078
43.7215
45.9391
47.7247
49.548
51.3972
54.0447
56.8966
59.7376
61.9425
63.5622
64.9018
66.1968
67.5983
68.919
70.2449
71.1782
71.9532
72.3919
72.8065
72.8497
72.8816
72.5573
72.3781
71.9243
71.4326
70.9214
70.3015
69.7038
68.9041
68.1805
67.0786
65.8794
64.1565
61.7659
57.2395
52.4074
28.5693
46.148
46.0729
46.1004
46.1401
46.0747
45.8815
45.5486
45.2347
44.9652
44.9531
45.1536
45.6591
46.3478
46.9694
47.4509
47.4987
47.1095
46.3381
45.472
44.4944
43.6069
42.9305
42.2876
41.8982
41.4876
41.0139
40.3952
39.577
38.8205
37.6867
36.2502
34.7991
33.0653
31.3684
29.5918
27.5588
25.8079
24.1401
22.5974
21.4723
20.4609
19.9178
20.066
20.4315
21.2995
22.8197
24.4946
26.6132
29.3964
32.1744
34.8432
37.7515
40.5812
43.1676
45.6433
48.023
50.3365
52.3732
54.1909
55.8373
57.1604
58.1104
58.5113
58.3541
57.4876
55.7043
52.9142
49.1458
44.4598
39.0618
33.1004
27.2679
21.7596
16.892
12.5608
8.75327
5.92891
4.18586
3.36495
3.53602
4.65733
6.84271
9.79888
13.3104
17.3777
21.6398
25.9244
30.5109
35.1309
39.6091
44.0966
48.2484
52.186
55.9107
59.2485
62.2351
64.9738
67.4958
69.7583
71.7665
73.2921
74.4364
75.3452
75.958
76.2723
76.453
76.5469
76.5816
76.5241
76.5813
76.6512
76.6533
76.5011
76.3615
76.3613
76.3198
76.1957
75.8456
75.2231
74.0757
71.6319
67.3283
61.1324
54.268
47.1662
40.447
34.2405
28.9499
24.7687
21.0261
19.5682
20.525
22.0067
24.2224
28.4863
34.1344
39.3361
44.3153
49.0305
53.3296
56.7982
58.6868
59.7132
59.9207
59.2005
58.2117
56.2007
53.8992
51.392
48.6454
46.0935
43.3549
41.3363
39.3123
37.8152
36.2103
35.3177
34.7028
35.143
36.2216
37.9704
39.8466
41.8434
43.7604
45.908
47.7551
49.6696
51.5375
54.1386
56.8257
59.6535
61.6346
63.3281
64.4719
65.9884
67.2888
68.7619
69.7459
70.6623
71.151
71.7469
71.9874
72.172
72.0316
71.9346
71.5141
71.1328
70.4814
69.9391
69.1661
68.3788
67.4256
66.2668
64.8895
63.3219
60.4356
58.5855
50.3642
44.23
22.0312
46.1427
46.1159
46.1871
46.1695
46.0552
45.8533
45.5786
45.3469
45.1699
45.1832
45.3546
45.6978
46.2026
46.6474
46.9872
46.985
46.6579
46.067
45.3172
44.4602
43.6292
42.949
42.2712
41.7815
41.3204
40.7986
40.2049
39.4633
38.7488
37.7251
36.4409
35.0877
33.5094
32.0131
30.3473
28.5673
27.1018
25.5463
24.255
23.415
22.4711
22.0569
22.2972
22.6204
23.5292
25.1001
26.7882
28.7926
31.2817
33.8038
36.2188
38.8058
41.3594
43.732
46.0268
48.3251
50.5939
52.6492
54.5251
56.3617
57.891
58.9185
59.3966
59.1067
57.9916
55.8469
52.5243
47.9572
42.2228
35.674
28.5446
21.6292
15.3677
9.99482
5.329
1.59666
-1.03782
-2.78689
-3.54658
-2.89624
-1.16934
1.65097
5.35869
9.67536
14.5452
19.5247
24.6671
30.0882
35.4474
40.6717
45.6703
50.1673
54.3674
58.1991
61.4076
64.3102
66.9522
69.0715
70.9517
72.6564
73.9627
74.8323
75.5695
76.0915
76.402
76.5547
76.6822
76.6979
76.6494
76.7158
76.8825
76.963
76.94
76.9181
77.0708
77.1293
77.1121
76.8794
76.355
75.122
72.6737
68.0231
61.7157
54.2952
46.5723
39.6491
33.1445
27.7808
23.0705
18.9222
17.6262
18.46
19.8818
22.12
26.5796
32.4179
37.9255
42.9074
48.0259
52.3948
55.9764
58.3209
59.2409
59.7748
59.3147
58.3466
56.7165
54.5003
52.3332
49.5653
47.0969
44.4815
42.5604
40.4595
38.9414
37.3003
36.456
35.9741
36.2957
37.3018
38.7711
40.5172
42.2855
44.1065
46.0742
48.0245
49.8756
51.8266
54.1054
56.7927
59.319
61.2828
62.763
63.8966
65.2985
66.7421
68.2844
69.3771
70.172
70.4706
70.9359
71.1363
71.3488
71.1473
70.9249
70.5402
70.0259
69.3907
68.7531
68.0184
67.189
65.8933
65.0615
62.3264
62.2335
56.0563
55.2774
45.2793
36.2684
21.5581
46.0957
46.0957
46.1917
46.0238
45.8001
45.6002
45.4148
45.3559
45.2923
45.3474
45.5113
45.7247
46.0602
46.2965
46.464
46.4673
46.187
45.7346
45.1148
44.3746
43.6626
43.0013
42.3569
41.8127
41.2961
40.783
40.1626
39.4213
38.7682
37.8333
36.7006
35.4855
34.069
32.7893
31.302
29.73
28.5478
27.2369
26.1295
25.5201
24.8096
24.4767
24.8209
25.2646
26.1653
27.7253
29.2866
30.9472
33.1255
35.4004
37.4312
39.6224
42.0382
44.1996
46.2564
48.5427
50.8513
53.0196
55.0998
57.1406
58.9146
60.1115
60.6269
60.3294
58.998
56.4127
52.422
46.8638
40.0293
32.3541
24.3834
16.7004
9.79572
3.96018
-1.04322
-5.20612
-8.07555
-9.67216
-10.1089
-9.1937
-7.02688
-3.55784
1.00089
6.24768
11.8226
17.4678
23.2577
29.4076
35.5178
41.3244
46.696
51.613
56.0385
59.9071
63.1295
65.9562
68.4452
70.358
71.9144
73.3264
74.4072
75.1369
75.749
76.225
76.5392
76.708
76.8548
76.8718
76.8729
76.9448
77.1189
77.2865
77.3685
77.4071
77.6398
77.8018
77.8686
77.7145
77.2514
76.1801
73.5776
69.0823
62.7409
54.8817
47.2072
39.6372
32.8257
27.1819
22.0643
18.0827
16.6768
17.2936
18.6334
20.9804
25.7028
31.5324
37.3503
42.4664
47.5328
52.338
55.8665
58.3595
59.5891
60.1328
60.0487
59.2031
57.7669
55.8482
53.7582
50.951
48.7274
46.0573
44.188
41.9889
40.4579
38.9049
38.0057
37.7477
37.9396
38.7834
40.0377
41.452
43.0581
44.6186
46.4773
48.2517
50.162
52.0906
54.1837
56.5404
58.7862
60.7686
62.0912
63.1864
64.4225
65.8323
67.178
68.4025
69.2031
69.6593
70.0925
70.2308
70.5236
70.3873
70.2714
69.6275
69.2671
68.1083
67.6852
65.9595
66.0424
63.2274
63.7441
59.3887
59.3052
52.8021
49.6251
41.8096
31.5437
22.156
47.6221
47.2617
46.3909
45.6335
45.1857
45.0504
45.0231
45.1854
45.2914
45.4289
45.6006
45.709
45.9162
46.0131
46.069
46.0547
45.7979
45.435
44.9341
44.2962
43.702
43.0726
42.4321
41.9391
41.3674
40.8101
40.2425
39.495
38.8306
38.0349
37.0508
35.9878
34.7627
33.6477
32.4116
31.0105
30.0487
29.1064
28.132
27.7046
27.2915
27.0011
27.4092
27.9747
28.7676
30.153
31.5252
32.9141
34.7845
36.6968
38.3921
40.3137
42.5172
44.4671
46.3921
48.7179
51.0417
53.2982
55.7369
58.0702
59.9956
61.466
62.2564
62.0814
60.5641
57.4723
52.6357
45.9699
37.9319
29.2548
20.6642
12.5621
5.53341
-0.474782
-5.77931
-10.3777
-13.658
-15.3487
-15.5088
-14.6358
-12.4905
-8.51167
-3.10991
2.92489
9.16642
15.5218
21.8933
28.5257
35.1056
41.5093
47.5141
52.7547
57.3294
61.2722
64.5301
67.2634
69.5746
71.2954
72.6364
73.8623
74.7757
75.4111
75.9229
76.3609
76.6627
76.8913
77.053
77.1376
77.184
77.2942
77.4173
77.5742
77.6023
77.8165
78.086
78.3488
78.4432
78.3922
77.9577
76.995
74.4839
70.2678
63.7609
56.0915
48.0952
40.1866
33.3622
27.1808
21.8887
18.1644
16.8158
17.2926
18.3794
20.9004
25.7008
31.6927
37.5551
42.9077
47.8916
52.7942
56.5353
59.0695
60.4171
61.2591
61.2164
60.5575
59.5559
57.4007
55.7379
52.743
50.706
48.0403
46.0379
43.9927
42.4006
41.1644
40.2313
39.9973
40.0359
40.69
41.5097
42.5158
43.7916
45.1405
46.855
48.5702
50.3721
52.2188
54.3066
56.4327
58.3995
60.0297
61.4029
62.5489
63.7353
64.7963
65.813
66.6562
67.555
67.8306
68.6429
68.4832
69.0192
68.4885
69.0276
67.6488
68.3718
66.3234
67.0951
64.3713
64.6311
61.4307
60.5317
57.0769
54.3067
50.3145
44.6825
39.4394
29.9685
22.9992
48.6893
48.1937
46.664
45.4099
44.6963
44.5402
44.6498
44.9365
45.2078
45.4488
45.6422
45.7192
45.8141
45.8385
45.7851
45.7318
45.5133
45.1642
44.7964
44.2403
43.7074
43.1863
42.5467
42.0577
41.5095
40.8971
40.3652
39.6833
39.0055
38.3297
37.4958
36.5727
35.5278
34.561
33.5189
32.3345
31.5762
30.866
30.1304
29.8846
29.5918
29.4097
29.8539
30.3776
31.0363
32.2188
33.5001
34.6599
36.0705
37.7219
39.2636
40.8876
42.7808
44.6111
46.4987
48.7238
51.0387
53.5042
56.2636
58.8949
61.1573
63.0288
64.2085
64.2088
62.5928
59.0011
53.2967
45.6276
36.4895
26.7743
17.4741
9.00701
1.82187
-4.25796
-9.75746
-14.484
-17.7551
-19.4614
-19.7003
-18.8651
-16.7589
-12.6674
-6.82835
-0.0521921
6.94169
13.8297
20.6155
27.5572
34.6401
41.6005
48.0295
53.5599
58.4076
62.4832
65.6825
68.2953
70.452
72.0522
73.2394
74.2693
75.0629
75.6524
76.1483
76.5527
76.8563
77.038
77.2385
77.3392
77.3865
77.4916
77.684
77.8794
78.0394
78.2344
78.5044
78.793
78.9463
78.9031
78.5257
77.553
75.2772
71.1632
64.9096
57.7073
49.3165
41.4661
34.4494
28.1296
23.1036
19.3289
18.0697
18.16
19.1298
21.8693
26.7286
32.8987
38.7365
44.0432
49.1024
53.9958
57.6438
60.4832
61.8157
62.6388
63.1553
62.0789
61.7316
59.4133
57.8941
55.2411
52.9663
50.5432
48.2801
46.4565
44.7406
43.6072
42.5592
42.1984
41.987
42.0766
42.6594
43.4433
44.5179
45.8844
47.391
49.2487
50.9652
52.6974
54.3824
56.3322
58.1659
59.4852
60.6106
61.6481
62.7602
63.8935
64.8304
65.358
66.1343
66.1641
66.7732
66.264
66.5673
65.4611
65.7902
64.4028
64.8505
63.2594
63.4135
61.4144
60.6357
58.5888
56.7682
54.4288
51.3112
48.6601
43.3121
39.5133
31.7632
25.2234
49.2931
48.8477
46.9973
45.411
44.4776
44.2165
44.3884
44.7142
45.0858
45.4274
45.6348
45.7383
45.7691
45.7502
45.6406
45.5347
45.3293
45.0028
44.6826
44.1862
43.7066
43.2345
42.6419
42.1624
41.6445
41.0482
40.5328
39.9472
39.3009
38.667
37.9815
37.1955
36.291
35.4901
34.6165
33.6393
33.0326
32.5121
32.0022
31.8495
31.7205
31.6301
31.936
32.415
33.0335
34.0102
35.0701
36.0777
37.2834
38.6372
39.9713
41.4408
43.0461
44.6038
46.3959
48.534
50.7929
53.4767
56.5455
59.5125
62.3862
64.8014
66.2277
66.33
64.6038
60.4852
53.9758
45.4855
35.7151
25.3962
15.4705
6.63338
-0.897117
-7.29793
-12.986
-17.8089
-21.1223
-22.8667
-23.1045
-22.2018
-19.9467
-15.7243
-9.60203
-2.34167
5.20648
12.4953
19.5993
26.8539
34.2995
41.5894
48.4223
54.3526
59.3235
63.4054
66.6037
69.2056
71.1913
72.5942
73.6843
74.6691
75.4284
75.9475
76.3497
76.7208
77.0365
77.2798
77.4674
77.6068
77.6834
77.7665
77.9471
78.1469
78.3615
78.5853
78.8815
79.2242
79.3557
79.2894
78.9331
78.0138
75.9574
72.0932
66.3429
59.3724
51.4111
43.8109
36.5376
30.3428
25.5411
21.8297
20.5904
19.8425
20.9251
23.7106
28.7899
35.0237
40.8034
46.0571
50.963
55.9214
59.4379
62.0808
64
64.2696
65.2783
64.2053
63.837
62.0468
60.2891
58.0536
55.6112
53.319
51.0078
49.145
47.3198
45.9854
44.8152
44.1079
43.7019
43.3625
43.9973
44.7391
45.7527
47.1674
48.5736
50.2019
51.6744
53.37
54.7949
56.2189
57.578
58.8538
59.9679
60.9777
61.7247
62.5297
63.4891
63.956
64.7045
64.6917
65.0278
64.8341
64.7086
64.0356
63.5969
62.5581
61.9156
60.8242
59.9551
58.6122
57.2981
55.8029
54.0915
52.4222
49.77
47.6329
43.235
39.7979
33.6262
27.5485
49.648
49.2697
47.3097
45.5421
44.4512
44.0772
44.2135
44.5366
44.9576
45.3519
45.6194
45.723
45.7434
45.6997
45.5355
45.4011
45.1506
44.8752
44.5753
44.1148
43.7502
43.2567
42.7127
42.3106
41.7548
41.2119
40.7628
40.2097
39.6168
39.0673
38.5152
37.7957
37.0408
36.423
35.672
34.8707
34.4015
34.0847
33.7159
33.556
33.6219
33.594
33.6814
34.2101
34.8777
35.5381
36.3962
37.4202
38.4486
39.4878
40.655
41.8864
43.098
44.4161
45.9994
47.9495
50.2332
53.0494
56.4123
59.9418
63.387
66.2385
67.8512
67.9393
65.9306
61.3533
54.3153
45.2683
35.1165
24.6693
14.5452
5.48673
-2.26007
-8.97978
-14.8803
-19.9033
-23.5501
-25.4268
-25.6329
-24.6705
-22.1981
-17.7412
-11.3318
-3.78022
4.02761
11.6039
19.0251
26.5191
34.0743
41.648
48.8162
55.0012
60.1196
64.2787
67.4341
69.9487
71.8644
73.1858
74.1764
75.0258
75.7006
76.1963
76.642
77.0495
77.3174
77.4896
77.6464
77.7996
77.9479
78.1056
78.2326
78.3985
78.5819
78.8232
79.1511
79.4685
79.589
79.5183
79.1899
78.4005
76.6782
73.4394
68.3734
61.6556
54.3138
47.0342
39.9042
34.0172
29.0194
25.3279
24.0936
22.8823
23.7364
26.5939
31.9129
38.0496
43.5735
48.8185
53.5712
58.185
61.9682
64.1096
66.381
66.4583
67.3508
66.6825
66.0835
64.6189
62.8055
60.7231
58.3675
56.1446
53.8774
51.872
49.9814
48.4421
47.1658
46.2492
45.8314
45.8354
45.8629
46.645
47.4773
48.6608
49.884
51.3284
52.4563
53.7221
54.9638
56.2477
57.3232
58.3948
59.3009
60.369
61.1992
61.781
62.5153
62.8179
63.4041
63.5774
63.6513
63.6297
63.1237
62.6515
61.8411
61.2096
60.3473
59.8057
58.7039
57.9467
56.6684
55.5365
53.7655
52.2917
49.7018
47.4881
43.7248
40.1688
35.073
29.5531
49.8815
49.5537
47.5466
45.6698
44.4636
44.0213
44.1123
44.4164
44.8569
45.2799
45.6014
45.7038
45.7245
45.6919
45.4658
45.3207
45.0541
44.7447
44.5143
44.0685
43.7258
43.316
42.7562
42.429
41.9465
41.3663
41.0112
40.5314
39.9293
39.5251
39.0583
38.3528
37.8254
37.3264
36.6507
36.1252
35.7122
35.4304
35.2719
35.128
35.2083
35.3285
35.423
35.8234
36.4296
37.0837
37.8092
38.6118
39.4213
40.2541
41.2131
42.1324
42.8994
43.9302
45.3075
46.867
49.1005
52.1612
55.7898
59.7792
63.6788
66.8937
68.7456
68.8065
66.4845
61.5261
54.1999
45.0189
34.7518
24.2813
14.2127
5.13247
-2.69218
-9.54899
-15.614
-20.7639
-24.6383
-26.7892
-27.1359
-26.0846
-23.3251
-18.616
-12.0347
-4.35361
3.60244
11.3277
18.8906
26.5152
34.197
41.968
49.2952
55.6486
60.9349
65.0704
68.198
70.6933
72.526
73.7117
74.6282
75.457
76.1334
76.5881
76.978
77.3314
77.5703
77.7656
77.909
78.0765
78.26
78.4036
78.4764
78.617
78.7915
79.0469
79.3815
79.6019
79.6693
79.5939
79.3712
78.8124
77.4831
74.9632
70.7254
64.7107
57.9026
50.8039
43.9915
38.3527
33.1435
29.5044
28.0102
26.0142
27.4008
30.0077
36.0206
41.5401
47.0872
52.173
56.9706
61.0832
65.0152
66.7974
68.9187
69.1022
69.6779
69.1076
68.3416
66.9563
65.2374
63.2712
61.0331
58.856
56.575
54.5082
52.6219
50.9278
49.5568
48.5383
47.9863
47.8833
47.8925
48.6204
49.3473
50.358
51.1883
52.266
53.2418
54.275
55.1704
56.1545
57.1309
58.1285
58.9727
59.7827
60.6774
61.3378
62.0139
62.3588
62.5766
62.9992
63.0152
63.1511
62.7498
62.3388
61.6639
61.1307
60.2794
59.8004
58.5593
58.018
56.4893
55.7246
53.7326
52.4011
49.7886
47.4564
44.0924
40.5304
36.1148
31.2906
49.9903
49.7096
47.7052
45.7743
44.5433
44.0397
44.0832
44.3637
44.8012
45.2769
45.5728
45.7054
45.7218
45.6422
45.4616
45.2346
44.99
44.7008
44.4209
44.1061
43.726
43.3351
42.9042
42.5022
42.1198
41.5958
41.1984
40.8556
40.3199
39.9456
39.5779
39.0004
38.5328
38.1573
37.6693
37.2363
36.9377
36.7117
36.6472
36.6133
36.6839
36.9511
37.1014
37.2985
37.9023
38.6222
39.1097
39.7509
40.4825
40.9436
41.5929
42.2742
42.5539
43.0234
44.1252
45.3866
47.242
50.5199
54.5771
58.837
63.0934
66.5522
68.3698
68.1311
65.5992
60.6471
53.4699
44.6486
34.7849
24.6041
14.7621
5.70236
-2.21571
-9.07409
-15.1466
-20.364
-24.3477
-26.7305
-27.3932
-26.1464
-23.1713
-18.2296
-11.5632
-3.96333
3.86227
11.6029
19.2819
26.9551
34.683
42.5294
49.9598
56.4277
61.8132
65.8817
68.9882
71.4238
73.1319
74.2557
75.1746
76.0142
76.6007
76.9264
77.2879
77.6858
77.9352
78.0484
78.1475
78.3283
78.5877
78.7496
78.7373
78.8565
78.9388
79.1984
79.4955
79.6617
79.7265
79.698
79.585
79.2596
78.2962
76.4346
72.9127
67.7984
61.6843
54.8974
48.4712
42.7414
37.4442
33.8396
31.9945
30.1254
32.2083
33.4873
41.2657
44.5977
51.6881
55.6118
60.8505
64.3717
68.4456
70.0276
71.968
72.1805
72.3369
71.6771
70.7052
69.4103
67.6732
65.7882
63.6316
61.4516
59.208
57.105
55.1532
53.4284
51.9212
50.8297
50.2659
50.1745
50.2027
50.7368
51.2121
51.9846
52.6426
53.3872
54.0236
54.8147
55.5372
56.3324
57.0506
57.853
58.6533
59.4516
60.1707
60.7408
61.3097
61.9846
62.3148
62.7732
62.7787
62.6477
62.4285
62.2186
61.6199
61.4286
60.6652
60.4165
59.2851
58.6551
57.1467
56.0851
53.9922
52.4541
49.8939
47.4363
44.3192
40.8561
36.9081
32.7142
49.9978
49.7752
47.7778
45.8128
44.6019
44.1155
44.1137
44.4117
44.825
45.2843
45.5976
45.6845
45.7371
45.6241
45.4215
45.2099
44.9093
44.68
44.3766
44.1093
43.7859
43.3469
43.0537
42.6093
42.252
41.8832
41.3949
41.162
40.7404
40.3015
40.0926
39.641
39.169
38.9609
38.6694
38.2377
38.0713
38.0069
37.881
38.0114
38.177
38.3311
38.6043
38.8444
39.3402
40.0257
40.4752
40.9785
41.5744
41.7352
41.9624
42.3818
42.2206
42.0171
42.4203
43.2327
44.7839
47.8073
52.2523
57.1892
61.6124
64.8336
66.2211
65.6859
63.151
58.6927
52.261
44.2081
35.0623
25.476
16.0484
7.17607
-0.755821
-7.62229
-13.6192
-18.7096
-22.6609
-25.1005
-25.7089
-24.5287
-21.5072
-16.5413
-10.0977
-2.798
4.79597
12.4661
20.1044
27.7629
35.5724
43.4944
50.8872
57.3461
62.6926
66.6835
69.7997
72.1643
73.7475
74.7831
75.6735
76.5135
77.0597
77.3972
77.7755
78.0919
78.2398
78.2679
78.36
78.605
78.9148
78.9875
78.8686
78.6187
78.8733
79.226
79.6031
79.8239
79.8811
79.9055
79.8549
79.7299
79.0867
77.7591
74.9442
70.7024
65.2055
58.9359
52.7512
47.4123
41.8602
38.2613
36.1374
33.672
37.6968
37.3863
47.3046
46.9435
57.0938
58.4969
64.9824
67.8223
72.1142
73.7773
75.5323
75.7076
75.4101
74.6631
73.4664
72.1655
70.2962
68.4145
66.2223
64.1054
61.8667
59.795
57.7729
56.1214
54.6584
53.835
52.9311
52.6631
52.5464
52.8047
53.0609
53.455
53.8912
54.4194
54.8613
55.3184
55.7693
56.4452
57.0826
57.7794
58.3805
59.0962
59.7347
60.4868
60.9771
61.5776
61.9632
62.3631
62.574
62.8227
62.6858
62.538
61.9107
61.6991
60.7405
60.4359
59.093
58.5395
56.9696
55.813
53.8685
52.1573
49.7701
47.2896
44.3465
41.1042
37.5655
33.8434
50.0765
49.8366
47.8062
45.87
44.67
44.2244
44.224
44.5003
44.955
45.3193
45.6338
45.7204
45.6825
45.6494
45.3702
45.1716
44.9492
44.6036
44.4025
44.1181
43.7703
43.4633
43.1046
42.7814
42.4315
42.0657
41.7386
41.4004
41.1213
40.8088
40.5004
40.233
39.9137
39.658
39.4982
39.3158
39.1062
39.1247
39.1964
39.2495
39.5003
39.6946
40.0219
40.3742
40.728
41.4065
41.8456
42.1193
42.6074
42.7817
42.6186
42.4639
41.902
41.1169
40.6417
40.4785
41.5226
44.6441
48.9191
53.7213
58.504
61.8787
62.9029
62.052
59.4451
55.7966
50.7377
44.0667
35.9985
27.1563
18.1307
9.52579
1.66704
-5.27691
-11.2525
-16.1839
-19.9698
-22.3106
-22.8666
-21.7045
-18.6764
-13.9661
-7.93118
-1.02451
6.26339
13.753
21.3292
29.0091
36.9053
44.7343
51.9998
58.441
63.6321
67.5412
70.5653
72.8153
74.315
75.3392
76.2631
77.0304
77.3854
77.6555
78.107
78.5319
78.6825
78.5976
78.5912
78.8351
79.1243
79.1931
79.0645
78.9729
79.1071
79.4667
79.7871
79.9826
80.0635
80.1038
80.2011
80.3442
80.0083
79.0448
77.0064
73.6921
69.111
63.0996
57.0563
52.0218
46.1362
43.1891
40.5164
38.7192
42.5629
42.316
51.9746
49.2863
62.2139
60.7485
69.0266
71.4202
75.798
77.8315
79.3314
79.5676
78.9855
78.2092
76.759
75.3808
73.3133
71.4105
69.0873
67.0014
64.7062
62.6795
60.6174
58.9778
57.4563
56.4282
55.5156
55.0745
54.7508
54.6455
54.6216
54.7564
54.9835
55.2478
55.4999
55.7651
56.03
56.4563
56.9352
57.4974
58.0841
58.7937
59.4394
60.1696
60.7696
61.4188
61.9015
62.3102
62.3683
62.667
62.4448
62.3782
61.8694
61.6058
60.896
60.3974
59.3548
58.4361
56.9316
55.5612
53.715
51.8282
49.5604
47.1207
44.363
41.372
38.1581
34.757
49.9809
49.7695
47.7475
45.9097
44.7852
44.3666
44.4435
44.6627
45.1022
45.4517
45.6228
45.776
45.6654
45.6
45.4166
45.0844
44.9715
44.6193
44.3482
44.2212
43.7806
43.5514
43.2634
42.8622
42.6603
42.2774
41.99
41.7315
41.42
41.2434
40.9396
40.759
40.6023
40.3309
40.3082
40.2829
40.1201
40.227
40.4276
40.4339
40.7215
41.0635
41.2413
41.6761
42.1508
42.5862
43.0263
43.4127
43.6714
43.7554
43.5838
42.8041
41.5945
40.3937
39.1493
37.8564
38.1918
41.284
45.621
50.1718
54.7776
57.9051
58.2551
56.4629
54.6194
52.3629
49.1934
44.407
37.6937
29.8731
21.4562
13.0893
5.23947
-1.80716
-7.86883
-12.8386
-16.55
-18.8047
-19.4178
-18.3111
-15.4582
-11.0641
-5.44436
1.11568
8.12282
15.4276
22.9675
30.7014
38.5947
46.2557
53.4098
59.6137
64.5094
68.3339
71.2794
73.4213
74.7718
75.7397
76.7053
77.4388
77.8213
78.1528
78.5599
78.8485
78.8619
78.7975
78.8731
79.1558
79.4153
79.4444
79.2793
79.117
79.2401
79.5744
79.9714
80.2755
80.3987
80.4094
80.7217
81.1655
81.1478
80.4898
79.0368
76.6951
73.3448
67.4749
62.4543
56.7714
51.0759
48.5871
44.8611
43.5916
46.7777
46.8335
57.0544
52.7111
66.2841
62.9335
72.1971
74.1119
78.6607
81.2634
82.7914
83.4641
82.8997
82.1916
80.5507
79.0511
76.8368
74.7765
72.3222
70.0845
67.7281
65.5969
63.4948
61.7158
60.096
58.8494
57.8174
57.1165
56.5582
56.2655
56.0974
56.023
55.9868
56.0025
56.0387
56.1169
56.1735
56.3491
56.6604
57.1514
57.7163
58.4185
59.0628
59.8138
60.4778
61.1336
61.5783
62.1782
62.4076
62.5601
62.2587
62.141
61.5558
61.2059
60.4002
59.8007
58.8508
57.8852
56.5435
55.0901
53.3801
51.4937
49.3596
47.0408
44.4771
41.6969
38.7079
35.5429
49.731
49.5104
47.5975
45.9051
44.9647
44.6457
44.7303
44.9434
45.317
45.5681
45.709
45.7758
45.6536
45.5988
45.3622
45.1215
44.9707
44.6224
44.414
44.2052
43.8489
43.6345
43.3548
43.0243
42.8125
42.5059
42.2205
42.0265
41.775
41.5938
41.4364
41.2539
41.1546
41.0661
41.0403
41.1075
41.1406
41.2453
41.4563
41.6231
41.8308
42.1188
42.3787
42.81
43.3815
43.6764
43.9113
44.5133
44.7711
44.5088
44.3799
43.6145
41.799
39.8227
37.8682
36.1272
36.2533
38.8138
42.7304
47.1301
51.4762
53.9916
53.531
51.5342
49.9705
49.2685
48.1439
45.2656
40.0436
33.2684
25.6223
17.6452
9.86616
2.72076
-3.51148
-8.63093
-12.459
-14.806
-15.5288
-14.596
-12.0228
-7.93197
-2.66273
3.51001
10.305
17.5073
25.01
32.7605
40.5216
47.9911
54.8606
60.6894
65.3809
69.0877
71.8933
73.8467
75.1582
76.2242
77.1839
77.7534
78.0788
78.4559
78.9237
79.2247
79.2228
79.093
79.1318
79.4023
79.6491
79.6523
79.4355
79.3644
79.4751
79.8764
80.3035
80.6516
80.8305
80.9991
81.2732
81.8959
82.2103
81.8535
80.7755
79.0971
76.3468
72.4286
67.6447
62.2856
57.8682
54.1847
49.7592
49.5665
50.9071
50.9402
60.0849
57.0634
68.28
65.2839
74.1997
74.8931
80.4008
83.3804
85.6747
87.0259
86.8034
86.1862
84.5126
82.8098
80.4374
78.1239
75.5473
73.0741
70.578
68.2585
66.1152
64.142
62.4121
60.9764
59.7752
58.7894
58.0445
57.637
57.3409
57.1066
56.9049
56.7289
56.5024
56.283
56.1994
56.2103
56.3573
56.7063
57.2511
57.8923
58.5431
59.3336
60.0844
60.788
61.2415
61.7305
61.9248
62.0389
61.9249
61.8042
61.4397
61.0084
60.3541
59.595
58.6505
57.5714
56.2607
54.7907
53.1515
51.308
49.2643
47.0453
44.6212
41.9991
39.2047
36.2488
49.2294
49.0819
47.4282
46.0542
45.3046
45.048
45.143
45.2637
45.5589
45.6874
45.7519
45.7954
45.6167
45.5936
45.3455
45.1156
44.9938
44.6278
44.4914
44.2358
43.9122
43.7742
43.4179
43.204
42.993
42.6515
42.5209
42.2427
42.0544
42.0004
41.7557
41.7244
41.6958
41.5999
41.7389
41.8504
41.9675
42.1768
42.3535
42.5655
42.7969
42.9758
43.2726
43.7019
44.1678
44.5529
44.6685
44.9563
45.3957
45.3108
44.9339
44.2145
42.5021
39.9829
37.1769
34.936
34.659
36.7476
40.5293
45.1301
49.3768
51.2224
50.175
48.1572
47.0942
47.5992
48.2259
47.1007
43.1764
37.3139
30.2997
22.7888
15.2294
8.06194
1.64349
-3.73104
-7.79321
-10.3474
-11.3091
-10.6997
-8.39926
-4.60861
0.351376
6.25002
12.8514
19.9562
27.364
34.9828
42.509
49.7558
56.2217
61.6926
66.1863
69.6936
72.3555
74.1882
75.4898
76.5639
77.4271
78.0009
78.4547
78.8858
79.2579
79.4094
79.4473
79.4488
79.5413
79.7519
79.8753
79.7951
79.5871
79.437
79.6077
80.0903
80.4873
80.8558
81.1495
81.2771
81.5903
82.4028
83.0078
82.6639
81.7266
80.314
78.384
76.0433
71.3621
67.7813
64.1368
59.2424
56.6605
56.536
54.6097
57.3479
62.2527
61.3337
69.2341
65.8734
74.5267
74.8826
81.7951
85.2415
88.4832
90.2474
90.3539
89.7421
88.0242
86.1139
83.5929
81.0713
78.3398
75.6751
73.0504
70.5669
68.3082
66.207
64.3791
62.7433
61.4103
60.2779
59.3452
58.6905
58.2492
57.9751
57.6545
57.3667
56.9789
56.4721
56.112
55.9273
56.0059
56.2289
56.7103
57.3026
57.9728
58.8331
59.5744
60.289
60.8613
61.3794
61.6186
61.7639
61.739
61.4984
61.0855
60.5945
59.9798
59.2231
58.2962
57.2326
55.9977
54.5621
52.9682
51.1851
49.2231
47.1031
44.793
42.3219
39.7046
36.9253
48.3699
48.3537
47.2494
46.2934
45.8
45.5809
45.5849
45.6409
45.7631
45.7946
45.809
45.7727
45.616
45.5659
45.3386
45.1484
44.9978
44.6829
44.5302
44.2882
43.9987
43.8303
43.5309
43.2963
43.1174
42.843
42.6793
42.5011
42.31
42.2454
42.1074
42.0632
42.1074
42.0884
42.2488
42.4261
42.5713
42.8546
43.0533
43.2181
43.443
43.5775
43.8312
44.2086
44.5102
44.9193
45.2461
45.3275
45.5241
45.7003
45.4601
44.5992
42.8694
40.3218
37.285
34.6844
33.622
35.4945
39.5415
44.5265
48.7466
50.225
49.2766
47.5932
46.6027
47.7508
49.5604
49.8603
46.8645
41.8143
35.3264
28.1905
20.8936
13.794
7.25667
1.64512
-2.73466
-5.60532
-6.83452
-6.50627
-4.51476
-1.03416
3.61272
9.22027
15.613
22.5339
29.7624
37.1601
44.4044
51.2545
57.3025
62.4638
66.7344
70.0827
72.5966
74.3723
75.7076
76.8016
77.6065
78.213
78.7456
79.2368
79.6089
79.7817
79.7848
79.7088
79.7792
79.9923
80.1655
80.1035
79.8323
79.6815
79.8683
80.4235
80.7385
80.9389
81.1784
81.4126
81.9159
82.6394
83.4598
82.9379
82.1195
80.997
79.5706
77.2629
74.2981
71.3472
68.0517
63.747
61.4039
59.0298
58.3718
61.6931
62.5161
63.3524
67.1286
68.4459
73.7528
78.7955
83.9853
88.2837
91.4623
93.1201
93.2018
92.4978
90.7527
88.6941
86.0919
83.4232
80.5883
77.8121
75.0615
72.4484
70.0529
67.8535
65.9313
64.1742
62.7533
61.4866
60.4741
59.6637
59.0852
58.7041
58.3194
57.9198
57.3225
56.5821
55.9104
55.5056
55.547
55.7106
56.1794
56.7769
57.5242
58.3832
59.164
59.9136
60.5743
61.0951
61.3599
61.4816
61.4605
61.2187
60.8605
60.4063
59.7826
59.0036
58.1204
57.061
55.8316
54.418
52.8689
51.1493
49.2652
47.2261
45.0132
42.6653
40.1744
37.5296
47.5001
47.6103
47.1475
46.6748
46.3591
46.1089
46.0037
45.9353
45.9175
45.8721
45.829
45.7615
45.6125
45.5367
45.3348
45.157
44.9973
44.7083
44.5628
44.3232
44.0518
43.8993
43.6012
43.3979
43.2304
42.9655
42.8348
42.6561
42.493
42.445
42.3378
42.3226
42.3634
42.4122
42.5891
42.7812
42.9967
43.2661
43.4614
43.5896
43.7156
43.8457
44.1347
44.4736
44.5773
44.8224
45.3347
45.6332
45.6302
45.6217
45.4918
44.8614
43.3541
40.9395
38.0513
35.7581
35.0903
37.097
41.4811
46.4746
50.1922
51.2334
50.499
49.1744
48.5639
49.3441
51.4239
52.4008
50.4783
46.1125
40.2953
33.6046
26.5189
19.4342
12.7591
6.89481
2.20235
-0.990477
-2.51429
-2.31925
-0.691845
2.39973
6.70613
12.0197
18.1556
24.8728
31.8846
38.9569
45.861
52.306
58.0266
62.9033
66.9647
70.2299
72.6412
74.4376
75.8378
76.9109
77.7177
78.4256
79.0554
79.5736
79.8896
80.0175
80.0601
80.0709
80.1442
80.2759
80.2803
80.0651
79.6901
79.7955
80.2317
80.9931
81.3807
81.5044
81.4474
81.0696
80.8852
82.0494
82.6331
82.0977
82.1803
82.6702
81.9425
79.7902
77.1566
74.0804
70.5487
67.3347
64.809
61.9312
60.7061
60.873
60.4224
64.2121
67.3367
76.3834
75.7619
86.0851
86.7026
91.8618
93.9392
95.3057
95.2298
94.4335
92.7177
90.5667
87.9549
85.1952
82.2996
79.4435
76.6055
73.9306
71.4525
69.1849
67.1467
65.3149
63.7803
62.3888
61.315
60.4929
59.9263
59.4216
58.8877
58.3275
57.5232
56.6211
55.7404
55.2263
55.0753
55.1316
55.5719
56.1279
56.9826
57.9185
58.7784
59.5612
60.2885
60.8779
61.1913
61.3391
61.3419
61.1297
60.7524
60.2579
59.6269
58.8737
57.9972
56.9199
55.7182
54.3563
52.8447
51.1684
49.343
47.3791
45.2634
43.0195
40.6365
38.1192
46.8
47.0297
47.1157
47.015
46.8073
46.5325
46.3139
46.1415
46.031
45.925
45.8429
45.751
45.6018
45.5048
45.328
45.1473
44.9854
44.7397
44.5684
44.3536
44.103
43.9185
43.6685
43.4577
43.2849
43.0728
42.9191
42.7644
42.6237
42.5533
42.4777
42.4592
42.5118
42.5873
42.7576
42.9734
43.1849
43.4329
43.6308
43.703
43.7246
43.8254
44.1415
44.5689
44.79
44.8765
45.0871
45.3504
45.5736
45.5908
45.3968
44.8399
43.7207
41.9434
39.7145
38.1945
38.6029
41.291
46.2009
50.7443
53.294
53.0167
51.4734
50.0044
49.1334
50.0714
52.2303
53.5896
52.6136
49.2786
44.6148
38.7849
32.1205
24.9926
17.9994
11.6974
6.56841
3.00111
1.09957
0.838892
2.21254
5.08862
9.14497
14.2222
20.1463
26.6476
33.4098
40.1729
46.7709
52.9026
58.3495
63.0511
66.9879
70.1908
72.5437
74.4061
75.8719
76.9602
77.8819
78.6838
79.318
79.8086
80.1279
80.269
80.2942
80.2062
80.2129
80.3774
80.5884
80.6322
80.4939
80.287
80.8146
81.6341
82.0641
82.054
81.963
81.2986
80.8067
81.514
81.4663
81.6062
83.3781
85.087
84.24
82.6234
79.8185
76.7227
73.6521
70.0295
67.9928
65.5173
63.3054
63.9104
60.7041
70.8151
70.6601
83.7097
79.3056
91.269
88.3987
94.1699
95.5219
96.6233
96.5042
95.6621
94.0002
91.8333
89.2309
86.429
83.5139
80.5847
77.7336
75.0297
72.5374
70.2076
68.0759
66.1789
64.5236
63.0271
61.8164
60.9474
60.3897
59.9426
59.4678
58.8269
57.8539
56.671
55.522
54.9147
54.7208
54.8564
55.3051
55.8625
56.7403
57.6397
58.5853
59.42
60.1812
60.8168
61.1314
61.3061
61.2919
61.0792
60.6886
60.1815
59.5624
58.8095
57.9248
56.8516
55.6824
54.3447
52.8521
51.2097
49.4342
47.532
45.4973
43.3542
41.0835
38.7062
46.8191
47.014
47.1265
47.0759
46.9001
46.661
46.4401
46.2517
46.0983
45.9623
45.8478
45.7303
45.5923
45.4705
45.3089
45.1399
44.9649
44.7511
44.5673
44.3537
44.1261
43.929
43.6996
43.4974
43.3177
43.1228
42.9667
42.8171
42.6858
42.6014
42.5274
42.5019
42.5356
42.6208
42.7842
43.0128
43.2722
43.5244
43.7017
43.7843
43.7978
43.8498
44.0769
44.3781
44.6369
44.8834
45.138
45.3241
45.4156
45.4165
45.2553
44.8162
43.9913
42.7816
41.3071
40.8325
42.2397
45.23
50.9441
54.797
56.2129
54.9175
52.5265
50.4041
48.3375
47.7128
50.5496
52.7752
52.839
50.7421
47.1659
42.9314
37.2586
30.216
22.8339
15.9795
10.3199
6.26709
3.92466
3.31248
4.42698
7.02465
10.8694
15.7815
21.5254
27.8293
34.3627
40.8995
47.2972
53.1968
58.4502
63.044
66.9217
70.0514
72.4254
74.3718
75.9032
77.0088
78.0229
78.8529
79.4598
79.9369
80.2419
80.36
80.4106
80.3715
80.3671
80.4524
80.4824
80.5918
80.6748
80.9262
81.3526
81.9261
82.3614
82.5062
82.3228
81.3715
80.6941
81.393
82.8198
84.2137
84.6197
84.5754
84.6176
83.8111
81.2639
78.7168
74.5956
71.7911
69.4124
69.0548
65.4379
71.3198
65.7697
79.0418
74.6774
87.6979
81.7625
93.4652
89.2935
95.0207
96.3777
97.2525
97.1735
96.3238
94.7072
92.5554
89.9917
87.2012
84.3131
81.3732
78.5413
75.8253
73.289
70.904
68.7101
66.7465
64.9736
63.3452
61.9653
61.039
60.4813
60.1443
59.8071
59.2207
58.2388
56.9516
55.6984
54.944
54.6327
54.8103
55.2097
55.8954
56.7773
57.6681
58.6384
59.4635
60.2281
60.8353
61.1394
61.3371
61.2907
61.0784
60.6845
60.1678
59.5306
58.7946
57.9126
56.8346
55.6618
54.3508
52.879
51.2689
49.5192
47.6533
45.6619
43.6156
41.4662
39.2908
46.9848
47.0924
47.1204
47.0497
46.9007
46.6934
46.4856
46.2911
46.1221
45.9724
45.8443
45.7201
45.5863
45.4554
45.2995
45.1317
44.9533
44.752
44.5591
44.3502
44.1328
43.9275
43.7103
43.509
43.3246
43.1409
42.9813
42.8365
42.7116
42.6222
42.5571
42.5329
42.5632
42.6467
42.7942
42.9893
43.2213
43.4608
43.6352
43.7337
43.8029
43.9322
44.173
44.4581
44.6926
44.8893
45.0868
45.2686
45.3735
45.363
45.1876
44.7631
44.0359
43.0703
42.0246
42.0269
43.7492
47.5
52.8461
56.6681
57.5298
55.9912
54.1394
52.0537
49.4067
48.7546
50.3814
52.3742
51.9812
49.4058
47.5062
44.9665
40.3141
33.4789
25.932
18.7519
12.7302
8.31926
5.66885
4.8401
5.78415
8.23513
11.8888
16.661
22.271
28.4438
34.8424
41.2714
47.5391
53.3085
58.4878
63.0186
66.8548
69.9419
72.3711
74.3456
75.8866
77.0618
78.0746
78.887
79.4766
79.9386
80.2017
80.3208
80.3537
80.3073
80.3782
80.4995
80.6327
80.7304
80.8114
81.0527
81.3831
81.786
81.9706
82.2194
82.253
81.6275
81.1002
81.4223
82.1716
83.0166
84.3843
85.2129
84.9655
83.7195
81.6964
79.2101
75.1652
72.8264
69.8339
70.9996
67.8226
76.5815
71.1959
83.3622
77.0027
88.5712
83.8307
93.6877
89.4107
95.2848
96.6362
97.4066
97.3479
96.4925
94.9047
92.7714
90.2338
87.4644
84.5645
81.7242
78.9298
76.2588
73.732
71.3401
69.0942
67.0375
65.1705
63.4758
62.0625
61.0668
60.4381
60.0225
59.604
59.0158
58.1494
57.0402
55.9513
55.227
54.9073
55.0472
55.3969
56.0453
56.8294
57.7444
58.6622
59.4927
60.2326
60.8074
61.1298
61.3104
61.2553
61.0551
60.6586
60.151
59.5149
58.7856
57.8746
56.8179
55.6545
54.3556
52.8765
51.2791
49.5413
47.6978
45.732
43.712
41.5673
39.3872
49.4015
49.3779
49.7628
50.0658
49.7625
48.449
46.3884
44.1244
41.9146
40.0006
38.7078
38.095
37.8102
37.389
36.5164
35.5965
35.3287
35.4649
35.6958
36.0243
36.4507
36.7645
36.801
36.569
36.2581
35.9944
35.8364
35.8095
35.8785
36.0078
36.0523
35.8364
35.577
35.2722
34.8027
34.2287
33.5985
32.8484
31.9524
30.9651
29.9821
29.1801
28.8037
28.9775
29.6959
30.9183
32.6278
34.6316
36.8034
39.0787
41.3355
43.4697
45.5815
47.6566
49.529
51.2587
52.9874
54.7443
56.5699
58.3905
59.9507
61.1532
61.6165
62.2374
63.4429
64.8789
65.787
66.2151
66.3369
66.2039
65.8365
65.2388
64.4116
63.3568
62.08
60.5807
58.8626
56.9513
54.8636
52.6166
50.2933
47.9929
45.7756
43.7458
41.9538
40.4631
39.4215
38.8727
38.8727
39.5377
40.8291
42.6946
45.0411
47.8069
50.9203
54.2861
57.7014
60.9246
63.7664
66.1197
67.9447
69.4368
70.6637
71.6118
72.254
72.7248
73.1241
73.4086
73.637
73.9094
74.1604
74.3847
74.7078
75.1134
75.5103
76.0776
76.9353
78.0424
79.3429
80.9206
82.9105
85.1236
87.2492
89.0337
90.4058
91.3372
91.8278
92.0241
91.9758
91.7101
91.2222
90.477
89.6711
88.8893
88.1973
87.6056
87.0744
86.5545
86.0342
85.5082
84.969
84.3965
83.7487
82.9718
82.0336
80.9197
79.6198
78.1287
76.4505
74.6111
72.5888
70.5646
68.5391
66.5841
64.7645
63.1343
61.7347
60.5933
59.7242
59.1299
58.8031
58.7304
58.9003
59.2677
59.8203
60.5287
61.3576
62.2722
63.2448
64.2618
65.3124
66.375
67.4092
68.3802
69.2995
70.199
71.0714
71.8845
72.6205
73.28
73.8693
74.3932
74.8602
75.2861
75.6662
75.9854
76.0918
75.9188
75.7149
75.8693
76.3182
76.6718
76.8281
76.8202
76.5917
76.5627
76.9021
77.4043
77.7307
77.8349
49.2556
49.2056
49.5604
49.6339
49.1054
47.7349
45.6681
43.4591
41.2518
39.3151
37.9851
37.1385
36.8407
36.5575
35.8856
35.5355
35.4429
35.3731
35.498
35.7869
36.2299
36.5965
36.6679
36.434
36.0891
35.8562
35.7922
35.854
35.9282
36.0623
36.1742
36.0356
35.5743
35.153
34.5981
33.9561
33.2558
32.4066
31.4047
30.3713
29.3908
28.6057
28.2536
28.4707
29.2493
30.5959
32.3341
34.3293
36.5001
38.8138
41.0998
43.2337
45.3719
47.5
49.3542
51.0616
52.802
54.6854
56.7898
58.8719
60.4566
61.2777
61.6186
62.1184
63.2741
64.7991
65.8013
66.3065
66.4592
66.3464
65.989
65.4074
64.5904
63.5388
62.2549
60.7348
58.9865
57.0303
54.8836
52.5723
50.1803
47.8239
45.558
43.4709
41.6374
40.1001
39.009
38.4352
38.4335
39.053
40.3123
42.1714
44.543
47.3374
50.4995
53.9343
57.4245
60.7206
63.6349
66.0608
67.9916
69.5281
70.767
71.7104
72.3107
72.739
73.1442
73.4217
73.6271
73.9159
74.1864
74.3783
74.6794
75.0899
75.4604
75.8968
76.7677
77.8833
79.1831
80.7862
82.78
85.0024
87.161
89.0129
90.4824
91.5739
92.2613
92.4196
92.0593
91.582
91.0669
90.4436
89.6522
88.8599
88.1608
87.6015
87.0773
86.5433
86.0138
85.5039
84.9925
84.4418
83.7893
82.9917
82.0304
80.8944
79.5733
78.0592
76.3529
74.4758
72.4598
70.3986
68.3477
66.3755
64.5458
62.9123
61.5154
60.3815
59.5237
58.9431
58.6299
58.5673
58.7349
59.1222
59.7023
60.4329
61.2772
62.2022
63.1821
64.2063
65.2688
66.3446
67.3938
68.3821
69.3111
70.2054
71.071
71.8746
72.6089
73.2861
73.8969
74.4299
74.8892
75.2987
75.6597
75.9456
76.0028
75.7248
75.4938
75.6627
76.1822
76.6624
76.7885
76.5487
76.2047
76.1693
76.5427
77.0896
77.5096
77.7837
49.1677
49.1308
49.2164
48.8997
47.9477
46.3553
44.2729
42.0592
39.7971
37.8277
36.5136
35.5734
35.2173
35.2923
35.4472
35.5581
35.4448
35.5053
35.7079
35.8529
36.1335
36.377
36.3621
36.0652
35.706
35.4933
35.5602
35.8246
36.1476
36.3038
36.2249
35.9188
35.4174
34.7969
34.0334
33.1919
32.336
31.378
30.2682
29.103
27.9682
27.0652
26.6953
27.0006
27.9132
29.3581
31.1763
33.3225
35.6913
38.211
40.6657
42.9597
45.2697
47.5658
49.5404
51.2395
52.9935
54.7803
56.6075
58.5421
60.2376
61.419
62.3528
63.3968
64.4392
65.3042
66.0089
66.4974
66.7157
66.6704
66.3709
65.8179
65.0143
63.9639
62.6573
61.1066
59.3117
57.257
54.9963
52.5856
50.0629
47.5627
45.1938
42.9898
41.0627
39.4468
38.2523
37.5932
37.5102
38.0387
39.2196
41.0302
43.4341
46.2866
49.5132
53.0328
56.6311
60.0564
63.1176
65.7277
67.86
69.5411
70.8472
71.7959
72.3727
72.7879
73.1834
73.4455
73.6308
73.912
74.1656
74.3442
74.633
75.0148
75.3838
75.9077
76.634
77.6787
78.9908
80.6197
82.562
84.7224
86.9219
88.9424
90.5815
91.6827
92.1443
92.1474
92.1992
92.035
91.4144
90.5183
89.6484
88.8094
88.0834
87.5321
87.0327
86.507
85.9893
85.4748
84.9536
84.3812
83.7139
82.9165
81.9522
80.8004
79.4487
77.8897
76.1341
74.2112
72.1685
70.0786
68.0054
66.0177
64.1793
62.5432
61.1496
60.0271
59.1868
58.6293
58.3403
58.2968
58.4941
58.8917
59.49
60.2513
61.1232
62.0815
63.1017
64.1664
65.2583
66.3545
67.4241
68.4259
69.3418
70.2043
71.0503
71.8552
72.627
73.3436
73.978
74.5197
74.955
75.304
75.5935
75.8294
75.8543
75.5804
75.2937
75.4484
76.0061
76.367
76.3265
75.873
75.4027
75.3545
75.7405
76.4458
77.0186
77.475
49.151
49.1539
48.8015
48.0471
46.7951
45.0633
43.0003
40.7807
38.4748
36.4623
35.0155
34.1331
33.7858
34.0479
34.6906
35.321
35.8415
36.307
36.5222
36.487
36.4746
36.3874
36.0713
35.51
35.0974
35.0284
35.3544
35.742
35.9975
36.1139
36.0169
35.653
35.0517
34.2282
33.1725
31.9533
30.6701
29.3095
27.86
26.438
25.1964
24.3271
24.0673
24.5553
25.7228
27.2992
29.3676
31.8903
34.6236
37.3851
40.0988
42.6768
45.1657
47.6395
49.8447
51.7397
53.6452
55.5759
57.3667
58.9744
60.3977
61.6383
62.7709
63.873
64.9181
65.7895
66.4438
66.9019
67.1274
67.1121
66.8502
66.3315
65.5472
64.5257
63.2167
61.6056
59.7193
57.5637
55.1631
52.5998
49.9214
47.2268
44.6768
42.3284
40.2549
38.5198
37.1894
36.3767
36.1191
36.5001
37.5581
39.2808
41.6768
44.5808
47.8754
51.4587
55.1984
58.8611
62.2344
65.1389
67.553
69.4484
70.8613
71.8245
72.3891
72.7844
73.1776
73.4205
73.5957
73.8777
74.1271
74.2938
74.5644
74.8987
75.2154
75.667
76.3583
77.2406
78.4757
80.0761
82.0042
84.1853
86.492
88.6626
90.3474
91.4273
92.0592
92.2566
92.0311
91.5571
90.9447
90.28
89.5879
88.7356
87.9636
87.4993
87.042
86.4259
85.8158
85.336
84.8727
84.3153
83.621
82.7645
81.7485
80.5688
79.197
77.6071
75.8075
73.8391
71.7588
69.6344
67.5318
65.5199
63.6654
62.0207
60.6285
59.5194
58.7018
58.1763
57.9272
57.9078
58.1647
58.6384
59.2718
60.0891
61.0052
62.007
63.0647
64.1574
65.2666
66.3703
67.4373
68.4418
69.3873
70.2822
71.1643
71.9893
72.7228
73.4051
74.0594
74.6791
75.1058
75.3341
75.4821
75.6494
75.7145
75.6142
75.4831
75.5765
75.9294
76.1125
75.7571
75.027
74.4599
74.379
74.773
75.5909
76.2979
76.8755
49.1386
49.0536
48.4143
47.3829
46.0571
44.3006
42.2467
40.0471
37.6488
35.6062
34.1446
32.9743
32.6519
33.1962
34.0294
34.9701
36.1579
37.2093
37.7155
37.6541
37.1708
36.5748
35.8525
34.9669
34.3613
34.4485
34.9861
35.5306
35.8541
35.9805
35.7896
35.21
34.2919
33.074
31.5918
29.9147
28.1227
26.3042
24.5348
22.937
21.7199
21.061
21.0141
21.6912
23.114
25.0326
27.4201
30.3309
33.4444
36.5177
39.5811
42.5062
45.1306
47.6275
49.9914
52.0522
54.0398
55.9817
57.725
59.3011
60.7316
62.0659
63.2905
64.4261
65.4453
66.2841
66.945
67.4113
67.6504
67.654
67.4164
66.9202
66.1546
65.107
63.7615
62.095
60.1293
57.8758
55.3234
52.5804
49.7202
46.8292
44.0453
41.487
39.2455
37.4016
35.9735
35.0046
34.5151
34.6523
35.4895
37.0326
39.3307
42.2596
45.6215
49.272
53.1843
57.1823
61.0182
64.3398
67.0856
69.2203
70.77
71.7741
72.3577
72.7734
73.148
73.3919
73.5582
73.8072
74.0425
74.2026
74.4148
74.6793
74.9287
75.2409
75.7446
76.515
77.6265
79.1268
81.0292
83.2782
85.7047
88.0384
89.9211
91.1296
91.6989
91.7823
91.4874
90.9494
90.2917
89.763
89.179
88.3104
87.741
87.5147
87.0191
86.3353
85.7772
85.349
84.8782
84.2201
83.4407
82.5609
81.569
80.3866
78.948
77.2553
75.348
73.2816
71.1162
68.9168
66.7572
64.7037
62.8262
61.1787
59.8023
58.7266
57.9579
57.4942
57.3271
57.406
57.6979
58.2245
58.9316
59.8032
60.7826
61.8483
62.9649
64.1108
65.2653
66.4066
67.5108
68.5558
69.531
70.4397
71.285
72.0588
72.7864
73.5568
74.352
74.9268
75.2374
75.4138
75.4412
75.4556
75.6444
75.8723
76.0761
76.2201
76.364
76.0943
75.2694
74.3392
73.6661
73.5067
73.8647
74.7231
75.511
76.1407
49.008
48.763
48.0331
47.0099
45.7122
43.9236
41.9084
39.7302
37.2697
35.2364
33.6647
32.5326
32.1336
32.5442
33.4558
34.9355
36.5966
37.9176
38.6759
38.6265
37.821
36.8138
35.7303
34.5593
33.8895
33.9982
34.6049
35.2802
35.6413
35.6653
35.2365
34.3496
33.0632
31.4232
29.5106
27.4235
25.2089
23.0311
21.0821
19.4699
18.349
17.903
18.1242
19.0265
20.6888
22.9419
25.6747
28.8832
32.2936
35.7053
39.0767
42.2584
45.051
47.6266
50.0755
52.2388
54.2564
56.1748
57.899
59.4817
60.979
62.4013
63.7064
64.8907
65.9275
66.789
67.4664
67.9512
68.208
68.2214
67.9908
67.5001
66.7182
65.6575
64.2874
62.5762
60.5228
58.1439
55.4273
52.5082
49.4354
46.3544
43.3769
40.6544
38.285
36.3119
34.7659
33.692
33.0797
33.0197
33.6155
34.8953
36.9
39.644
42.9882
46.7124
50.7977
55.158
59.5611
63.3687
66.48
68.8756
70.5829
71.6701
72.2857
72.706
73.0785
73.3108
73.4958
73.7373
73.9332
74.0473
74.2071
74.3569
74.4368
74.5526
74.835
75.3888
76.2798
77.6642
79.5842
81.9232
84.4818
86.9566
88.9854
90.3144
90.9671
91.063
90.7543
90.0844
89.278
88.6671
88.0645
87.5185
87.4279
87.3328
86.7423
85.9994
85.445
85.1141
84.8467
84.3591
83.5258
82.5025
81.3385
79.9977
78.4409
76.6413
74.6232
72.4401
70.1577
67.8512
65.6132
63.5089
61.61
59.9695
58.6234
57.5957
56.8939
56.504
56.3721
56.541
56.9432
57.5597
58.365
59.3268
60.4063
61.569
62.7775
64.0032
65.2208
66.4086
67.548
68.6206
69.626
70.5694
71.4769
72.2953
73.0534
73.7668
74.3996
74.9442
75.4127
75.6021
75.509
75.5025
75.7618
76.2262
76.8164
77.1928
77.0707
76.3774
75.0845
73.9106
73.1059
72.8065
73.1973
74.1043
74.9068
75.561
48.7096
48.4787
47.6907
46.7356
45.4436
43.7031
41.8334
39.7179
37.2296
35.3061
33.6518
32.4188
32.0872
32.3745
33.3478
35.0033
36.803
38.4332
39.4512
39.4193
38.3719
37.0612
35.7517
34.5513
33.7868
33.8187
34.3653
34.9504
35.2286
35.0408
34.325
33.1048
31.5075
29.5542
27.3096
24.896
22.3959
19.972
17.887
16.3104
15.309
15.0163
15.4401
16.5648
18.4397
20.9521
24.0342
27.5745
31.2653
34.973
38.5648
41.8944
44.8363
47.5041
49.9811
52.1961
54.2459
56.1734
57.9411
59.5888
61.1734
62.6739
64.0554
65.2889
66.3551
67.2498
67.957
68.4621
68.7291
68.7349
68.4998
68.004
67.2045
66.0999
64.6953
62.9149
60.7506
58.245
55.3979
52.3253
49.1166
45.8882
42.7743
39.9068
37.3903
35.327
33.745
32.6163
31.9444
31.6841
32.0539
33.1159
34.8668
37.29
40.4454
44.1381
48.3075
52.8978
57.9678
62.1905
65.6697
68.3815
70.3083
71.504
72.1927
72.6373
73.0009
73.2477
73.4233
73.6443
73.8113
73.8703
73.9073
73.8897
73.7572
73.5924
73.5896
73.8726
74.5164
75.7205
77.6237
80.0855
82.7344
85.3471
87.6331
89.1893
89.8373
89.8254
89.4297
88.7414
87.8873
87.1382
86.5386
86.3211
86.509
86.5115
86.0758
85.6804
85.5026
85.2036
84.6556
83.9517
83.1052
82.1104
80.9628
79.583
77.8835
75.8976
73.6752
71.3014
68.8555
66.4231
64.1018
61.9514
60.0438
58.4242
57.1228
56.1594
55.5414
55.2672
55.2104
55.454
55.9516
56.6726
57.5831
58.65
59.8395
61.1084
62.427
63.7515
65.0605
66.3255
67.529
68.6575
69.705
70.6749
71.5623
72.4094
73.1388
73.8346
74.472
75.0386
75.4522
75.6732
75.734
75.8178
76.0442
76.6788
77.4337
78.0175
77.7183
76.7703
75.124
73.7843
72.9541
72.6741
72.9615
73.8921
74.6801
75.3301
48.3662
48.1462
47.4046
46.4577
45.1818
43.5925
41.8866
39.8715
37.5884
35.7194
34.0896
32.8361
32.3935
32.5477
33.5619
35.2201
37.0784
38.746
39.7379
39.6747
38.8271
37.5203
36.0009
34.8393
34.1439
34.079
34.428
34.784
34.8176
34.3299
33.2946
31.7934
29.95
27.768
25.289
22.6325
19.9485
17.3825
15.163
13.553
12.6468
12.4674
13.0171
14.3178
16.3643
19.0571
22.383
26.2368
30.2176
34.2132
38.0219
41.4745
44.5391
47.2758
49.7559
51.9941
54.0677
56.0201
57.8585
59.5956
61.2733
62.866
64.3312
65.6196
66.7103
67.6258
68.3623
68.8772
69.1306
69.1239
68.8681
68.3389
67.4894
66.3038
64.8263
62.9831
60.7269
58.1172
55.1995
52.0544
48.7801
45.4424
42.18
39.2251
36.6913
34.5866
32.9277
31.7029
30.8577
30.5438
30.7894
31.6968
33.2819
35.4707
38.357
41.8787
45.9909
50.8007
56.0161
60.7621
64.6416
67.6804
69.9237
71.3053
72.0658
72.5785
73.0066
73.2816
73.478
73.6599
73.7403
73.6808
73.5691
73.3209
72.8805
72.4208
72.1401
72.1552
72.482
73.4434
75.2164
77.801
80.6887
83.3547
85.7489
87.4788
88.1556
88.0316
87.5806
86.8467
85.9652
85.2605
84.7588
84.5126
84.6851
85.1739
85.4024
85.2991
85.078
84.8237
84.4429
83.8542
82.9903
81.8863
80.5569
78.9114
76.9645
74.7437
72.3289
69.7805
67.1922
64.6569
62.267
60.0956
58.1933
56.6082
55.357
54.4626
53.9294
53.7734
53.7955
54.1407
54.7502
55.5837
56.6081
57.7897
59.0962
60.4834
61.9232
63.361
64.7831
66.1403
67.4332
68.627
69.7345
70.7394
71.6518
72.4614
73.2255
73.9063
74.518
75.0445
75.4635
75.7518
75.9434
76.1404
76.4995
77.0734
77.7963
78.2448
78.0361
77.0243
75.3665
73.9684
73.123
72.8002
73.1261
74.111
74.8722
75.4647
48.0383
47.7819
47.1211
46.2246
45.0615
43.6327
41.9831
40.064
38.1002
36.3997
34.9138
33.8054
33.2951
33.3317
34.2158
35.676
37.4047
38.9398
39.8733
40.0452
39.2712
38.0441
36.6857
35.6392
35.0391
34.894
34.9555
34.9459
34.5966
33.7849
32.4459
30.7018
28.6506
26.2876
23.6677
20.8562
18.0048
15.3263
13.0045
11.2985
10.4039
10.2997
10.9584
12.2917
14.3819
17.1786
20.6529
24.7765
29.0713
33.3208
37.3519
40.9278
44.0981
46.8822
49.3833
51.6527
53.7706
55.7808
57.6864
59.5231
61.2982
62.9725
64.5149
65.8662
66.9605
67.8682
68.613
69.1188
69.3308
69.2863
68.9651
68.3779
67.4789
66.2437
64.7227
62.8104
60.4363
57.7221
54.7878
51.6372
48.2934
44.8885
41.6445
38.6951
36.1238
33.9801
32.2563
30.9763
30.0832
29.6135
29.6954
30.5074
32.0399
34.1644
36.8728
40.1897
44.1369
48.8211
54.1251
59.3155
63.601
66.9256
69.4449
71.0861
72.0037
72.6124
73.1115
73.4157
73.6312
73.751
73.7576
73.5533
73.2012
72.6814
71.9629
71.1725
70.5414
70.3715
70.3974
71.1875
72.7324
75.1836
78.2384
81.0866
83.3985
84.968
85.7728
85.722
85.0313
84.2532
83.4921
82.7315
82.2153
82.0806
82.6153
83.3649
83.8515
84.3432
84.7343
84.6177
84.1366
83.4064
82.4572
81.236
79.7279
77.9125
75.7932
73.4054
70.7731
68.0345
65.2909
62.6588
60.2217
58.037
56.1522
54.5972
53.3981
52.5627
52.0995
51.9898
52.1672
52.644
53.376
54.3329
55.4714
56.7768
58.1981
59.7166
61.2748
62.8484
64.3788
65.8574
67.2378
68.5276
69.6976
70.765
71.7085
72.5525
73.2983
73.9588
74.5421
75.0458
75.4647
75.7957
76.0703
76.3535
76.7198
77.1919
77.7717
78.1308
77.9818
77.0884
75.6311
74.3415
73.5918
73.3977
73.8044
74.7936
75.4588
75.9082
47.7699
47.5183
46.9408
46.1957
45.2365
43.8714
42.1655
40.2292
38.3266
36.8133
35.5912
34.7492
34.3692
34.5082
35.1967
36.3057
37.7048
39.0048
39.9361
40.2034
39.7002
38.6676
37.605
36.8021
36.3492
36.1437
35.9335
35.5092
34.7536
33.5759
31.9726
30.0231
27.8098
25.3252
22.5965
19.6674
16.6588
13.8318
11.394
9.57316
8.60012
8.4793
9.1323
10.4981
12.5764
15.4088
18.9722
23.3027
27.9109
32.3993
36.6188
40.2955
43.5313
46.3663
48.886
51.1854
53.3476
55.4593
57.4546
59.3743
61.24
62.987
64.5832
65.9938
67.0739
67.9189
68.6184
69.1052
69.2479
69.1227
68.7545
68.0658
67.0385
65.7081
64.1425
62.1644
59.7796
57.1477
54.1838
50.9384
47.5991
44.2683
41.1317
38.2476
35.6317
33.5025
31.8473
30.4681
29.4035
28.753
28.7099
29.478
31.0299
33.1955
35.9022
39.1378
42.9545
47.4519
52.6778
58.1773
62.9053
66.5364
69.2427
71.09
72.1842
72.881
73.4209
73.7294
73.8176
73.995
73.9427
73.522
72.9
72.1466
71.0897
69.8757
68.8855
68.2209
68.3085
69.0424
70.4802
72.7209
75.5617
78.2852
80.6516
82.1865
82.5768
82.5444
81.872
80.838
80.1208
79.5572
79.1123
79.2641
79.9807
80.8184
81.9752
83.1465
83.7269
83.803
83.4392
82.6896
81.6591
80.4128
78.839
76.8834
74.4873
71.7594
68.8725
65.9489
63.1362
60.4735
58.0323
55.8545
53.9804
52.4536
51.2969
50.5237
50.1276
50.0616
50.412
51.0346
51.8942
52.9712
54.2248
55.6427
57.1874
58.8212
60.5191
62.2121
63.8782
65.4684
66.9616
68.3426
69.5948
70.7261
71.7191
72.595
73.351
74.0099
74.5697
75.06
75.4649
75.8085
76.1059
76.4085
76.7257
77.0853
77.4763
77.7372
77.5766
76.9577
75.8431
74.8385
74.3463
74.3686
74.8298
75.6427
76.1641
76.6311
47.5882
47.3508
46.8528
46.2958
45.5216
44.2546
42.589
40.6842
38.7485
37.224
36.0372
35.2901
34.9283
35.017
35.6517
36.6576
37.8364
38.9979
39.9224
40.2857
40.0031
39.3558
38.7099
38.2161
37.8953
37.614
37.17
36.4062
35.2856
33.7826
31.9473
29.8456
27.5175
24.928
22.0689
19.0243
15.8975
12.9228
10.3333
8.39967
7.34332
7.1895
7.85757
9.21079
11.2025
13.9449
17.4784
22.0328
26.7707
31.4408
35.8248
39.6232
42.8865
45.771
48.3285
50.6412
52.8114
55.0104
57.1325
59.1394
61.0918
62.8833
64.5083
65.955
67.0409
67.7778
68.3535
68.7457
68.7946
68.5239
68.0651
67.2953
66.1538
64.8082
63.115
61.0715
58.7028
56.0019
53.017
49.9087
46.8384
43.6725
40.5222
37.6843
35.1963
33.1161
31.4513
29.9961
28.8157
28.0442
27.8903
28.6268
30.2451
32.4974
35.2799
38.5876
42.361
46.7623
51.9311
57.5699
62.6818
66.6422
69.6602
71.6498
72.7988
73.5179
74.0204
74.2676
74.3828
74.4859
74.2683
73.6305
72.7826
71.7095
70.2597
68.7281
67.6515
66.8421
66.5384
67.1453
68.5573
70.6645
73.2725
75.484
77.3779
78.7945
79.0124
78.6591
78.0007
76.8678
75.99
75.5675
75.4903
75.9748
76.7278
77.8849
79.531
81.1356
82.249
82.7187
82.4533
81.6713
80.6621
79.3862
77.6625
75.3426
72.638
69.715
66.7405
63.7966
60.9448
58.2715
55.7917
53.5843
51.707
50.1895
49.0798
48.3774
48.084
48.1274
48.6354
49.3891
50.373
51.5631
52.918
54.4505
56.1034
57.8601
59.6819
61.5004
63.296
65.0008
66.6167
68.0818
69.4382
70.6214
71.6936
72.5934
73.3948
74.0454
74.6151
75.0681
75.46
75.7758
76.0653
76.3227
76.5759
76.8164
77.0735
77.219
77.1018
76.6612
75.9152
75.216
74.89
75.0539
75.5212
76.3752
76.9363
77.6477
47.4006
47.1645
46.7605
46.3062
45.6531
44.6218
43.198
41.4922
39.6451
38.044
36.8421
36.0274
35.5653
35.5523
36.0488
37.0249
38.1623
39.2556
40.0525
40.3874
40.3319
40.0884
39.8353
39.6588
39.4623
39.1349
38.4786
37.4656
36.0481
34.3057
32.314
30.0924
27.6468
24.9639
22.0115
18.8669
15.6556
12.5798
9.8909
7.85896
6.7366
6.50065
7.08461
8.39498
10.3271
12.9711
16.4092
20.9158
25.8133
30.5718
35.0343
38.9807
42.2807
45.1288
47.711
50.0922
52.2725
54.4747
56.6737
58.7386
60.8289
62.6349
64.2489
65.6875
66.744
67.4137
67.823
68.0713
67.9954
67.5455
66.8736
65.9833
64.6976
63.1659
61.433
59.4
57.0535
54.3675
51.5881
48.6686
45.6381
42.6699
39.6931
36.9623
34.6838
32.6911
31.0062
29.5662
28.3144
27.442
27.2398
27.9921
29.7726
32.1917
35.0567
38.4943
42.3156
46.6639
51.7489
57.4209
62.7854
66.9849
70.2548
72.5018
73.6657
74.3154
74.7399
74.8723
74.9325
75.0207
74.6719
73.7993
72.7038
71.4157
69.6146
67.7706
66.7596
66.0609
65.4103
65.7085
67.0037
68.83
71.1005
72.968
74.1533
75.1094
74.9867
74.1319
73.3733
72.242
71.3048
71.0529
71.2217
71.898
73.0656
74.6264
76.5588
78.5714
80.1594
80.9231
80.9283
80.3587
79.376
77.952
75.9662
73.5255
70.7677
67.8461
64.7829
61.7431
58.8019
56.0131
53.4884
51.1914
49.3087
47.7976
46.7306
46.1219
45.9671
46.2378
46.8472
47.7464
48.8614
50.1699
51.6098
53.2582
55.0166
56.8924
58.8202
60.7721
62.6624
64.5026
66.188
67.7856
69.1911
70.4932
71.5974
72.5825
73.3836
74.0756
74.6128
75.0643
75.4098
75.7133
75.9493
76.1631
76.3296
76.487
76.6114
76.6921
76.6002
76.3317
75.8679
75.4622
75.312
75.5506
76.1195
76.9595
77.8842
78.9093
47.1323
46.9287
46.635
46.2649
45.7591
45.0244
43.8872
42.381
40.6495
39.1072
38.0039
37.1893
36.6567
36.6232
37.1464
37.993
38.9419
39.7968
40.3287
40.5975
40.721
40.7882
40.8432
40.9034
40.8189
40.4517
39.641
38.4478
36.8661
34.9505
32.8407
30.5497
28.0354
25.289
22.3111
19.1311
15.8779
12.7727
10.0596
7.94927
6.69157
6.37609
6.9404
8.19564
9.97854
12.5315
15.9286
20.2018
25.1132
29.9513
34.3576
38.2681
41.6496
44.5345
47.0615
49.4076
51.6779
53.9779
56.2232
58.2003
60.3303
62.2095
63.7085
65.1004
66.0023
66.5528
66.822
66.8841
66.6876
66.073
65.1797
64.1585
62.7332
60.9128
59.0851
57.0718
54.7638
52.16
49.4716
46.8353
44.0413
41.25
38.5451
36.0532
33.9825
32.198
30.6053
29.1667
27.8688
27.0778
27.0925
27.9702
29.8796
32.4933
35.4389
38.9353
42.8438
47.1342
52.1324
57.7054
63.0856
67.4509
70.7543
73.1394
74.3488
74.8927
75.2315
75.3304
75.342
75.3764
75.0089
74.0201
72.7185
71.2425
69.2401
67.1998
66.2193
65.8743
65.1277
64.9688
66.0407
67.3019
68.7687
70.2404
70.8327
71.0727
70.5364
69.3028
68.1886
67.0463
66.1038
65.9248
66.3751
67.3991
68.9303
70.7866
73.0254
75.444
77.5096
78.7756
79.0467
78.5322
77.497
76.0657
74.1586
71.7677
68.9403
65.8099
62.6451
59.5155
56.5153
53.6578
51.0227
48.7357
46.797
45.2969
44.273
43.7572
43.7568
44.1472
45.0491
46.1046
47.3793
48.7893
50.3526
52.0569
53.9463
55.9128
58.0021
60.0307
62.0722
63.9482
65.767
67.3959
68.9191
70.2698
71.4687
72.5009
73.3468
74.0507
74.5879
75.0255
75.3228
75.6004
75.7902
75.9387
76.0358
76.1063
76.1554
76.1695
76.1087
75.9601
75.7559
75.5741
75.667
76.1146
76.9989
78.1106
78.4934
79.3883
46.8307
46.6809
46.4983
46.264
45.9491
45.4921
44.6141
43.3039
41.7408
40.358
39.4296
38.7855
38.4094
38.51
39.0659
39.7326
40.2976
40.6761
40.8028
40.953
41.1525
41.4046
41.6577
41.8453
41.8033
41.3957
40.5346
39.2157
37.5324
35.5577
33.3936
31.0683
28.5556
25.8236
22.8756
19.7223
16.5177
13.4632
10.7478
8.60336
7.27512
6.81635
7.24654
8.46998
10.2115
12.5452
15.804
19.9648
24.6898
29.4196
33.8561
37.6754
40.9096
43.8182
46.4946
48.8156
50.9187
53.3266
55.7337
57.6487
59.609
61.4561
62.8412
64.037
64.7513
65.0828
65.1726
64.9771
64.4844
63.7454
62.7624
61.4625
60.0338
58.1631
56.045
53.9063
51.6701
49.3662
46.8457
44.2988
41.8179
39.3546
37.0404
34.9743
33.1552
31.4628
30.0984
29.0082
27.9524
27.3848
27.6994
28.7632
30.6849
33.3788
36.458
40.0096
43.9635
48.1995
53.0823
58.5169
63.7188
68.0256
71.2831
73.5861
74.8308
75.298
75.56
75.6279
75.642
75.6838
75.3077
74.2551
72.7995
71.1912
69.317
67.1933
66.0582
66.0764
65.6646
65.0041
65.6031
66.6238
66.9964
67.3247
67.5205
66.8458
65.5658
63.985
62.5608
61.3114
60.4804
60.4111
60.9517
62.3607
64.429
66.6356
69.0463
71.8233
74.438
76.0957
76.6006
76.2344
75.4183
74.1609
72.3025
69.7595
66.76
63.5919
60.4338
57.3185
54.1587
51.1809
48.4669
46.163
44.2762
42.7733
41.8267
41.3914
41.5635
42.1874
43.2486
44.5432
45.9778
47.5078
49.1231
50.9057
52.8425
54.9764
57.1664
59.3758
61.4895
63.461
65.3272
67.0018
68.6061
69.9917
71.3
72.3432
73.281
73.9615
74.5483
74.9355
75.277
75.4342
75.6121
75.6723
75.7166
75.7061
75.6859
75.6444
75.5959
75.5403
75.4997
75.5785
75.8767
76.5213
77.2236
78.2116
79.613
82.1961
46.5665
46.4286
46.3682
46.2703
46.1059
45.8306
45.1957
44.1108
42.7859
41.6482
40.9913
40.6633
40.6311
40.9795
41.5757
41.9795
42.0749
41.8165
41.5017
41.4796
41.65
41.9436
42.2249
42.447
42.416
41.9695
41.0903
39.7729
38.0471
36.1208
33.9734
31.6647
29.191
26.5203
23.6268
20.5514
17.4983
14.545
11.8201
9.65739
8.32679
7.75793
8.03289
9.12722
10.7723
12.9977
16.012
19.9501
24.5918
29.0659
33.2303
37.0988
40.3155
43.0396
45.6623
48.3119
50.426
52.606
55.1373
57.0319
58.7914
60.4677
61.6985
62.6317
63.1506
63.3188
63.093
62.6354
61.915
60.7366
59.5254
58.0225
56.2971
54.4929
52.3353
49.9942
47.7025
45.553
43.4221
41.2025
39.0666
37.0507
35.1357
33.4066
31.9993
30.7589
29.8126
29.1478
28.5214
28.2877
28.925
30.272
32.2615
34.9672
38.1376
41.6756
45.626
49.8654
54.6107
59.8134
64.7383
68.8266
71.8894
74.0045
75.2021
75.6227
75.813
75.8869
75.8547
75.8503
75.5791
74.6297
73.013
71.2689
69.6051
67.7419
66.512
66.5045
66.3756
65.5436
65.4733
66.2777
65.8326
64.769
64.1497
62.7082
60.5165
58.4083
56.7835
55.3112
54.4019
54.5611
55.3286
56.9417
59.4085
62.0636
64.8991
68.0248
71.009
73.042
73.8499
73.8488
73.2972
72.142
70.1636
67.5162
64.5715
61.5218
58.3328
55.0733
51.7858
48.7107
46.0997
43.8681
42.0341
40.5426
39.566
39.2129
39.4749
40.3218
41.5883
43.1267
44.7783
46.4106
48.0686
49.8325
51.8129
54.0386
56.3818
58.777
60.9676
63.0697
64.8879
66.6729
68.2103
69.752
71.0238
72.2206
73.1067
73.888
74.4119
74.8548
75.1053
75.3009
75.3662
75.4103
75.354
75.3025
75.1977
75.1247
75.0393
75.016
75.0559
75.2805
75.7487
76.7932
78.5335
80.536
78.3769
80.2409
46.32
46.1899
46.2488
46.2637
46.15
45.948
45.5142
44.6248
43.5186
42.6476
42.3381
42.4307
42.8025
43.3855
44.0187
44.221
43.8722
43.1259
42.3891
42.063
42.1157
42.3808
42.5903
42.7557
42.7116
42.2436
41.3798
40.1284
38.4922
36.6295
34.5477
32.2891
29.8474
27.2478
24.4698
21.5272
18.621
15.8202
13.1902
11.0436
9.69069
9.10542
9.25983
10.1535
11.6032
13.7598
16.6797
20.2724
24.5798
28.9059
32.7281
36.304
39.559
42.4816
44.9854
47.5138
50.0021
52.1123
54.4957
56.5281
58.0484
59.5107
60.5711
61.2314
61.5475
61.5343
61.0746
60.3408
59.405
57.893
56.1779
54.3696
52.1972
50.0149
47.7697
45.4769
43.2867
41.0676
38.9653
37.1784
35.6077
34.112
32.6991
31.4421
30.653
30.1147
29.6327
29.4063
29.3879
29.7224
30.7023
32.2957
34.4553
37.1454
40.3851
43.9478
47.8827
52.0609
56.6071
61.4685
66.0043
69.7319
72.5113
74.4275
75.5172
75.9181
76.022
76.0399
76.0174
75.9792
75.7382
74.9585
73.4657
71.7133
70.1754
68.6901
67.4925
67.2302
67.3455
66.5103
65.6422
65.7039
64.7339
62.5158
60.7788
58.6121
55.3912
52.9083
51.0429
49.2446
48.3177
48.4789
49.51
51.3832
54.2429
57.3655
60.5534
64.0409
67.3403
69.7529
70.9963
71.3368
71.0068
69.801
67.855
65.3848
62.578
59.5339
56.2416
52.8841
49.6465
46.6777
44.165
42.0315
40.1306
38.5913
37.5622
37.2127
37.59
38.5097
40.0256
41.8233
43.7489
45.5343
47.2535
48.9467
50.914
53.1339
55.6972
58.1965
60.6237
62.6954
64.6067
66.2829
67.9005
69.3918
70.7828
71.9874
72.9597
73.7233
74.2791
74.6796
74.9315
75.0517
75.1148
75.0684
74.9778
74.8362
74.7014
74.5433
74.4305
74.3614
74.4175
74.6509
75.1448
75.8801
76.576
76.7668
77.8391
81.651
46.2149
46.0907
46.2244
46.2768
46.1699
45.991
45.5594
44.7414
43.8387
43.3269
43.386
43.8102
44.4967
45.3231
45.9748
46.0587
45.4185
44.3678
43.3323
42.6787
42.522
42.6697
42.7869
42.8376
42.7738
42.3001
41.4968
40.3595
38.8488
37.1035
35.1134
32.8943
30.5468
28.0496
25.3884
22.6526
19.8678
17.1732
14.7656
12.7073
11.2803
10.6652
10.7201
11.4598
12.8165
14.8346
17.5553
20.9106
24.8256
28.7773
32.3849
35.8739
38.9097
41.7382
44.6693
47.1275
49.5451
51.8975
53.9776
56.0194
57.5198
58.7053
59.6735
60.1714
60.2967
60.0386
59.3161
58.3588
57.0422
55.2827
53.23
50.9457
48.4678
45.8064
43.0933
40.5646
38.4986
36.3421
34.1036
32.4431
31.3397
30.3958
29.7359
29.2606
29.1166
29.2418
29.3756
29.728
30.4377
31.4283
32.7722
34.6865
37.1423
40.0052
43.1686
46.7142
50.585
54.6432
58.8381
63.2204
67.3056
70.697
73.1629
74.8325
75.7714
76.0987
76.1598
76.1185
76.1351
76.1098
75.8696
75.2992
74.1238
72.4631
71.0141
69.9753
68.9483
68.3415
68.3541
67.7389
66.2647
65.18
63.5625
60.3271
57.6679
54.7341
50.6093
47.6339
45.5349
43.3484
42.2349
42.6717
43.7132
45.7124
49.036
52.7316
56.2604
59.9663
63.5951
66.3771
68.0751
68.6959
68.4316
67.4046
65.7049
63.5313
60.7143
57.568
54.3412
51.064
47.9115
45.0031
42.4784
40.378
38.493
36.93
35.9464
35.5962
35.9974
37.0665
38.6796
40.6807
42.823
44.8705
46.6429
48.3327
50.1363
52.3848
54.9685
57.7345
60.2783
62.4892
64.3558
66.0061
67.5586
69.0522
70.4757
71.7164
72.7403
73.5115
74.0943
74.469
74.6963
74.7197
74.8063
74.7074
74.5239
74.3351
74.1063
73.908
73.7013
73.5892
73.5311
73.66
73.9795
74.552
75.6627
76.926
76.9108
77.6224
46.3188
46.1855
46.2732
46.3634
46.2203
45.8613
45.3388
44.5851
43.875
43.6539
43.9754
44.6915
45.6537
46.6422
47.3375
47.4015
46.6553
45.423
44.2574
43.2854
42.8458
42.824
42.8096
42.7446
42.6078
42.14
41.4113
40.4094
39.0297
37.4239
35.5932
33.4552
31.2571
28.9138
26.3113
23.778
21.2203
18.6238
16.4212
14.6369
13.109
12.3633
12.4128
13.0136
14.2093
16.0824
18.6624
21.7992
25.2964
28.9271
32.1547
35.5085
38.8423
41.4141
44.2733
47.1251
49.3573
51.7373
53.8394
55.6207
57.1251
58.1482
58.9165
59.2528
59.2034
58.7899
57.7318
56.3993
54.6405
52.3534
49.9067
47.14
44.2932
41.3922
38.472
35.7324
33.2495
31.1174
29.1368
27.65
26.8401
26.3231
26.2647
26.5512
27.167
28.0603
29.0311
30.1426
31.5036
33.1772
35.172
37.5103
40.1351
42.9983
46.1703
49.7931
53.5425
57.3632
61.1957
65.1479
68.7242
71.6324
73.6931
75.1244
75.9346
76.2417
76.3063
76.2035
76.1843
76.1886
76.0022
75.5509
74.6805
73.3777
72.1582
71.3454
70.641
69.9246
69.5489
69.0423
67.3289
65.2439
62.4493
58.4861
54.8691
50.8478
46.2342
42.6798
40.3969
37.8936
36.428
37.0636
38.3175
40.4091
43.9206
48.0461
52.0489
56.0144
59.8937
63.1627
65.1772
66.0556
65.9514
65.2685
63.9194
61.7073
58.9787
55.9606
52.9114
49.7636
46.5127
43.5972
41.1502
39.1808
37.3916
35.8275
34.8355
34.4763
35.0271
36.0677
37.7508
39.7764
42.0921
44.3064
46.2548
47.9105
49.6544
51.7711
54.4124
57.2642
59.9644
62.2625
64.1358
65.7697
67.2562
68.7474
70.1398
71.4336
72.4341
73.2551
73.8094
74.233
74.4105
74.5853
74.3933
74.2883
73.999
73.7453
73.4451
73.1363
72.8627
72.6038
72.4568
72.3371
72.4193
72.5252
72.8705
73.3146
73.7919
74.6459
46.4216
46.2518
46.2702
46.2633
46.0874
45.8282
45.4042
44.597
43.8849
43.7357
44.241
45.2671
46.3061
47.2621
47.9873
48.1438
47.4731
46.2145
45.0511
43.975
43.2787
42.9113
42.7781
42.6014
42.3405
41.9053
41.1937
40.3003
39.0961
37.6016
35.9683
33.9513
31.8294
29.6918
27.2175
24.8134
22.5273
20.1119
17.9741
16.2746
14.9358
14.2147
14.1614
14.5545
15.8241
17.7329
19.8674
22.7684
25.976
29.1717
32.3814
35.4547
38.7657
41.6167
44.1988
47.1232
49.5689
51.7748
53.7916
55.4772
56.898
57.7181
58.3011
58.5842
58.226
57.5279
56.2598
54.3882
52.0293
49.0885
45.9203
42.4557
38.9713
35.6224
32.6015
29.9346
27.2263
24.8898
23.4361
22.4793
22.1947
22.2486
22.5571
23.4451
24.969
26.6121
28.4187
30.4922
32.6431
35.0804
37.7131
40.3502
43.2543
46.4129
49.7155
53.0152
56.624
60.2574
63.7367
67.0791
70.0984
72.555
74.2446
75.3551
75.9718
76.2416
76.3314
76.265
76.2618
76.2703
76.1643
75.8041
75.1825
74.2914
73.4071
72.8057
72.2867
71.6184
71.0255
70.351
68.6605
65.7955
61.8412
57.1129
52.3452
47.6017
42.1374
38.0762
35.5199
32.6707
31.2446
31.8643
33.2891
35.4046
39.1781
43.7741
48.082
52.3018
56.4811
60.0978
62.474
63.5389
63.8347
63.4599
62.2708
60.1721
57.6408
54.9738
51.9535
48.8231
45.53
42.7364
40.511
38.5821
36.8596
35.2133
34.1861
33.7507
34.3326
35.4735
37.2332
39.2874
41.6105
43.9293
45.9838
47.6868
49.377
51.4262
54.0894
56.9976
59.7843
62.0129
63.8814
65.3854
66.944
68.3705
69.8821
71.0698
72.159
72.8438
73.4869
73.799
74.0577
74.048
74.0039
73.6963
73.4634
73.0428
72.7268
72.2702
71.8863
71.4941
71.125
70.8015
70.4826
70.2456
69.806
69.1193
67.5699
65.6835
46.3744
46.2375
46.2792
46.3478
46.1934
45.8795
45.434
44.8176
44.2769
44.0998
44.5087
45.2899
46.3325
47.5016
48.3463
48.418
47.699
46.5937
45.5172
44.3715
43.5672
42.9783
42.6452
42.4275
42.0525
41.6428
40.9525
40.0947
39.0832
37.6607
36.1509
34.3247
32.2676
30.3692
28.1312
25.722
23.6899
21.5574
19.466
17.9942
16.7844
16.0244
16.1509
16.5707
17.4899
19.3087
21.284
23.7806
26.888
29.748
32.7741
35.9451
39.0784
42.0074
44.5684
47.2801
49.7746
51.8732
53.7926
55.4346
56.7874
57.5813
57.9612
58.1633
57.5945
56.4316
54.8495
52.4332
49.3696
45.7644
41.9075
37.6292
33.2768
29.3426
25.6983
22.7425
20.242
17.9345
16.829
16.4382
16.716
17.5531
18.673
20.3636
22.6975
25.1069
27.7204
30.6271
33.6965
36.9432
40.1031
43.1979
46.4827
49.8534
53.1151
56.4066
59.7368
62.9374
66.0215
68.9085
71.3594
73.2764
74.6825
75.6056
76.0772
76.2806
76.387
76.3513
76.3334
76.3295
76.2917
76.0611
75.6745
75.0984
74.5318
74.1105
73.7308
73.1979
72.5166
71.6161
69.7651
66.3754
61.7843
55.8872
50.1943
44.6747
38.572
34.2763
31.1266
27.9969
26.5341
27.3205
28.8347
30.9321
34.8921
39.8608
44.591
48.9734
53.5134
57.3534
59.9714
61.4886
62.0669
61.9322
60.8279
59.0232
56.8281
54.3304
51.3245
48.2261
45.2025
42.5581
40.3973
38.3979
36.7463
35.1616
34.1427
33.59
34.0599
35.2729
37.1024
39.2016
41.472
43.8172
45.9081
47.7147
49.3401
51.3686
53.9356
57.0027
59.7224
62.0429
63.6549
65.1257
66.4391
67.9715
69.3909
70.756
71.7186
72.481
72.9861
73.3636
73.4875
73.5366
73.3839
73.1053
72.7026
72.3288
71.8426
71.3996
70.801
70.2812
69.6612
68.9777
68.2085
67.1494
65.8815
63.7727
60.6169
50.6927
-50.6978
-7.64528
-9.16544
-3.14372
-4.44652
-2.26887
-0.610917
0.53105
0.57489
2.64753
3.49388
2.6771
2.7491
3.37062
2.77439
1.91959
1.69427
1.40333
0.820605
0.263682
-35.5004
-8.05535
-9.1231
-3.23306
-4.48583
-2.30811
-0.626654
0.552756
0.515856
2.60357
3.55527
2.64921
2.68901
3.39813
2.80617
1.88929
1.68772
1.4147
0.820061
0.261902
-22.6446
-7.34589
-8.68699
-3.29477
-4.44826
-2.4149
-0.605861
0.58552
0.406597
2.53314
3.62479
2.57997
2.59078
3.42009
2.81097
1.83948
1.67266
1.42129
0.815431
0.259153
-11.4105
-5.2888
-7.35259
-3.20442
-4.24221
-2.50635
-0.509483
0.612881
0.303383
2.45182
3.65661
2.48655
2.4812
3.41109
2.78246
1.77755
1.64745
1.41135
0.803085
0.255174
-2.06855
-1.97866
-5.10222
-2.64618
-3.70745
-2.46189
-0.311432
0.641332
0.239902
2.36927
3.61483
2.37244
2.37283
3.34783
2.70646
1.71076
1.6105
1.37978
0.782852
0.250248
5.43106
1.99455
-2.1418
-1.53856
-2.70033
-2.16947
-0.0383507
0.709484
0.269247
2.2712
3.47484
2.2721
2.2723
3.20657
2.5854
1.64981
1.55354
1.3224
0.759923
0.247702
11.2451
5.73061
0.874109
-0.08811
-1.57054
-1.62163
0.234529
0.81013
0.411733
2.14839
3.23216
2.21061
2.18185
2.97181
2.43535
1.60756
1.47186
1.2387
0.735641
0.245247
15.9377
9.07933
3.65812
1.40546
-0.445091
-0.939209
0.472634
0.945049
0.629083
2.00103
2.94743
2.19484
2.09123
2.67053
2.28374
1.58278
1.3677
1.14624
0.719315
0.242801
19.8311
12.0351
6.18164
2.90431
0.644151
-0.220467
0.68255
1.08607
0.867866
1.85193
2.66656
2.20087
2.00029
2.36043
2.1454
1.56447
1.25296
1.05261
0.710123
0.241501
22.9236
14.5646
8.37677
4.3491
1.67605
0.492789
0.884907
1.20119
1.08857
1.72817
2.40874
2.19636
1.91337
2.07861
2.02183
1.54432
1.14134
0.965762
0.705301
0.242688
25.2797
16.646
10.1662
5.59555
2.58513
1.12791
1.07292
1.29614
1.2679
1.61181
2.17744
2.18358
1.8262
1.82606
1.91495
1.52539
1.03462
0.882751
0.701344
0.244596
27.0774
18.3149
11.5606
6.60765
3.34091
1.65822
1.23947
1.38259
1.40332
1.49176
1.96814
2.16417
1.73902
1.59689
1.82282
1.51139
0.935505
0.803518
0.697464
0.247961
28.5126
19.6937
12.6759
7.40874
3.9698
2.11387
1.38683
1.44647
1.50561
1.38178
1.77107
2.13083
1.65186
1.38777
1.73778
1.49676
0.841756
0.729723
0.695078
0.252429
29.7069
20.8698
13.5907
8.04844
4.49926
2.50886
1.5137
1.49159
1.57584
1.26373
1.58913
2.10627
1.55532
1.17721
1.66362
1.48609
0.739991
0.655799
0.697544
0.257538
30.7489
21.8733
14.3308
8.57287
4.96173
2.84043
1.60674
1.53959
1.63713
1.11583
1.40565
2.11251
1.46296
0.946299
1.59756
1.49298
0.633892
0.572499
0.702294
0.267201
31.6677
22.6902
14.8857
8.98157
5.36482
3.12773
1.65707
1.56381
1.70784
0.96868
1.20596
2.12292
1.39893
0.721465
1.52851
1.51045
0.54369
0.490598
0.700799
0.275558
32.5235
23.3025
15.2733
9.28709
5.70302
3.37985
1.68051
1.55553
1.76102
0.861534
1.03515
2.10113
1.35935
0.572881
1.46608
1.51523
0.500605
0.436092
0.688951
0.280651
33.3305
23.6592
15.4802
9.49157
5.92158
3.5424
1.69436
1.52019
1.74858
0.800764
0.937467
2.03621
1.32869
0.530118
1.41411
1.49215
0.503166
0.421233
0.669996
0.280577
34.1425
23.7819
15.5386
9.59394
5.99348
3.57817
1.68663
1.46249
1.6893
0.787436
0.92519
1.97002
1.31259
0.566262
1.38815
1.4542
0.531849
0.43531
0.649155
0.274959
34.2265
23.674
15.5069
9.60517
5.9942
3.56624
1.69771
1.47148
1.65138
0.797424
0.964014
1.93122
1.29062
0.613105
1.38419
1.40938
0.551887
0.455824
0.633156
0.267157
)
;

boundaryField
{
    inlet
    {
        type            zeroGradient;
    }
    outlet
    {
        type            fixedValue;
        value           uniform 0;
    }
    walls
    {
        type            zeroGradient;
    }
    frontAndBack
    {
        type            empty;
    }
}


// ************************************************************************* //
