/*--------------------------------*- C++ -*----------------------------------*\
| =========                 |                                                 |
| \\      /  F ield         | OpenFOAM: The Open Source CFD Toolbox           |
|  \\    /   O peration     | Version:  2.4.0                                 |
|   \\  /    A nd           | Web:      www.OpenFOAM.org                      |
|    \\/     M anipulation  |                                                 |
\*---------------------------------------------------------------------------*/
FoamFile
{
    version     2.0;
    format      ascii;
    class       volScalarField;
    location    "87";
    object      p;
}
// * * * * * * * * * * * * * * * * * * * * * * * * * * * * * * * * * * * * * //

dimensions      [0 2 -2 0 0 0 0];

internalField   nonuniform List<scalar> 
4400
(
-0.100734
-0.108742
-0.120474
-0.108227
-0.104016
-0.109214
-0.112034
-0.115966
-0.117929
-0.112437
-0.111379
-0.120365
-0.115521
-0.116574
-0.121596
-0.114225
-0.122317
-0.123258
-0.122639
-0.137353
-0.100671
-0.108553
-0.120873
-0.1084
-0.103464
-0.10928
-0.111989
-0.115982
-0.118167
-0.112422
-0.11107
-0.120582
-0.115572
-0.1164
-0.121884
-0.114104
-0.122247
-0.123814
-0.122383
-0.136835
-0.100567
-0.108412
-0.121433
-0.108487
-0.103168
-0.109423
-0.111928
-0.115992
-0.118393
-0.112376
-0.110756
-0.120907
-0.115542
-0.116241
-0.122254
-0.113932
-0.122206
-0.124566
-0.121507
-0.135477
-0.10047
-0.108385
-0.121841
-0.108463
-0.10306
-0.109607
-0.111812
-0.115932
-0.11856
-0.112367
-0.110558
-0.121197
-0.115389
-0.116184
-0.12252
-0.11376
-0.122178
-0.124906
-0.120722
-0.133227
-0.100462
-0.108489
-0.121546
-0.108403
-0.103312
-0.109835
-0.111646
-0.115736
-0.118577
-0.112444
-0.110584
-0.121346
-0.115193
-0.116257
-0.122659
-0.113657
-0.122249
-0.124774
-0.120567
-0.131119
-0.100675
-0.108727
-0.121166
-0.108466
-0.103996
-0.110104
-0.111477
-0.115392
-0.118376
-0.112658
-0.110888
-0.12126
-0.115106
-0.116466
-0.122754
-0.113764
-0.122373
-0.124325
-0.120762
-0.129251
-0.101269
-0.109065
-0.120179
-0.108731
-0.105105
-0.1104
-0.111389
-0.11493
-0.117893
-0.113031
-0.111503
-0.120998
-0.11527
-0.116821
-0.122719
-0.114237
-0.122398
-0.123716
-0.120925
-0.127658
-0.102334
-0.109437
-0.118408
-0.109199
-0.106566
-0.110689
-0.111433
-0.114399
-0.11711
-0.113548
-0.112438
-0.120218
-0.115704
-0.117297
-0.122395
-0.11514
-0.122186
-0.123055
-0.121218
-0.126253
-0.103851
-0.109726
-0.115797
-0.109821
-0.108269
-0.110941
-0.111609
-0.113841
-0.116068
-0.114165
-0.113652
-0.11891
-0.116336
-0.117817
-0.121624
-0.11647
-0.121692
-0.122352
-0.121636
-0.124898
-0.105696
-0.109807
-0.112476
-0.110502
-0.110081
-0.111154
-0.111881
-0.113284
-0.114835
-0.11481
-0.115043
-0.117268
-0.11704
-0.11826
-0.120374
-0.118117
-0.120944
-0.121567
-0.122111
-0.123481
-0.107663
-0.1096
-0.108747
-0.111108
-0.111854
-0.111354
-0.112189
-0.112748
-0.113506
-0.115401
-0.11646
-0.11552
-0.117684
-0.118515
-0.118772
-0.119858
-0.120022
-0.120648
-0.122549
-0.12198
-0.109527
-0.109105
-0.104998
-0.111525
-0.113465
-0.111587
-0.112469
-0.112231
-0.112203
-0.115881
-0.117738
-0.113868
-0.11818
-0.118547
-0.117051
-0.121462
-0.119064
-0.1196
-0.122854
-0.120488
-0.111111
-0.108449
-0.101609
-0.111688
-0.114842
-0.111884
-0.112668
-0.11173
-0.111046
-0.116233
-0.118758
-0.112399
-0.118484
-0.118418
-0.115469
-0.122734
-0.118206
-0.118535
-0.122963
-0.119129
-0.112319
-0.107818
-0.0988767
-0.111593
-0.115943
-0.112246
-0.112749
-0.111253
-0.110131
-0.116472
-0.11949
-0.111362
-0.118588
-0.118238
-0.114231
-0.123537
-0.117557
-0.117581
-0.122887
-0.11804
-0.113128
-0.107359
-0.0969827
-0.111322
-0.11675
-0.112624
-0.112708
-0.110829
-0.109511
-0.116623
-0.119966
-0.11091
-0.118519
-0.1181
-0.113437
-0.123875
-0.117161
-0.116829
-0.122695
-0.117295
-0.113569
-0.107134
-0.0959286
-0.110996
-0.117267
-0.11296
-0.112593
-0.110507
-0.109169
-0.116698
-0.120223
-0.110817
-0.11834
-0.118033
-0.113085
-0.123921
-0.116994
-0.116332
-0.122447
-0.116885
-0.113715
-0.107047
-0.0957077
-0.110698
-0.11749
-0.113223
-0.112476
-0.110316
-0.109068
-0.116702
-0.120247
-0.110967
-0.118134
-0.11798
-0.113096
-0.123729
-0.11696
-0.116103
-0.122306
-0.116751
-0.113651
-0.106921
-0.0958915
-0.110465
-0.117375
-0.113397
-0.112386
-0.110241
-0.109159
-0.116647
-0.120048
-0.111246
-0.117957
-0.117864
-0.113351
-0.123395
-0.116944
-0.116114
-0.12197
-0.116907
-0.113498
-0.106699
-0.0963154
-0.110328
-0.117047
-0.113502
-0.112334
-0.110229
-0.109344
-0.116571
-0.119721
-0.111548
-0.117857
-0.117678
-0.113703
-0.123044
-0.116881
-0.116287
-0.121648
-0.117024
-0.113398
-0.10647
-0.0967034
-0.110353
-0.116487
-0.113548
-0.112292
-0.11023
-0.109578
-0.116543
-0.119376
-0.111735
-0.117862
-0.117494
-0.11411
-0.122853
-0.116776
-0.116522
-0.121439
-0.117097
-0.120877
-0.115426
-0.118484
-0.119472
-0.128369
-0.118954
-0.131869
-0.12714
-0.11704
-0.123955
-0.0879525
-0.103563
-0.104476
-0.0926808
-0.171801
-0.175191
-0.124038
-0.178361
-0.224514
-0.178273
-0.11738
-0.0780698
-0.0434584
-0.0426129
-0.0917047
-0.118447
-0.100022
-0.0810661
-0.0758129
-0.0573313
-0.0119533
0.0146886
-0.0315024
-0.101451
-0.132481
-0.139224
-0.123123
-0.0704142
-0.0327968
-0.0360817
-0.0520753
-0.057244
-0.0465816
-0.0295002
-0.00895028
0.000921893
-0.0282539
-0.0545076
-0.0592622
-0.0610495
-0.0539961
-0.0272939
-0.0100782
-0.0156778
-0.0331237
-0.0484398
-0.0515532
-0.0402798
-0.0224748
-0.00878159
-0.00481505
-0.0108276
-0.0194804
-0.0187166
-0.00823056
-0.00212721
-0.00739238
-0.0168887
-0.0186642
-0.00945088
-0.00143973
-0.000979751
-0.00219422
-0.00195916
-0.00345456
-0.0060564
-0.00583867
-0.00389154
-0.00384296
-0.00563228
-0.00678285
-0.0066093
-0.00586164
-0.00491127
-0.00382356
-0.00275152
-0.00184117
-0.00112678
-0.000565692
-0.000105775
0.0002838
0.00060698
0.000851057
0.000999262
0.00104518
0.000993151
0.000859502
0.000661736
0.000418545
0.000144834
-0.121957
-0.115466
-0.119226
-0.118947
-0.128481
-0.119267
-0.13085
-0.127995
-0.116372
-0.123343
-0.0884626
-0.102581
-0.105662
-0.0929329
-0.168469
-0.176985
-0.125
-0.171127
-0.214904
-0.172154
-0.113953
-0.0752191
-0.0399035
-0.0429321
-0.098936
-0.130156
-0.108541
-0.0796294
-0.062911
-0.0439027
-0.0027349
0.0204801
-0.0297959
-0.104694
-0.137782
-0.144572
-0.126709
-0.0690083
-0.0267681
-0.0281035
-0.0450732
-0.0545147
-0.0488773
-0.0331426
-0.01177
-0.000437504
-0.0263678
-0.0508766
-0.055583
-0.0572764
-0.0509574
-0.0257797
-0.0102708
-0.0173879
-0.0355856
-0.051051
-0.0538801
-0.0418994
-0.0232633
-0.00853483
-0.00332262
-0.00797525
-0.0158168
-0.0155793
-0.00669924
-0.0024301
-0.00906618
-0.0191906
-0.0206326
-0.0100835
-0.00044604
0.000980442
-0.000595802
-0.00165043
-0.00440636
-0.00738303
-0.00659393
-0.00375997
-0.00301992
-0.00464574
-0.0061303
-0.00647074
-0.00608318
-0.00522979
-0.00407035
-0.0028854
-0.00188767
-0.00112633
-0.000548782
-8.89258e-05
0.000294688
0.000611973
0.000852198
0.000998633
0.00104399
0.000992019
0.000858579
0.000661055
0.000418135
0.000144628
-0.123246
-0.115775
-0.119479
-0.118526
-0.128251
-0.119976
-0.12873
-0.128177
-0.116217
-0.122296
-0.0896653
-0.101795
-0.107061
-0.0937432
-0.163101
-0.176943
-0.127384
-0.164039
-0.203845
-0.165792
-0.110977
-0.0723015
-0.0360746
-0.0429814
-0.105535
-0.141614
-0.116991
-0.0774859
-0.0500328
-0.0308106
0.00598505
0.0260871
-0.0276097
-0.106534
-0.141905
-0.148821
-0.129231
-0.0671033
-0.0208261
-0.020441
-0.0383559
-0.0520457
-0.0514752
-0.0370116
-0.014598
-0.00168128
-0.024111
-0.0469243
-0.0516856
-0.0532219
-0.0476074
-0.024012
-0.0101583
-0.0187253
-0.0376785
-0.0532378
-0.0558172
-0.0432644
-0.023865
-0.00813578
-0.00172992
-0.00504404
-0.0120892
-0.0123896
-0.00505816
-0.00257601
-0.0105355
-0.0212472
-0.0223867
-0.0105845
0.000569255
0.00289904
0.000963362
-0.00132739
-0.00529745
-0.00865138
-0.0073115
-0.00360126
-0.00216947
-0.00363968
-0.00547281
-0.0063378
-0.00631066
-0.00554973
-0.0043153
-0.00301666
-0.00193227
-0.0011247
-0.000531319
-7.19209e-05
0.000305624
0.000617056
0.00085357
0.000998322
0.00104319
0.00099127
0.000858022
0.000660657
0.000417944
0.000144568
-0.124315
-0.116564
-0.119228
-0.118197
-0.127621
-0.120923
-0.126721
-0.127509
-0.116418
-0.120927
-0.0914494
-0.101234
-0.10826
-0.0949107
-0.155763
-0.174453
-0.130794
-0.1577
-0.192039
-0.159426
-0.108596
-0.0695085
-0.032178
-0.0424935
-0.111376
-0.152697
-0.125293
-0.0745659
-0.0375166
-0.018405
0.0139321
0.0311665
-0.024958
-0.106994
-0.14473
-0.151884
-0.130652
-0.0647832
-0.0151173
-0.0132403
-0.0320612
-0.0499201
-0.0543069
-0.0409907
-0.0173733
-0.0027674
-0.021463
-0.0426659
-0.0475766
-0.0489378
-0.0439994
-0.0220444
-0.00977753
-0.0196972
-0.0394015
-0.0550063
-0.0573613
-0.0443598
-0.0242698
-0.00759772
-6.7156e-05
-0.00207129
-0.00836034
-0.00920853
-0.00334231
-0.00256732
-0.0117871
-0.0230393
-0.0239036
-0.0109456
0.00159084
0.00474109
0.00245456
-0.000998257
-0.00611461
-0.00983728
-0.00797542
-0.00341655
-0.00130958
-0.00263641
-0.00482473
-0.0062133
-0.00654
-0.00586566
-0.00455442
-0.00314334
-0.00197415
-0.00112181
-0.000513482
-5.49097e-05
0.000316547
0.000622257
0.000855217
0.000998392
0.00104282
0.000990929
0.000857827
0.000660553
0.000417969
0.00014465
-0.124564
-0.117763
-0.118745
-0.117857
-0.126717
-0.121828
-0.124958
-0.126091
-0.116791
-0.11944
-0.0936208
-0.100878
-0.108842
-0.0963217
-0.147144
-0.169594
-0.134677
-0.152458
-0.180236
-0.153288
-0.10688
-0.0670302
-0.0284728
-0.0414206
-0.116343
-0.163083
-0.13309
-0.0709034
-0.0257355
-0.00705416
0.020874
0.0354043
-0.021882
-0.106114
-0.146226
-0.153757
-0.131004
-0.0621444
-0.00976818
-0.00662091
-0.0263268
-0.0482069
-0.0572896
-0.0449492
-0.0200369
-0.00365033
-0.0184133
-0.0381284
-0.0432655
-0.044488
-0.0402014
-0.0199407
-0.00917402
-0.0203242
-0.0407604
-0.0563713
-0.0585219
-0.0451781
-0.0244736
-0.00693926
0.00163886
0.000902397
-0.0046938
-0.00609133
-0.00158752
-0.00241062
-0.0128135
-0.0245556
-0.0251683
-0.0111614
0.00260382
0.00647473
0.00385188
-0.000670421
-0.00684686
-0.0109194
-0.00857088
-0.00320751
-0.000458982
-0.00165768
-0.00419911
-0.00609932
-0.00676703
-0.00617247
-0.00478404
-0.00326349
-0.00201266
-0.00111764
-0.000495441
-3.80067e-05
0.000327448
0.000627644
0.000857224
0.000998905
0.00104291
0.000991005
0.00085799
0.00066073
0.000418202
0.00014486
-0.124083
-0.11917
-0.118346
-0.117495
-0.125635
-0.122382
-0.123478
-0.124286
-0.117141
-0.118018
-0.096005
-0.100645
-0.108517
-0.0978508
-0.138163
-0.162829
-0.138462
-0.148417
-0.169089
-0.1476
-0.105857
-0.065037
-0.0252452
-0.0400228
-0.120438
-0.172432
-0.139968
-0.0666602
-0.0150485
0.00289792
0.0266121
0.0385752
-0.0185904
-0.103955
-0.146479
-0.154534
-0.130403
-0.0592878
-0.00489173
-0.000693733
-0.0212867
-0.0469528
-0.0603217
-0.0487408
-0.0225285
-0.00427693
-0.0149695
-0.0333478
-0.0387717
-0.0399478
-0.0362943
-0.0177734
-0.00840275
-0.0206378
-0.0417711
-0.0573564
-0.0593195
-0.0457198
-0.0244796
-0.00618135
0.00336284
0.00383639
-0.00114946
-0.00308889
0.000170516
-0.00211661
-0.0136133
-0.0257937
-0.0261738
-0.0112296
0.00359443
0.00807128
0.00513349
-0.000349898
-0.00748531
-0.0118795
-0.00908481
-0.00297652
0.000364351
-0.000723782
-0.00360794
-0.00599733
-0.00698767
-0.00646536
-0.00500086
-0.00337545
-0.00204727
-0.00111225
-0.000477358
-2.12935e-05
0.000338362
0.000633311
0.000859682
0.000999915
0.00104347
0.000991485
0.000858487
0.000661161
0.000418624
0.000145174
-0.123192
-0.120428
-0.118224
-0.117181
-0.124431
-0.122521
-0.122236
-0.122441
-0.117339
-0.116719
-0.0984769
-0.100425
-0.107224
-0.0992905
-0.129402
-0.15472
-0.14168
-0.145535
-0.159084
-0.142561
-0.105541
-0.0636616
-0.0227351
-0.0386544
-0.123703
-0.180445
-0.145704
-0.0621007
-0.00579667
0.0112152
0.0310168
0.0405242
-0.0153847
-0.100602
-0.145643
-0.154317
-0.129011
-0.0563055
-0.000589464
0.00441375
-0.0170566
-0.0461742
-0.0632819
-0.0522114
-0.0247834
-0.00458506
-0.0111628
-0.0283709
-0.034127
-0.0353999
-0.0323713
-0.0156216
-0.00752484
-0.0206785
-0.0424571
-0.0579943
-0.059784
-0.045993
-0.0242976
-0.00534667
0.00508101
0.00669487
0.00221499
-0.000248241
0.00189663
-0.00170037
-0.0141897
-0.0267575
-0.0269201
-0.0111515
0.00454968
0.00950636
0.00628316
-4.16086e-05
-0.00802302
-0.0127031
-0.00950668
-0.00272666
0.00114397
0.000146694
-0.00306171
-0.005908
-0.00719791
-0.0067398
-0.00520374
-0.0034779
-0.00207759
-0.00110571
-0.000459387
-4.82595e-06
0.000349334
0.000639341
0.000862647
0.00100143
0.00104447
0.00099232
0.000859263
0.000661796
0.000419194
0.000145562
-0.12224
-0.121356
-0.118337
-0.116993
-0.12317
-0.122295
-0.121132
-0.120799
-0.117329
-0.115509
-0.100926
-0.100145
-0.105107
-0.100369
-0.121237
-0.145872
-0.144011
-0.143685
-0.150545
-0.13833
-0.105919
-0.0630112
-0.0211094
-0.0375279
-0.12607
-0.186772
-0.150196
-0.0574902
0.0017604
0.0178239
0.0340593
0.0411648
-0.0124129
-0.0961939
-0.143818
-0.15311
-0.126959
-0.0532764
0.00306578
0.00855071
-0.0137129
-0.0458637
-0.0660305
-0.0552154
-0.026733
-0.00450438
-0.00705453
-0.0232569
-0.0293787
-0.0309305
-0.0285359
-0.0135676
-0.00660418
-0.0204947
-0.0428461
-0.0583234
-0.0599542
-0.0460141
-0.0239438
-0.00445934
0.00677356
0.00944371
0.00534671
0.00239253
0.00355731
-0.00118142
-0.0145509
-0.027456
-0.0274125
-0.0109318
0.00545724
0.0107612
0.00729043
0.000250744
-0.00845529
-0.013379
-0.00982859
-0.00246174
0.00186466
0.000938135
-0.00256824
-0.00583094
-0.00739365
-0.00699156
-0.00538627
-0.0035696
-0.00210336
-0.00109815
-0.000441682
1.13409e-05
0.000360382
0.000645757
0.000866107
0.00100341
0.00104582
0.000993417
0.000860228
0.000662558
0.000419855
0.000145984
-0.121462
-0.121825
-0.118545
-0.116975
-0.121894
-0.121782
-0.120091
-0.119487
-0.117138
-0.114333
-0.103262
-0.0998039
-0.102413
-0.100878
-0.113922
-0.136917
-0.145293
-0.142686
-0.143669
-0.135015
-0.10692
-0.0631456
-0.0204927
-0.0366594
-0.127354
-0.191375
-0.153235
-0.0529864
0.00752105
0.022806
0.0358456
0.040546
-0.00955744
-0.090959
-0.140963
-0.150815
-0.124287
-0.0502657
0.00605631
0.0115881
-0.0113172
-0.045996
-0.0684159
-0.0576318
-0.0283072
-0.00396178
-0.00273829
-0.0180721
-0.0245966
-0.0266252
-0.0249007
-0.0116925
-0.0057056
-0.0201371
-0.0429693
-0.0583843
-0.0598733
-0.0458051
-0.0234409
-0.00354357
0.00842449
0.0120494
0.00820077
0.0048039
0.00512136
-0.000583629
-0.0147099
-0.0279015
-0.0276597
-0.0105776
0.00630534
0.0118227
0.00814997
0.000524931
-0.00877958
-0.0138999
-0.0100454
-0.00218694
0.0025137
0.00163839
-0.00213272
-0.00576471
-0.00757047
-0.00721651
-0.00554757
-0.00364946
-0.00212446
-0.00108975
-0.000424414
2.71173e-05
0.000371453
0.000652487
0.000869948
0.00100569
0.00104738
0.000994637
0.000861259
0.000663354
0.000420531
0.000146394
-0.120955
-0.121911
-0.1187
-0.117129
-0.120644
-0.121052
-0.119072
-0.118524
-0.116811
-0.11317
-0.105396
-0.0994702
-0.0994378
-0.100704
-0.107646
-0.128443
-0.145518
-0.142326
-0.138547
-0.132668
-0.108391
-0.0640371
-0.0210094
-0.0360262
-0.127427
-0.19381
-0.154568
-0.0486977
0.0115699
0.0263845
0.0365919
0.0388653
-0.0065616
-0.0851331
-0.136942
-0.147381
-0.120965
-0.0472997
0.00838644
0.0134985
-0.00979117
-0.0465005
-0.0702957
-0.0593887
-0.0294437
-0.00289194
0.00166978
-0.012889
-0.0198784
-0.0225639
-0.0215803
-0.0100701
-0.00489327
-0.0196544
-0.0428574
-0.0582159
-0.0595838
-0.0453924
-0.0228166
-0.00262284
0.0100214
0.0144819
0.0107406
0.0069618
0.00655948
6.51458e-05
-0.0146845
-0.0281083
-0.027672
-0.0100983
0.00708188
0.0126843
0.0088613
0.00077934
-0.00899624
-0.014263
-0.0101559
-0.0019086
0.00308157
0.00223858
-0.00175758
-0.0057067
-0.00772354
-0.00741047
-0.00568533
-0.00371672
-0.00214093
-0.00108076
-0.000407799
4.23353e-05
0.000382374
0.000659327
0.000873945
0.00100806
0.00104895
0.000995806
0.000862212
0.000664075
0.00042114
0.000146752
-0.120695
-0.121661
-0.118715
-0.117438
-0.119467
-0.120159
-0.118077
-0.117868
-0.116435
-0.112044
-0.107244
-0.099246
-0.0964726
-0.0998937
-0.102545
-0.120887
-0.144766
-0.142348
-0.135136
-0.131275
-0.110107
-0.0655536
-0.0227555
-0.0358174
-0.126186
-0.193784
-0.154161
-0.0447711
0.0141605
0.0288762
0.0366136
0.0364198
-0.00323402
-0.0788179
-0.131757
-0.143042
-0.116998
-0.0443618
0.00997749
0.0143837
-0.00907034
-0.0472446
-0.0716221
-0.0604795
-0.0300934
-0.0012654
0.00604131
-0.00778628
-0.0153475
-0.0188177
-0.0186794
-0.00875871
-0.00422694
-0.0190935
-0.0425349
-0.057848
-0.0591191
-0.0448039
-0.022103
-0.0017184
0.0115547
0.0167133
0.0129396
0.00884926
0.00784508
0.000733562
-0.0144969
-0.0280922
-0.0274613
-0.00950655
0.00777433
0.0133474
0.00942905
0.00101206
-0.00911054
-0.0144718
-0.0101642
-0.00163368
0.00356152
0.00273366
-0.00144232
-0.00565332
-0.00784769
-0.00756952
-0.00579772
-0.003771
-0.002153
-0.00107152
-0.00039214
5.6707e-05
0.000392834
0.000665947
0.000877783
0.00101025
0.00105029
0.000996744
0.000862945
0.000664624
0.000421608
0.000147021
-0.120572
-0.12119
-0.118561
-0.117854
-0.118426
-0.119164
-0.117135
-0.117448
-0.1161
-0.111017
-0.108741
-0.0992026
-0.0937511
-0.0986262
-0.0986392
-0.114534
-0.143146
-0.142467
-0.133225
-0.130714
-0.111779
-0.0673848
-0.0256933
-0.0363275
-0.123475
-0.191289
-0.152174
-0.0413418
0.0156436
0.0306625
0.0363029
0.0335666
0.000456634
-0.0720824
-0.125563
-0.138354
-0.112497
-0.0414765
0.0106812
0.0143979
-0.00903516
-0.0480423
-0.0723568
-0.0609459
-0.0302234
0.000889528
0.0102529
-0.00285072
-0.0111362
-0.0154468
-0.0162749
-0.00779101
-0.00375667
-0.0185024
-0.0420231
-0.0572983
-0.0584979
-0.0440678
-0.0213358
-0.000847348
0.0130164
0.0187153
0.0148459
0.0104575
0.00895514
0.00138728
-0.0141743
-0.0278705
-0.0270428
-0.0088198
0.00837004
0.0138221
0.00986314
0.00122125
-0.00913407
-0.01454
-0.0100812
-0.00136928
0.00394904
0.00312318
-0.00118401
-0.00560047
-0.0079382
-0.00769079
-0.00588389
-0.00381252
-0.00216121
-0.00106251
-0.00037786
6.98085e-05
0.0004024
0.000671939
0.000881113
0.00101197
0.0010512
0.000997296
0.000863347
0.000664926
0.000421886
0.000147179
-0.120484
-0.120693
-0.118263
-0.118282
-0.117575
-0.118144
-0.116287
-0.117179
-0.11585
-0.110174
-0.109851
-0.0993304
-0.0914503
-0.0971145
-0.0958464
-0.109565
-0.140838
-0.142363
-0.132434
-0.130708
-0.113093
-0.0691972
-0.0296214
-0.0375145
-0.119808
-0.186307
-0.148788
-0.038494
0.0164147
0.0321563
0.0360645
0.0307024
0.00389142
-0.0644019
-0.118669
-0.133558
-0.107587
-0.0387303
0.010473
0.0130122
-0.00950542
-0.0486654
-0.0724451
-0.0608354
-0.0298297
0.00347499
0.0141998
0.00181567
-0.007357
-0.0125029
-0.0144005
-0.00716312
-0.00351589
-0.0179285
-0.041349
-0.0565791
-0.0577258
-0.0432155
-0.0205568
-2.05379e-05
0.0143985
0.0204564
0.016338
0.0117835
0.00987135
0.00199033
-0.01375
-0.0274663
-0.0264393
-0.00806334
0.0088568
0.0141269
0.0101775
0.00140612
-0.00908306
-0.0144908
-0.00992355
-0.00112224
0.00424156
0.00341172
-0.000978291
-0.00554452
-0.00799213
-0.00777357
-0.00594441
-0.00384228
-0.00216639
-0.00105438
-0.000365513
8.11186e-05
0.000410595
0.000676912
0.000883643
0.00101303
0.00105154
0.000997369
0.000863359
0.000664946
0.000421954
0.000147221
-0.120362
-0.120298
-0.117902
-0.118634
-0.11694
-0.117182
-0.115574
-0.116976
-0.115679
-0.109588
-0.110566
-0.0995491
-0.0897219
-0.0955814
-0.0940253
-0.106047
-0.138132
-0.14178
-0.13227
-0.130893
-0.113803
-0.0706364
-0.0340954
-0.0391836
-0.114985
-0.179436
-0.144084
-0.0362757
0.0168986
0.0337483
0.0362488
0.0282311
0.00713496
-0.0561132
-0.111249
-0.12854
-0.102311
-0.0361344
0.0095539
0.0116181
-0.0101816
-0.0488728
-0.0718765
-0.0602085
-0.0289497
0.00633675
0.0178171
0.00608708
-0.00408072
-0.0100328
-0.013047
-0.00683137
-0.00351307
-0.0174124
-0.0405565
-0.0557135
-0.056811
-0.0422928
-0.0198154
0.000760658
0.015692
0.0219056
0.0174984
0.0128303
0.0105819
0.00250811
-0.0132649
-0.0269141
-0.0256896
-0.00727438
0.00922514
0.0142875
0.0103878
0.00156628
-0.00897439
-0.0143451
-0.00970922
-0.000899657
0.00443933
0.00360828
-0.000820409
-0.00548343
-0.00800971
-0.00781966
-0.00598173
-0.00386212
-0.00216974
-0.00104793
-0.000355713
9.01311e-05
0.000417032
0.000680604
0.00088522
0.00101334
0.00105126
0.000996954
0.000862985
0.000664693
0.000421822
0.000147157
-0.120178
-0.120018
-0.117578
-0.118869
-0.116513
-0.116353
-0.115035
-0.11678
-0.115543
-0.109286
-0.110911
-0.0997625
-0.0886814
-0.0942321
-0.0929907
-0.103905
-0.135396
-0.140665
-0.132282
-0.130938
-0.113613
-0.0713839
-0.0385668
-0.041043
-0.109118
-0.170972
-0.137922
-0.0346584
0.0174715
0.0357336
0.0370756
0.0264569
0.0101757
-0.0475936
-0.103557
-0.122885
-0.0968605
-0.0333948
0.00822388
0.00993613
-0.010837
-0.0485819
-0.0707077
-0.0591587
-0.0276977
0.00928753
0.0210929
0.00979462
-0.00133295
-0.00807723
-0.0121587
-0.00672243
-0.00372352
-0.0169773
-0.0397154
-0.0547521
-0.0558095
-0.041377
-0.019161
0.00150245
0.0168843
0.0230321
0.0183581
0.0136083
0.0110843
0.00291209
-0.012768
-0.0262677
-0.0248576
-0.00650568
0.00947265
0.0143345
0.0105097
0.00169958
-0.00882452
-0.0141146
-0.00945861
-0.000711556
0.00454809
0.00372471
-0.000705868
-0.00541767
-0.00799522
-0.00780867
-0.00599977
-0.00387451
-0.00217261
-0.00104393
-0.000348962
9.65281e-05
0.000421546
0.000682969
0.000885872
0.00101297
0.00105045
0.000996122
0.000862289
0.000664214
0.000421526
0.000147009
-0.119953
-0.11983
-0.117367
-0.118982
-0.11626
-0.115718
-0.114685
-0.116571
-0.115398
-0.109233
-0.110956
-0.0999122
-0.0883489
-0.0932253
-0.0925466
-0.102902
-0.132956
-0.139178
-0.132186
-0.130633
-0.112504
-0.0712789
-0.0424172
-0.0427424
-0.102404
-0.161473
-0.130749
-0.0330935
0.0184103
0.0382427
0.0386059
0.0256748
0.0127338
-0.0392305
-0.0960491
-0.117045
-0.091377
-0.0305734
0.00677177
0.00821816
-0.0113514
-0.0479938
-0.0689942
-0.0578386
-0.0262257
0.0121383
0.024035
0.0127523
0.000882942
-0.00665268
-0.0116339
-0.00674496
-0.00408877
-0.016628
-0.0389167
-0.0537599
-0.0548282
-0.0405652
-0.0186141
0.00221326
0.0179506
0.0238174
0.0189552
0.0141376
0.011389
0.00318562
-0.0123112
-0.0256021
-0.0240353
-0.00582128
0.00960874
0.0143007
0.0105593
0.00180203
-0.00865376
-0.0138255
-0.00920115
-0.000570599
0.0045811
0.00377405
-0.000630453
-0.00535083
-0.00795713
-0.00779698
-0.00600359
-0.00388196
-0.00217611
-0.00104284
-0.00034541
0.000100333
0.00042427
0.000684197
0.000885804
0.0010121
0.00104927
0.00099501
0.000861378
0.000663585
0.00042112
0.000146803
-0.119743
-0.119704
-0.117293
-0.118979
-0.116138
-0.115314
-0.114513
-0.116359
-0.115218
-0.109352
-0.110802
-0.0999911
-0.0886252
-0.0926428
-0.092517
-0.102686
-0.13103
-0.137591
-0.131927
-0.129931
-0.110628
-0.0704403
-0.04515
-0.0440124
-0.0954606
-0.15164
-0.122957
-0.0313216
0.0198866
0.0412109
0.0406896
0.0263849
0.0149296
-0.0320312
-0.0893081
-0.111507
-0.0862392
-0.0279173
0.00545891
0.00673079
-0.0116675
-0.0473072
-0.0676252
-0.0564604
-0.0246746
0.0147181
0.0265481
0.014831
0.00254969
-0.00573174
-0.0113398
-0.00681414
-0.00452354
-0.0163604
-0.0382045
-0.0528254
-0.0539551
-0.0398562
-0.0181358
0.00289331
0.0188282
0.024282
0.0193278
0.0144493
0.0115229
0.00332838
-0.0119384
-0.0249979
-0.0233186
-0.00527708
0.00965644
0.0142182
0.010553
0.00186974
-0.00848756
-0.0135366
-0.00897156
-0.00048328
0.00455798
0.00377079
-0.000589706
-0.00528904
-0.00790597
-0.00777018
-0.00599806
-0.00388636
-0.00218065
-0.00104445
-0.000344651
0.000101987
0.000425615
0.000684651
0.000885331
0.00101102
0.00104796
0.000993799
0.00086039
0.000662898
0.000420665
0.000146571
-0.119598
-0.119594
-0.117338
-0.118895
-0.116118
-0.115132
-0.114469
-0.116177
-0.115015
-0.109548
-0.110559
-0.0999837
-0.0892887
-0.0924525
-0.0927299
-0.102901
-0.129706
-0.136177
-0.131738
-0.128811
-0.108306
-0.0690959
-0.046542
-0.044791
-0.0893593
-0.142409
-0.115277
-0.0292132
0.0216845
0.0442313
0.0428767
0.0277892
0.0164805
-0.0266864
-0.0839958
-0.106751
-0.0819377
-0.0256441
0.00451926
0.00566341
-0.0117236
-0.0466263
-0.0661252
-0.0551537
-0.0231312
0.0169228
0.028363
0.0161689
0.003638
-0.0052301
-0.0111572
-0.0068386
-0.00492632
-0.0162643
-0.0375751
-0.0520082
-0.0531427
-0.0392442
-0.0176694
0.00347266
0.0194259
0.0244896
0.0195123
0.0145896
0.011529
0.00335623
-0.0116785
-0.0245125
-0.0227623
-0.00489615
0.00964813
0.0141159
0.010508
0.00189994
-0.00835023
-0.0133198
-0.00879244
-0.000440192
0.00450276
0.00373288
-0.000577831
-0.00523992
-0.00785361
-0.00773546
-0.00598748
-0.00388859
-0.00218558
-0.0010477
-0.000345675
0.000102275
0.000426154
0.000684761
0.000884805
0.00101003
0.00104678
0.000992698
0.000859486
0.000662263
0.000420237
0.00014635
-0.11954
-0.119486
-0.117452
-0.118786
-0.116142
-0.115102
-0.114499
-0.116068
-0.114832
-0.109725
-0.110345
-0.0998843
-0.0898726
-0.0924914
-0.0930038
-0.103314
-0.12889
-0.135212
-0.13159
-0.127901
-0.106474
-0.0676631
-0.046804
-0.0452811
-0.0853292
-0.135484
-0.108977
-0.0272663
0.0232169
0.0464409
0.0444076
0.0285413
0.0171452
-0.0237426
-0.0807846
-0.103453
-0.0789906
-0.024013
0.00408875
0.00513503
-0.0118181
-0.0459268
-0.0648036
-0.0538334
-0.0219928
0.0185103
0.0292863
0.0168382
0.00414686
-0.00503245
-0.0110277
-0.00680989
-0.00520787
-0.0163466
-0.0371675
-0.0514319
-0.0525687
-0.0387703
-0.0172923
0.00383303
0.0197033
0.0245157
0.0195577
0.0146245
0.0114699
0.00329533
-0.0115562
-0.0241828
-0.0223864
-0.00466055
0.00962136
0.01402
0.0104424
0.00188906
-0.0082647
-0.0131599
-0.00866749
-0.000416955
0.00444374
0.00368412
-0.000588135
-0.00521252
-0.00781361
-0.0077072
-0.00597519
-0.00388814
-0.00218886
-0.00105044
-0.00034685
0.000102276
0.000426576
0.000685014
0.000884634
0.00100948
0.00104604
0.000991975
0.00085887
0.000661821
0.000419932
0.000146186
-0.11957
-0.119385
-0.117598
-0.118727
-0.116157
-0.115166
-0.114561
-0.11606
-0.114729
-0.109821
-0.110264
-0.0997296
-0.0901593
-0.0926227
-0.0933301
-0.103694
-0.12865
-0.134774
-0.131548
-0.127448
-0.105497
-0.0666649
-0.0466031
-0.0460744
-0.0841943
-0.132404
-0.105859
-0.0260809
0.0240603
0.0474918
0.0450583
0.0287461
0.0166074
-0.0233282
-0.0799024
-0.101963
-0.077527
-0.0230732
0.00405504
0.00462977
-0.0122052
-0.0456519
-0.064126
-0.0530182
-0.0213202
0.0193277
0.0294974
0.0168305
0.00408507
-0.00507801
-0.010953
-0.00671489
-0.00534199
-0.016613
-0.0371625
-0.0512311
-0.0522845
-0.0384944
-0.0170771
0.00401328
0.0198172
0.0244798
0.0195182
0.0146153
0.0113787
0.00314729
-0.0115903
-0.0240503
-0.0221211
-0.00453062
0.00963166
0.0139699
0.0103598
0.0018232
-0.00825472
-0.0130812
-0.00858119
-0.000380018
0.00441731
0.0036274
-0.000619685
-0.00521763
-0.00779965
-0.00769213
-0.00596221
-0.0038823
-0.00218672
-0.00104942
-0.000345886
0.000103456
0.000427842
0.000686126
0.000885423
0.00100993
0.00104621
0.000991991
0.000858811
0.000661755
0.000419875
0.000146142
-0.119946
-0.119163
-0.121141
-0.119555
-0.122834
-0.11982
-0.122118
-0.118351
-0.117088
-0.114797
-0.113115
-0.11525
-0.115667
-0.122922
-0.137287
-0.148095
-0.169988
-0.204154
-0.206101
-0.172294
-0.117307
-0.0706094
-0.0167197
0.0636404
0.0874511
0.0747423
0.0664132
0.0263524
-0.0897352
-0.0964437
-0.0435702
0.0288925
0.0558866
0.0373833
0.00886865
-0.0104013
-0.0149395
-0.0240449
-0.0487306
-0.0792073
-0.0884333
-0.0716063
-0.0426763
-0.0166906
-0.00250505
-0.00182195
-0.0173279
-0.0513136
-0.0706217
-0.0714244
-0.0493189
-0.00474738
0.0286829
0.0372118
0.0289613
0.0157446
0.0018744
-0.00839541
-0.00587941
-0.00207122
-0.00892418
-0.0252597
-0.0374548
-0.0300371
-0.00459756
0.0167687
0.0234591
0.0182526
0.0109784
0.00410369
-0.00569372
-0.0141992
-0.0118127
-0.000978812
0.00596579
0.00569436
0.00148248
-0.00345429
-0.00788961
-0.0105581
-0.0101194
-0.007342
-0.00442024
-0.002582
-0.00181643
-0.00155176
-0.00135794
-0.00106387
-0.00066239
-0.000210471
0.000227627
0.000600114
0.000873918
0.00103295
0.00107834
0.00102114
0.0008814
0.000677602
0.000429284
0.000149658
-0.119944
-0.119144
-0.121125
-0.119562
-0.122853
-0.11983
-0.12214
-0.118391
-0.117106
-0.114879
-0.113041
-0.115177
-0.115569
-0.12276
-0.137403
-0.147841
-0.169937
-0.206593
-0.208971
-0.173797
-0.117577
-0.0716012
-0.0194964
0.0607005
0.0859251
0.0740036
0.0668032
0.0250528
-0.0918506
-0.0996165
-0.045442
0.0273493
0.0548671
0.0372147
0.00869424
-0.0104027
-0.0148457
-0.0236197
-0.0488062
-0.0793907
-0.0890434
-0.072154
-0.0430423
-0.0169373
-0.00265146
-0.00175371
-0.0168905
-0.0516491
-0.0711386
-0.0719962
-0.0500858
-0.00541192
0.0282214
0.0369013
0.0289488
0.0157863
0.00192409
-0.00846907
-0.00595621
-0.0019742
-0.00871227
-0.0252437
-0.0376824
-0.030423
-0.0048358
0.0166387
0.0235077
0.0183177
0.0110144
0.00418369
-0.00566287
-0.0142685
-0.0119316
-0.00105128
0.00600146
0.00573935
0.00151654
-0.00343356
-0.00788471
-0.0105789
-0.0101584
-0.00736454
-0.00442523
-0.00257996
-0.00181442
-0.00155169
-0.00135934
-0.00106597
-0.000664629
-0.000212536
0.000225939
0.000598893
0.000873161
0.00103256
0.00107821
0.00102115
0.000881471
0.000677677
0.000429346
0.000149708
-0.119939
-0.119117
-0.121104
-0.119575
-0.122899
-0.119847
-0.122235
-0.118451
-0.117134
-0.114972
-0.112867
-0.115131
-0.115301
-0.122375
-0.137375
-0.147025
-0.170375
-0.212473
-0.215033
-0.176225
-0.118214
-0.072902
-0.0242851
0.0554888
0.0826722
0.0721561
0.0648888
0.0203604
-0.0971489
-0.104468
-0.0486009
0.024508
0.0523881
0.0355474
0.00713663
-0.0111481
-0.0147998
-0.0233284
-0.0493425
-0.0803102
-0.0903179
-0.0731556
-0.043703
-0.0173758
-0.00278502
-0.00181271
-0.0175906
-0.0529766
-0.0724611
-0.0730678
-0.0513908
-0.00651608
0.0272606
0.0361072
0.0284019
0.0153387
0.00158683
-0.00867924
-0.00600704
-0.0017889
-0.00861763
-0.0254784
-0.0382232
-0.0311294
-0.00529969
0.0163627
0.0235123
0.0182859
0.0109576
0.00418846
-0.00571175
-0.0144423
-0.0121148
-0.00110858
0.00609092
0.0058101
0.0015361
-0.00343823
-0.00790877
-0.0106303
-0.0102058
-0.00738639
-0.0044204
-0.00256996
-0.00180936
-0.00155167
-0.00136143
-0.00106822
-0.000666398
-0.000213663
0.000225454
0.000598973
0.000873681
0.00103332
0.00107905
0.0010219
0.000882094
0.000678124
0.00042966
0.000149892
-0.119931
-0.11908
-0.121078
-0.119594
-0.122971
-0.11987
-0.122398
-0.118541
-0.117189
-0.115099
-0.112579
-0.115101
-0.114869
-0.121783
-0.1375
-0.14559
-0.170776
-0.219386
-0.222836
-0.178901
-0.119199
-0.0743064
-0.029343
0.0490313
0.078152
0.0697886
0.0614005
0.0125392
-0.103799
-0.110605
-0.0521142
0.0202245
0.0486896
0.032203
0.00436085
-0.0129421
-0.0151925
-0.0233719
-0.0503792
-0.0817816
-0.0920581
-0.074503
-0.0444799
-0.0181025
-0.00281276
-0.00144525
-0.0189943
-0.0552443
-0.0742473
-0.0743725
-0.0530884
-0.00802356
0.0258857
0.0347762
0.027276
0.0144009
0.000841462
-0.00902031
-0.00604869
-0.00158309
-0.00861525
-0.0258951
-0.0389512
-0.0319762
-0.00610437
0.0157811
0.0233526
0.0181115
0.010775
0.00411311
-0.00582024
-0.0146868
-0.0123622
-0.00117304
0.00620425
0.00588756
0.00154073
-0.00345992
-0.00795023
-0.0107012
-0.0102677
-0.00741157
-0.00441346
-0.00255911
-0.00180554
-0.00155322
-0.00136434
-0.00107057
-0.000667869
-0.000214376
0.000225403
0.0005995
0.000874665
0.00103455
0.00108032
0.00102301
0.000882991
0.000678761
0.000430109
0.000150154
-0.11992
-0.119034
-0.121048
-0.119618
-0.123072
-0.11989
-0.12263
-0.118673
-0.117286
-0.115241
-0.112179
-0.115111
-0.114293
-0.120946
-0.138055
-0.144001
-0.170628
-0.225379
-0.230887
-0.181668
-0.120415
-0.0761345
-0.0346412
0.041371
0.0729827
0.0670582
0.0568291
0.00216593
-0.110869
-0.117402
-0.0560122
0.0149644
0.0443847
0.0270092
0.000557744
-0.0160395
-0.0164795
-0.0241062
-0.0519491
-0.0834846
-0.0939332
-0.0758499
-0.0451853
-0.0188229
-0.00254487
-0.000654132
-0.0208674
-0.0579683
-0.0761071
-0.0756293
-0.0549876
-0.00983629
0.0241643
0.0330169
0.025522
0.0129589
-0.000329647
-0.00952232
-0.00611691
-0.00144157
-0.00871222
-0.0264213
-0.03968
-0.032841
-0.00707277
0.0149235
0.02296
0.0177515
0.0104243
0.00393865
-0.00597821
-0.0149798
-0.0126673
-0.00126152
0.00631627
0.00594917
0.00152379
-0.00349486
-0.00800069
-0.0107829
-0.0103388
-0.00744057
-0.00440917
-0.00255257
-0.00180642
-0.0015578
-0.00136832
-0.00107283
-0.000668943
-0.000214826
0.000225403
0.000599958
0.000875569
0.00103573
0.00108159
0.00102415
0.000883941
0.000679445
0.0004306
0.000150449
-0.119906
-0.118976
-0.121018
-0.119648
-0.123206
-0.119901
-0.122938
-0.118856
-0.117439
-0.115429
-0.111614
-0.115091
-0.11364
-0.119857
-0.139294
-0.142701
-0.169811
-0.230186
-0.238447
-0.184562
-0.121541
-0.078201
-0.0395808
0.0328312
0.0672505
0.0637671
0.0514092
-0.00954182
-0.119329
-0.123885
-0.0603098
0.00913599
0.0394817
0.0203044
-0.0043359
-0.020409
-0.0189747
-0.0257599
-0.0539315
-0.0852144
-0.095691
-0.076848
-0.0457838
-0.0193335
-0.00193129
0.000575437
-0.0229458
-0.0607731
-0.0777948
-0.0768435
-0.0568896
-0.0119824
0.0221251
0.0308839
0.0231921
0.0109829
-0.00191914
-0.0102307
-0.00626948
-0.00142984
-0.00889839
-0.0269406
-0.0403878
-0.033685
-0.00809831
0.0138774
0.0222754
0.01718
0.00987937
0.00365021
-0.00618107
-0.0153014
-0.0130181
-0.00139229
0.0064011
0.00597426
0.00147819
-0.00354057
-0.00805442
-0.0108687
-0.0104144
-0.00747275
-0.00441005
-0.00255362
-0.0018145
-0.00156679
-0.00137386
-0.00107506
-0.000669621
-0.000215128
0.000225187
0.00059997
0.000875974
0.00103648
0.00108254
0.00102506
0.000884757
0.000680051
0.000431053
0.000150742
-0.119889
-0.118906
-0.120987
-0.119682
-0.123382
-0.119897
-0.12333
-0.119097
-0.117637
-0.115681
-0.110874
-0.114978
-0.112928
-0.118516
-0.141318
-0.141926
-0.168321
-0.233993
-0.245358
-0.187836
-0.122584
-0.0798362
-0.0438631
0.0239423
0.060827
0.0595214
0.0449396
-0.0215832
-0.128143
-0.12994
-0.0644191
0.00317408
0.0337304
0.0125888
-0.0104972
-0.0259036
-0.022837
-0.0283874
-0.0561459
-0.086808
-0.0971985
-0.0776092
-0.0460612
-0.0195224
-0.00100182
0.0021413
-0.0250129
-0.0634135
-0.0791297
-0.077911
-0.0587122
-0.0143393
0.0198215
0.0283961
0.0203754
0.00844994
-0.00391217
-0.0111805
-0.00656348
-0.0015879
-0.00915523
-0.0274024
-0.041048
-0.034506
-0.00913571
0.0127144
0.0212771
0.01637
0.00912571
0.00323667
-0.00641858
-0.0156123
-0.0133805
-0.00157669
0.00643077
0.00594219
0.00139663
-0.00359526
-0.00810621
-0.0109516
-0.0104883
-0.00750581
-0.0044173
-0.00256456
-0.0018317
-0.00158142
-0.00138159
-0.00107755
-0.00067002
-0.000215396
0.000224568
0.000599266
0.000875563
0.00103647
0.00108288
0.00102553
0.000885265
0.000680462
0.000431391
0.000150995
-0.119869
-0.118819
-0.120955
-0.11972
-0.123607
-0.119875
-0.123819
-0.119398
-0.117852
-0.116013
-0.109919
-0.114736
-0.112184
-0.116932
-0.144091
-0.14177
-0.166197
-0.236691
-0.251225
-0.191208
-0.124022
-0.081001
-0.0475728
0.0150182
0.0535592
0.0539253
0.0373499
-0.0327396
-0.136207
-0.135195
-0.0678804
-0.00247434
0.0270975
0.00427093
-0.0179493
-0.0323317
-0.0280579
-0.0318921
-0.0583992
-0.0881499
-0.0984191
-0.0781337
-0.0459721
-0.0193645
0.000143626
0.00386688
-0.0269568
-0.0656887
-0.0800512
-0.07871
-0.0603745
-0.0167823
0.0172978
0.0255883
0.0171464
0.00537472
-0.00629585
-0.0123922
-0.0070401
-0.00192463
-0.00946466
-0.027764
-0.0415975
-0.0352593
-0.0101472
0.0114754
0.0199835
0.0152924
0.00815461
0.00269301
-0.00666505
-0.015849
-0.0136955
-0.00181032
0.00637678
0.00583184
0.00127106
-0.00365762
-0.00815006
-0.0110225
-0.010552
-0.00753588
-0.00443149
-0.00258757
-0.00185978
-0.00160273
-0.00139211
-0.00108056
-0.000670226
-0.000215648
0.000223504
0.000597741
0.000874166
0.0010355
0.00108239
0.00102537
0.000885314
0.000680568
0.000431536
0.000151168
-0.119845
-0.118713
-0.120922
-0.119761
-0.123889
-0.119836
-0.124417
-0.119762
-0.118037
-0.116445
-0.108733
-0.114308
-0.111453
-0.115125
-0.147414
-0.142203
-0.163503
-0.237686
-0.255632
-0.194448
-0.125782
-0.0818187
-0.050731
0.00630372
0.0452846
0.0474824
0.0288013
-0.0425467
-0.142787
-0.13928
-0.070401
-0.00733084
0.0196908
-0.00442248
-0.0265147
-0.0394893
-0.0344674
-0.0360989
-0.0605185
-0.0891362
-0.0993065
-0.0784383
-0.0455357
-0.0189093
0.00137106
0.00554896
-0.0286403
-0.0675589
-0.0805816
-0.079232
-0.0618187
-0.0192034
0.0146053
0.0225086
0.0135625
0.00180071
-0.00905261
-0.0138703
-0.00771913
-0.00242685
-0.00980225
-0.0279762
-0.0419565
-0.0358733
-0.0110954
0.0101883
0.0184287
0.013923
0.00696135
0.00202296
-0.00688281
-0.0159403
-0.0138943
-0.00207355
0.00621405
0.00562253
0.0010928
-0.00372634
-0.00817828
-0.0110697
-0.0105951
-0.00755842
-0.00445328
-0.00262517
-0.00190075
-0.00163177
-0.00140582
-0.00108419
-0.000670155
-0.000215729
0.000222136
0.000595474
0.000871788
0.00103352
0.001081
0.00102446
0.000884793
0.000680284
0.000431418
0.00015122
-0.11982
-0.118584
-0.120884
-0.119805
-0.124233
-0.119779
-0.125131
-0.120196
-0.118147
-0.116992
-0.107324
-0.113671
-0.110783
-0.113132
-0.150979
-0.143106
-0.160295
-0.236714
-0.258322
-0.197744
-0.127701
-0.082578
-0.0534254
-0.00208033
0.035837
0.0385957
0.0194035
-0.0511478
-0.147398
-0.141908
-0.0718292
-0.0110888
0.0117586
-0.0133713
-0.0366007
-0.0472252
-0.041817
-0.0408028
-0.0623377
-0.0896421
-0.0997678
-0.0785148
-0.0448224
-0.0182553
0.00254294
0.00701193
-0.0300216
-0.0689985
-0.0807507
-0.0794809
-0.0630094
-0.0215141
0.0118011
0.0192105
0.00968078
-0.00218283
-0.0121571
-0.0156033
-0.00859697
-0.00306711
-0.0101328
-0.0279931
-0.042052
-0.0362744
-0.0119435
0.00887612
0.0166486
0.012247
0.00554524
0.00123823
-0.00703408
-0.0158278
-0.0139195
-0.00233961
0.00592509
0.00529637
0.000853585
-0.00379958
-0.00818119
-0.01108
-0.0106067
-0.00756917
-0.00448384
-0.00268027
-0.00195683
-0.00166962
-0.00142304
-0.00108833
-0.000669513
-0.000215291
0.000220792
0.000592722
0.000868598
0.00103061
0.0010787
0.00102278
0.000883658
0.000679561
0.000430987
0.000151119
-0.119799
-0.118431
-0.120835
-0.119852
-0.124631
-0.119706
-0.125968
-0.120709
-0.118156
-0.117649
-0.105702
-0.112854
-0.110204
-0.110997
-0.154436
-0.144391
-0.156613
-0.234182
-0.260028
-0.20088
-0.129638
-0.0834871
-0.0556276
-0.00997292
0.025196
0.0278756
0.00912962
-0.0587189
-0.149862
-0.142856
-0.0720854
-0.0136138
0.0036466
-0.0224691
-0.0462363
-0.0554458
-0.0498434
-0.0457885
-0.0636853
-0.0894974
-0.099646
-0.0783199
-0.0439332
-0.0175302
0.00353294
0.00813912
-0.0311178
-0.0699843
-0.0805727
-0.0794597
-0.0639213
-0.0236421
0.00894286
0.0157474
0.00556944
-0.00648686
-0.0155738
-0.0175643
-0.00965328
-0.00380856
-0.0104163
-0.0277775
-0.0418241
-0.0363974
-0.0126552
0.00755895
0.0146777
0.0102741
0.00391133
0.000355547
-0.00708905
-0.0154755
-0.0137361
-0.0025829
0.00550144
0.00484004
0.000546633
-0.00387462
-0.00814754
-0.0110384
-0.010576
-0.00756468
-0.00452487
-0.00275587
-0.00203023
-0.00171734
-0.00144402
-0.00109277
-0.000667889
-0.000213853
0.000219928
0.000589871
0.000864891
0.00102698
0.00107565
0.00102042
0.000881938
0.000678405
0.00043023
0.000150848
-0.119785
-0.118253
-0.120767
-0.119902
-0.125072
-0.119619
-0.126922
-0.121303
-0.11806
-0.118374
-0.103854
-0.111957
-0.109681
-0.108811
-0.157516
-0.145624
-0.152639
-0.230823
-0.260859
-0.203263
-0.13142
-0.0844429
-0.057123
-0.0172616
0.0135134
0.0153991
-0.00200245
-0.06525
-0.150149
-0.141929
-0.0711103
-0.0149235
-0.004262
-0.03166
-0.0559962
-0.0640914
-0.0582991
-0.050832
-0.0643914
-0.0885085
-0.0987562
-0.0777898
-0.0429883
-0.0168756
0.00422613
0.00886086
-0.0319539
-0.0704862
-0.0800381
-0.0791586
-0.0645327
-0.0255307
0.00609391
0.0121732
0.00130197
-0.0110269
-0.0192474
-0.0197161
-0.0108578
-0.00460964
-0.0106139
-0.0273016
-0.0412293
-0.0361921
-0.0131983
0.00625587
0.0125517
0.008022
0.00207042
-0.000605926
-0.0070279
-0.0148708
-0.0133308
-0.00278319
0.00494419
0.00424526
0.000167394
-0.00394787
-0.00806521
-0.0109301
-0.0104927
-0.00754247
-0.00457847
-0.00285481
-0.00212286
-0.00177584
-0.00146896
-0.00109734
-0.000664887
-0.00021093
0.000220036
0.000587364
0.000861037
0.00102292
0.00107204
0.00101753
0.000879729
0.000676872
0.000429175
0.00015041
-0.119785
-0.118048
-0.120674
-0.119959
-0.125534
-0.119521
-0.127961
-0.121954
-0.117882
-0.119101
-0.101746
-0.111141
-0.108995
-0.106598
-0.160263
-0.147178
-0.148214
-0.226707
-0.260626
-0.204374
-0.132762
-0.0852516
-0.057766
-0.0238844
0.000955201
0.00131992
-0.0137642
-0.0706459
-0.14834
-0.139012
-0.0688662
-0.0150884
-0.0116017
-0.0408904
-0.0657414
-0.0730836
-0.0669611
-0.0557014
-0.0643058
-0.086505
-0.0969346
-0.0768624
-0.0421135
-0.0164337
0.00452363
0.00914508
-0.0325436
-0.0704862
-0.0791239
-0.0785569
-0.064823
-0.0271337
0.00331715
0.00854312
-0.00304794
-0.0157099
-0.0231073
-0.0220172
-0.0121754
-0.00542849
-0.01069
-0.0265463
-0.0402421
-0.0356249
-0.0135456
0.00498479
0.0103085
0.00552463
3.864e-05
-0.00162614
-0.00684086
-0.0140187
-0.0127067
-0.00292746
0.00426258
0.0035092
-0.000285823
-0.00401521
-0.00792195
-0.0107406
-0.0103484
-0.00750116
-0.00464691
-0.00297949
-0.00223614
-0.00184572
-0.00149801
-0.00110192
-0.000660232
-0.000206151
0.000221528
0.000585608
0.000857402
0.00101874
0.00106814
0.00101428
0.000877174
0.000675057
0.000427889
0.000149832
-0.119804
-0.117814
-0.120548
-0.120025
-0.125999
-0.119417
-0.129001
-0.122603
-0.117677
-0.119783
-0.0993958
-0.11051
-0.108103
-0.104234
-0.163124
-0.149733
-0.143554
-0.221698
-0.258886
-0.204153
-0.133433
-0.0858578
-0.0575972
-0.0296483
-0.0123172
-0.0140727
-0.0258283
-0.0748835
-0.14453
-0.13407
-0.0653327
-0.0141877
-0.0180691
-0.050089
-0.0753607
-0.0822966
-0.0756229
-0.060171
-0.06331
-0.0833706
-0.0940833
-0.0754965
-0.0414238
-0.0163329
0.00435006
0.00899984
-0.0328974
-0.0699834
-0.0778184
-0.0776301
-0.0647743
-0.0284157
0.000675038
0.00491492
-0.00740847
-0.020443
-0.0270755
-0.0244235
-0.0135688
-0.00622574
-0.010614
-0.0255015
-0.0388529
-0.0346781
-0.0136755
0.00376242
0.00798462
0.00282809
-0.00215809
-0.00268479
-0.00652717
-0.0129348
-0.0118764
-0.00300899
0.00347157
0.00263493
-0.000811505
-0.00407231
-0.00770631
-0.0104574
-0.0101364
-0.00744035
-0.00473236
-0.00313169
-0.00237089
-0.00192719
-0.00153116
-0.00110642
-0.0006538
-0.000199326
0.000224659
0.0005849
0.000854287
0.00101471
0.00106418
0.00101089
0.000874433
0.000673071
0.00042646
0.000149152
-0.11985
-0.117548
-0.120389
-0.120107
-0.12645
-0.1193
-0.129891
-0.123165
-0.117548
-0.120383
-0.0970286
-0.110034
-0.106964
-0.101658
-0.166515
-0.154073
-0.138997
-0.216023
-0.25586
-0.202784
-0.133332
-0.0862314
-0.0567441
-0.0342455
-0.0259561
-0.0303346
-0.0379113
-0.0780398
-0.138823
-0.127156
-0.0605245
-0.0122953
-0.0234508
-0.0591597
-0.0847798
-0.0915598
-0.0840949
-0.0640401
-0.0613244
-0.0790564
-0.0901825
-0.0736865
-0.0410104
-0.0166717
0.00365056
0.00846831
-0.03302
-0.0689912
-0.0761232
-0.0763572
-0.0643711
-0.0293506
-0.00177186
0.00134593
-0.0117101
-0.0251375
-0.0310703
-0.0268881
-0.0150005
-0.00696557
-0.0103618
-0.0241658
-0.037066
-0.033349
-0.0135746
0.00260475
0.00561766
-1.4384e-05
-0.00448448
-0.00376204
-0.00609125
-0.0116404
-0.0108588
-0.00302575
0.00259015
0.0016312
-0.00140521
-0.004115
-0.00740919
-0.0100709
-0.00985204
-0.00736049
-0.00483657
-0.00331232
-0.00252715
-0.00202002
-0.00156822
-0.00111078
-0.000645588
-0.000190445
0.000229499
0.000585381
0.000851886
0.00101106
0.00106037
0.00100753
0.000871661
0.000671026
0.000424981
0.000148412
-0.119927
-0.117252
-0.1202
-0.12021
-0.126869
-0.119155
-0.13051
-0.123643
-0.117577
-0.120939
-0.0948044
-0.109411
-0.105677
-0.0989852
-0.17009
-0.159039
-0.134911
-0.210144
-0.251991
-0.200423
-0.132357
-0.0862183
-0.0553984
-0.0375501
-0.039447
-0.0468991
-0.0497785
-0.0802448
-0.13136
-0.118418
-0.0545046
-0.00947866
-0.0276357
-0.0679694
-0.0939366
-0.100695
-0.0922092
-0.0671521
-0.05834
-0.0736123
-0.0852967
-0.0714641
-0.0409385
-0.0175447
0.00245543
0.00761218
-0.0329056
-0.0675382
-0.0740545
-0.0747236
-0.0636011
-0.0299217
-0.00396979
-0.00210515
-0.0158871
-0.0297103
-0.0350124
-0.0293628
-0.0164338
-0.00761625
-0.00991678
-0.0225452
-0.0348962
-0.0316483
-0.0132366
0.00152773
0.00324816
-0.0029451
-0.00690018
-0.00483795
-0.00554013
-0.0101602
-0.00967573
-0.00297901
0.00163861
0.000512258
-0.0020597
-0.00413943
-0.00702461
-0.00957581
-0.00949389
-0.00726289
-0.00496067
-0.00352126
-0.00270422
-0.00212356
-0.00160881
-0.00111491
-0.000635677
-0.000179642
0.000235955
0.000587043
0.00085027
0.0010079
0.00105685
0.00100433
0.000868986
0.000669021
0.000423537
0.000147657
-0.120028
-0.117016
-0.119983
-0.120322
-0.127247
-0.119026
-0.130898
-0.124054
-0.117712
-0.121525
-0.0927476
-0.108314
-0.104328
-0.0967262
-0.173034
-0.163946
-0.131366
-0.204117
-0.247778
-0.197277
-0.130509
-0.0856894
-0.0537213
-0.0397244
-0.0522931
-0.0631671
-0.0612037
-0.0816214
-0.122346
-0.108092
-0.0473904
-0.00581404
-0.0305899
-0.0763506
-0.102761
-0.109536
-0.0998217
-0.0694179
-0.0544335
-0.0671859
-0.0795625
-0.068894
-0.0412486
-0.0189284
0.000799989
0.00650045
-0.0325426
-0.065662
-0.0716447
-0.0727221
-0.0624535
-0.03012
-0.00587401
-0.00537787
-0.0198824
-0.0340852
-0.0388266
-0.0317993
-0.0178337
-0.00815062
-0.00927115
-0.020652
-0.0323688
-0.0295994
-0.0126617
0.000547436
0.000914505
-0.00590314
-0.00936042
-0.00589127
-0.00488346
-0.00852095
-0.00835083
-0.00287172
0.0006373
-0.000703462
-0.00276518
-0.00414217
-0.00654977
-0.00897145
-0.00906427
-0.00714984
-0.00510499
-0.00375731
-0.00290057
-0.00223672
-0.00165239
-0.00111866
-0.00062419
-0.000167141
0.000243817
0.000589757
0.000849405
0.00100527
0.00105372
0.0010014
0.000866506
0.000667135
0.000422194
0.000146925
-0.120205
-0.116441
-0.119676
-0.120438
-0.127588
-0.118834
-0.131274
-0.124524
-0.117829
-0.122273
-0.0908308
-0.106784
-0.103431
-0.0951515
-0.174895
-0.167859
-0.128367
-0.197943
-0.243362
-0.193486
-0.127898
-0.0845873
-0.0517331
-0.0410472
-0.0641032
-0.0786431
-0.0719747
-0.0822878
-0.112021
-0.0964828
-0.0393454
-0.00141453
-0.0323369
-0.0840992
-0.111157
-0.117936
-0.106813
-0.0708213
-0.0497483
-0.059984
-0.073164
-0.0660731
-0.0419624
-0.0208486
-0.00124982
0.00520532
-0.0319155
-0.0633988
-0.0689312
-0.0703493
-0.0609201
-0.0299452
-0.00745068
-0.00841559
-0.0236454
-0.0381958
-0.0424438
-0.0341511
-0.0191675
-0.00854657
-0.00842583
-0.0185056
-0.0295182
-0.0272358
-0.0118569
-0.000321336
-0.00134872
-0.00882894
-0.0118157
-0.00689981
-0.00413242
-0.00675093
-0.00691053
-0.00270879
-0.00039238
-0.0019943
-0.00351004
-0.00412035
-0.00598611
-0.00826288
-0.00856876
-0.00702435
-0.00526902
-0.00401812
-0.0031139
-0.00235802
-0.00169826
-0.00112189
-0.000611276
-0.000153214
0.000252814
0.000593323
0.000849186
0.00100315
0.00105099
0.000998799
0.000864287
0.000665427
0.000421001
0.000146249
-0.120429
-0.116563
-0.119109
-0.120372
-0.127885
-0.118641
-0.131738
-0.125187
-0.117753
-0.12323
-0.0892412
-0.105531
-0.103273
-0.094002
-0.175169
-0.170459
-0.126056
-0.191671
-0.238408
-0.189037
-0.124652
-0.0828853
-0.0493747
-0.0417877
-0.0745964
-0.0930235
-0.0819742
-0.0823595
-0.100645
-0.0839292
-0.0305787
0.00357276
-0.0329634
-0.0909992
-0.119007
-0.125767
-0.113085
-0.0714038
-0.0444597
-0.0522406
-0.0663101
-0.0631187
-0.0430924
-0.0232821
-0.00361352
0.00379945
-0.0310055
-0.0607759
-0.0659474
-0.0676068
-0.0589961
-0.0294044
-0.00867922
-0.0111696
-0.0271306
-0.0419859
-0.0458026
-0.036374
-0.020404
-0.00878843
-0.00738965
-0.0161317
-0.0263864
-0.0245997
-0.0108361
-0.00106471
-0.00350829
-0.0116675
-0.0142154
-0.00784214
-0.00329879
-0.0048812
-0.00538367
-0.00249717
-0.00142994
-0.00333488
-0.00428078
-0.00407184
-0.00533995
-0.00746011
-0.00801565
-0.00688988
-0.00545138
-0.00430033
-0.00334124
-0.00248564
-0.00174563
-0.00112444
-0.000597113
-0.000138155
0.000262656
0.000597515
0.000849474
0.00100149
0.00104868
0.000996548
0.000862368
0.000663939
0.000419985
0.00014566
-0.12117
-0.115839
-0.118365
-0.120006
-0.128132
-0.118698
-0.1321
-0.126112
-0.11749
-0.123947
-0.088231
-0.104597
-0.103676
-0.0931081
-0.173957
-0.172721
-0.124516
-0.185269
-0.232307
-0.183942
-0.121038
-0.0806711
-0.0466184
-0.0422364
-0.0837125
-0.106219
-0.0912527
-0.0819439
-0.0884802
-0.0707731
-0.0213464
0.00899089
-0.0326205
-0.0968437
-0.126167
-0.132908
-0.118551
-0.0712402
-0.0387503
-0.0441967
-0.0592132
-0.0601431
-0.0446399
-0.0261858
-0.00620689
0.00235141
-0.0297922
-0.0578094
-0.0627192
-0.0645017
-0.056684
-0.0285129
-0.00955326
-0.0135998
-0.0302996
-0.0454112
-0.048852
-0.0384284
-0.0215148
-0.0088675
-0.0061788
-0.0135605
-0.0230223
-0.0217419
-0.00961922
-0.00166989
-0.00553222
-0.0143689
-0.0165125
-0.00869853
-0.00239607
-0.00294565
-0.0038009
-0.00224451
-0.0024568
-0.00469794
-0.00506223
-0.00399557
-0.00462137
-0.00657728
-0.00741597
-0.00675024
-0.00564988
-0.00459968
-0.0035791
-0.00261753
-0.00179356
-0.00112612
-0.000581864
-0.000122258
0.000273066
0.000602122
0.000850135
0.0010002
0.00104675
0.00099466
0.000860772
0.0006627
0.000419165
0.000145181
)
;

boundaryField
{
    inlet
    {
        type            zeroGradient;
    }
    outlet
    {
        type            fixedValue;
        value           uniform 0;
    }
    walls
    {
        type            zeroGradient;
    }
    frontAndBack
    {
        type            empty;
    }
}


// ************************************************************************* //
