/*--------------------------------*- C++ -*----------------------------------*\
| =========                 |                                                 |
| \\      /  F ield         | OpenFOAM: The Open Source CFD Toolbox           |
|  \\    /   O peration     | Version:  2.4.0                                 |
|   \\  /    A nd           | Web:      www.OpenFOAM.org                      |
|    \\/     M anipulation  |                                                 |
\*---------------------------------------------------------------------------*/
FoamFile
{
    version     2.0;
    format      ascii;
    class       volScalarField;
    location    "1.1";
    object      k_0;
}
// * * * * * * * * * * * * * * * * * * * * * * * * * * * * * * * * * * * * * //

dimensions      [0 2 -2 0 0 0 0];

internalField   nonuniform List<scalar> 
8800
(
8.13372
10.2361
8.82033
6.78416
5.73077
4.92305
4.56824
4.10436
3.92182
3.66075
3.56383
3.33564
3.30551
3.16966
3.11147
2.96514
2.94928
2.8164
2.90337
2.58939
1.43402
4.31664
5.34211
5.28831
5.13663
4.7661
4.59692
4.26551
4.11796
3.88246
3.78002
3.56294
3.51753
3.3855
3.32072
3.21119
3.17042
3.07367
3.02465
3.02117
0.086782
0.70312
1.57665
1.93885
2.31611
2.4137
2.5569
2.60599
2.6231
2.58331
2.58305
2.55248
2.51978
2.46441
2.45393
2.4256
2.37461
2.35625
2.29896
2.30314
0.00353205
0.0669528
0.256684
0.413618
0.607709
0.716656
0.801658
0.932121
1.04589
1.07795
1.15119
1.23935
1.25721
1.28654
1.35255
1.38055
1.38421
1.39975
1.41479
1.41597
0.000132775
0.00466743
0.0221225
0.0486585
0.0969506
0.136997
0.156487
0.196151
0.258458
0.277955
0.310562
0.378018
0.393554
0.415557
0.479293
0.512978
0.537725
0.547497
0.580011
0.611813
2.55158e-05
0.000294288
0.00141317
0.0035484
0.00880068
0.0159909
0.018868
0.0240344
0.0374002
0.0419504
0.0492004
0.0706001
0.0755321
0.0816427
0.101413
0.117296
0.129626
0.134833
0.141469
0.162667
2.17056e-05
4.34423e-05
0.000122497
0.000265563
0.000618339
0.00137686
0.00163017
0.00206896
0.00336944
0.00380498
0.00457714
0.00799542
0.00902601
0.0102989
0.0132591
0.0178405
0.0195349
0.02216
0.0230211
0.0283797
2.09848e-05
2.88719e-05
5.15591e-05
6.91853e-05
8.91655e-05
0.000160123
0.000201785
0.000276257
0.000315832
0.000327285
0.000365563
0.000818264
0.00104645
0.00123773
0.00140504
0.00198017
0.00227547
0.00302127
0.00316612
0.00412179
2.0794e-05
2.69575e-05
3.82041e-05
7.46698e-05
8.04709e-05
8.21588e-05
8.66114e-05
0.000103652
0.000134599
0.000136645
0.000148447
0.000223032
0.000248062
0.000284634
0.000309649
0.000424594
0.000605537
0.00075203
0.000753448
0.000805882
2.05873e-05
2.71049e-05
4.57816e-05
6.00957e-05
5.75511e-05
6.20648e-05
8.6226e-05
0.000137683
0.000133318
0.000138377
0.000154131
0.00017776
0.000243169
0.000249372
0.000280474
0.000365981
0.000400171
0.000452623
0.000460801
0.000452853
2.04388e-05
3.12852e-05
5.14163e-05
5.00444e-05
4.69324e-05
6.18022e-05
0.000127613
0.000130215
0.000113025
0.000108404
0.000119171
0.000202402
0.000204825
0.000205365
0.000212539
0.000233872
0.000347792
0.000390223
0.000377381
0.00039497
2.0692e-05
3.37497e-05
4.25453e-05
4.51561e-05
5.79113e-05
0.000122915
0.000137451
0.000123675
0.000100041
0.000102235
0.000175932
0.000196123
0.000209547
0.000215672
0.000275603
0.000430973
0.000458279
0.000421977
0.00039252
0.000392979
2.10975e-05
3.2141e-05
4.02778e-05
6.75544e-05
0.000159469
0.000199659
0.000202518
0.000188407
0.000184275
0.000229474
0.00041854
0.000548397
0.000629528
0.000906234
0.00124733
0.00149045
0.0016282
0.0016874
0.00173143
0.00206066
2.1785e-05
4.19807e-05
0.000112841
0.000502339
0.000948839
0.0011053
0.00154754
0.00185916
0.00219614
0.00332253
0.0050607
0.00684392
0.00804801
0.0116288
0.0130992
0.0155182
0.0168189
0.0193281
0.0212067
0.0276484
2.51277e-05
0.000293494
0.00142316
0.00606276
0.0102121
0.0126174
0.0193026
0.0257429
0.0299842
0.0422464
0.0534974
0.0670433
0.0738938
0.0918794
0.099055
0.113645
0.121301
0.139156
0.150118
0.188791
0.000126406
0.00479612
0.0210545
0.064643
0.0965309
0.116317
0.166814
0.205222
0.228099
0.285816
0.322859
0.365438
0.388252
0.444539
0.462547
0.49964
0.521036
0.576945
0.607175
0.692022
0.00337145
0.0684006
0.242573
0.458993
0.587732
0.67354
0.849976
0.925022
1.00253
1.10411
1.17181
1.21635
1.26134
1.31783
1.33227
1.36535
1.38853
1.44815
1.47259
1.52952
0.0841715
0.716968
1.56621
1.97267
2.26823
2.41484
2.5859
2.59508
2.61977
2.5996
2.59215
2.54054
2.52287
2.47176
2.45468
2.40939
2.40274
2.38199
2.37121
2.34463
1.39972
4.34341
5.33386
5.28958
5.12634
4.79897
4.56307
4.28283
4.13305
3.86012
3.7754
3.57966
3.51853
3.35707
3.3261
3.20348
3.16968
3.0512
3.01405
2.91125
8.11213
10.2575
8.81249
6.79014
5.71139
4.96708
4.51785
4.13473
3.92523
3.6462
3.55093
3.34589
3.30679
3.13246
3.10394
2.94627
2.90667
2.72257
2.66165
2.44453
1.76904
1.33159
1.03716
0.871254
0.724024
0.66081
0.598678
0.586488
0.561378
0.560273
0.551997
0.552786
0.5455
0.547009
0.541518
0.54461
0.539015
0.541596
0.534384
0.535925
0.526555
0.52633
0.513669
0.509798
0.490948
0.482973
0.457478
0.448271
0.421153
0.412638
0.389359
0.381389
0.362325
0.359362
0.35117
0.353425
0.35408
0.364478
0.370314
0.385159
0.390791
0.395384
0.395623
0.392768
0.379976
0.36517
0.343191
0.324923
0.30604
0.293753
0.265417
0.234125
0.215477
0.216644
0.22719
0.327726
0.452645
0.474133
0.405302
0.237741
0.139054
0.0979067
0.0847635
0.0815476
0.0798099
0.0780228
0.0781178
0.0795917
0.0850685
0.0936766
0.101166
0.105922
0.106593
0.106066
0.104161
0.100533
0.0945188
0.0861712
0.0776919
0.0729389
0.0713541
0.0713388
0.072404
0.0758545
0.0859117
0.116039
0.154412
0.174181
0.180181
0.177024
0.162358
0.119217
0.0707923
0.0463391
0.0347818
0.0295246
0.027637
0.0261687
0.0248776
0.0243953
0.0234711
0.0227645
0.0211102
0.0196927
0.0189848
0.0168962
0.0158556
0.0139393
0.0129864
0.0120931
0.0105162
0.0100011
0.0097098
0.00978686
0.0105407
0.0107232
0.010909
0.0112977
0.011788
0.0130773
0.0137595
0.0140847
0.0147425
0.0152213
0.0157022
0.0177439
0.0195188
0.0202079
0.0202694
0.0207392
0.024386
0.0304078
0.0321732
0.0324139
0.0307173
0.0274094
0.0246801
0.0226846
0.0223921
0.023448
0.0294118
0.0368435
0.0418833
0.0442006
0.046651
0.0604838
0.0992385
0.13466
0.154552
0.162797
0.164553
0.166793
0.175049
0.17567
0.168436
0.127149
0.0863488
0.0611065
0.0473679
0.0388882
0.0332093
0.0322528
0.0329017
0.0378904
0.0444613
0.0525263
0.0562926
0.0568538
0.0580109
0.0642023
0.0779208
0.0952712
0.134914
0.248563
0.329416
0.331195
0.305297
0.256396
0.238777
0.236954
0.232064
0.227843
0.220724
0.206906
0.182061
0.16551
0.152585
0.136179
0.133031
0.131651
0.132873
0.144369
0.149125
0.169632
0.195553
0.222752
0.262644
0.269118
0.35518
2.88601
2.57456
2.13718
1.75791
1.5419
1.32025
1.2108
1.07196
1.01764
0.928878
0.900166
0.841379
0.822216
0.779174
0.765031
0.730938
0.720627
0.694147
0.686955
0.666474
0.662327
0.647468
0.645386
0.634422
0.633177
0.624019
0.623127
0.61337
0.610482
0.59517
0.589191
0.569523
0.560826
0.538592
0.530162
0.510723
0.503711
0.489457
0.482115
0.471867
0.464309
0.453801
0.4373
0.418908
0.401314
0.37122
0.343314
0.313895
0.280234
0.239192
0.207896
0.182319
0.167421
0.158615
0.157068
0.158875
0.167979
0.199325
0.339325
0.446682
0.454627
0.376973
0.212727
0.128157
0.095213
0.0838074
0.0796219
0.0771103
0.0744139
0.0746399
0.0761674
0.0803502
0.0846485
0.0863486
0.0860758
0.0848306
0.0828579
0.07846
0.0733598
0.0700118
0.069012
0.0691319
0.0703703
0.075424
0.0878199
0.125616
0.159473
0.173802
0.176884
0.17028
0.149074
0.0914716
0.0553992
0.0379844
0.0310774
0.028551
0.0274858
0.027464
0.0279581
0.0294315
0.0304414
0.030386
0.0295121
0.0285909
0.0269946
0.02532
0.0217035
0.0197146
0.0169212
0.0150031
0.0136424
0.0122803
0.0116591
0.0114898
0.0108065
0.0105416
0.0104517
0.0105607
0.0114144
0.0122005
0.0131558
0.0138695
0.0139947
0.0142675
0.0150477
0.0152953
0.0160109
0.0184067
0.0196936
0.0198002
0.0196606
0.0197417
0.0209671
0.0254591
0.0285844
0.0286664
0.0275887
0.0254623
0.0240384
0.023961
0.0262079
0.0333589
0.0393648
0.0427495
0.0446319
0.0467393
0.0577723
0.0996412
0.13521
0.155753
0.160511
0.157879
0.156744
0.163728
0.168399
0.165449
0.140485
0.0965196
0.0664338
0.0506072
0.0398243
0.0342591
0.0331286
0.0340956
0.0397806
0.0467217
0.0551214
0.0591584
0.060535
0.0635795
0.0733286
0.088504
0.116614
0.205804
0.339029
0.363223
0.343157
0.278315
0.248692
0.242139
0.23538
0.218368
0.205022
0.17564
0.15195
0.129142
0.115669
0.104945
0.0975371
0.0960817
0.0983195
0.102203
0.113459
0.130227
0.143014
0.181943
0.208045
0.252083
0.265128
0.352744
1.93121
2.0925
1.86955
1.63674
1.48556
1.32356
1.2261
1.10993
1.04886
0.965459
0.927625
0.866611
0.841043
0.792706
0.772996
0.733242
0.717127
0.684212
0.67171
0.645811
0.636922
0.61727
0.611099
0.596749
0.593373
0.58489
0.584207
0.580336
0.580806
0.577827
0.578071
0.573804
0.571698
0.564501
0.560122
0.54881
0.541729
0.526189
0.514675
0.497535
0.479819
0.453253
0.423561
0.390586
0.35409
0.310537
0.267376
0.226798
0.180562
0.141073
0.109821
0.085974
0.0681209
0.0610009
0.0614561
0.066048
0.085161
0.109591
0.144332
0.238263
0.359171
0.400526
0.396682
0.342398
0.206497
0.13321
0.101569
0.0854987
0.0774049
0.0749241
0.074515
0.074995
0.0750411
0.0751933
0.0748991
0.0736028
0.0729563
0.0716582
0.0700073
0.0697561
0.0702833
0.0727605
0.0811029
0.102046
0.145946
0.170397
0.177308
0.176239
0.163317
0.124113
0.0705297
0.0434726
0.0328183
0.0291373
0.0283555
0.0292774
0.0328181
0.0370769
0.0435812
0.0488783
0.0503546
0.050001
0.0481371
0.0456162
0.0421627
0.0350597
0.0314793
0.0270669
0.0243479
0.0216627
0.0187463
0.0171332
0.015053
0.0132344
0.0120487
0.011669
0.0118844
0.0126776
0.0138202
0.0142315
0.0142069
0.0142729
0.0144472
0.0149401
0.0167857
0.0176932
0.0184246
0.0193108
0.0192894
0.0192315
0.0188369
0.0182578
0.0180386
0.0181628
0.0203001
0.022595
0.023225
0.0236135
0.0241053
0.0251253
0.030155
0.0394525
0.0452622
0.0478825
0.0489568
0.0500594
0.0552126
0.0921028
0.135207
0.156985
0.162042
0.155172
0.149679
0.152784
0.160071
0.160432
0.149553
0.1096
0.0731532
0.0537183
0.0411318
0.0356729
0.0344519
0.0356203
0.039377
0.0464574
0.0559704
0.0618356
0.0650742
0.0714395
0.0830819
0.103041
0.157173
0.312592
0.381204
0.372482
0.308511
0.263797
0.247034
0.234386
0.206824
0.175329
0.144043
0.114596
0.097849
0.0837018
0.0772945
0.0705948
0.0671879
0.0678822
0.0708383
0.077412
0.0859002
0.107223
0.121562
0.156839
0.192977
0.234789
0.25074
0.328596
1.09683
1.3332
1.24194
1.13568
1.05696
0.973969
0.914645
0.846906
0.801512
0.747094
0.712996
0.672147
0.647811
0.614987
0.597302
0.567757
0.552207
0.524486
0.51126
0.487153
0.477625
0.45964
0.451981
0.439584
0.434421
0.427232
0.424962
0.423947
0.425291
0.426898
0.431708
0.434956
0.439962
0.442648
0.443228
0.442262
0.438485
0.431257
0.41521
0.394616
0.368953
0.338216
0.306544
0.266008
0.225032
0.182359
0.142886
0.105909
0.0787334
0.0596302
0.046645
0.0379828
0.0314703
0.027393
0.0268196
0.0274263
0.0301504
0.0363124
0.052194
0.0771698
0.121962
0.244623
0.335494
0.360939
0.356888
0.327363
0.234888
0.153584
0.11171
0.0922142
0.083405
0.0815787
0.0782444
0.0773332
0.0765718
0.075376
0.0751868
0.0751397
0.0757607
0.0781898
0.0848169
0.0998678
0.138826
0.172602
0.183511
0.183323
0.175036
0.151412
0.08941
0.0513568
0.034668
0.0292921
0.028296
0.0295985
0.0344954
0.0461031
0.0610749
0.0745612
0.0867925
0.0908296
0.0899701
0.0870857
0.0804024
0.0716145
0.0636697
0.0523939
0.0473669
0.0388679
0.0328756
0.0281467
0.0240469
0.0210218
0.0176768
0.0153968
0.0145433
0.0143228
0.0151148
0.0160706
0.0164145
0.0164792
0.0161877
0.0160693
0.0161683
0.0169254
0.0178702
0.020048
0.0216336
0.0217921
0.0217064
0.0215577
0.0209454
0.0203022
0.0189968
0.0187059
0.0189054
0.0208064
0.0226894
0.0233915
0.024565
0.0265273
0.0348061
0.0474592
0.0544304
0.0561701
0.0560662
0.0554867
0.056802
0.0779379
0.127415
0.154829
0.163997
0.15687
0.146069
0.14508
0.151402
0.154309
0.150123
0.123944
0.0840661
0.0585381
0.043692
0.0384069
0.0376065
0.0382763
0.0406715
0.0453556
0.0568953
0.0669643
0.0718128
0.0814704
0.09524
0.12567
0.258027
0.392975
0.39857
0.348347
0.281842
0.258862
0.233953
0.200352
0.158693
0.122849
0.103121
0.082128
0.0743881
0.0646625
0.0605218
0.0544842
0.050416
0.0504946
0.0519416
0.0569083
0.0649698
0.0802714
0.101083
0.126854
0.171518
0.230381
0.240167
0.281623
0.621552
0.591043
0.566902
0.535207
0.506746
0.480348
0.458275
0.432907
0.413831
0.391059
0.373241
0.352753
0.3403
0.3225
0.313855
0.302372
0.293416
0.28335
0.271325
0.26049
0.249277
0.240784
0.234206
0.227804
0.224171
0.220086
0.218204
0.218357
0.219259
0.221037
0.225024
0.228597
0.232325
0.234497
0.235071
0.234677
0.232297
0.227376
0.21871
0.204022
0.185225
0.163257
0.138342
0.111565
0.0883332
0.0684495
0.0523719
0.0403805
0.031617
0.0250195
0.0203073
0.0170311
0.0142362
0.0120567
0.0115379
0.0116298
0.0121844
0.0135941
0.0176492
0.0243834
0.0368972
0.0638305
0.125912
0.234605
0.304258
0.32657
0.326874
0.315891
0.276941
0.213858
0.156592
0.129499
0.110347
0.100214
0.0948322
0.0937474
0.094346
0.0971913
0.106238
0.123537
0.157824
0.188456
0.197582
0.196854
0.18949
0.168702
0.113684
0.0621723
0.037559
0.0283944
0.0267859
0.027936
0.0330722
0.047313
0.0740728
0.10657
0.131963
0.154656
0.163936
0.162957
0.157731
0.146246
0.128588
0.11242
0.0962456
0.0793003
0.0675879
0.0543939
0.0483682
0.0404686
0.0323511
0.0262199
0.0212021
0.0197641
0.0198568
0.0198268
0.0198564
0.0195926
0.0185819
0.0182966
0.0183184
0.0183871
0.0187009
0.0206127
0.0218051
0.0224571
0.02445
0.0247603
0.0250208
0.0250997
0.0250545
0.0253899
0.0248929
0.02264
0.0217038
0.023219
0.0261853
0.0271685
0.0285147
0.0314978
0.047588
0.0650666
0.0710929
0.0710302
0.0660588
0.0612758
0.0609279
0.0685564
0.111813
0.149127
0.161428
0.158516
0.146612
0.141715
0.144857
0.149984
0.14828
0.1314
0.0934412
0.0645255
0.0490846
0.0438847
0.0425904
0.0427164
0.0441264
0.049148
0.0654829
0.0756106
0.0807227
0.0899409
0.107782
0.170862
0.365284
0.428299
0.406136
0.314202
0.274073
0.247951
0.203166
0.159979
0.12224
0.102432
0.0838489
0.0701693
0.0658509
0.0575341
0.055407
0.0495612
0.047236
0.0451091
0.0454802
0.0474266
0.0520426
0.0611964
0.080012
0.10182
0.133234
0.217603
0.228532
0.254933
0.400605
0.160299
0.156187
0.151472
0.143289
0.13899
0.135149
0.130515
0.127512
0.122947
0.11901
0.113691
0.110501
0.105086
0.101785
0.0990004
0.0959835
0.0945297
0.0912508
0.0880027
0.0837924
0.0803156
0.0773968
0.0750715
0.0735865
0.07199
0.0711947
0.071273
0.0718894
0.0726768
0.0744138
0.0766175
0.079329
0.0814496
0.0823269
0.0822937
0.0815591
0.0797491
0.0758227
0.0698551
0.0625451
0.054261
0.0458712
0.0376236
0.0302361
0.0242084
0.0194127
0.0155874
0.0128913
0.0105659
0.00887953
0.00753808
0.0064215
0.00561396
0.00532059
0.00531982
0.00544554
0.00584556
0.00680559
0.00881868
0.0130516
0.0194121
0.0343381
0.0602291
0.119127
0.20434
0.262809
0.292232
0.297267
0.29551
0.289165
0.272852
0.250561
0.227369
0.207383
0.201763
0.203152
0.209005
0.218734
0.221615
0.221017
0.216949
0.205653
0.181726
0.125838
0.0700859
0.0402862
0.0273039
0.0243825
0.0249126
0.028968
0.0426772
0.0700112
0.127336
0.178097
0.228999
0.263702
0.282296
0.28158
0.274308
0.256132
0.230679
0.197737
0.170328
0.138739
0.113881
0.0960078
0.0764578
0.0651603
0.050839
0.0406791
0.0366676
0.0315296
0.0291179
0.0258771
0.0246409
0.0237581
0.022987
0.0227246
0.0227463
0.0229831
0.0233955
0.0247328
0.028909
0.0305843
0.0310546
0.0312513
0.0308707
0.0295227
0.0285174
0.0282067
0.0288868
0.029252
0.028526
0.0276634
0.0294899
0.0320223
0.0330818
0.0347367
0.0403743
0.0658021
0.0849424
0.0870594
0.0810263
0.0689437
0.0626142
0.061513
0.0646889
0.0939824
0.141934
0.160917
0.162092
0.149035
0.140591
0.14131
0.144722
0.144744
0.13476
0.102573
0.0755728
0.0615971
0.0542029
0.0489483
0.0483565
0.049941
0.0607361
0.0768258
0.0826072
0.0883204
0.0985216
0.127635
0.281064
0.427579
0.438097
0.365943
0.296846
0.271219
0.222318
0.17756
0.137878
0.110678
0.0957096
0.0735978
0.0680254
0.0596409
0.0545997
0.0513584
0.044575
0.0413586
0.0404136
0.040142
0.0411563
0.0444569
0.0516058
0.06702
0.0884377
0.109869
0.189177
0.217286
0.23693
0.310979
0.0280163
0.0271887
0.0261119
0.0248525
0.0243156
0.0242932
0.0243475
0.0246134
0.0247284
0.0247487
0.0246027
0.0243811
0.0237118
0.0231874
0.0228363
0.0223419
0.0221598
0.0218375
0.0213856
0.0206045
0.0197369
0.0192526
0.0186325
0.0181208
0.017728
0.0175757
0.0175967
0.0177922
0.018016
0.0185703
0.0190221
0.0199128
0.0210248
0.0216945
0.02179
0.0216337
0.0212021
0.0201726
0.0189343
0.0171767
0.0155162
0.0134059
0.011581
0.00975199
0.00820417
0.00702363
0.00589887
0.00508382
0.00429545
0.00374468
0.0033246
0.00300078
0.00286445
0.00286638
0.00291038
0.00299576
0.00324399
0.00353266
0.00417116
0.00524178
0.0075318
0.0114327
0.0179573
0.0321512
0.0580396
0.0935512
0.153325
0.206746
0.237009
0.258185
0.261591
0.261796
0.261169
0.258051
0.256421
0.252568
0.246957
0.237559
0.223233
0.203195
0.16748
0.113258
0.0671683
0.0393981
0.0254935
0.020608
0.0208411
0.0233701
0.0330943
0.0585369
0.118965
0.197903
0.296361
0.356894
0.393717
0.393464
0.386825
0.372321
0.351887
0.333541
0.312154
0.27445
0.238874
0.194006
0.161339
0.130119
0.103439
0.0836867
0.0681811
0.0601609
0.0507385
0.0419616
0.0386512
0.0356204
0.0343938
0.0330091
0.0321308
0.0320996
0.0323328
0.0335567
0.0351441
0.0410335
0.0476705
0.0482436
0.047954
0.0466948
0.0439293
0.0408423
0.0361637
0.0339676
0.033981
0.0352323
0.0359937
0.0372229
0.0399013
0.0399657
0.0386822
0.0393153
0.0540056
0.0917708
0.0999286
0.0957454
0.0812962
0.0686867
0.0619674
0.0601944
0.0617072
0.0776344
0.129333
0.158629
0.165575
0.153679
0.140955
0.141897
0.142808
0.141829
0.13612
0.114542
0.0888711
0.0735678
0.0639145
0.057138
0.0568697
0.0593266
0.0756906
0.0852299
0.0886784
0.0946591
0.107303
0.171089
0.393686
0.460071
0.434417
0.324152
0.28951
0.258227
0.20939
0.163648
0.129504
0.109052
0.0879278
0.0706275
0.0681629
0.0587993
0.0591215
0.0524521
0.0529764
0.0465236
0.0452111
0.0415931
0.0409579
0.0418344
0.044487
0.0529788
0.0772677
0.095139
0.164662
0.194145
0.210513
0.259559
0.00406947
0.00396144
0.00380219
0.0037359
0.00374857
0.00379929
0.0039084
0.00407212
0.00418595
0.00436837
0.00443722
0.00451898
0.00453871
0.00454878
0.00456505
0.00456183
0.00457271
0.00456902
0.00456203
0.00453164
0.00443008
0.00437303
0.00424907
0.00412439
0.00398446
0.00388211
0.00383994
0.00384197
0.00385402
0.00390623
0.0039697
0.00412872
0.00432334
0.00436546
0.00441843
0.00448564
0.00448345
0.00444397
0.00437578
0.0042056
0.00406915
0.00373285
0.00348203
0.00319608
0.00287734
0.00260889
0.0023527
0.00213095
0.00195023
0.00185306
0.00183256
0.00184695
0.00189879
0.00198016
0.00203744
0.00213802
0.00224373
0.00236206
0.00254024
0.0028549
0.00371323
0.00480711
0.00694565
0.0103409
0.0173944
0.0266103
0.0470147
0.0667401
0.0944631
0.124888
0.148057
0.168698
0.18041
0.181167
0.17862
0.171103
0.157605
0.139588
0.108562
0.0780849
0.0519522
0.0331952
0.0221551
0.0167627
0.0167014
0.0180369
0.023732
0.0416189
0.0867842
0.17918
0.319712
0.425725
0.467966
0.465548
0.452502
0.43127
0.408429
0.387953
0.366916
0.350362
0.332016
0.312235
0.285858
0.244954
0.204797
0.163093
0.133872
0.112552
0.0952925
0.0818016
0.0653731
0.0585521
0.053099
0.0480309
0.0443131
0.0431588
0.0435038
0.0453513
0.0496315
0.059277
0.0680853
0.081166
0.0866735
0.0858742
0.08353
0.0792373
0.0689895
0.0622617
0.0519873
0.0443732
0.0428009
0.0446926
0.0453931
0.0455659
0.0476083
0.0473914
0.0471461
0.0493121
0.0824077
0.10811
0.107087
0.092873
0.0752936
0.066423
0.061024
0.059122
0.0594103
0.0661529
0.107266
0.150528
0.162515
0.157609
0.145701
0.146105
0.142009
0.139096
0.137646
0.129926
0.1068
0.0885233
0.0748768
0.0672546
0.0668335
0.0726416
0.0863284
0.089915
0.0929979
0.0994296
0.120685
0.272967
0.455346
0.470989
0.385066
0.30073
0.279311
0.254699
0.204267
0.156982
0.129037
0.111526
0.0860654
0.0763024
0.0671619
0.0590456
0.0578657
0.0522714
0.0635171
0.0587824
0.0495428
0.045286
0.042591
0.0428892
0.0434212
0.0478276
0.0722838
0.0877519
0.155252
0.184318
0.195197
0.225997
0.000798396
0.000786879
0.000783503
0.000776688
0.000771862
0.000774592
0.000788604
0.000825732
0.00087026
0.00094886
0.00100126
0.00107163
0.00111991
0.00115919
0.00118984
0.00119893
0.00120838
0.00120929
0.00120728
0.00119521
0.0011668
0.00115237
0.00112526
0.00111442
0.00109249
0.00107338
0.00105398
0.00103475
0.00102363
0.00101687
0.00101519
0.0010146
0.00101243
0.00101081
0.00100793
0.00102002
0.00109544
0.00120215
0.00129931
0.00137534
0.00140613
0.00142821
0.0014339
0.00143581
0.00142557
0.00139273
0.00139472
0.00140011
0.0014171
0.00147061
0.00153716
0.0015855
0.00168205
0.00177012
0.00178733
0.00178476
0.00177074
0.00175614
0.00175758
0.00180084
0.00194308
0.00232459
0.00285423
0.0042647
0.00598655
0.00892521
0.014704
0.0193097
0.0292042
0.0409155
0.0490895
0.058595
0.0670259
0.0678157
0.0664421
0.0626634
0.0542897
0.044423
0.0331747
0.0237806
0.0169463
0.0128178
0.0126472
0.0134069
0.0165848
0.0278039
0.0561196
0.125926
0.284891
0.453909
0.527143
0.52949
0.516314
0.485699
0.451189
0.42239
0.393662
0.376907
0.361637
0.349146
0.331845
0.321782
0.303579
0.275838
0.239436
0.200103
0.165179
0.136094
0.10961
0.0921376
0.0782254
0.0696575
0.0601095
0.0568234
0.0569259
0.0599569
0.0686739
0.0852437
0.109211
0.130415
0.146288
0.15551
0.155251
0.150386
0.143741
0.134811
0.111643
0.0981681
0.0866219
0.0696576
0.0634507
0.0577359
0.0551803
0.0563398
0.0604756
0.0574125
0.0546096
0.0589891
0.102883
0.115786
0.109337
0.0850289
0.0720322
0.0656031
0.0626998
0.0613538
0.0613037
0.0659607
0.100152
0.14162
0.157107
0.15987
0.157702
0.149643
0.141008
0.140205
0.144065
0.140632
0.1196
0.096731
0.0798853
0.0742242
0.0742085
0.0837667
0.0916659
0.0938565
0.0968436
0.105419
0.151925
0.384484
0.48579
0.465296
0.332267
0.285207
0.275065
0.258522
0.202639
0.156201
0.14458
0.116697
0.0976238
0.0884267
0.0696946
0.0752074
0.0645939
0.0720158
0.146242
0.115299
0.0652114
0.0493072
0.0432959
0.0428414
0.044479
0.0483181
0.0765251
0.0850893
0.129857
0.187155
0.191854
0.206407
0.00045083
0.000451828
0.000457188
0.000460578
0.000462317
0.000470618
0.000485431
0.000506848
0.000529958
0.000552968
0.000569612
0.000582152
0.000588596
0.000594269
0.00060285
0.0006097
0.000621359
0.000627531
0.000635821
0.000638804
0.00064115
0.000641401
0.000640699
0.000637553
0.000633753
0.000630227
0.00062843
0.000628282
0.000629979
0.000640472
0.000649236
0.000670008
0.000682864
0.000714662
0.000737693
0.000769356
0.000792879
0.00083119
0.000860875
0.0009203
0.000965485
0.00103061
0.00110795
0.00115552
0.00123421
0.00130551
0.00137573
0.00145079
0.00163796
0.00175051
0.00182784
0.00194571
0.00205115
0.00207802
0.00206982
0.00203895
0.00196699
0.00181595
0.00168125
0.00163033
0.00163124
0.0016673
0.00176418
0.00213409
0.00264402
0.00348519
0.00530639
0.00657189
0.0092389
0.0129007
0.0154247
0.0189593
0.0211566
0.0211719
0.0205872
0.0192365
0.0162219
0.0132912
0.0104816
0.00872515
0.00881534
0.00951741
0.0117217
0.0182131
0.0358463
0.0817156
0.178039
0.413374
0.554046
0.589724
0.58037
0.549053
0.482108
0.418298
0.377266
0.352267
0.335267
0.32557
0.324053
0.323299
0.323489
0.320622
0.310277
0.297061
0.264537
0.225237
0.191993
0.155575
0.127996
0.108171
0.0930345
0.0818124
0.0778986
0.0793596
0.0876402
0.11386
0.161823
0.205888
0.233
0.236451
0.234457
0.229136
0.218468
0.199658
0.189498
0.173712
0.148471
0.134769
0.126639
0.101961
0.0930366
0.0803567
0.0722122
0.0713238
0.0685897
0.059971
0.0588927
0.0750754
0.118276
0.120148
0.105244
0.0801029
0.0712449
0.0667754
0.065934
0.0657366
0.0662528
0.0712221
0.0960175
0.132244
0.152569
0.160603
0.158556
0.148971
0.142754
0.145185
0.147334
0.144063
0.12254
0.100001
0.0865174
0.0836289
0.0850312
0.0934325
0.0961574
0.0976898
0.10111
0.115127
0.234168
0.460152
0.49755
0.412703
0.291893
0.267694
0.275563
0.269521
0.206113
0.176307
0.169624
0.143563
0.130996
0.101234
0.0897166
0.0838129
0.0742408
0.11833
0.428361
0.352793
0.149729
0.0694768
0.0469559
0.0447132
0.0485854
0.0525579
0.0947421
0.0892052
0.103811
0.182406
0.192204
0.198151
0.000409218
0.00041154
0.000417066
0.000418477
0.000417795
0.000417242
0.000417333
0.000422601
0.000445764
0.000477553
0.00051129
0.000549364
0.00058105
0.000610542
0.000628135
0.000639019
0.000641438
0.000639081
0.000627428
0.000612916
0.000603227
0.000597852
0.000598384
0.000610287
0.000633864
0.00064994
0.000660383
0.000666401
0.000667703
0.000668274
0.000669973
0.000671618
0.000673805
0.000685499
0.000750636
0.000891223
0.000987025
0.00116054
0.00129618
0.00144859
0.00166922
0.00180799
0.00201297
0.0022158
0.00242364
0.00259068
0.00286512
0.00317657
0.0035309
0.00379288
0.00382527
0.00379926
0.00369562
0.00341729
0.00315159
0.00294041
0.00272411
0.00247861
0.00224232
0.00201747
0.00184982
0.00179269
0.00179775
0.00184498
0.00195477
0.00217468
0.0026055
0.00295878
0.00380875
0.00440619
0.00534583
0.0063185
0.00657509
0.00655294
0.0064075
0.00605794
0.00558225
0.00559311
0.00584149
0.00656318
0.00838269
0.0131925
0.02507
0.0523171
0.117186
0.270276
0.517155
0.629898
0.636577
0.615883
0.544612
0.438081
0.389581
0.363955
0.348627
0.334306
0.323234
0.312791
0.30409
0.300573
0.302163
0.305883
0.305466
0.300779
0.284586
0.25207
0.216338
0.182803
0.160093
0.134428
0.119535
0.117623
0.122073
0.138926
0.188776
0.265972
0.296387
0.295522
0.288274
0.276193
0.266711
0.256355
0.244524
0.22063
0.20942
0.190217
0.169882
0.161793
0.14759
0.128048
0.114789
0.0986406
0.0870055
0.083763
0.0706997
0.0608742
0.0605176
0.0893578
0.120484
0.119905
0.0958978
0.0776429
0.0706157
0.0685632
0.0693863
0.0718123
0.0753497
0.0812894
0.0965291
0.126747
0.148983
0.156545
0.15541
0.149784
0.146628
0.148237
0.149066
0.146234
0.1247
0.103888
0.0938799
0.0926072
0.0944384
0.0994032
0.100895
0.102392
0.10711
0.135074
0.333329
0.490842
0.489111
0.338566
0.258983
0.258178
0.299181
0.291612
0.223759
0.218495
0.21617
0.181915
0.16252
0.145838
0.155755
0.137451
0.11434
0.254677
0.453348
0.458582
0.397759
0.137179
0.0660569
0.0503151
0.0630649
0.0575861
0.112054
0.101251
0.105935
0.170311
0.204189
0.205825
0.000395489
0.000403775
0.00042024
0.00044986
0.000534855
0.000629111
0.000748108
0.000837402
0.000941788
0.00101039
0.00106888
0.00111063
0.00113621
0.0011513
0.00115283
0.00115221
0.00113328
0.00109516
0.00106262
0.00101877
0.000996272
0.000965564
0.000945519
0.000932262
0.000910223
0.000890644
0.000869716
0.000858105
0.000861531
0.000948613
0.00127622
0.00151619
0.00187584
0.00217122
0.00237674
0.00277809
0.00299789
0.00340705
0.00375803
0.00414997
0.00483202
0.00533395
0.00601133
0.00667234
0.00740704
0.00806072
0.00879807
0.0096735
0.0102159
0.0103275
0.0102418
0.00996956
0.0092878
0.00841076
0.00756463
0.00675268
0.00596309
0.00525286
0.00454124
0.0038884
0.00329539
0.00286125
0.0024951
0.00225274
0.00219028
0.00220308
0.00226692
0.00233909
0.00252494
0.00266518
0.00290085
0.00301156
0.00319245
0.00336734
0.00353825
0.00376755
0.0041952
0.00503338
0.00688993
0.0111841
0.0205427
0.0410592
0.0839719
0.171893
0.3856
0.604772
0.685219
0.681107
0.632713
0.494281
0.419282
0.389391
0.374063
0.363774
0.357848
0.352729
0.3392
0.323747
0.307515
0.298704
0.29373
0.294089
0.298951
0.297687
0.291726
0.271895
0.245573
0.219639
0.195089
0.179885
0.180573
0.190638
0.217876
0.303187
0.351411
0.349783
0.338489
0.313368
0.296247
0.284785
0.278787
0.271801
0.256467
0.240646
0.233727
0.21517
0.194662
0.180731
0.15535
0.145525
0.131801
0.113875
0.0998261
0.0900866
0.0715587
0.0633315
0.0652821
0.0977305
0.115505
0.108894
0.0877945
0.0765411
0.0716354
0.0717076
0.0739665
0.0800328
0.08488
0.0897678
0.103074
0.124727
0.139072
0.144149
0.152496
0.150633
0.150508
0.155236
0.15477
0.149009
0.126702
0.109356
0.103516
0.103135
0.105898
0.108397
0.10796
0.108192
0.114856
0.185824
0.41001
0.497747
0.437895
0.286356
0.23611
0.253908
0.324865
0.313439
0.267545
0.272721
0.244072
0.20462
0.234545
0.24298
0.290439
0.33737
0.371781
0.378014
0.424496
0.335102
0.470813
0.279309
0.116776
0.064895
0.140711
0.0759671
0.08846
0.115674
0.113336
0.140865
0.205859
0.21339
0.00252785
0.00296837
0.00328961
0.00364301
0.00392766
0.00421471
0.00457035
0.00482413
0.00522218
0.00548651
0.00578549
0.00601014
0.00616768
0.00624685
0.00624982
0.00624124
0.0061317
0.00595225
0.00576895
0.00559658
0.00551415
0.00545262
0.00543538
0.00544464
0.00544354
0.0054404
0.00544904
0.00561242
0.00633048
0.00708516
0.008124
0.00889937
0.00988601
0.0108249
0.0114997
0.0127926
0.0135906
0.0147691
0.0162759
0.0176168
0.0195735
0.0211941
0.0229978
0.0247645
0.0263309
0.0276983
0.0292121
0.0303258
0.0304297
0.0302335
0.0296008
0.028117
0.0259901
0.0233021
0.020589
0.0178829
0.0154534
0.0131704
0.011189
0.00948491
0.00791506
0.00661058
0.00551435
0.00461076
0.00396558
0.00348803
0.00321344
0.00304316
0.00298497
0.00299797
0.00304569
0.00315345
0.00332893
0.00374752
0.00435464
0.00548546
0.00826116
0.0125997
0.0224852
0.0406336
0.0754754
0.144928
0.267293
0.518133
0.669066
0.725969
0.709485
0.597932
0.46284
0.413885
0.393647
0.384756
0.383203
0.383326
0.38261
0.379034
0.365773
0.352572
0.332312
0.314144
0.305564
0.297531
0.299311
0.299908
0.295216
0.286692
0.273042
0.246171
0.236472
0.239247
0.2512
0.29962
0.388447
0.404424
0.394904
0.36111
0.318348
0.28965
0.27827
0.276282
0.273033
0.272361
0.267247
0.259683
0.244062
0.230812
0.216158
0.196588
0.174901
0.163079
0.140685
0.115801
0.104724
0.0958485
0.0796969
0.0679259
0.0696508
0.0959676
0.108293
0.0995865
0.0858827
0.0759779
0.0724548
0.0741156
0.0806813
0.0899373
0.0941811
0.10124
0.112361
0.119563
0.126384
0.141082
0.147627
0.152085
0.164833
0.165607
0.160137
0.153345
0.135967
0.120294
0.117298
0.117275
0.118658
0.117784
0.114302
0.114953
0.132433
0.27081
0.442309
0.472289
0.370851
0.25563
0.227498
0.257657
0.325787
0.351386
0.35256
0.312091
0.24604
0.237056
0.26735
0.276456
0.343778
0.41011
0.570874
0.484273
0.455379
0.306362
0.382308
0.295762
0.201714
0.0947878
0.417061
0.136634
0.113571
0.128718
0.128569
0.140353
0.201904
0.213478
0.0312447
0.032294
0.0329805
0.033522
0.0337538
0.0340985
0.0346364
0.0352008
0.0364139
0.0372046
0.0381906
0.0387104
0.0388325
0.0388236
0.0386273
0.0382918
0.0375421
0.0369832
0.0364356
0.0360259
0.0357814
0.035622
0.0355668
0.0355616
0.0356236
0.0357976
0.0365239
0.0374791
0.0390341
0.0404807
0.0422513
0.0439741
0.0454687
0.0477045
0.0492351
0.0516801
0.0538294
0.0565505
0.0597134
0.0626306
0.0662316
0.0695312
0.0732409
0.07606
0.0789211
0.0818187
0.082633
0.0824582
0.0816081
0.079666
0.0756119
0.0707366
0.0646137
0.0576938
0.0508025
0.0441959
0.0380988
0.0324825
0.0277354
0.0236853
0.0200317
0.0169901
0.0144685
0.0122622
0.0105639
0.00918633
0.00820634
0.00750578
0.00702476
0.00698358
0.00715718
0.00770743
0.00868981
0.0111381
0.0145192
0.020549
0.0340459
0.0505664
0.0881233
0.147111
0.245311
0.44721
0.600367
0.704294
0.74342
0.700735
0.523041
0.43361
0.407522
0.396444
0.383897
0.375495
0.375359
0.377733
0.378264
0.374111
0.363729
0.35534
0.341444
0.323441
0.312467
0.302512
0.296477
0.297915
0.2948
0.285183
0.274097
0.272515
0.270088
0.284902
0.363767
0.433394
0.43497
0.405812
0.326607
0.280759
0.260489
0.260115
0.261651
0.26394
0.263024
0.260909
0.260724
0.260866
0.247676
0.234359
0.213872
0.199342
0.18651
0.163198
0.138452
0.113248
0.11127
0.109125
0.0924371
0.0773848
0.0794764
0.0981268
0.0988759
0.0855766
0.0802386
0.0778262
0.0763191
0.0774405
0.084594
0.0931487
0.0983142
0.108068
0.113356
0.11784
0.124688
0.140347
0.148511
0.172011
0.175283
0.16823
0.16747
0.166264
0.151446
0.136633
0.136906
0.137498
0.136174
0.127138
0.12416
0.127871
0.191953
0.354097
0.425649
0.414879
0.308375
0.235847
0.228837
0.258687
0.316385
0.435451
0.438239
0.337359
0.246309
0.251662
0.27798
0.285787
0.340164
0.405997
0.437258
0.496416
0.347494
0.332643
0.30123
0.266731
0.193593
0.102477
0.539179
0.229697
0.203228
0.155901
0.151192
0.152529
0.208285
0.223731
0.187898
0.186062
0.181936
0.178034
0.173336
0.170316
0.16834
0.166466
0.165912
0.164765
0.163632
0.161425
0.1587
0.155935
0.152396
0.149494
0.146103
0.143583
0.141336
0.139585
0.138031
0.136698
0.135777
0.135236
0.135147
0.135176
0.135621
0.136189
0.137525
0.138631
0.140001
0.141752
0.143016
0.145554
0.147879
0.150892
0.154527
0.158742
0.163587
0.168031
0.174474
0.179668
0.184926
0.190479
0.195266
0.19677
0.196484
0.194956
0.191266
0.1842
0.17456
0.163381
0.149959
0.135755
0.121001
0.106131
0.0924886
0.0795708
0.0690504
0.0598206
0.0512206
0.0447076
0.0393878
0.0342042
0.0307209
0.0282611
0.0256219
0.0246266
0.0246754
0.0251675
0.0267038
0.0309682
0.0359874
0.0477727
0.0641897
0.0835017
0.130643
0.188128
0.283514
0.457253
0.580861
0.653129
0.720823
0.719411
0.61269
0.427257
0.392777
0.394906
0.39327
0.370046
0.338657
0.315981
0.31096
0.324454
0.332961
0.33372
0.333292
0.32925
0.320302
0.314375
0.308791
0.299206
0.287959
0.284768
0.28306
0.276578
0.273795
0.282239
0.331186
0.403674
0.441064
0.422316
0.362535
0.304958
0.263177
0.243567
0.234922
0.23643
0.245044
0.253305
0.251601
0.244046
0.241301
0.24436
0.236456
0.228751
0.208531
0.196589
0.181393
0.15036
0.130214
0.117536
0.118683
0.113173
0.0915796
0.086369
0.0876041
0.0917359
0.0837063
0.0774535
0.0782605
0.0801632
0.079772
0.0818512
0.0903054
0.0994356
0.104298
0.10942
0.113508
0.119042
0.130392
0.158232
0.180668
0.184918
0.178102
0.178212
0.19018
0.185158
0.169052
0.16776
0.168891
0.164864
0.144785
0.139224
0.141239
0.164165
0.324899
0.398328
0.395078
0.332295
0.264601
0.238217
0.2451
0.274368
0.330324
0.478138
0.502955
0.384623
0.274263
0.288741
0.29189
0.303789
0.37403
0.431186
0.465738
0.479552
0.452678
0.373626
0.287692
0.263795
0.239839
0.156666
0.44053
0.218973
0.368617
0.219962
0.171261
0.165571
0.205458
0.229323
0.668751
0.639141
0.600569
0.567374
0.538365
0.515024
0.495464
0.478016
0.463631
0.448587
0.43486
0.421364
0.407929
0.395878
0.384391
0.374204
0.36503
0.357063
0.350304
0.344106
0.33857
0.334372
0.329937
0.3272
0.324753
0.32267
0.321254
0.319416
0.318505
0.317131
0.316751
0.317013
0.317812
0.319504
0.32209
0.326397
0.330133
0.336731
0.34324
0.350385
0.358205
0.365011
0.372228
0.376871
0.377661
0.376985
0.374
0.368368
0.357286
0.343759
0.328654
0.309789
0.290733
0.269292
0.247198
0.227161
0.206281
0.184206
0.165293
0.148806
0.131334
0.117153
0.106111
0.0972681
0.0904324
0.0855074
0.0843789
0.0849774
0.0873468
0.0921642
0.103095
0.120054
0.137988
0.1775
0.220339
0.282613
0.39917
0.522662
0.599966
0.6543
0.69419
0.691668
0.638831
0.447958
0.334474
0.328013
0.357165
0.381753
0.377251
0.355012
0.330024
0.3059
0.287989
0.279423
0.283021
0.290088
0.291485
0.284261
0.283932
0.285095
0.285321
0.279485
0.270041
0.268604
0.268535
0.269488
0.285916
0.323213
0.371102
0.39413
0.37763
0.349862
0.315671
0.269949
0.236542
0.212217
0.199003
0.195286
0.204455
0.213695
0.218154
0.219953
0.221556
0.223224
0.214758
0.205539
0.190634
0.180627
0.162057
0.141393
0.124968
0.122302
0.119533
0.105701
0.0863016
0.0830028
0.0819262
0.0712231
0.0597159
0.0602484
0.071259
0.0798492
0.08316
0.0862521
0.0945727
0.102221
0.108187
0.114362
0.124845
0.140335
0.173421
0.192621
0.191832
0.189416
0.201863
0.218773
0.209623
0.190569
0.191418
0.194982
0.186094
0.160068
0.153787
0.161209
0.185291
0.328177
0.428546
0.426762
0.331914
0.24456
0.211128
0.208885
0.237321
0.281367
0.349109
0.489622
0.55064
0.499811
0.363481
0.383737
0.366537
0.37222
0.515137
0.521575
0.517668
0.523179
0.517838
0.51867
0.394358
0.436732
0.560226
0.224342
0.375985
0.226184
0.296609
0.304124
0.242338
0.188439
0.214659
0.237475
1.42935
1.31067
1.19114
1.09479
1.01703
0.95272
0.898726
0.852417
0.811211
0.774167
0.740016
0.709961
0.682731
0.659093
0.638294
0.619968
0.604579
0.59002
0.578767
0.567893
0.558783
0.551267
0.544027
0.538242
0.532599
0.527778
0.523031
0.51929
0.516236
0.51378
0.513373
0.513762
0.514994
0.517773
0.52178
0.526855
0.533514
0.540543
0.547451
0.554791
0.561156
0.564479
0.564766
0.563929
0.561244
0.554211
0.542508
0.529315
0.513885
0.495384
0.475863
0.453943
0.432655
0.410089
0.387127
0.36506
0.344395
0.324127
0.304069
0.286567
0.271188
0.258822
0.247639
0.236676
0.232395
0.232709
0.234913
0.242004
0.252169
0.272103
0.303852
0.337659
0.38206
0.45661
0.546245
0.61406
0.651947
0.681548
0.685216
0.671132
0.615285
0.443625
0.299902
0.244974
0.245546
0.288139
0.345272
0.384893
0.403309
0.392233
0.35878
0.318764
0.286285
0.265146
0.251714
0.244445
0.242525
0.244746
0.248984
0.250585
0.250046
0.247855
0.247941
0.249181
0.253918
0.269122
0.295255
0.313215
0.320796
0.312216
0.317236
0.320531
0.309836
0.272526
0.233468
0.206288
0.185495
0.173082
0.16821
0.167921
0.174558
0.178042
0.179879
0.180776
0.180181
0.180238
0.176467
0.162561
0.149226
0.129828
0.119867
0.122696
0.115851
0.0861796
0.0691448
0.0615874
0.0538869
0.0462304
0.0448704
0.0499699
0.067456
0.0827317
0.0889426
0.094653
0.101014
0.108929
0.122445
0.143878
0.165127
0.175657
0.18603
0.190284
0.1939
0.208218
0.224138
0.220454
0.201255
0.19913
0.199667
0.185512
0.160624
0.161684
0.18857
0.265783
0.442678
0.500184
0.493562
0.378512
0.247966
0.193292
0.176411
0.170545
0.17741
0.235676
0.35644
0.489388
0.566963
0.62193
0.517357
0.503239
0.514947
0.562113
0.628769
0.602306
0.640503
0.549427
0.525766
0.531584
0.524386
0.72521
0.940015
0.298152
0.500732
0.220206
0.295952
0.573447
0.592087
0.353102
0.30239
0.284551
2.0904
1.82134
1.60037
1.43731
1.31155
1.21108
1.1284
1.05874
0.999944
0.950237
0.908183
0.873257
0.843428
0.819245
0.798523
0.781495
0.767303
0.755198
0.745194
0.736181
0.728808
0.721625
0.715985
0.710576
0.705981
0.702267
0.699236
0.697207
0.696049
0.69607
0.69651
0.697694
0.699649
0.701811
0.704508
0.706758
0.708414
0.708835
0.708574
0.707571
0.704762
0.700054
0.694094
0.686851
0.678675
0.668537
0.656617
0.642133
0.625599
0.609026
0.591767
0.574447
0.557582
0.540601
0.524576
0.508841
0.49302
0.479219
0.467854
0.456924
0.448447
0.44507
0.444913
0.446075
0.451267
0.460498
0.474186
0.500089
0.53131
0.561139
0.600771
0.657745
0.702874
0.719692
0.72144
0.71448
0.690575
0.635366
0.49871
0.351159
0.246848
0.186415
0.1663
0.169154
0.200547
0.275552
0.383407
0.485793
0.548678
0.557303
0.505191
0.449122
0.379209
0.316304
0.269304
0.238663
0.22093
0.210548
0.204611
0.202881
0.203523
0.205738
0.210591
0.220915
0.23699
0.25209
0.259356
0.261919
0.278101
0.310049
0.364843
0.416267
0.4389
0.439369
0.354709
0.303831
0.239777
0.189856
0.161802
0.148542
0.144418
0.146378
0.151231
0.15486
0.15628
0.155857
0.144885
0.136402
0.133272
0.125178
0.122207
0.121945
0.101286
0.0751949
0.0582905
0.0502843
0.0483442
0.0482628
0.0511365
0.0610903
0.0777711
0.0865538
0.0940768
0.106178
0.114871
0.1215
0.133649
0.153199
0.163337
0.177814
0.183773
0.19547
0.202121
0.210908
0.217585
0.214728
0.2044
0.202648
0.195774
0.195624
0.217803
0.29731
0.541169
0.647191
0.645074
0.567343
0.362264
0.231416
0.171364
0.15098
0.150843
0.198053
0.233686
0.234374
0.302137
0.46507
0.545974
0.707953
0.697729
0.678868
0.631966
0.744813
0.889476
0.743936
0.659392
0.652029
0.658133
0.793332
0.847004
0.835105
0.775447
0.328185
0.524334
0.223611
0.294711
0.56358
0.583781
0.506143
0.448866
0.406861
2.42339
1.96838
1.66813
1.46722
1.32826
1.2294
1.15657
1.10101
1.0581
1.02463
0.998064
0.976797
0.959432
0.945628
0.933972
0.924287
0.915672
0.9081
0.901208
0.894589
0.888244
0.882038
0.876123
0.870329
0.864772
0.859211
0.853676
0.848338
0.842762
0.837208
0.831069
0.824836
0.817971
0.810573
0.802307
0.793617
0.784275
0.774197
0.764061
0.753728
0.743324
0.733375
0.723882
0.715281
0.707231
0.700467
0.694848
0.689816
0.68538
0.681288
0.678496
0.677381
0.67724
0.677866
0.680328
0.684125
0.68801
0.693209
0.700157
0.708876
0.720853
0.736491
0.75345
0.772698
0.795743
0.82018
0.846286
0.873065
0.890686
0.895814
0.89355
0.877067
0.827845
0.748239
0.638892
0.520915
0.407804
0.30148
0.212954
0.153992
0.12384
0.115222
0.11731
0.137693
0.197187
0.282654
0.39306
0.524638
0.665065
0.802716
0.909316
0.943375
0.907946
0.816586
0.692815
0.559258
0.432622
0.325435
0.251429
0.216244
0.206738
0.206883
0.213533
0.223138
0.235554
0.2434
0.248913
0.261835
0.293727
0.349859
0.429838
0.519736
0.612951
0.716793
0.786346
0.78407
0.702694
0.582338
0.450095
0.328064
0.235746
0.182312
0.158646
0.151642
0.144938
0.140961
0.13835
0.137763
0.138816
0.136959
0.136201
0.125144
0.104929
0.0956499
0.0955879
0.10337
0.132937
0.162799
0.176349
0.175324
0.161509
0.143841
0.139952
0.142188
0.147452
0.146827
0.155001
0.168614
0.179141
0.198466
0.215109
0.242233
0.254884
0.278784
0.318109
0.340908
0.356943
0.396241
0.470721
0.679501
0.942717
1.13508
1.15644
0.938642
0.629438
0.465165
0.350274
0.263824
0.225356
0.227543
0.269921
0.632264
0.852471
0.807896
0.635875
0.569726
0.584726
0.758207
0.792544
0.779219
0.676239
0.810417
1.33998
1.27188
1.08086
1.07436
0.87988
0.828352
0.928073
1.1644
1.2502
0.577841
0.788607
0.338735
0.350123
0.45045
0.457365
0.608122
0.632582
0.63879
1.73007
1.3755
1.2134
1.14198
1.11478
1.10429
1.09705
1.0865
1.07
1.04922
1.02653
1.00429
0.983369
0.964156
0.946379
0.930076
0.914975
0.900711
0.886996
0.873816
0.861116
0.848726
0.836443
0.824129
0.811621
0.7988
0.785361
0.771184
0.755878
0.739403
0.721377
0.701805
0.680431
0.657438
0.63283
0.606991
0.58025
0.553419
0.527095
0.502262
0.479648
0.460166
0.444305
0.432678
0.425417
0.422972
0.425163
0.432541
0.444665
0.461802
0.483751
0.510437
0.541998
0.578785
0.620907
0.668706
0.722084
0.780811
0.843435
0.908973
0.975809
1.04148
1.10266
1.15661
1.19937
1.2266
1.23572
1.22812
1.19112
1.13098
1.05231
0.957541
0.848822
0.731849
0.615283
0.50896
0.424535
0.365246
0.325877
0.298191
0.280811
0.276512
0.279565
0.293548
0.309137
0.322624
0.345323
0.401802
0.530224
0.740984
1.02979
1.37458
1.7293
2.04644
2.28431
2.41066
2.46129
2.39465
2.21693
1.94022
1.60946
1.30826
1.02807
0.79052
0.600193
0.450582
0.344926
0.278862
0.240161
0.213952
0.189923
0.195599
0.345646
0.657197
0.993827
1.31559
1.58564
1.75724
1.8242
1.80866
1.6655
1.45364
1.21066
0.965263
0.751587
0.57143
0.413569
0.304708
0.234175
0.186212
0.162957
0.153297
0.171279
0.204356
0.228769
0.243941
0.254999
0.254738
0.253551
0.249585
0.248804
0.251027
0.258221
0.270342
0.287029
0.307087
0.344671
0.390902
0.430369
0.524429
0.607629
0.761074
0.884352
1.08592
1.331
1.57115
1.84692
2.20418
2.46307
2.48369
2.3076
1.89495
1.55141
1.38067
1.33384
1.39113
1.49218
1.55715
1.69885
2.17596
2.60197
2.60976
2.34097
2.07041
1.8634
1.56569
1.28103
1.05339
0.847996
0.753662
0.809456
0.947978
1.45117
1.79042
1.81962
2.19875
2.42251
2.46832
2.07875
1.75704
2.50361
1.7122
2.06598
1.52621
0.796473
0.734693
0.844654
0.967249
1.31263
1.84758
0.00071401
0.0022105
0.00358353
0.00536923
0.0079109
0.0116717
0.0165968
0.0233244
0.0324249
0.0406162
0.0463761
0.0466341
0.0428131
0.0314977
0.0130154
0.00982232
0.0113982
0.0123607
0.0337549
0.0555243
0.0595693
0.0493298
0.0317231
0.0241218
0.0158776
0.0106025
0.00769191
0.00542764
0.00521465
0.0069365
0.00937117
0.0117654
0.0132895
0.0153065
0.0222063
0.0289175
0.0357164
0.0506039
0.0664325
0.0891509
0.124522
0.162251
0.208761
0.263694
0.32314
0.369927
0.38938
0.387827
0.366816
0.307108
0.245518
0.200197
0.167453
0.147692
0.148296
0.159499
0.19278
0.230724
0.277374
0.321831
0.35442
0.401533
0.489948
0.5213
0.511759
0.46544
0.390652
0.324297
0.269192
0.239065
0.241188
0.290521
0.380566
0.496762
0.651979
0.84815
1.04902
1.22206
1.35338
1.42947
1.47014
1.48623
1.45923
1.39301
1.35104
1.27087
1.19694
1.13585
1.10115
1.07689
1.08173
1.11646
1.20309
1.34288
1.52991
1.778
2.05503
2.34155
2.60955
2.84389
3.03739
3.16175
3.20131
3.19425
3.05529
2.84104
2.54064
2.18269
1.86073
1.44533
1.15633
0.984185
0.703962
0.504867
0.410264
0.30088
0.21648
0.176033
0.135933
0.117059
0.107608
0.104431
0.109908
0.12286
0.143773
0.171259
0.203453
0.237635
0.265405
0.279161
0.289815
0.309483
0.334115
0.353354
0.358788
0.354095
0.332463
0.301637
0.272421
0.24713
0.230001
0.226299
0.243929
0.287857
0.359262
0.474161
0.642695
0.828703
0.930592
0.925008
0.748193
0.473554
0.321798
0.268841
0.259011
0.264475
0.270398
0.273276
0.270876
0.261499
0.255027
0.23349
0.221214
0.205067
0.196476
0.187998
0.180715
0.175259
0.172084
0.170473
0.170963
0.173588
0.177945
0.184129
0.191779
0.200367
0.20964
0.216359
0.218351
0.21386
0.196819
0.165342
0.12111
0.0847839
0.0716867
0.0677849
0.0667122
0.067419
0.0722751
0.079965
0.0877574
0.0903849
0.0905466
0.0897573
0.0853545
0.0796546
0.0708232
0.0636245
0.050775
0.0274933
0.00105873
0.00345962
0.00350874
0.00358082
0.00370142
0.00386957
0.00402759
0.00425746
0.00460839
0.00604671
0.0094575
0.0162569
0.0241272
0.0290219
0.0272297
0.0266499
0.0194634
0.0200388
0.0294894
0.0305931
0.0173135
0.0101192
0.00887248
0.00864959
0.00770293
0.00664435
0.00575463
0.00471039
0.00439252
0.00553504
0.00841375
0.0117717
0.0165872
0.0286038
0.0362757
0.0361119
0.0346619
0.0313818
0.0295247
0.0294022
0.0299198
0.0311887
0.0330058
0.0356198
0.0422575
0.0583795
0.0782986
0.104878
0.14761
0.162094
0.158739
0.147092
0.117286
0.0747288
0.0479756
0.0352539
0.0312715
0.031281
0.0324237
0.0357695
0.0446071
0.0646955
0.0880904
0.103459
0.129638
0.168605
0.213938
0.253983
0.278626
0.302953
0.335194
0.388043
0.462637
0.56099
0.637373
0.664449
0.642044
0.590084
0.538897
0.493916
0.472081
0.424542
0.402867
0.41151
0.418676
0.420191
0.47455
0.526787
0.5659
0.664283
0.71057
0.802201
0.867915
0.931621
0.978309
1.00032
1.00784
1.00124
0.955098
0.902981
0.822897
0.704744
0.598585
0.469297
0.355592
0.294984
0.231482
0.208562
0.192775
0.171226
0.162346
0.156243
0.142593
0.129241
0.124388
0.118146
0.10668
0.102564
0.0953962
0.0917376
0.0892648
0.0881562
0.0882501
0.0894742
0.0907861
0.0930254
0.098123
0.109122
0.135554
0.177683
0.201515
0.201202
0.196214
0.19959
0.220385
0.250897
0.262661
0.26949
0.29261
0.323319
0.33112
0.312715
0.257864
0.235049
0.245291
0.278425
0.290575
0.274902
0.272
0.351132
0.428667
0.375985
0.266498
0.212256
0.179456
0.156565
0.13531
0.118256
0.105264
0.0966497
0.0909816
0.0873224
0.0857084
0.0845208
0.0838736
0.08367
0.0851331
0.0874415
0.090463
0.0939619
0.097811
0.10319
0.11149
0.121252
0.133256
0.146164
0.15876
0.171261
0.192022
0.23174
0.269226
0.301681
0.332673
0.344461
0.349109
0.35972
0.345209
0.286256
0.245883
0.200589
0.163321
0.14909
0.14223
0.135702
0.127318
0.113444
0.0921377
0.0768333
0.0640728
0.0499327
0.00419912
0.00420477
0.00404995
0.00409249
0.0042993
0.00477773
0.00513075
0.00510998
0.00499975
0.00471693
0.00485055
0.00574813
0.00827196
0.0147229
0.0223242
0.0263669
0.02668
0.0184601
0.0208277
0.0139459
0.008717
0.00792109
0.00841178
0.00852032
0.00753903
0.00634013
0.00569329
0.00515168
0.00487569
0.00639067
0.0107393
0.0157163
0.0271614
0.0355508
0.0327062
0.0284902
0.0247793
0.0231083
0.0230815
0.0232938
0.0233461
0.0233831
0.0232708
0.0230343
0.0225865
0.0221702
0.0226865
0.0245941
0.0307658
0.0398745
0.0507168
0.0578825
0.0584957
0.0549368
0.0413253
0.0298925
0.025778
0.0262314
0.0305115
0.0441998
0.060064
0.0698625
0.0818256
0.109443
0.151043
0.201597
0.241147
0.261346
0.279174
0.302997
0.335489
0.375176
0.397881
0.385357
0.332463
0.248814
0.194132
0.165701
0.142336
0.132097
0.127718
0.123491
0.12297
0.140783
0.147866
0.157292
0.19309
0.216115
0.236657
0.271051
0.285366
0.312042
0.32034
0.324366
0.324434
0.307885
0.290202
0.267262
0.234097
0.217437
0.201803
0.179314
0.17143
0.168273
0.168133
0.171934
0.172233
0.171453
0.169769
0.16448
0.158874
0.155728
0.144643
0.134442
0.131095
0.122821
0.11213
0.107193
0.0980107
0.0926464
0.087594
0.0840231
0.0817939
0.0815226
0.0820623
0.0819554
0.0806178
0.0803823
0.0848093
0.0972307
0.10043
0.099828
0.101158
0.107116
0.110074
0.10661
0.10303
0.105949
0.117466
0.145767
0.190417
0.221476
0.252504
0.280572
0.279464
0.268298
0.265502
0.243318
0.248915
0.323103
0.342161
0.271581
0.173498
0.12518
0.0988853
0.0840858
0.0753739
0.0719015
0.0722948
0.0748125
0.0784556
0.0814554
0.0822267
0.0818449
0.0774201
0.0724747
0.0691424
0.0665497
0.0648859
0.0639317
0.0636967
0.0647234
0.0679546
0.0729226
0.0790061
0.0841978
0.0873897
0.0907282
0.0962552
0.101307
0.11261
0.130944
0.145042
0.158629
0.188761
0.23658
0.27388
0.273557
0.278757
0.270774
0.244514
0.211063
0.15556
0.110679
0.0844786
0.0681503
0.0582016
0.0545909
0.0634186
0.0584049
0.00793957
0.00573235
0.00529624
0.00559486
0.00637611
0.0068346
0.00689501
0.0068029
0.00656549
0.00608285
0.00541123
0.00513425
0.00551249
0.00736036
0.0119577
0.021976
0.0291235
0.0193582
0.0132253
0.0098651
0.00791764
0.00844998
0.008961
0.00874333
0.0077787
0.0066826
0.0059452
0.00567865
0.00563253
0.00747715
0.0131514
0.0217614
0.0330089
0.0341211
0.0258951
0.0229045
0.0212051
0.0210596
0.0221347
0.0224557
0.0220206
0.0215615
0.0216357
0.021331
0.0212158
0.0214829
0.0214203
0.0207613
0.0206482
0.0209617
0.0220384
0.0272554
0.0348593
0.0352204
0.0319407
0.0289391
0.0294225
0.0371342
0.0500199
0.0558296
0.0599934
0.0702809
0.102523
0.149623
0.200554
0.223415
0.237526
0.250434
0.25782
0.273865
0.286197
0.266235
0.211841
0.168631
0.132391
0.0963888
0.0811445
0.0736159
0.0701352
0.0693888
0.0715336
0.0733522
0.0773377
0.0851353
0.088995
0.0998932
0.113518
0.122547
0.134567
0.143153
0.152845
0.158965
0.164355
0.166616
0.168993
0.169472
0.171613
0.172709
0.174277
0.178831
0.185346
0.189395
0.196182
0.198321
0.198844
0.199002
0.197797
0.189247
0.179073
0.16994
0.159221
0.148175
0.135544
0.123275
0.117759
0.107253
0.100583
0.0919005
0.0853578
0.0807999
0.0782285
0.0766932
0.0757301
0.0756485
0.077039
0.0795182
0.0792115
0.0745481
0.0688496
0.0676122
0.0723454
0.0756922
0.0745818
0.0747981
0.076408
0.0822546
0.0881895
0.0870022
0.076717
0.0724881
0.0726812
0.0910163
0.147306
0.172654
0.219368
0.282866
0.309284
0.315063
0.29781
0.300438
0.28609
0.190888
0.113383
0.0813199
0.0680968
0.0649368
0.0656215
0.0679715
0.0712217
0.0768437
0.0839473
0.090745
0.0965409
0.100448
0.101696
0.100341
0.0922191
0.0844228
0.0775724
0.0733707
0.070193
0.0685804
0.0689852
0.0726989
0.0794817
0.0864119
0.0925219
0.0981169
0.0996208
0.100982
0.10613
0.107546
0.107625
0.109559
0.113948
0.124719
0.139962
0.171599
0.206594
0.229599
0.227875
0.222658
0.207635
0.173209
0.102682
0.0611688
0.0394124
0.0375568
0.0488101
0.0650352
0.0101257
0.00647509
0.00646197
0.0073248
0.00757715
0.00772711
0.00771825
0.00761816
0.00735565
0.00680439
0.00628314
0.00536208
0.00500547
0.00544314
0.00740479
0.0132482
0.0268728
0.0243861
0.0124359
0.00892308
0.00795882
0.00903836
0.00946338
0.00897524
0.00822723
0.00722493
0.00640781
0.00622182
0.00620549
0.0086556
0.0165768
0.0288262
0.0335808
0.0314889
0.0240055
0.0217423
0.0207191
0.020882
0.0216754
0.0210421
0.0197713
0.0200718
0.0201295
0.019355
0.0197293
0.0206215
0.0206146
0.0204222
0.0201222
0.0198212
0.0189387
0.0200675
0.0251079
0.0288278
0.0291028
0.0293223
0.033101
0.0484694
0.0533646
0.0552975
0.0629819
0.0918013
0.158593
0.187621
0.204298
0.212372
0.196758
0.2003
0.209433
0.207336
0.18004
0.143447
0.104541
0.0849121
0.0677381
0.0600647
0.057812
0.0574923
0.0596111
0.0618219
0.0663382
0.0698606
0.0756249
0.0812375
0.0849762
0.0947513
0.106763
0.112793
0.125428
0.133416
0.145797
0.152599
0.159331
0.166272
0.173462
0.178238
0.184949
0.19194
0.198715
0.2042
0.214653
0.217212
0.217309
0.217546
0.218999
0.21347
0.20625
0.199378
0.186416
0.169709
0.152447
0.136744
0.12504
0.116439
0.108392
0.10158
0.0964938
0.0876033
0.0777895
0.070025
0.0657778
0.0643873
0.0646622
0.0660235
0.0676772
0.071096
0.0765784
0.0789154
0.0774807
0.0686956
0.0594377
0.0535423
0.0494554
0.0478193
0.0491222
0.0534789
0.0577858
0.0591615
0.0556161
0.0528034
0.0544185
0.0552296
0.0637391
0.103773
0.121744
0.144521
0.25437
0.338687
0.343507
0.309086
0.235702
0.14569
0.0867838
0.0626709
0.0581336
0.0597062
0.060912
0.0635115
0.0658353
0.0699822
0.0742547
0.0797735
0.0886279
0.100969
0.108821
0.112203
0.113749
0.114666
0.114574
0.115301
0.113683
0.106352
0.0999204
0.0999005
0.103675
0.110326
0.12138
0.132828
0.13973
0.140468
0.140683
0.137597
0.130833
0.12905
0.129369
0.12771
0.126434
0.128091
0.136045
0.144631
0.159989
0.172471
0.172552
0.165302
0.15156
0.117274
0.0631793
0.0384439
0.0407694
0.0732735
0.0115264
0.00738933
0.00790314
0.00824471
0.00817669
0.00825759
0.0081531
0.00804911
0.00782181
0.00750814
0.00687754
0.00605491
0.00509419
0.00483005
0.00547953
0.00824291
0.0191718
0.0242722
0.0160384
0.00952354
0.00848309
0.00971418
0.010018
0.00946034
0.00840866
0.00755886
0.00696228
0.00746409
0.00774319
0.0114243
0.0228697
0.0327543
0.0343476
0.029125
0.0235771
0.0216814
0.0211893
0.0209888
0.0206071
0.0193521
0.0192945
0.0201293
0.0202639
0.0193205
0.0202121
0.0203285
0.0209243
0.0220423
0.02256
0.0204659
0.019277
0.0208692
0.0270592
0.0282534
0.029066
0.0320214
0.045659
0.0540091
0.0565123
0.0630904
0.0956105
0.14295
0.179007
0.183607
0.165803
0.155623
0.148072
0.146558
0.145488
0.132902
0.108669
0.080257
0.0636484
0.0566456
0.0533331
0.0525814
0.054532
0.0567123
0.0592667
0.0627524
0.0680395
0.0745156
0.0827383
0.0879876
0.0970166
0.104108
0.114947
0.125841
0.132223
0.146933
0.152765
0.166655
0.170648
0.185073
0.19019
0.199371
0.208857
0.213459
0.218941
0.225214
0.227934
0.229005
0.232528
0.231557
0.228853
0.223575
0.215214
0.204817
0.190823
0.172885
0.156728
0.139873
0.125529
0.115889
0.107946
0.101041
0.0977264
0.0921461
0.0816927
0.0717578
0.0661237
0.0639168
0.0638722
0.0656478
0.0675775
0.0684722
0.0701212
0.0749671
0.0776742
0.0760252
0.0692764
0.0578595
0.0488008
0.0452183
0.0445878
0.0546684
0.0647745
0.065429
0.0617109
0.0535788
0.0509899
0.052474
0.0556416
0.0653439
0.081772
0.0931312
0.138387
0.297308
0.34801
0.31949
0.211202
0.119422
0.0737953
0.0591
0.0546583
0.0532652
0.0526098
0.0534741
0.051999
0.0505114
0.0494509
0.0511423
0.0579092
0.0699691
0.0857505
0.0980627
0.109539
0.11649
0.122134
0.128475
0.133648
0.13682
0.138209
0.138561
0.139834
0.140206
0.140685
0.143203
0.144419
0.149382
0.158489
0.16909
0.168689
0.163587
0.161135
0.152019
0.139124
0.13421
0.131514
0.126466
0.126595
0.129517
0.130967
0.135199
0.136943
0.124324
0.0718714
0.0393722
0.0406064
0.0808707
0.0119445
0.00847305
0.00907855
0.00870212
0.00856913
0.00843836
0.00821494
0.00810369
0.00789606
0.00766604
0.0072556
0.00663456
0.00542845
0.00474761
0.00474283
0.00571724
0.0103847
0.0209948
0.0177671
0.0130077
0.0110465
0.0110545
0.0106045
0.00965015
0.00839943
0.00766592
0.00722793
0.0087136
0.0099243
0.0144396
0.0276759
0.0348217
0.0352831
0.0289744
0.0253155
0.0230327
0.0217545
0.0204124
0.0195015
0.0189314
0.019329
0.0208275
0.0212991
0.0208102
0.0219595
0.0233226
0.0245204
0.0240677
0.0229835
0.0224538
0.0233672
0.0304148
0.0323129
0.0306202
0.0306414
0.0388524
0.0537712
0.0546461
0.0600323
0.090922
0.134294
0.150968
0.168547
0.137107
0.109198
0.104652
0.104502
0.105147
0.0982697
0.0825656
0.0689687
0.0570418
0.0524412
0.0512017
0.0509999
0.0526092
0.0562902
0.0604729
0.0649954
0.0705654
0.0743248
0.0819825
0.0911464
0.094915
0.10201
0.114182
0.120402
0.131515
0.13658
0.15104
0.155619
0.171361
0.175722
0.191034
0.196961
0.20985
0.215373
0.224494
0.229912
0.233757
0.237805
0.238397
0.239793
0.237454
0.232106
0.227454
0.218358
0.205494
0.190739
0.175094
0.159477
0.143542
0.128861
0.115923
0.10886
0.101532
0.0980192
0.0960618
0.0921603
0.0813455
0.0724478
0.0688448
0.068839
0.0731107
0.0800121
0.0821652
0.0788806
0.0748432
0.0770884
0.0776528
0.0719702
0.059764
0.054003
0.0483351
0.0457639
0.0433557
0.0558098
0.0663664
0.070178
0.0662342
0.0569552
0.0539608
0.054519
0.0556
0.0656048
0.0763695
0.0973393
0.217883
0.332744
0.326341
0.223085
0.121322
0.0720552
0.058058
0.0545385
0.0522694
0.050876
0.0488616
0.0462785
0.0441399
0.042504
0.0423471
0.0440545
0.0468668
0.0513137
0.0589232
0.0708493
0.0867116
0.0989422
0.111189
0.122537
0.134985
0.144301
0.150289
0.153156
0.155915
0.156521
0.15051
0.141653
0.138904
0.138078
0.139049
0.143016
0.143653
0.145009
0.15034
0.147118
0.141593
0.138477
0.134645
0.126581
0.12443
0.119126
0.118332
0.124087
0.120893
0.104795
0.0593128
0.0456117
0.104726
0.0118789
0.00999818
0.00968962
0.00910648
0.00901767
0.00842156
0.007809
0.00761298
0.00756754
0.00757785
0.00745052
0.00694963
0.00614023
0.00489877
0.0045445
0.00472663
0.0064147
0.0125828
0.0160737
0.0141762
0.0125483
0.0117621
0.0108443
0.00927706
0.00828777
0.00738589
0.00646387
0.00863494
0.01157
0.0166134
0.0311183
0.0363607
0.0363447
0.0321379
0.0285095
0.0244967
0.0224526
0.02025
0.0194626
0.0193049
0.020086
0.0220135
0.0246175
0.02733
0.030027
0.0336255
0.0353826
0.0385842
0.0413858
0.0418268
0.0383302
0.0351487
0.0330614
0.0314484
0.0328081
0.0441396
0.0520097
0.0540617
0.0751249
0.118774
0.139942
0.139767
0.1211
0.087992
0.0752848
0.0727658
0.073284
0.0743015
0.0704568
0.0609054
0.0542075
0.0509919
0.0503005
0.051245
0.0528266
0.0566227
0.0637209
0.0697512
0.0775533
0.0878887
0.0936382
0.100227
0.110241
0.115589
0.119796
0.12551
0.131341
0.139819
0.143773
0.15231
0.156797
0.167987
0.172278
0.184727
0.1934
0.200778
0.209447
0.215647
0.223243
0.229602
0.232181
0.235665
0.2345
0.231515
0.225564
0.216881
0.205841
0.193752
0.178044
0.163598
0.14975
0.135968
0.127518
0.112858
0.103096
0.0982731
0.0947062
0.0944514
0.0937271
0.0902195
0.0837741
0.079906
0.0785407
0.0785575
0.0824063
0.0896918
0.0914859
0.0882006
0.081238
0.081666
0.0807929
0.0716104
0.0575173
0.0485654
0.0431989
0.041802
0.041419
0.0576522
0.0634974
0.0636133
0.0567052
0.0512904
0.0488418
0.0486884
0.0526053
0.0651671
0.0833839
0.156298
0.304498
0.321706
0.249036
0.131256
0.0747995
0.0588158
0.0541753
0.0494033
0.0461448
0.0453311
0.0431508
0.0405793
0.0394691
0.0398944
0.0412002
0.04355
0.0446779
0.0474099
0.0507375
0.0550706
0.059641
0.0678811
0.0787
0.0989096
0.120443
0.136086
0.146962
0.155761
0.159114
0.155246
0.144736
0.128335
0.118263
0.111196
0.10873
0.108671
0.10912
0.113404
0.11638
0.122212
0.132145
0.134181
0.13316
0.129584
0.126558
0.114601
0.104234
0.105894
0.109568
0.0805834
0.0607918
0.115781
0.0121812
0.0114024
0.0105599
0.00982239
0.00938561
0.00841135
0.00753025
0.00716975
0.00710605
0.00725372
0.0073527
0.00711085
0.00647197
0.0053338
0.00466636
0.0046509
0.00512094
0.00737388
0.0112968
0.0126847
0.0120814
0.0112756
0.00986798
0.00861265
0.00821569
0.00726459
0.00599383
0.00843287
0.012889
0.019508
0.0334458
0.0380704
0.0384306
0.036094
0.0325048
0.0286533
0.0252215
0.0229752
0.0222773
0.0221544
0.0229561
0.0259702
0.0307863
0.0353747
0.0385527
0.044318
0.0483114
0.0499096
0.0500805
0.0474077
0.0405969
0.033697
0.0315697
0.0313084
0.035003
0.0502996
0.0516527
0.0566524
0.0930714
0.125632
0.133068
0.0994963
0.0763139
0.0631142
0.0589167
0.0582585
0.0583763
0.0585834
0.0566331
0.0534872
0.051477
0.0507875
0.0509813
0.0535682
0.0590162
0.0675233
0.0780678
0.0893273
0.102756
0.117309
0.125929
0.137264
0.147607
0.156533
0.161006
0.166556
0.170391
0.171523
0.176499
0.176601
0.181914
0.183531
0.186275
0.186465
0.192985
0.194692
0.197876
0.200287
0.200667
0.202754
0.201512
0.200376
0.197572
0.194516
0.189851
0.179679
0.171543
0.161464
0.149257
0.137501
0.12776
0.11862
0.111508
0.106412
0.0981212
0.0932102
0.0908795
0.0903575
0.0908583
0.0902375
0.0868892
0.085414
0.08498
0.0847841
0.0839658
0.0844676
0.088272
0.089132
0.0859744
0.083964
0.0816823
0.0720738
0.0572916
0.0490083
0.0422745
0.0400171
0.0385865
0.0440486
0.0529364
0.0531157
0.0489525
0.0445992
0.0438085
0.0442425
0.0468647
0.0573551
0.0723119
0.108455
0.254543
0.309975
0.278032
0.152701
0.0827072
0.061104
0.0538715
0.0465436
0.042491
0.0407366
0.0383131
0.037866
0.037819
0.0384315
0.0392193
0.0413291
0.0430665
0.0446641
0.0469396
0.0484461
0.0503966
0.0535521
0.058572
0.0652477
0.0736014
0.0840946
0.107382
0.129067
0.143479
0.146778
0.145807
0.140918
0.122512
0.10334
0.0901608
0.0866909
0.089406
0.092271
0.0949284
0.0985502
0.113431
0.12193
0.132019
0.139131
0.140473
0.13088
0.103787
0.102048
0.110238
0.103412
0.0676097
0.148463
0.0123067
0.0129561
0.0117655
0.010601
0.00969075
0.00846203
0.00748902
0.00695162
0.00674235
0.00672641
0.00707979
0.00715092
0.00686234
0.00597883
0.00511237
0.00483541
0.00509861
0.00593604
0.0077984
0.00945852
0.00991393
0.00958737
0.0089645
0.00811065
0.00719406
0.00611896
0.00560079
0.00836267
0.0132203
0.0199
0.0335684
0.0384407
0.0389826
0.0383106
0.0375883
0.0351593
0.0300376
0.0267911
0.0260365
0.0259977
0.02693
0.029326
0.0324161
0.0365664
0.0395314
0.0445916
0.0483761
0.0499091
0.0494528
0.0475724
0.0395901
0.03186
0.0300873
0.0308428
0.0377241
0.0522106
0.0500075
0.0654222
0.102022
0.118238
0.115458
0.0760176
0.0610648
0.0556083
0.0545773
0.0549487
0.0550775
0.0544517
0.0533588
0.0524598
0.0517842
0.0525976
0.0558862
0.0627049
0.0741324
0.0885406
0.105369
0.118814
0.132172
0.146811
0.156353
0.16753
0.173448
0.183811
0.189702
0.193731
0.202062
0.204633
0.21318
0.216169
0.222526
0.227639
0.230938
0.235251
0.233703
0.234183
0.2306
0.225265
0.216398
0.208083
0.200856
0.194462
0.185571
0.178501
0.17171
0.16206
0.152195
0.144421
0.137215
0.128348
0.119608
0.114875
0.108014
0.104221
0.0980554
0.0931068
0.0917917
0.0902888
0.0907493
0.0914371
0.0897841
0.0865849
0.0865591
0.0867357
0.085938
0.0822688
0.0808153
0.0789226
0.0732875
0.0733407
0.0761658
0.0750712
0.0620599
0.0480883
0.039529
0.0354177
0.0354284
0.0354453
0.0438322
0.04519
0.044228
0.0430195
0.0428586
0.0432815
0.0452052
0.0553951
0.0691096
0.0920593
0.194251
0.286839
0.283169
0.193731
0.101974
0.0692707
0.0562714
0.0472935
0.0426515
0.0400189
0.0374242
0.036806
0.0366025
0.0377574
0.0402091
0.0415761
0.0432546
0.0432356
0.0447213
0.0455938
0.0474073
0.0484771
0.0515629
0.0574474
0.0618349
0.0653177
0.0730551
0.0992433
0.124881
0.143623
0.145692
0.143491
0.132144
0.109831
0.0904419
0.0791219
0.0780883
0.0807173
0.0845776
0.0987647
0.112226
0.121871
0.132495
0.142907
0.147953
0.141729
0.113678
0.107192
0.11274
0.10371
0.0835429
0.174704
0.0123965
0.0145711
0.0129169
0.0117163
0.0110749
0.00980521
0.00853423
0.00723961
0.00666599
0.00651552
0.00667181
0.00695347
0.00697557
0.00656975
0.00584747
0.00540159
0.00535894
0.00593529
0.00693768
0.00801523
0.00869412
0.0085063
0.00798625
0.00732006
0.00643396
0.00520148
0.00521443
0.00815047
0.0130034
0.0192445
0.0324729
0.037681
0.0387653
0.0395309
0.0416913
0.0426984
0.0391404
0.0318487
0.0294074
0.0288979
0.0290341
0.0302574
0.0316058
0.0326108
0.0343434
0.0376228
0.0426285
0.0467497
0.0482975
0.0472076
0.0410511
0.0313953
0.0294433
0.0316582
0.0423457
0.0520713
0.0484519
0.0738458
0.101835
0.100913
0.08876
0.0650585
0.0575546
0.0553809
0.0546675
0.0551958
0.0556216
0.0549411
0.0538393
0.0534359
0.0539684
0.0591466
0.0692973
0.0804715
0.09465
0.110366
0.126326
0.137281
0.146581
0.154793
0.163309
0.170001
0.1775
0.182402
0.18966
0.194725
0.203322
0.207894
0.214416
0.221053
0.228614
0.238897
0.24512
0.255323
0.261833
0.269976
0.2731
0.273401
0.270843
0.2638
0.254836
0.240787
0.223102
0.208557
0.193675
0.176455
0.16199
0.150583
0.140164
0.133282
0.123849
0.11782
0.113605
0.111004
0.10738
0.104083
0.101629
0.101123
0.100468
0.10052
0.10009
0.0987396
0.0979625
0.0962726
0.0905359
0.0757305
0.0664896
0.0614477
0.0562464
0.054282
0.0580579
0.0621721
0.0603068
0.0493904
0.0394337
0.0323035
0.030079
0.0294587
0.0341321
0.0412744
0.0417029
0.0411213
0.0408458
0.0420499
0.0456875
0.0572762
0.0708261
0.0867525
0.14169
0.257695
0.275129
0.231206
0.127802
0.0821236
0.0663774
0.0543079
0.0468087
0.0434948
0.0405389
0.0392806
0.0380648
0.0361691
0.0373917
0.0392132
0.0422013
0.0429239
0.0431095
0.0440802
0.0458918
0.0463915
0.0478573
0.0522578
0.0576908
0.0613888
0.0655681
0.0818263
0.113947
0.137165
0.14574
0.145567
0.141161
0.121674
0.0966138
0.0823848
0.0767991
0.0768337
0.080798
0.0951579
0.119418
0.13105
0.14046
0.150506
0.155683
0.153251
0.13445
0.126977
0.123625
0.0999739
0.0834994
0.244039
0.0141401
0.0150666
0.0151782
0.0142527
0.0139516
0.0133194
0.0125399
0.0101808
0.00772368
0.00666464
0.00643583
0.00664633
0.00690586
0.0069579
0.00663165
0.00620832
0.00608443
0.00634124
0.00702488
0.00787874
0.00838267
0.00818634
0.0076961
0.00699289
0.00580706
0.00483117
0.00495912
0.00758266
0.0124026
0.0176724
0.0295073
0.0354659
0.0369926
0.0385694
0.0436731
0.0501818
0.0520102
0.0445828
0.0355078
0.0327461
0.0315276
0.0309792
0.030957
0.0314847
0.033442
0.0365432
0.0411386
0.0463866
0.0513581
0.0534828
0.0518111
0.0388824
0.0336716
0.0363278
0.0456895
0.049945
0.0498614
0.0745697
0.0996057
0.0919841
0.0716846
0.0592649
0.0555381
0.0570519
0.0590486
0.0593767
0.0590753
0.0587303
0.0584622
0.0596031
0.0616004
0.0699468
0.0831723
0.0983404
0.112092
0.123295
0.132629
0.138547
0.144362
0.146619
0.151596
0.154947
0.16044
0.162989
0.168244
0.174965
0.178398
0.185833
0.191257
0.201627
0.212441
0.225473
0.23919
0.252476
0.263416
0.272866
0.279696
0.282325
0.282479
0.279714
0.273127
0.267867
0.255461
0.243516
0.23528
0.220863
0.206361
0.192084
0.178857
0.166598
0.156888
0.144736
0.139988
0.135671
0.13041
0.127975
0.125029
0.122266
0.119114
0.118046
0.11636
0.111135
0.105616
0.100676
0.0903137
0.0737164
0.0618659
0.055343
0.0511688
0.04764
0.0461879
0.0468742
0.0476955
0.046571
0.0394692
0.0320392
0.0288268
0.0271571
0.0275807
0.0339581
0.0349182
0.0342888
0.0360349
0.0431473
0.0503189
0.0700799
0.0856717
0.0958586
0.119161
0.215793
0.263004
0.249698
0.161693
0.0946782
0.0687722
0.0574387
0.0495267
0.0452073
0.0434119
0.0418252
0.0404962
0.0356164
0.0340752
0.0344114
0.0351388
0.0375185
0.0386418
0.0406065
0.0422591
0.0434283
0.0449236
0.0493823
0.0533994
0.0591279
0.0643969
0.0729699
0.102607
0.134269
0.145972
0.146604
0.146947
0.136213
0.112847
0.0935346
0.0820546
0.080186
0.0851001
0.0953222
0.121833
0.131206
0.152463
0.166491
0.166601
0.167354
0.162923
0.14981
0.144935
0.105675
0.0843568
0.330547
0.018552
0.015236
0.0161791
0.0176509
0.0182093
0.0191708
0.0195764
0.0185377
0.0137331
0.00873977
0.00675579
0.00632136
0.00643026
0.00684211
0.00693057
0.00695276
0.00707221
0.00715679
0.00740594
0.00779419
0.00794884
0.00763975
0.00712889
0.00617028
0.00524904
0.00486057
0.00501657
0.00700414
0.0111305
0.0150702
0.0240966
0.0305784
0.0318637
0.0316278
0.0335614
0.0486317
0.0625955
0.0627142
0.0502195
0.0425291
0.0399249
0.0381853
0.0378284
0.0391076
0.0419649
0.0450795
0.0495311
0.0576176
0.0659176
0.0695471
0.070921
0.0608704
0.0476032
0.0447043
0.047558
0.0481631
0.050905
0.073104
0.0902393
0.0838239
0.0637897
0.0556855
0.0538615
0.0579683
0.0633404
0.0683182
0.0698733
0.0683496
0.0678112
0.0681889
0.0733452
0.0831121
0.0958236
0.110436
0.121563
0.127499
0.131835
0.133154
0.13446
0.135658
0.140687
0.146001
0.151493
0.156424
0.161717
0.165588
0.169744
0.175569
0.183135
0.19439
0.20726
0.221208
0.236126
0.250838
0.262472
0.269447
0.277173
0.278027
0.277331
0.275342
0.267754
0.261622
0.253433
0.243393
0.235593
0.225753
0.216106
0.204095
0.1929
0.180763
0.174536
0.160832
0.152587
0.144369
0.139583
0.134265
0.131219
0.128357
0.125608
0.122366
0.120362
0.114684
0.108694
0.101458
0.0832374
0.062034
0.050677
0.0493343
0.0491477
0.0479986
0.0444033
0.0408694
0.0391629
0.0385069
0.0358979
0.0307665
0.028037
0.0259782
0.0251456
0.0279379
0.0289041
0.0289738
0.0347305
0.0464698
0.0538512
0.0734813
0.107547
0.116557
0.127203
0.17991
0.243702
0.245863
0.192752
0.111249
0.0720887
0.0554214
0.0470293
0.0417363
0.041096
0.0406746
0.0387476
0.0341866
0.0330883
0.0333858
0.0339127
0.0346541
0.0355617
0.0382374
0.0404463
0.0415183
0.0431062
0.0479772
0.0510644
0.0575972
0.0665345
0.0731869
0.0974165
0.134287
0.150882
0.152761
0.151626
0.142314
0.120082
0.0995955
0.091416
0.0886182
0.0913103
0.106126
0.117499
0.138564
0.149925
0.17968
0.180646
0.179635
0.181288
0.182823
0.156237
0.137709
0.105353
0.444819
0.0193252
0.0167042
0.0185165
0.0202986
0.0207466
0.0230764
0.0245808
0.0260256
0.0263091
0.0189292
0.00989424
0.00646941
0.00581861
0.00594652
0.00667818
0.00688018
0.00699674
0.00704309
0.00719826
0.00722954
0.00694333
0.00641626
0.00578026
0.00516103
0.0052491
0.00534777
0.00559864
0.0070708
0.01008
0.0122119
0.0178005
0.022869
0.0227641
0.020143
0.0180928
0.0263147
0.0532195
0.0736937
0.071866
0.0621671
0.0599044
0.0598735
0.0620065
0.0663138
0.0724965
0.0776605
0.0815542
0.0878667
0.0923174
0.0925238
0.0938913
0.0939836
0.0724783
0.0594197
0.0551165
0.0484848
0.0524826
0.0745646
0.0904302
0.0829253
0.0643532
0.0561036
0.0541417
0.0587903
0.065334
0.0705763
0.0754075
0.0758312
0.0755942
0.0769941
0.0847717
0.09636
0.107918
0.117941
0.124967
0.127731
0.127983
0.129317
0.132432
0.136532
0.138711
0.141807
0.146981
0.150472
0.156909
0.159888
0.164097
0.170259
0.179895
0.192496
0.207313
0.223593
0.239457
0.252947
0.264478
0.270384
0.270859
0.270059
0.263196
0.25232
0.23358
0.222207
0.209463
0.194561
0.186805
0.183835
0.180121
0.17655
0.172407
0.166519
0.162033
0.153186
0.148722
0.138481
0.128576
0.123752
0.121985
0.118648
0.11482
0.111044
0.108369
0.104749
0.0988593
0.0831053
0.0600693
0.0457186
0.0436606
0.0470308
0.0491653
0.0493491
0.0465982
0.0392598
0.035073
0.0332591
0.0294414
0.0263944
0.0255114
0.0251698
0.0243527
0.0255775
0.0268184
0.0275435
0.034306
0.0487097
0.0570541
0.0700409
0.119543
0.145704
0.147621
0.162414
0.222945
0.238968
0.215671
0.129485
0.0786925
0.0553389
0.0433129
0.0385599
0.038379
0.0387067
0.0363959
0.033929
0.0337739
0.0342797
0.0359532
0.0370422
0.0373744
0.0382832
0.0407329
0.0414443
0.042816
0.0470939
0.0521117
0.0583916
0.0692757
0.0771357
0.100516
0.138316
0.155687
0.159786
0.158182
0.148146
0.118847
0.105771
0.0959299
0.0939146
0.0966802
0.11439
0.124007
0.138694
0.151285
0.173149
0.198367
0.198507
0.206377
0.201772
0.166507
0.135973
0.154519
0.52597
0.0206133
0.0163418
0.0191912
0.0208474
0.0215656
0.0240617
0.0256344
0.0282092
0.0314919
0.0327972
0.0261316
0.0110913
0.00623495
0.00519105
0.00513275
0.0056836
0.00587061
0.00590984
0.0057402
0.00532152
0.00488727
0.00465848
0.00450491
0.00491337
0.00557724
0.00626656
0.0069236
0.00776668
0.0101084
0.0107
0.0128834
0.0157148
0.0152967
0.0131462
0.0131028
0.0178843
0.0320161
0.0602097
0.0853909
0.0930361
0.0935377
0.100904
0.113864
0.12848
0.143487
0.152342
0.157184
0.158973
0.161898
0.151999
0.141501
0.127771
0.118078
0.0910051
0.0700921
0.0546875
0.0533111
0.0737455
0.096164
0.0871081
0.0681976
0.0582766
0.0556875
0.0598174
0.0704006
0.0739679
0.0804113
0.0862068
0.0902433
0.0914948
0.0988251
0.108204
0.116595
0.122806
0.126388
0.128516
0.129498
0.132414
0.135346
0.136508
0.134794
0.132295
0.13176
0.132967
0.137987
0.144374
0.148931
0.156113
0.173504
0.190943
0.207709
0.223393
0.237803
0.250307
0.25621
0.256637
0.254215
0.246992
0.225944
0.210317
0.19577
0.176322
0.162384
0.143995
0.129837
0.11908
0.109333
0.106045
0.10013
0.0980075
0.0965876
0.094904
0.0930097
0.0854119
0.0746855
0.0673064
0.0619115
0.0616761
0.0619313
0.0605386
0.0573428
0.0551792
0.0507126
0.041512
0.0346482
0.0336732
0.0370883
0.0489874
0.0531102
0.052358
0.046105
0.0364201
0.0323701
0.0305282
0.0270023
0.0246462
0.0244117
0.0251688
0.0251703
0.026459
0.0291754
0.030268
0.0356266
0.0497636
0.0586669
0.0669245
0.106314
0.161921
0.170867
0.173202
0.201199
0.22778
0.220969
0.16183
0.0927911
0.058585
0.0438066
0.0389685
0.0386525
0.0377499
0.0338843
0.0327558
0.0332594
0.0377437
0.0414154
0.0417701
0.0413021
0.0417989
0.04233
0.0435968
0.0449027
0.0468065
0.0553303
0.0680223
0.0751368
0.0842109
0.116888
0.15664
0.169378
0.170146
0.168225
0.154036
0.130764
0.115539
0.106641
0.104995
0.114166
0.122521
0.138241
0.143559
0.159646
0.170543
0.195207
0.211805
0.220475
0.215139
0.177433
0.138076
0.146652
0.708589
0.0208553
0.0152618
0.0186668
0.0203699
0.0209965
0.0229475
0.0236843
0.0230785
0.0279455
0.0365406
0.0398904
0.0336456
0.014194
0.00747203
0.00533154
0.00465179
0.0045464
0.00457587
0.00441538
0.00422188
0.00413698
0.00410992
0.00443327
0.00519528
0.00653168
0.00778129
0.00854854
0.00919991
0.0106161
0.0108224
0.0111742
0.0120545
0.0117923
0.0114011
0.0127745
0.0187515
0.0309193
0.0471553
0.0723042
0.0981156
0.133779
0.160793
0.198234
0.228007
0.267736
0.28886
0.307079
0.306245
0.308783
0.28621
0.254914
0.211444
0.176148
0.145587
0.10968
0.0767865
0.0589202
0.0662505
0.10004
0.0973807
0.0785654
0.0639312
0.0587804
0.0610799
0.0712972
0.0799199
0.0860486
0.0916604
0.0982419
0.103384
0.110077
0.116453
0.121283
0.12658
0.129119
0.130234
0.13046
0.132375
0.13378
0.132858
0.125564
0.1189
0.118149
0.119954
0.122034
0.125751
0.130014
0.138857
0.161053
0.184377
0.204168
0.221714
0.233363
0.235674
0.234977
0.230191
0.215645
0.188829
0.159112
0.130899
0.110547
0.0897157
0.0834729
0.0731968
0.0641316
0.0616153
0.0574826
0.055895
0.0521871
0.0474197
0.0444224
0.0407742
0.0379953
0.0337633
0.0287493
0.0250007
0.0224198
0.0216416
0.021507
0.0212693
0.0213682
0.0218509
0.0230628
0.0243841
0.0264186
0.0289134
0.0365775
0.0513254
0.0558627
0.0536658
0.0407386
0.03115
0.0282275
0.0270156
0.0245631
0.0227426
0.0225356
0.0228984
0.0234085
0.0250861
0.0307301
0.0334655
0.0397344
0.0508783
0.0579992
0.0645583
0.0898933
0.156995
0.185488
0.185978
0.193474
0.216632
0.215982
0.1831
0.117129
0.0692386
0.047378
0.0426103
0.0406364
0.0353601
0.0319924
0.0321061
0.0359161
0.0402432
0.0418151
0.0412681
0.0413678
0.0429423
0.0442842
0.0458163
0.0476341
0.0516095
0.0625829
0.0738388
0.0824872
0.100612
0.144006
0.176198
0.186763
0.184299
0.176463
0.15455
0.140775
0.128832
0.129434
0.13008
0.14125
0.145484
0.153363
0.156261
0.162292
0.175292
0.188123
0.218358
0.224216
0.233374
0.212874
0.162862
0.169727
1.22534
0.0231008
0.0139641
0.0173493
0.0195612
0.0198968
0.0204481
0.0205566
0.0191652
0.021989
0.0280717
0.0420294
0.0467543
0.0465664
0.0246784
0.0166525
0.0107764
0.00852613
0.00714145
0.00659012
0.00581911
0.00570677
0.00541646
0.00638331
0.00726053
0.00999752
0.0119488
0.0127494
0.0125317
0.013045
0.0123036
0.0117006
0.0117802
0.0114971
0.0116991
0.0144671
0.0234323
0.0376011
0.0508937
0.0779092
0.108582
0.167478
0.212744
0.284665
0.316842
0.355316
0.368222
0.388736
0.390598
0.400517
0.40062
0.401717
0.379964
0.317472
0.237821
0.181037
0.132396
0.0826628
0.0677609
0.0844274
0.107312
0.101912
0.0820988
0.0660326
0.0643205
0.0697262
0.0810769
0.0901304
0.0973454
0.104025
0.110729
0.115313
0.120553
0.12462
0.128421
0.129679
0.130131
0.129867
0.12956
0.127851
0.121185
0.116016
0.109935
0.107141
0.107533
0.108747
0.110013
0.113898
0.127803
0.154387
0.180293
0.202913
0.21705
0.219531
0.218737
0.213487
0.196221
0.161212
0.125341
0.0934216
0.0695056
0.0559461
0.0452545
0.0392758
0.0335073
0.0288122
0.0263966
0.0238093
0.0226917
0.0219672
0.0209344
0.0205501
0.0195828
0.0182998
0.0172912
0.0157373
0.0148295
0.0145707
0.0145298
0.0145857
0.0150694
0.0158867
0.0173129
0.0198222
0.0222123
0.0253039
0.0300489
0.0402141
0.0510977
0.054022
0.0494597
0.0339168
0.0256956
0.0224728
0.0209957
0.0202202
0.0200931
0.0202328
0.0205999
0.0213683
0.0230216
0.0316702
0.0373913
0.0421731
0.0496051
0.0552422
0.0622287
0.0829464
0.145994
0.184061
0.189478
0.191297
0.205604
0.208784
0.19366
0.135881
0.0856906
0.0584834
0.0494907
0.0415216
0.0345435
0.0318845
0.0334087
0.0371676
0.0367202
0.0360112
0.0365055
0.0394601
0.0436422
0.0466764
0.0481947
0.0501176
0.0567958
0.07093
0.0783987
0.093868
0.134787
0.180425
0.211138
0.212006
0.203819
0.178615
0.165115
0.152531
0.150209
0.153732
0.15994
0.162187
0.16644
0.164887
0.169034
0.169889
0.179217
0.187403
0.210931
0.238149
0.242838
0.2361
0.234904
0.205727
1.78191
0.0218295
0.0144959
0.0156542
0.0176026
0.0177928
0.0173934
0.0165715
0.0170585
0.0204081
0.0253804
0.0368725
0.0443996
0.0673409
0.0680154
0.0642902
0.0506433
0.0470714
0.0394957
0.0377859
0.0299833
0.0295877
0.0223868
0.0251599
0.0206994
0.0270422
0.0271393
0.0324272
0.0280384
0.0277855
0.0199742
0.0178238
0.0151602
0.0148336
0.0155117
0.0219559
0.0334013
0.0578066
0.0729026
0.121351
0.160208
0.237615
0.289752
0.331674
0.353572
0.373838
0.385626
0.401007
0.402504
0.412668
0.416247
0.431237
0.436212
0.442392
0.420722
0.318935
0.216822
0.147914
0.0936097
0.0778775
0.0886789
0.102107
0.0999133
0.0897993
0.0742396
0.0739856
0.0799684
0.0896142
0.100001
0.105901
0.11219
0.115941
0.120552
0.124692
0.127883
0.128327
0.127932
0.124563
0.120253
0.117641
0.11214
0.105762
0.0992521
0.0943807
0.0925326
0.0926272
0.0956207
0.104217
0.12414
0.153983
0.183499
0.201232
0.20624
0.205301
0.198424
0.17991
0.137162
0.0953977
0.0666695
0.0497795
0.0392481
0.03298
0.0284111
0.0242487
0.0216061
0.0189691
0.0176104
0.0161426
0.0146939
0.0139217
0.0128274
0.0123878
0.0121497
0.0119776
0.0120227
0.0121937
0.0125283
0.0133934
0.0136398
0.0138649
0.0148455
0.0163993
0.0178178
0.020306
0.0224598
0.0277105
0.0357545
0.039468
0.0413274
0.0416381
0.0377928
0.0291095
0.0230238
0.0197021
0.0184813
0.0183301
0.01897
0.0202589
0.0207882
0.0209839
0.021635
0.025811
0.0381648
0.0430428
0.0460145
0.0515033
0.0611939
0.0849511
0.135936
0.177257
0.187684
0.188093
0.193815
0.198227
0.191526
0.151855
0.098262
0.0679388
0.0535313
0.0422545
0.0346658
0.0323158
0.0337265
0.0348264
0.0337469
0.033581
0.0351415
0.04136
0.0474256
0.0492933
0.0502515
0.0530021
0.0633299
0.0746324
0.0893951
0.121594
0.182552
0.2328
0.248554
0.238924
0.215562
0.193347
0.18317
0.179271
0.182802
0.184798
0.186855
0.181825
0.180778
0.174466
0.172423
0.171953
0.175634
0.188232
0.199028
0.235608
0.245071
0.241458
0.252845
0.29232
2.20942
0.0318508
0.022647
0.0223925
0.0222519
0.0215661
0.0202342
0.0203461
0.0220305
0.0302368
0.039154
0.0619424
0.0666111
0.0831677
0.0914957
0.120529
0.121802
0.142379
0.136141
0.149745
0.133429
0.13912
0.117671
0.12026
0.101066
0.104035
0.0927013
0.102819
0.094556
0.102078
0.0764592
0.0657217
0.0484138
0.0464707
0.0443411
0.0530827
0.0660434
0.0991351
0.137941
0.185692
0.250597
0.295298
0.344345
0.352027
0.365956
0.367208
0.37545
0.367923
0.361615
0.353298
0.354464
0.374905
0.404566
0.445167
0.459309
0.46341
0.407133
0.265976
0.167567
0.104223
0.0844689
0.0864563
0.0950878
0.094564
0.0894592
0.0839626
0.0843992
0.0881917
0.0989068
0.105243
0.111318
0.11483
0.118167
0.122325
0.123574
0.122806
0.119878
0.115286
0.110749
0.105544
0.0991197
0.0922244
0.0863563
0.0824354
0.0820076
0.0838294
0.0904035
0.102429
0.134805
0.168546
0.188703
0.195552
0.19418
0.185775
0.164005
0.11267
0.073007
0.0511781
0.0388306
0.0317377
0.0275298
0.0245729
0.0228018
0.019843
0.0182231
0.0166954
0.0154862
0.0145091
0.0129697
0.0119097
0.0111657
0.011057
0.0112402
0.0112891
0.0113499
0.0119527
0.0125009
0.013563
0.013997
0.0142876
0.0154009
0.0169725
0.0180943
0.0204536
0.0250867
0.0291245
0.0296857
0.0286198
0.0283269
0.0284489
0.0277425
0.0267307
0.0248657
0.0211247
0.0195498
0.0192167
0.0200578
0.0213103
0.0218318
0.0216063
0.0216275
0.0237113
0.0336616
0.0398316
0.043519
0.0484533
0.0639315
0.0903296
0.128329
0.164695
0.182079
0.183671
0.186704
0.189306
0.187098
0.160758
0.108155
0.0751527
0.0561704
0.0431455
0.0354986
0.032714
0.0323679
0.0322704
0.032468
0.0340777
0.0406927
0.0487868
0.0513886
0.0517075
0.0529385
0.058336
0.0723511
0.0863613
0.112915
0.176147
0.249727
0.279692
0.270619
0.242514
0.214764
0.212414
0.211301
0.214305
0.212217
0.211491
0.205241
0.198055
0.18544
0.17645
0.168743
0.17145
0.171913
0.181462
0.192837
0.226542
0.255781
0.245809
0.250831
0.303879
2.54193
0.290793
0.217455
0.188096
0.143707
0.124707
0.111897
0.115455
0.125013
0.150229
0.16533
0.196062
0.207493
0.233171
0.240226
0.258632
0.265372
0.282028
0.286912
0.297964
0.298557
0.299521
0.296462
0.292065
0.2805
0.273479
0.25622
0.250141
0.236831
0.233732
0.224681
0.213624
0.195043
0.181527
0.175554
0.174873
0.187338
0.206942
0.255126
0.27493
0.31882
0.335428
0.359533
0.36349
0.371851
0.370785
0.366183
0.349182
0.334669
0.317024
0.307165
0.286786
0.280219
0.294442
0.361238
0.443335
0.479197
0.461547
0.3285
0.188132
0.113427
0.0880203
0.0842009
0.086294
0.0864911
0.0837954
0.0834555
0.084857
0.0917957
0.101055
0.107938
0.111337
0.114576
0.115692
0.115572
0.114656
0.112598
0.107456
0.100189
0.0916191
0.0842786
0.0786901
0.075724
0.0754298
0.0768278
0.0808346
0.0905903
0.117164
0.157252
0.178226
0.186182
0.184885
0.17371
0.14335
0.0893891
0.0575966
0.040898
0.0328722
0.0285044
0.0256982
0.0243133
0.0227798
0.0216671
0.0191638
0.0178484
0.0171745
0.0156409
0.0144124
0.0128651
0.0121044
0.0117292
0.010994
0.0109395
0.0107524
0.0106443
0.0112291
0.012418
0.012965
0.0130956
0.0131207
0.0143391
0.0155283
0.017329
0.018411
0.018952
0.0204875
0.0218427
0.0213991
0.0208246
0.0208504
0.0223832
0.0276313
0.0297231
0.029075
0.0257986
0.0238359
0.0227195
0.0221043
0.0216343
0.021633
0.0218496
0.0247231
0.0334909
0.0401925
0.0437132
0.0481715
0.0641964
0.0961464
0.130409
0.154738
0.170954
0.174118
0.179351
0.182573
0.181562
0.166519
0.115944
0.0804629
0.058513
0.0449491
0.0373428
0.0328267
0.0317423
0.0323504
0.0348273
0.0408813
0.0486111
0.0533629
0.0535
0.0536413
0.0561051
0.0669383
0.0796446
0.102266
0.155084
0.256477
0.30262
0.298445
0.272997
0.236372
0.228192
0.228562
0.226216
0.226834
0.221975
0.21636
0.200162
0.190671
0.173335
0.169632
0.159284
0.160877
0.16212
0.166743
0.187274
0.201734
0.245583
0.264937
0.253496
0.335472
3.47921
6.41371
11.1416
1.00505
1.03099
0.592682
0.274351
0.250131
0.348956
0.326221
0.393122
0.537241
0.7891
0.787336
0.958583
0.941001
1.08749
1.29111
1.44527
1.72502
1.7836
4.41026
4.75239
1.50009
0.744477
0.932323
0.507966
0.693364
0.765789
0.788546
1.08888
0.90047
0.965686
0.949169
1.02907
1.16538
1.24396
1.48987
1.58103
1.72996
1.7895
3.90181
3.77771
1.88558
1.65224
1.50234
0.928528
0.906426
1.45802
1.34512
1.61648
1.44774
1.09347
1.03241
0.978559
1.05697
1.07869
1.1879
1.24722
1.29082
1.43264
3.07416
3.92089
2.16331
2.60902
1.75612
1.74826
1.22616
1.75943
2.15421
2.14774
2.13797
1.58084
1.23637
0.988025
0.977757
0.959312
0.965593
0.998239
1.01355
1.10419
2.17024
3.76212
1.88284
2.12532
1.34458
2.10179
1.77381
1.82975
2.42291
2.30165
2.33841
2.0612
1.59796
1.13271
0.969234
0.915488
0.852245
0.820687
0.812884
0.861487
1.31695
2.8937
1.3496
1.07586
0.549969
1.20063
1.78123
1.8188
2.07358
1.96325
2.05214
2.02593
1.83301
1.36683
1.01809
0.909652
0.821664
0.697985
0.627128
0.646733
0.787951
1.61438
0.883956
0.546102
0.30616
0.378439
1.02628
1.52504
1.54996
1.25008
1.2356
1.42512
1.50425
1.45062
1.13298
0.9093
0.7886
0.630604
0.482454
0.45479
0.585348
0.911346
0.607617
0.359697
0.267552
0.274592
0.400186
0.879174
0.889196
0.678237
0.60086
0.7156
0.943479
1.05991
1.02436
0.870449
0.69935
0.536307
0.400776
0.339394
0.490562
0.564116
0.446871
0.291088
0.36576
0.317317
0.319067
0.478256
0.479779
0.403607
0.37105
0.397686
0.509514
0.64703
0.659026
0.627923
0.535784
0.377091
0.288497
0.256114
0.424725
0.426276
0.377148
0.295523
0.441234
0.486666
0.394049
0.372883
0.348597
0.298153
0.288216
0.305569
0.347087
0.405963
0.409412
0.392089
0.340729
0.24605
0.213802
0.207039
0.410676
0.391042
0.316353
0.255005
0.291229
0.480522
0.462278
0.385554
0.290037
0.254673
0.240992
0.266817
0.323782
0.339792
0.337655
0.321184
0.259776
0.20635
0.202025
0.199142
0.383418
0.365717
0.28133
0.207926
0.194627
0.223853
0.332973
0.333197
0.261196
0.236517
0.226223
0.234457
0.316296
0.346515
0.345662
0.325695
0.247408
0.222434
0.262326
0.280098
0.347156
0.363647
0.293203
0.232385
0.193329
0.191595
0.230889
0.233836
0.220019
0.226178
0.231461
0.232945
0.286484
0.332425
0.336114
0.314297
0.273414
0.286718
0.473941
0.562258
0.343803
0.390454
0.341891
0.260572
0.219593
0.220713
0.235829
0.223725
0.229212
0.264056
0.289477
0.268251
0.264887
0.283208
0.296136
0.310852
0.349224
0.496174
1.05735
1.18604
0.377846
0.379854
0.332249
0.249777
0.249946
0.302204
0.367877
0.337949
0.384278
0.541366
0.530638
0.401636
0.296472
0.291088
0.335184
0.481248
0.741583
1.41112
1.99533
1.95135
0.413672
0.382928
0.305951
0.277993
0.329832
0.615901
0.855473
0.809245
1.00716
1.34869
1.20954
0.798379
0.634363
0.671188
0.908138
1.39935
2.12103
2.44534
2.44425
2.27198
0.471397
0.428117
0.366359
0.466699
0.95445
2.09934
2.39134
2.29044
2.70867
2.94658
2.43739
1.84835
1.71979
1.94008
2.55379
2.82777
2.90895
2.78379
2.47542
2.22086
0.59543
0.625823
0.857001
1.92371
4.67329
5.98157
5.7452
5.34456
5.25628
4.81607
3.80473
3.47011
3.37428
3.55897
3.52515
3.35405
2.90727
2.3274
2.04246
2.00954
1.3578
2.75839
6.06399
10.6263
11.3532
10.4425
8.52144
7.86256
6.41765
5.27649
4.87791
4.51286
4.16618
3.99023
3.38628
2.93886
2.1946
1.86295
1.65427
1.75835
9.06585
14.4592
19.2491
17.9383
13.4283
9.39485
7.51612
6.6421
4.92795
3.89318
3.66904
3.36552
3.07854
2.67679
2.22694
1.9761
1.50904
1.33302
0.932311
1.01978
)
;

boundaryField
{
    inlet
    {
        type            fixedValue;
        value           uniform 2e-05;
    }
    outlet
    {
        type            inletOutlet;
        inletValue      uniform 0;
        value           nonuniform List<scalar> 
20
(
1.7836
1.7895
1.43264
1.10419
0.861487
0.646733
0.45479
0.339394
0.256114
0.207039
0.199142
0.280098
0.562258
1.18604
1.95135
2.27198
2.22086
2.00954
1.75835
1.01978
)
;
    }
    walls
    {
        type            fixedValue;
        value           uniform 0;
    }
    frontAndBack
    {
        type            empty;
    }
}


// ************************************************************************* //
