/*--------------------------------*- C++ -*----------------------------------*\
| =========                 |                                                 |
| \\      /  F ield         | OpenFOAM: The Open Source CFD Toolbox           |
|  \\    /   O peration     | Version:  2.4.0                                 |
|   \\  /    A nd           | Web:      www.OpenFOAM.org                      |
|    \\/     M anipulation  |                                                 |
\*---------------------------------------------------------------------------*/
FoamFile
{
    version     2.0;
    format      ascii;
    class       volScalarField;
    location    "0.51";
    object      pMean;
}
// * * * * * * * * * * * * * * * * * * * * * * * * * * * * * * * * * * * * * //

dimensions      [0 2 -2 0 0 0 0];

internalField   nonuniform List<scalar> 
8800
(
92.688
80.2147
72.7231
69.1064
67.128
65.6359
64.3395
63.1315
62.0103
60.921
59.8757
58.8333
57.8285
56.8322
55.8839
54.9626
54.0936
53.2735
52.4819
51.6406
89.5862
79.8611
72.8913
69.2197
67.1872
65.661
64.3469
63.1318
62.0083
60.9185
59.8731
58.831
57.8262
56.8301
55.8822
54.9596
54.0956
53.2713
52.4868
51.6469
87.6268
79.9359
73.4904
69.593
67.3535
65.7392
64.3928
63.1638
62.0318
60.9353
59.883
58.8358
57.8274
56.828
55.8797
54.9514
54.0947
53.261
52.5514
51.705
86.0954
79.9954
74.0748
70.0139
67.5362
65.8253
64.4546
63.2192
62.0799
60.9734
59.9099
58.8533
57.8374
56.8316
55.8788
54.9433
54.0827
53.2486
52.6036
51.9282
84.8498
79.967
74.5496
70.4182
67.7043
65.8916
64.5026
63.2756
62.1353
61.0243
59.9453
58.8808
57.8502
56.8411
55.8747
54.9392
54.0566
53.2308
52.5307
52.2677
83.8682
79.8699
74.9156
70.7642
67.856
65.9357
64.5304
63.3204
62.1853
61.0736
59.9818
58.9088
57.8632
56.8492
55.87
54.9323
54.033
53.2167
52.5479
52.7211
83.1137
79.7564
75.1832
71.0444
67.9943
65.9643
64.5399
63.3531
62.2261
61.1149
60.014
58.9322
57.8751
56.8535
55.8664
54.9225
54.0213
53.2186
52.6385
53.037
82.5648
79.656
75.3662
71.256
68.1179
65.9832
64.5378
63.3748
62.257
61.1467
60.0392
58.9499
57.8838
56.8556
55.8638
54.9177
54.0206
53.237
52.7278
53.2619
82.209
79.5808
75.4808
71.3987
68.205
65.9947
64.5333
63.3871
62.2783
61.1688
60.057
58.9615
57.89
56.8573
55.8638
54.9183
54.0285
53.2612
52.8053
53.4236
82.0348
79.5398
75.5366
71.4707
68.2492
66.0003
64.5304
63.3926
62.2896
61.1806
60.0667
58.9677
57.8942
56.8601
55.8676
54.9244
54.0419
53.2868
52.8665
53.5338
82.0345
79.5401
75.5367
71.4708
68.2492
66.0005
64.5305
63.3929
62.29
61.1813
60.0677
58.9694
57.8967
56.8644
55.8744
54.9352
54.0584
53.3128
52.9079
53.5989
82.2084
79.5816
75.481
71.3991
68.2052
65.9951
64.5336
63.3878
62.2796
61.171
60.0602
58.9664
57.8977
56.8701
55.8845
54.9506
54.078
53.3383
52.9289
53.6198
82.5639
79.6573
75.3663
71.2565
68.1186
65.9838
64.5383
63.3759
62.2591
61.1503
60.0445
58.9579
57.8965
56.8765
55.8977
54.9708
54.1029
53.3649
52.9298
53.5864
83.1119
79.7585
75.1828
71.0451
67.9947
65.9656
64.54
63.3551
62.2289
61.12
60.0211
58.9437
57.8924
56.8828
55.9125
54.9962
54.1344
53.3984
52.916
53.4803
83.8663
79.8722
74.9153
70.7647
67.8565
65.937
64.5314
63.3227
62.1892
61.0797
59.9912
58.9231
57.8858
56.8857
55.9281
55.0233
54.1749
53.4415
52.9146
53.2924
84.8473
79.97
74.5497
70.4186
67.7045
65.8929
64.5042
63.2783
62.1401
61.0311
59.957
58.8979
57.8777
56.8847
55.9437
55.048
54.2226
53.4942
52.9439
53.0411
86.092
79.9988
74.0753
70.015
67.5361
65.827
64.4563
63.2228
62.0851
60.9815
59.923
58.8734
57.8692
56.8814
55.9571
55.0671
54.2692
53.5445
53.0026
52.776
87.6237
79.9387
73.4917
69.594
67.3536
65.7407
64.395
63.1674
62.0381
60.9436
59.8981
58.8568
57.8636
56.8804
55.9673
55.0816
54.3029
53.5832
53.0608
52.6359
89.5831
79.8633
72.8929
69.2208
67.1875
65.6626
64.3491
63.1358
62.0148
60.9272
59.8888
58.8529
57.864
56.8841
55.9742
55.0923
54.319
53.6057
53.0599
52.5577
92.6854
80.2166
72.7247
69.1075
67.1285
65.6373
64.3418
63.1355
62.0167
60.93
59.8914
58.8555
57.8667
56.8866
55.9774
55.096
54.3228
53.612
53.0624
52.6763
51.3825
51.0684
50.5161
49.9683
49.5186
49.1677
48.9035
48.7029
48.5405
48.4148
48.3166
48.2339
48.1573
48.0857
48.008
47.9205
47.8138
47.6787
47.5178
47.3329
47.1394
46.9636
46.8169
46.7049
46.6279
46.5835
46.5585
46.533
46.4868
46.4044
46.2865
46.1463
46.005
45.8858
45.797
45.7379
45.6985
45.6621
45.6218
45.5834
45.5563
45.5502
45.5816
45.6609
45.7911
45.9646
46.1701
46.3923
46.6149
46.8187
46.9851
47.1025
47.1665
47.1839
47.1647
47.1247
47.0829
47.0548
47.0426
47.0417
47.0403
47.0301
47.0028
46.9578
46.8947
46.8259
46.7644
46.7257
46.7122
46.7234
46.7566
46.8139
46.894
46.9991
47.1246
47.2677
47.4199
47.5744
47.7238
47.8634
47.9944
48.1196
48.2434
48.3684
48.4975
48.6312
48.7656
48.9028
49.036
49.1691
49.3034
49.4529
49.6207
49.8075
50.0129
50.2348
50.4706
50.7149
50.966
51.2202
51.4689
51.7109
51.9278
52.1109
52.2718
52.4163
52.5471
52.6671
52.7802
52.8831
52.9791
53.0651
53.1388
53.1978
53.2403
53.2753
53.3044
53.3334
53.3617
53.3856
53.4067
53.4212
53.429
53.4315
53.4297
53.4289
53.4341
53.4477
53.4803
53.5324
53.6075
53.7024
53.818
53.9525
54.1104
54.2862
54.481
54.6885
54.9003
55.1183
55.3336
55.5535
55.7739
56.0022
56.2367
56.4793
56.7354
57.0053
57.281
57.5672
57.8405
58.1025
58.3553
58.5874
58.7965
58.9844
59.165
59.3081
59.4429
59.5446
59.6366
59.6789
59.7142
59.7044
59.6777
59.6076
59.5267
59.4034
59.2906
59.1308
59.025
58.8778
58.8143
58.6996
58.7069
58.6425
58.7486
58.7458
58.9564
59.026
59.3006
59.4455
59.7368
59.9289
60.2189
60.4114
60.6863
60.8324
61.0571
61.1006
61.2095
61.0856
60.943
60.4425
59.7761
58.4727
56.5928
52.7516
48.0364
26.8538
51.2319
51.0164
50.6543
50.1712
49.7
49.3226
49.0538
48.8723
48.7435
48.6442
48.5608
48.4841
48.4095
48.3357
48.2569
48.1673
48.0606
47.9331
47.7856
47.6213
47.4494
47.2898
47.1542
47.0477
46.9706
46.9179
46.8797
46.8428
46.7936
46.7208
46.6213
46.5026
46.3793
46.2679
46.1777
46.11
46.0591
46.0176
45.9793
45.9451
45.9218
45.9192
45.9488
46.019
46.132
46.283
46.4627
46.6573
46.8511
47.0281
47.1736
47.2784
47.3381
47.3571
47.3429
47.308
47.2645
47.2252
47.1939
47.1703
47.1472
47.1183
47.0761
47.0191
46.9474
46.8711
46.798
46.7413
46.7058
46.6945
46.7063
46.7425
46.8039
46.8913
46.998
47.1208
47.2475
47.3738
47.4908
47.5977
47.6952
47.7889
47.8826
47.9802
48.0847
48.1943
48.3085
48.4264
48.5424
48.6589
48.7841
48.9281
49.0949
49.2818
49.4915
49.7214
49.9686
50.2265
50.4956
50.7698
51.0421
51.3072
51.5436
51.7452
51.9272
52.0936
52.2467
52.389
52.5226
52.6431
52.7555
52.8515
52.9313
52.9863
53.0219
53.0455
53.0631
53.0789
53.0931
53.1015
53.1069
53.1025
53.0926
53.0758
53.0582
53.0423
53.0343
53.0341
53.0538
53.0892
53.1488
53.2265
53.3285
53.4492
53.5986
53.7646
53.9575
54.1635
54.3796
54.5993
54.8242
55.0492
55.2822
55.5164
55.7636
56.0099
56.2806
56.556
56.8472
57.1385
57.4199
57.6876
57.9537
58.1815
58.4018
58.5903
58.7856
58.9219
59.0718
59.1718
59.2723
59.3156
59.3616
59.342
59.3221
59.2308
59.1524
59.0006
58.8862
58.6907
58.5803
58.3871
58.3137
58.1427
58.134
58.0064
58.0901
58.0324
58.2016
58.2396
58.4583
58.5723
58.8231
58.9645
59.2313
59.349
59.5992
59.6542
59.8306
59.7575
59.7549
59.4417
59.1074
58.2747
57.2646
55.1643
52.9479
46.5507
40.551
20.91
51.2516
51.1104
50.8914
50.4686
49.9485
49.4936
49.1795
48.9985
48.9016
48.8402
48.7844
48.7219
48.6514
48.5742
48.4905
48.3968
48.2905
48.1696
48.0341
47.8874
47.7368
47.5946
47.4712
47.3713
47.2954
47.2392
47.1953
47.1545
47.1069
47.044
46.9627
46.8654
46.7619
46.6631
46.5774
46.507
46.4503
46.4047
46.3679
46.3398
46.3236
46.3266
46.3559
46.419
46.5167
46.6463
46.7986
46.9632
47.1259
47.2741
47.3956
47.483
47.5324
47.5463
47.5304
47.4935
47.4447
47.3937
47.3452
47.3005
47.2562
47.2083
47.1518
47.085
47.0082
46.9279
46.8511
46.7855
46.7364
46.7089
46.7055
46.7265
46.7738
46.846
46.9381
47.0418
47.1457
47.2453
47.3312
47.4068
47.4728
47.5367
47.6013
47.6722
47.7507
47.8354
47.927
48.0219
48.1149
48.2092
48.3182
48.4498
48.6079
48.7914
49.0038
49.2431
49.5029
49.7771
50.0666
50.3614
50.6584
50.9476
51.2086
51.4356
51.6489
51.8448
52.027
52.1959
52.3555
52.5001
52.6335
52.7439
52.8288
52.8785
52.9062
52.9189
52.927
52.9298
52.9306
52.9243
52.9153
52.892
52.8657
52.8309
52.8031
52.7748
52.7571
52.7451
52.7544
52.774
52.8231
52.8857
52.9805
53.0934
53.2412
53.4021
53.5959
53.7974
54.0159
54.2348
54.4663
54.699
54.9454
55.1914
55.4498
55.7077
55.9935
56.2821
56.5864
56.8757
57.1597
57.431
57.702
57.9284
58.1599
58.3528
58.5472
58.6845
58.8432
58.95
59.051
59.1036
59.1539
59.1236
59.1044
58.9897
58.9119
58.7329
58.6189
58.3984
58.2861
58.0473
57.9701
57.7394
57.7232
57.5386
57.5867
57.4895
57.5975
57.5911
57.7578
57.8051
58.0272
58.091
58.3266
58.3572
58.5575
58.5134
58.6109
58.4164
58.3011
57.7509
57.2856
55.916
54.9574
51.569
49.5356
41.6331
34.4499
21.0087
51.4502
51.2874
50.9972
50.4964
49.9393
49.4895
49.2091
49.0808
49.0448
49.0397
49.0268
48.9903
48.93
48.8514
48.7601
48.659
48.5495
48.4321
48.3072
48.1768
48.0456
47.9213
47.8118
47.7211
47.6494
47.5938
47.549
47.5082
47.4643
47.4113
47.3457
47.2681
47.1831
47.0975
47.0182
46.9488
46.8913
46.8451
46.8108
46.7884
46.7796
46.7875
46.8167
46.8707
46.9507
47.0541
47.1747
47.3036
47.4301
47.5444
47.6375
47.7037
47.7394
47.7453
47.7251
47.6847
47.6311
47.5712
47.51
47.4496
47.3894
47.3269
47.2597
47.1866
47.1079
47.028
46.9515
46.8835
46.8283
46.7915
46.7778
46.7881
46.8248
46.8844
46.962
47.0458
47.1276
47.2008
47.2591
47.3061
47.3441
47.3796
47.4146
47.4575
47.5069
47.5636
47.6266
47.6886
47.7486
47.8133
47.9008
48.0176
48.1669
48.3474
48.5661
48.8139
49.0899
49.3809
49.6954
50.0126
50.3379
50.6514
50.9423
51.1957
51.4433
51.6703
51.8862
52.0848
52.2757
52.4457
52.6017
52.7221
52.8077
52.85
52.872
52.875
52.8783
52.871
52.8657
52.8472
52.8259
52.7832
52.7447
52.6939
52.6611
52.6228
52.5988
52.577
52.5804
52.5903
52.6358
52.6922
52.7853
52.8967
53.0468
53.209
53.4058
53.604
53.8249
54.0422
54.2813
54.518
54.7794
55.0365
55.3104
55.5832
55.8908
56.1874
56.5061
56.7836
57.0798
57.342
57.6194
57.8387
58.0859
58.2766
58.4698
58.6092
58.7789
58.8761
58.9864
59.0266
59.0904
59.0299
59.0272
58.8736
58.8223
58.6033
58.5077
58.2452
58.1483
57.8614
57.7858
57.5131
57.4659
57.2548
57.2405
57.1142
57.1587
57.0923
57.2073
57.1884
57.3505
57.3474
57.5114
57.4544
57.5933
57.3971
57.5103
57.0261
57.0487
55.9434
55.7697
53.4529
52.7343
48.356
45.7616
38.406
30.5146
21.5974
52.9001
52.4505
51.2527
50.2333
49.5483
49.1873
49.0677
49.0879
49.1633
49.2374
49.279
49.2769
49.2333
49.158
49.062
48.9544
48.8408
48.7246
48.6075
48.4912
48.3783
48.273
48.1796
48.1009
48.0368
47.9856
47.9431
47.9046
47.8651
47.8204
47.7671
47.705
47.6359
47.5643
47.495
47.4321
47.3779
47.3339
47.3014
47.2812
47.274
47.2808
47.3032
47.3426
47.3997
47.4721
47.5562
47.6461
47.735
47.8156
47.881
47.9261
47.9476
47.9451
47.9203
47.8773
47.8212
47.7573
47.6896
47.6203
47.55
47.478
47.4039
47.3273
47.2491
47.1717
47.0984
47.0338
46.9803
46.9429
46.9264
46.9336
46.9642
47.0139
47.0747
47.1377
47.1961
47.244
47.2786
47.3013
47.314
47.3211
47.3264
47.3371
47.3526
47.3731
47.3982
47.42
47.4408
47.4724
47.5356
47.6353
47.7784
47.96
48.1894
48.4499
48.7433
49.0582
49.398
49.7418
50.0979
50.4375
50.7599
51.0427
51.3264
51.5851
51.8341
52.0636
52.2813
52.4718
52.6406
52.7611
52.8435
52.8778
52.8964
52.8969
52.9008
52.8906
52.8839
52.8559
52.8279
52.7754
52.7346
52.6789
52.6448
52.6006
52.5757
52.5487
52.5518
52.557
52.6037
52.6575
52.7538
52.8644
53.0209
53.184
53.3903
53.5852
53.8155
54.0272
54.2778
54.5103
54.7916
55.0525
55.3529
55.6368
55.9755
56.27
56.6072
56.8661
57.1843
57.4225
57.717
57.9195
58.1853
58.3545
58.5651
58.6899
58.88
58.9474
59.0827
59.0877
59.1729
59.07
59.0922
58.8983
58.8812
58.6197
58.5499
58.2465
58.1602
57.8413
57.7574
57.467
57.3888
57.1383
57.0931
56.8933
56.9064
56.7554
56.8369
56.7177
56.8568
56.7015
56.8903
56.587
56.8286
56.2506
56.5742
55.5665
55.8158
54.1462
53.9591
51.246
49.9539
45.7929
42.1876
36.4746
28.8705
22.3625
53.9036
53.3293
51.579
50.1457
49.267
48.909
48.9048
49.0668
49.2647
49.4304
49.536
49.5752
49.5544
49.4874
49.3902
49.2768
49.1576
49.0396
48.9266
48.8204
48.7224
48.634
48.5568
48.4916
48.4376
48.3931
48.355
48.32
48.2845
48.2457
48.2015
48.1509
48.0949
48.036
47.9775
47.9223
47.8729
47.8314
47.7991
47.7774
47.7663
47.7662
47.7767
47.7984
47.8311
47.8736
47.9236
47.9775
48.0309
48.0791
48.1173
48.1411
48.1476
48.1357
48.1063
48.0619
48.0056
47.9411
47.8707
47.7967
47.7208
47.6445
47.568
47.4922
47.4178
47.3464
47.2807
47.2238
47.1784
47.1474
47.1372
47.1496
47.1798
47.2214
47.2666
47.3099
47.3464
47.3717
47.3849
47.3861
47.3738
47.3529
47.3258
47.2989
47.2748
47.2554
47.2408
47.2232
47.2052
47.199
47.2385
47.3235
47.4604
47.647
47.8906
48.1685
48.4792
48.82
49.1854
49.558
49.9428
50.3147
50.6685
50.9847
51.3014
51.5875
51.8671
52.1215
52.3589
52.5605
52.7336
52.8483
52.9238
52.9485
52.9672
52.9687
52.977
52.9668
52.9615
52.9325
52.91
52.8652
52.8368
52.7876
52.7602
52.7141
52.6927
52.6639
52.6732
52.6772
52.7283
52.7777
52.8805
52.9904
53.1571
53.3233
53.5419
53.7368
53.9784
54.1873
54.4456
54.6789
54.9808
55.241
55.5751
55.8707
56.2424
56.5369
56.8853
57.1312
57.4571
57.6706
57.9785
58.1519
58.4412
58.5739
58.8114
58.9049
59.1229
59.1428
59.3256
59.2728
59.394
59.2336
59.2946
59.0541
59.0806
58.7555
58.7299
58.3785
58.3281
57.9625
57.9063
57.5508
57.5152
57.1496
57.1346
56.807
56.8393
56.5434
56.6465
56.35
56.521
56.1517
56.3718
55.8418
56.0776
55.2998
55.5026
54.3686
54.2605
52.6074
51.7853
49.314
47.3722
43.8975
39.9456
35.7254
29.1178
23.6682
54.532
53.9613
51.9588
50.2623
49.204
48.7742
48.8037
49.0555
49.3527
49.6037
49.7756
49.8619
49.8696
49.8146
49.7176
49.598
49.4718
49.3495
49.2372
49.1374
49.0505
48.9763
48.914
48.8625
48.8201
48.7845
48.7532
48.7237
48.6933
48.6598
48.6218
48.5788
48.5315
48.4814
48.4308
48.3821
48.3374
48.2981
48.2654
48.2401
48.2225
48.2125
48.2096
48.2136
48.224
48.2401
48.2607
48.284
48.3072
48.3266
48.3396
48.3427
48.3342
48.313
48.2792
48.2339
48.1787
48.1155
48.0463
47.9727
47.8974
47.8218
47.7471
47.675
47.6062
47.5422
47.4849
47.4375
47.4041
47.3876
47.3909
47.4131
47.449
47.486
47.5195
47.5454
47.5643
47.5736
47.5695
47.5494
47.5133
47.4648
47.4048
47.3377
47.2738
47.2168
47.1657
47.1089
47.0526
47.0093
47.0224
47.0954
47.2327
47.4306
47.6911
47.9877
48.3204
48.6867
49.075
49.4786
49.8913
50.2932
50.6764
51.0299
51.3673
51.6731
51.975
52.2455
52.4949
52.7007
52.8756
52.9866
53.0549
53.0712
53.0882
53.0863
53.0988
53.0949
53.0946
53.0798
53.0747
53.0542
53.0492
53.018
53.0043
52.9636
52.9476
52.9245
52.9413
52.9501
53.0059
53.056
53.1625
53.2766
53.4496
53.6252
53.8561
54.0617
54.3131
54.5286
54.7932
55.0381
55.3529
55.6237
55.9829
56.3012
56.6971
56.9953
57.3411
57.5788
57.8992
58.1029
58.4028
58.5424
58.8369
58.9399
59.1766
59.2565
59.4855
59.4683
59.6913
59.5968
59.723
59.5321
59.5989
59.3521
59.3844
59.0459
59.0184
58.6717
58.6232
58.247
58.1905
57.8001
57.7539
57.3348
57.2693
56.8895
56.845
56.4769
56.4752
56.0992
56.133
55.704
55.724
55.1737
55.1512
54.4265
54.2696
53.2781
52.7903
51.2287
50.1562
47.822
45.775
43.0059
39.2637
35.9736
30.4911
25.5575
54.9143
54.3863
52.3022
50.4689
49.2913
48.7717
48.7799
49.0718
49.4363
49.7553
49.9846
50.1156
50.1527
50.1124
50.0185
49.8959
49.7647
49.639
49.5267
49.4313
49.353
49.2904
49.2411
49.2026
49.172
49.1464
49.1233
49.1003
49.0755
49.0472
49.0145
48.9774
48.9364
48.8927
48.8479
48.8037
48.7618
48.723
48.6881
48.6577
48.6321
48.6113
48.5949
48.5826
48.5739
48.5685
48.5654
48.5637
48.5616
48.5571
48.5487
48.5348
48.514
48.4855
48.4488
48.4043
48.3522
48.2937
48.2296
48.1615
48.0906
48.0184
47.9472
47.8795
47.8167
47.7616
47.7162
47.6829
47.6649
47.6658
47.684
47.7182
47.7595
47.7953
47.8203
47.835
47.841
47.8402
47.8252
47.7881
47.73
47.6533
47.5586
47.4515
47.3505
47.2552
47.1734
47.0817
46.9911
46.9187
46.9105
46.9765
47.1193
47.3329
47.6063
47.9196
48.2725
48.6596
49.0741
49.507
49.9525
50.3895
50.7987
51.1787
51.5258
51.8509
52.1628
52.437
52.6862
52.8878
53.0605
53.174
53.239
53.2501
53.2603
53.2604
53.2783
53.2878
53.3047
53.3163
53.3397
53.3547
53.3791
53.376
53.3797
53.3536
53.3483
53.3405
53.3673
53.3855
53.448
53.4994
53.6079
53.7321
53.9161
54.1009
54.3448
54.5636
54.8286
55.0581
55.3293
55.5882
55.9133
56.1978
56.5833
56.9198
57.3383
57.6314
57.9789
58.1945
58.5107
58.716
59.0036
59.119
59.399
59.4648
59.6913
59.7476
59.9883
59.942
60.1712
60.0648
60.1781
59.9907
60.0508
59.8199
59.8252
59.5078
59.4595
59.135
59.052
58.6821
58.5986
58.2116
58.1278
57.6873
57.5482
57.1411
56.9855
56.5728
56.4203
56.0063
55.8499
55.386
55.2023
54.6305
54.3989
53.7185
53.3755
52.4775
51.8729
50.3377
49.2568
47.1224
45.1089
42.9121
39.5281
36.6873
32.1493
27.6089
55.1542
54.6664
52.5737
50.6794
49.4344
48.8484
48.8237
49.1285
49.5345
49.9024
50.1759
50.3434
50.4072
50.3822
50.294
50.1713
50.038
49.911
49.7996
49.708
49.6364
49.5828
49.5439
49.5162
49.496
49.4799
49.465
49.4489
49.4297
49.4065
49.3786
49.3463
49.31
49.2709
49.23
49.1886
49.1473
49.1071
49.0686
49.0323
48.9983
48.9669
48.9378
48.9111
48.8863
48.8628
48.8402
48.8179
48.7954
48.7722
48.7477
48.7212
48.6919
48.6593
48.6225
48.5812
48.5348
48.4832
48.4266
48.366
48.3028
48.2381
48.1744
48.1148
48.0627
48.0209
47.9917
47.976
47.9754
47.9927
48.026
48.0702
48.114
48.1484
48.1675
48.1734
48.1729
48.1667
48.1432
48.0942
48.0208
47.9207
47.7944
47.6487
47.506
47.3731
47.2598
47.134
47.0261
46.9334
46.9179
46.9854
47.142
47.3682
47.651
47.969
48.3379
48.744
49.1882
49.6485
50.1289
50.6061
51.0462
51.4437
51.8006
52.1381
52.4474
52.7134
52.9479
53.1383
53.3102
53.4207
53.4891
53.5033
53.5137
53.5197
53.5514
53.578
53.6194
53.6596
53.7211
53.7775
53.8384
53.8726
53.8977
53.8924
53.909
53.9175
53.9572
53.9848
54.0564
54.111
54.2294
54.3671
54.56
54.7536
55.017
55.2374
55.5255
55.7645
56.0521
56.3336
56.6654
56.9645
57.3676
57.7205
58.1553
58.4291
58.7989
58.9828
59.2954
59.4936
59.764
59.8568
60.1359
60.1401
60.3863
60.3878
60.6602
60.5645
60.7997
60.6432
60.7713
60.5654
60.652
60.4445
60.417
60.0892
60.0455
59.7399
59.6264
59.2721
59.1389
58.7802
58.6459
58.2001
57.9934
57.5766
57.3188
56.8935
56.6042
56.1802
55.8612
55.382
55.0362
54.511
54.1343
53.5817
53.1377
52.3544
51.68
50.1275
49.0066
47.0887
45.061
43.2562
40.302
37.6276
33.7605
29.6167
55.3058
54.846
52.7683
50.8589
49.5893
48.975
48.9339
49.2452
49.6748
50.071
50.3705
50.5595
50.6395
50.6242
50.5405
50.4192
50.2869
50.1617
50.0536
49.9668
49.9016
49.8558
49.8259
49.8074
49.7962
49.7883
49.7807
49.771
49.7574
49.739
49.7154
49.6871
49.6544
49.6183
49.5795
49.5389
49.4971
49.4545
49.4118
49.3693
49.3273
49.286
49.2455
49.2058
49.1668
49.1284
49.0909
49.0537
49.0168
48.9805
48.9446
48.9095
48.8756
48.8421
48.8085
48.7734
48.7352
48.6925
48.6451
48.5947
48.5417
48.4875
48.4348
48.3881
48.3505
48.3248
48.3146
48.3191
48.3379
48.3742
48.4231
48.4734
48.5161
48.548
48.5647
48.564
48.5568
48.5471
48.5212
48.4684
48.385
48.2644
48.1126
47.9366
47.7573
47.5823
47.4375
47.2814
47.1643
47.0609
47.0508
47.1227
47.3025
47.5413
47.8341
48.1535
48.5405
48.9633
49.4282
49.9094
50.4283
50.9453
51.4202
51.8323
52.1944
52.5281
52.8236
53.0716
53.289
53.4684
53.641
53.7532
53.8296
53.8514
53.8704
53.8898
53.9359
53.9877
54.0586
54.1342
54.2389
54.3401
54.4478
54.5233
54.5768
54.6017
54.6427
54.6618
54.7149
54.7505
54.8301
54.8858
55.019
55.1614
55.3693
55.5668
55.8539
56.0729
56.4014
56.6483
56.9653
57.2593
57.6196
57.927
58.3549
58.7041
59.1662
59.3965
59.7867
59.9248
60.2513
60.422
60.7087
60.7462
61.0363
60.95
61.2556
61.1782
61.5102
61.3064
61.6122
61.3466
61.5648
61.2741
61.421
61.196
61.1905
60.8052
60.8184
60.468
60.3842
60.0391
59.9102
59.5341
59.3766
58.9046
58.6977
58.2462
57.9562
57.5043
57.1596
56.7026
56.2957
55.801
55.364
54.8876
54.4438
53.9695
53.4896
52.715
51.9065
50.3465
49.0731
47.3961
45.4361
43.8344
41.2327
38.6243
35.2089
31.4679
55.3932
54.9479
52.8896
50.9973
49.741
49.1365
49.1035
49.423
49.8611
50.2647
50.5699
50.7634
50.8467
50.8342
50.7538
50.637
50.5105
50.3923
50.2917
50.2126
50.1554
50.1177
50.0959
50.0852
50.0813
50.0799
50.0779
50.0731
50.0638
50.0493
50.0294
50.0042
49.9742
49.94
49.9023
49.8615
49.8183
49.7729
49.7259
49.6776
49.6284
49.5786
49.5284
49.4782
49.4283
49.3788
49.3299
49.2818
49.2355
49.1914
49.1496
49.1105
49.0745
49.0419
49.0125
48.9851
48.9568
48.9258
48.8917
48.8554
48.8165
48.777
48.7412
48.7124
48.6912
48.6826
48.6932
48.7198
48.758
48.8098
48.8687
48.9212
48.9622
48.9918
49.0045
49.0012
48.9931
48.9826
48.9583
48.9084
48.8221
48.6889
48.5172
48.3127
48.1041
47.893
47.7208
47.5428
47.4239
47.3167
47.331
47.4077
47.6156
47.8647
48.1707
48.4875
48.8987
49.334
49.8189
50.3119
50.8709
51.4192
51.9237
52.3405
52.6988
53.0108
53.2855
53.5113
53.7191
53.8962
54.0705
54.183
54.2771
54.3077
54.3507
54.3805
54.4578
54.5266
54.6398
54.7528
54.9122
55.0566
55.2189
55.3315
55.4357
55.4869
55.563
55.5892
55.6544
55.682
55.774
55.82
55.9685
56.0995
56.3281
56.5248
56.8395
57.06
57.4343
57.69
58.0591
58.3652
58.7698
59.0599
59.5389
59.836
60.3535
60.501
60.9517
60.9937
61.3818
61.4822
61.8271
61.7544
62.0932
61.9228
62.3153
62.1358
62.5337
62.1809
62.5675
62.1896
62.5331
62.1702
62.4037
62.0968
62.1692
61.6922
61.8087
61.4068
61.4062
60.9466
60.8859
60.5091
60.3624
59.8296
59.681
59.1899
58.9125
58.433
58.0779
57.5755
57.1318
56.6409
56.1552
55.7068
55.2212
54.757
54.1942
53.3019
52.2833
50.7746
49.3673
47.8965
46.1468
44.5545
42.1625
39.6151
36.5202
33.1461
55.4178
54.9743
52.9391
51.0936
49.8874
49.3313
49.3331
49.6657
50.0986
50.4891
50.7802
50.9616
51.036
51.0199
50.9418
50.8324
50.7162
50.6093
50.5201
50.4516
50.4037
50.3742
50.3592
50.3544
50.3552
50.3578
50.3594
50.3579
50.3517
50.3403
50.3232
50.3005
50.2726
50.2397
50.2023
50.1609
50.116
50.0682
50.0179
49.9656
49.9111
49.8547
49.7971
49.7388
49.6804
49.6228
49.5665
49.5126
49.4621
49.4149
49.3708
49.331
49.2964
49.2676
49.2434
49.2234
49.2057
49.189
49.1716
49.1527
49.1317
49.1115
49.0974
49.0903
49.0903
49.1028
49.1352
49.1812
49.2328
49.2922
49.3551
49.4082
49.4458
49.4663
49.4683
49.4612
49.4554
49.452
49.4385
49.3999
49.3194
49.1875
49.0069
48.7837
48.5489
48.3089
48.1117
47.9233
47.8079
47.716
47.768
47.8498
48.0861
48.3363
48.653
48.9567
49.3937
49.8358
50.3416
50.84
51.4427
52.0128
52.5499
52.9654
53.3148
53.5798
53.8411
54.0362
54.2488
54.4227
54.6041
54.7172
54.8356
54.8742
54.9584
54.9987
55.1227
55.206
55.3808
55.5241
55.748
55.931
56.1614
56.3062
56.4631
56.541
56.6587
56.6912
56.7727
56.7957
56.8873
56.9251
57.0865
57.2074
57.4499
57.6581
57.9787
58.2303
58.6387
58.9072
59.3269
59.6395
60.0852
60.3715
60.8724
61.1065
61.6411
61.731
62.1752
62.1737
62.6656
62.6191
63.0272
62.8031
63.2
62.9806
63.4505
63.2263
63.6288
63.2104
63.6775
63.2342
63.631
63.2449
63.4984
63.1632
63.2418
62.7538
62.9073
62.5424
62.5692
62.1123
62.0845
61.6567
61.5446
60.9877
60.897
60.3704
60.1223
59.6251
59.2516
58.7237
58.2515
57.7731
57.2342
56.7772
56.2219
55.7072
54.9839
53.9616
52.7482
51.3168
49.9395
48.5322
46.9889
45.3187
43.0476
40.587
37.7384
34.6688
55.3591
54.9089
52.9186
51.1597
50.0441
49.5759
49.6337
49.9759
50.3858
50.7411
50.9979
51.15
51.2034
51.1783
51.1026
51.0037
50.9022
50.8111
50.7368
50.6815
50.6445
50.6235
50.6148
50.6144
50.6183
50.6233
50.627
50.6275
50.6235
50.6142
50.5992
50.5784
50.5519
50.5199
50.4829
50.4415
50.3961
50.3473
50.2951
50.2398
50.1813
50.1201
50.0571
49.9936
49.9306
49.8694
49.8112
49.7567
49.7056
49.6582
49.6158
49.5786
49.5482
49.5258
49.5104
49.5004
49.4943
49.4916
49.4921
49.4941
49.4944
49.495
49.5033
49.5193
49.5434
49.5814
49.6359
49.6974
49.7606
49.8265
49.8894
49.9359
49.9627
49.9693
49.9605
49.9508
49.9469
49.9491
49.9495
49.9268
49.8606
49.7405
49.5644
49.3341
49.0817
48.8307
48.6206
48.4324
48.318
48.2548
48.3413
48.4421
48.6995
48.9402
49.2517
49.551
50.021
50.4601
50.9798
51.4837
52.1378
52.7221
53.2997
53.7078
54.049
54.2661
54.5093
54.6725
54.9004
55.065
55.2648
55.3785
55.5217
55.5749
55.7048
55.7599
55.9352
56.0458
56.2908
56.4675
56.7641
56.9793
57.273
57.4431
57.6616
57.7594
57.9235
57.9629
58.0677
58.0738
58.1674
58.192
58.3629
58.4853
58.7534
58.9781
59.3113
59.6043
60.0109
60.3111
60.7536
61.0671
61.5239
61.8092
62.3021
62.5035
62.9734
63.0787
63.4781
63.4404
63.9547
63.8422
64.2063
63.975
64.4166
64.1674
64.6187
64.445
64.7329
64.3287
64.8132
64.4205
64.8409
64.4986
64.7053
64.4228
64.4336
63.9637
64.1273
63.7398
63.8053
63.3079
63.3213
62.98
62.906
62.3609
62.2577
61.721
61.4729
60.9589
60.559
60.0163
59.5193
59.0529
58.449
57.9582
57.2756
56.6941
55.7043
54.6163
53.3339
52.0106
50.7681
49.3294
47.8817
46.1082
43.9151
41.5408
38.8959
36.0663
55.1625
54.7097
52.8309
51.2322
50.2603
49.911
50.0231
50.3538
50.7148
51.0113
51.2142
51.322
51.347
51.3115
51.2407
51.1562
51.0736
51.0019
50.9453
50.9048
50.8792
50.866
50.862
50.8641
50.869
50.8745
50.8785
50.8794
50.8759
50.8672
50.8529
50.8328
50.8067
50.7752
50.7392
50.6989
50.6545
50.6063
50.5547
50.4989
50.439
50.3756
50.3094
50.2434
50.181
50.1225
50.0666
50.0134
49.9643
49.9205
49.882
49.8498
49.8266
49.813
49.8078
49.8105
49.8211
49.8396
49.8628
49.8839
49.9035
49.9274
49.9597
49.9991
50.0493
50.1116
50.1837
50.2572
50.329
50.3995
50.461
50.5021
50.5181
50.5074
50.4824
50.4653
50.4626
50.4742
50.4895
50.4866
50.444
50.347
50.1852
49.9637
49.7076
49.4614
49.2423
49.0671
48.9632
48.9425
49.0421
49.1522
49.4113
49.6431
49.9467
50.2874
50.7966
51.244
51.7733
52.3012
52.9831
53.5645
54.1641
54.5674
54.9064
55.0872
55.3125
55.4519
55.6916
55.8483
56.0623
56.1735
56.338
56.4139
56.5813
56.6709
56.8988
57.0498
57.3572
57.5792
57.9385
58.1927
58.5414
58.7466
59.0199
59.141
59.3415
59.394
59.5108
59.5079
59.5928
59.6121
59.7894
59.9186
60.2173
60.469
60.8258
61.1541
61.5371
61.8588
62.2744
62.608
63.034
63.3468
63.7385
63.9315
64.3601
64.4731
64.8124
64.865
65.2601
65.1393
65.3516
65.2793
65.6301
65.4973
65.7907
65.7662
65.8237
65.5596
66.0017
65.6211
66.1265
65.8569
65.9862
65.7784
65.7187
65.3154
65.3742
65.048
64.9841
64.4729
64.6465
64.3974
64.2892
63.805
63.6797
63.0912
62.8566
62.3062
61.8861
61.3577
60.8219
60.3631
59.6262
59.1276
58.2656
57.6341
56.3878
55.3688
53.9977
52.8706
51.7252
50.2274
48.7756
46.906
44.7535
42.4637
39.9792
37.3246
54.715
54.2906
52.6795
51.3597
50.5991
50.373
50.5071
50.7872
51.0665
51.2802
51.4128
51.4691
51.4654
51.4225
51.36
51.2928
51.2308
51.1791
51.1399
51.1127
51.0962
51.0882
51.0863
51.0883
51.0922
51.0963
51.0989
51.0988
51.0948
51.0859
51.0715
51.0515
51.026
50.9956
50.9609
50.9226
50.8806
50.8352
50.7862
50.7323
50.6734
50.6117
50.5487
50.4858
50.4256
50.3716
50.3242
50.2802
50.238
50.1984
50.1646
50.1408
50.1293
50.128
50.1355
50.1544
50.1842
50.2231
50.2695
50.3178
50.3649
50.4119
50.4651
50.5268
50.5983
50.6768
50.7607
50.844
50.9234
50.9965
51.0546
51.0873
51.0903
51.0638
51.0219
50.992
50.9887
51.0102
51.0427
51.064
51.0528
50.9899
50.8554
50.6557
50.4178
50.1971
49.9797
49.8361
49.7431
49.753
49.8519
49.9845
50.2328
50.4498
50.7551
51.1714
51.7061
52.1691
52.6991
53.2824
53.9575
54.5369
55.1266
55.5309
55.8638
56.0482
56.2337
56.3666
56.5989
56.7599
56.974
57.0934
57.2632
57.3739
57.5605
57.7147
57.9704
58.2004
58.5388
58.8383
59.2248
59.5412
59.9214
60.176
60.4822
60.6443
60.8594
60.9299
61.0626
61.0541
61.1494
61.1884
61.3577
61.5255
61.8268
62.1028
62.4672
62.8043
63.1585
63.4978
63.8554
64.184
64.5811
64.9185
65.1974
65.3916
65.7572
65.8692
66.2037
66.3317
66.4928
66.5237
66.5723
66.6645
66.8545
66.8803
66.9986
67.0356
66.9238
66.8589
67.1318
67.0802
67.4268
67.15
67.3493
67.1462
66.9651
66.6883
66.6328
66.3824
66.2009
65.8263
65.9328
65.7882
65.562
65.1983
65.0315
64.4681
64.2038
63.6341
63.1999
62.6853
62.0934
61.5882
60.7482
60.2582
59.1783
58.55
57.0133
56.1763
54.8371
53.9139
52.7598
51.2072
49.6892
47.7366
45.6102
43.4003
41.0303
38.5076
53.9808
53.6511
52.511
51.5921
51.0816
50.9484
51.0479
51.2276
51.3941
51.5105
51.5706
51.5813
51.5567
51.5121
51.4602
51.4101
51.3665
51.3315
51.3055
51.2874
51.276
51.2698
51.2676
51.2681
51.2698
51.2718
51.2727
51.2716
51.267
51.2578
51.2431
51.2228
51.1978
51.1684
51.1353
51.1
51.0636
51.0243
50.98
50.9307
50.8773
50.8202
50.7628
50.7088
50.6583
50.6128
50.5748
50.5439
50.5163
50.4883
50.4645
50.4547
50.4613
50.4793
50.5059
50.5436
50.5939
50.6549
50.7206
50.7854
50.8527
50.9252
51.0028
51.0863
51.1744
51.2637
51.3527
51.439
51.521
51.5943
51.6473
51.6722
51.6646
51.6264
51.5729
51.5334
51.5302
51.5594
51.6031
51.6411
51.6548
51.6262
51.5304
51.3683
51.1651
50.9863
50.7801
50.6947
50.6253
50.6629
50.7529
50.9266
51.1456
51.3817
51.7107
52.1695
52.6834
53.1829
53.7359
54.3764
55.0143
55.6017
56.1531
56.5706
56.8795
57.0852
57.2261
57.3802
57.5663
57.7498
57.9341
58.0957
58.2568
58.4314
58.6236
58.8617
59.1236
59.4444
59.7875
60.1717
60.5501
60.9473
61.3138
61.6296
61.9281
62.1569
62.3573
62.4962
62.6042
62.6574
62.7352
62.8446
62.9868
63.2173
63.4761
63.8027
64.1264
64.4792
64.7938
65.1454
65.4292
65.7693
66.077
66.4014
66.6046
66.8831
67.0835
67.2902
67.5094
67.6735
67.6844
67.8531
67.8149
68.0019
68.0537
68.1481
68.1306
68.2404
67.9746
68.2971
68.2919
68.6092
68.6115
68.5116
68.6114
68.4227
68.1863
68.0087
67.8637
67.6808
67.3312
67.2539
67.1783
67.0098
66.7931
66.5096
66.2267
65.7863
65.4352
64.8979
64.4435
63.9455
63.2749
62.7276
61.8071
61.2302
59.9802
59.354
57.7287
57.1898
55.8042
55.0107
53.7237
52.1915
50.591
48.5938
46.4966
44.3596
42.0738
39.6511
53.1701
52.9926
52.4273
51.9448
51.6547
51.5434
51.5462
51.5951
51.6446
51.6736
51.6759
51.6551
51.6192
51.577
51.5353
51.4983
51.4675
51.4431
51.4245
51.4106
51.4009
51.3944
51.3908
51.3893
51.3892
51.3895
51.3889
51.3864
51.3809
51.3713
51.3561
51.3354
51.3108
51.2844
51.2563
51.2248
51.1919
51.1589
51.1236
51.0822
51.0357
50.9895
50.9452
50.9019
50.8629
50.8347
50.8164
50.8033
50.7925
50.7833
50.7824
50.7959
50.8229
50.8604
50.9091
50.9694
51.0394
51.1169
51.2004
51.2858
51.3689
51.4512
51.5378
51.6302
51.7245
51.8167
51.9063
51.9921
52.0715
52.137
52.1809
52.2023
52.1985
52.1665
52.1154
52.0748
52.0693
52.097
52.1462
52.1955
52.2273
52.2255
52.1646
52.0459
51.8937
51.7873
51.6291
51.6006
51.5492
51.6295
51.729
51.9559
52.1398
52.4236
52.7388
53.2077
53.6764
54.2574
54.8176
55.4818
56.0593
56.675
57.1697
57.6169
57.8901
58.139
58.2477
58.4309
58.5759
58.7905
58.9445
59.1576
59.2946
59.5424
59.7329
60.0598
60.3193
60.7211
61.0447
61.495
61.8517
62.3072
62.6366
63.005
63.2927
63.5986
63.7803
64.0098
64.0907
64.2355
64.2919
64.4775
64.5797
64.8639
65.0719
65.4385
65.711
66.0762
66.334
66.6809
66.8907
67.2166
67.4306
67.7512
67.8535
68.2311
68.2948
68.6632
68.64
68.9437
68.8174
69.1057
69.0222
69.2668
69.1512
69.4131
69.2289
69.4159
69.1759
69.6878
69.3721
69.8114
69.5539
69.7901
69.6792
69.6442
69.3237
69.2561
68.9152
68.9557
68.5534
68.5866
68.2853
68.2118
67.9332
67.6631
67.3046
66.9556
66.506
66.0491
65.5542
65.0193
64.2927
63.7214
62.7009
62.1569
60.7126
60.199
58.3943
58.2129
56.8827
56.0676
54.6111
53.1788
51.4526
49.4417
47.378
45.2966
43.0636
40.7237
52.4885
52.479
52.4338
52.303
52.1443
52.0083
51.9117
51.8498
51.8098
51.7762
51.74
51.6999
51.6584
51.6191
51.5843
51.5549
51.5307
51.511
51.495
51.482
51.4718
51.4642
51.4589
51.4557
51.4543
51.4537
51.4525
51.4492
51.4425
51.432
51.4172
51.3985
51.3758
51.3505
51.3252
51.301
51.2775
51.2523
51.2242
51.1927
51.1576
51.1222
51.0886
51.0598
51.0427
51.0373
51.0389
51.0454
51.0556
51.0701
51.0945
51.1325
51.1807
51.2374
51.3049
51.3837
51.471
51.5631
51.6564
51.7487
51.8392
51.9277
52.0144
52.1006
52.1876
52.2757
52.3624
52.4432
52.5148
52.574
52.6179
52.6458
52.6508
52.6305
52.5956
52.5695
52.5723
52.6036
52.6491
52.7042
52.7474
52.7482
52.7089
52.6431
52.5546
52.517
52.4348
52.4871
52.4808
52.6229
52.6969
52.9688
53.1046
53.4655
53.7484
54.2474
54.6551
55.2928
55.79
56.4747
56.9713
57.6068
58.0113
58.5391
58.7669
59.1037
59.1873
59.4517
59.5529
59.8298
59.9272
60.2038
60.2928
60.6239
60.7855
61.1982
61.4223
61.8979
62.1676
62.6841
62.979
63.5103
63.7697
64.2338
64.4632
64.8619
65.0008
65.3189
65.3689
65.6115
65.6452
65.9072
65.9746
66.3041
66.4585
66.8592
67.0461
67.4254
67.5993
67.9512
68.0842
68.4187
68.5385
68.907
68.9163
69.3619
69.2977
69.7827
69.6349
70.0989
69.8055
70.3359
70.0574
70.4994
70.2052
70.6221
70.2284
70.6327
70.3348
70.7663
70.3693
70.8756
70.457
70.8803
70.544
70.6836
70.2548
70.4173
69.8907
70.1696
69.5511
69.6601
69.2443
69.2894
68.8381
68.7191
68.2225
67.9804
67.3654
66.9943
66.4183
65.9148
65.1139
64.5344
63.443
62.9948
61.2888
61.0279
59.1641
59.3131
57.8628
57.0658
55.4219
54.0205
52.1523
50.1749
48.1518
46.1006
43.9211
41.6749
52.4799
52.4867
52.4879
52.4258
52.312
52.1845
52.0688
51.9727
51.8936
51.8269
51.7688
51.7176
51.6728
51.6344
51.6021
51.5752
51.5528
51.5341
51.5185
51.5056
51.4952
51.4873
51.4817
51.4782
51.4763
51.4752
51.474
51.4714
51.4657
51.4558
51.4414
51.4239
51.4045
51.3847
51.3654
51.3468
51.329
51.3117
51.2936
51.2732
51.2521
51.2317
51.2139
51.2033
51.2021
51.2099
51.227
51.2538
51.288
51.3278
51.3744
51.4287
51.4903
51.5612
51.6425
51.7326
51.829
51.9278
52.0257
52.1205
52.2125
52.3023
52.3904
52.4764
52.5605
52.6423
52.7197
52.7923
52.8582
52.9149
52.9605
52.9928
53.0066
52.9984
52.9797
52.9719
52.9863
53.0223
53.0658
53.1037
53.1242
53.1265
53.132
53.1149
53.0621
53.0787
53.081
53.2478
53.2943
53.5102
53.5705
53.869
53.9435
54.3458
54.5854
55.136
55.4919
56.1418
56.5713
57.2727
57.6977
58.3534
58.6933
59.2613
59.4645
59.8749
59.9557
60.3144
60.3921
60.7209
60.7724
61.0894
61.1517
61.532
61.678
62.1389
62.3431
62.8579
63.0813
63.6402
63.8803
64.4681
64.6642
65.2156
65.3778
65.8523
65.9485
66.3409
66.3619
66.669
66.6669
66.9801
67.0163
67.3851
67.4984
67.9045
68.0158
68.377
68.4937
68.856
68.9336
69.3199
69.3637
69.8205
69.7646
70.2804
70.1113
70.7348
70.4295
71.1196
70.6795
71.3809
70.9028
71.6028
71.0678
71.651
71.1195
71.6446
71.2376
71.6861
71.1877
71.7583
71.204
71.7109
71.1504
71.567
71.0172
71.3898
70.6886
70.9925
70.2353
70.6299
70.0088
70.1464
69.5943
69.5663
68.9487
68.7439
68.0624
67.7444
67.0719
66.6354
65.7754
65.2379
64.0824
63.653
61.808
62.0029
59.8983
60.2814
58.6814
58.0186
56.1273
54.6661
52.6341
50.7112
48.6947
46.6772
44.5505
42.4453
52.6297
52.5874
52.5206
52.4355
52.3347
52.2238
52.1123
52.0092
51.9188
51.8419
51.7772
51.7229
51.6773
51.6389
51.6066
51.5795
51.5564
51.537
51.5205
51.5066
51.4953
51.4866
51.4806
51.477
51.4753
51.4746
51.4739
51.4718
51.4672
51.4592
51.4477
51.4331
51.4166
51.3997
51.384
51.37
51.3577
51.3463
51.3349
51.3224
51.3096
51.2985
51.2916
51.2921
51.3007
51.3178
51.3444
51.3803
51.4238
51.4734
51.5289
51.5905
51.6586
51.7357
51.823
51.9185
52.0188
52.1205
52.2213
52.3198
52.416
52.5091
52.5978
52.6812
52.7597
52.8345
52.9054
52.9716
53.0326
53.0865
53.1305
53.1616
53.1766
53.1735
53.1628
53.1615
53.1795
53.2173
53.2606
53.2931
53.3092
53.3175
53.3239
53.3049
53.2928
53.3692
53.4494
53.7116
53.7906
54.0665
54.1139
54.4115
54.4556
54.8526
55.07
55.6657
56.0033
56.665
57.0518
57.7621
58.1363
58.8097
59.1046
59.6757
59.8604
60.2919
60.3933
60.8215
60.8857
61.2404
61.2579
61.5881
61.641
62.043
62.1934
62.6797
62.8855
63.4124
63.6189
64.1902
64.4072
65.0128
65.1793
65.7625
65.8865
66.3975
66.4743
66.9013
66.9104
67.2409
67.2175
67.5397
67.5672
67.956
68.0558
68.4489
68.535
68.8746
68.971
69.3263
69.3773
69.816
69.8343
70.3675
70.2637
70.9221
70.6724
71.4011
70.9508
71.8205
71.2252
72.0651
71.4505
72.2379
71.6052
72.2925
71.6425
72.2255
71.6886
72.1884
71.6599
72.3074
71.6649
72.2651
71.6472
72.1366
71.4411
71.9246
71.159
71.5991
70.7777
71.2021
70.4585
70.7671
70.0519
70.0797
69.3521
69.1663
68.4168
68.1831
67.4109
67.0733
66.1564
65.6949
64.5695
64.1077
62.4593
62.8284
60.6365
61.6552
59.5494
58.9251
56.6404
55.063
52.9067
50.9867
48.9455
46.9278
44.7963
42.67
51.2635
51.2643
51.289
51.11
50.7214
50.2355
49.7391
49.2773
48.8747
48.5413
48.267
48.0633
47.9398
47.8756
47.8231
47.8038
47.8152
47.8123
47.8062
47.8181
47.8525
47.9044
47.9008
47.8309
47.7106
47.5372
47.3727
47.2793
47.2573
47.2373
47.1561
47.0284
46.8965
46.8147
46.8099
46.8595
46.9225
46.9869
47.0471
47.081
47.1044
47.1677
47.2239
47.2853
47.3931
47.4401
47.4218
47.3991
47.4114
47.5033
47.7152
48.0183
48.3563
48.6761
48.9593
49.187
49.3546
49.4712
49.5997
49.7739
50.0273
50.331
50.6303
50.9444
51.2642
51.5895
51.8979
52.2358
52.641
53.09
53.59
54.1045
54.6044
55.0565
55.4646
55.8282
56.1426
56.4343
56.7187
57.0187
57.3344
57.6738
58.0458
58.4303
58.7987
59.1367
59.4828
59.8603
60.2666
60.6842
61.0845
61.4462
61.7519
61.9891
62.1659
62.2953
62.4072
62.5295
62.6944
62.9006
63.1236
63.346
63.5724
63.8083
64.0462
64.2784
64.5001
64.7138
64.9262
65.1441
65.3683
65.5975
65.8311
66.0757
66.3284
66.5834
66.8477
67.1239
67.4065
67.691
67.9748
68.254
68.5165
68.7592
68.9837
69.1799
69.3358
69.457
69.5602
69.6596
69.7706
69.9011
70.0535
70.226
70.4168
70.6216
70.8308
71.0354
71.2333
71.4294
71.6295
71.8358
72.0491
72.2728
72.5089
72.7556
73.009
73.2613
73.5052
73.7328
73.9378
74.1125
74.2525
74.3535
74.4194
74.4538
74.4641
74.4533
74.4287
74.3919
74.3471
74.2962
74.2429
74.1887
74.1379
74.0938
74.0623
74.0451
74.0397
74.0403
74.0461
74.0516
74.0567
74.0664
74.0844
74.1111
74.1505
74.2033
74.2741
74.3706
74.4983
74.6553
74.8364
75.0296
75.2209
75.4042
75.5804
75.751
75.9173
76.1038
76.3259
76.5789
76.8544
77.1621
77.53
77.9673
78.4471
78.8842
79.1852
79.2952
51.1895
51.165
51.1462
50.931
50.5165
50.0091
49.4943
49.0235
48.6202
48.2879
48.0266
47.8396
47.7228
47.6678
47.6222
47.5901
47.586
47.5804
47.5917
47.6357
47.697
47.7461
47.6987
47.6163
47.4826
47.2885
47.095
46.9706
46.9322
46.8908
46.8018
46.6947
46.5826
46.5037
46.4989
46.531
46.5862
46.7097
46.8474
46.8465
46.822
46.8607
46.8845
46.8942
46.9462
46.9531
46.9131
46.9
46.9488
47.0839
47.3252
47.6465
48.0014
48.3399
48.6275
48.8484
48.9987
49.1059
49.242
49.4206
49.6629
49.9332
50.2381
50.5826
50.926
51.2487
51.5471
51.8697
52.259
52.7052
53.2039
53.7384
54.2708
54.7673
55.1959
55.5557
55.8712
56.1626
56.44
56.7384
57.0579
57.3997
57.7755
58.17
58.5446
58.8974
59.268
59.6639
60.0776
60.4962
60.8948
61.2561
61.5596
61.7911
61.9628
62.0839
62.1914
62.3185
62.4868
62.7011
62.9398
63.1797
63.4188
63.6587
63.8981
64.1303
64.3504
64.5599
64.7679
64.9822
65.2041
65.4361
65.6765
65.9274
66.1789
66.4289
66.6896
66.9656
67.2504
67.5421
67.8384
68.1272
68.3892
68.6228
68.8424
69.0396
69.1992
69.324
69.4295
69.5317
69.6474
69.7836
69.9401
70.1136
70.3024
70.5037
70.7106
70.914
71.1106
71.3027
71.4966
71.6974
71.9085
72.1334
72.3726
72.6236
72.8818
73.1395
73.3897
73.624
73.8346
74.0137
74.1565
74.2595
74.3266
74.3624
74.3728
74.3608
74.3343
74.2949
74.2473
74.1934
74.1382
74.0828
74.0307
73.9843
73.9519
73.9363
73.9337
73.9361
73.9403
73.9414
73.9436
73.9533
73.9726
74.0013
74.0424
74.096
74.1668
74.2631
74.3941
74.5561
74.7405
74.9308
75.1183
75.3012
75.4749
75.6358
75.7976
75.9781
76.1953
76.4366
76.6952
76.9855
77.3463
77.7895
78.281
78.7301
79.0493
79.2132
51.157
51.0446
50.904
50.5754
50.0862
49.5298
48.9878
48.5122
48.1218
47.8107
47.5821
47.4393
47.3625
47.3242
47.2921
47.2575
47.2343
47.2274
47.2516
47.3014
47.3561
47.3885
47.3496
47.2342
47.0322
46.7954
46.5768
46.4319
46.3655
46.2863
46.1956
46.1227
46.0565
46.0137
46.012
46.0481
46.1176
46.2003
46.2965
46.3737
46.4051
46.4063
46.3746
46.3135
46.2885
46.2156
46.1282
46.1027
46.1798
46.3605
46.6586
47.0443
47.4538
47.8497
48.1713
48.3774
48.4842
48.5347
48.6051
48.75
48.98
49.2649
49.6302
50.0263
50.3844
50.7043
50.9961
51.2724
51.6059
52.0322
52.5516
53.1383
53.7328
54.2689
54.7107
55.0861
55.4142
55.6998
55.9736
56.2737
56.6032
56.9628
57.3532
57.7597
58.1528
58.5209
58.8908
59.2885
59.7184
60.1576
60.5741
60.9379
61.2235
61.4301
61.5732
61.6626
61.7406
61.8574
62.0355
62.2819
62.5695
62.8596
63.1309
63.3806
63.6155
63.8333
64.0341
64.2264
64.4238
64.6358
64.8586
65.0907
65.3373
65.5935
65.8496
66.105
66.3662
66.6401
66.9323
67.2306
67.5248
67.8165
68.0939
68.3463
68.5719
68.7636
68.9174
69.0422
69.1502
69.2572
69.3787
69.5196
69.6775
69.8512
70.0404
70.244
70.4537
70.6585
70.8527
71.0402
71.2261
71.418
71.6225
71.8435
72.0813
72.3342
72.5976
72.8623
73.1207
73.3625
73.579
73.7626
73.9089
74.0158
74.0851
74.1232
74.1336
74.1212
74.0919
74.0488
73.9969
73.9387
73.8785
73.8191
73.7622
73.7129
73.6795
73.6651
73.6638
73.6702
73.679
73.6885
73.7001
73.7194
73.7446
73.7758
73.8162
73.8718
73.9455
74.0447
74.1738
74.3355
74.5206
74.7204
74.9218
75.116
75.2875
75.4507
75.6137
75.7837
75.9643
76.1676
76.387
76.6475
76.9951
77.4431
77.9457
78.4329
78.8157
79.0624
51.1248
50.8824
50.5761
50.1082
49.5236
48.912
48.3413
47.8597
47.4828
47.1994
47.0133
46.9178
46.8765
46.8571
46.8355
46.8106
46.7953
46.7962
46.8302
46.8904
46.9497
46.98
46.9181
46.7481
46.4968
46.2233
46.0002
45.8376
45.7279
45.6216
45.539
45.4839
45.4421
45.4376
45.4474
45.4674
45.5153
45.5693
45.6476
45.738
45.796
45.7978
45.7692
45.6973
45.6321
45.5094
45.3679
45.2988
45.3601
45.5766
45.9442
46.4011
46.876
47.3064
47.6274
47.798
47.8495
47.8463
47.867
47.9693
48.1735
48.4881
48.9012
49.3271
49.705
50.0696
50.4002
50.6568
50.9357
51.3105
51.8173
52.427
53.0753
53.6804
54.175
54.5661
54.8846
55.1587
55.4266
55.728
56.0742
56.456
56.8625
57.2745
57.6609
58.0126
58.3708
58.7691
59.2089
59.6673
60.1056
60.4786
60.7582
60.9398
61.0472
61.1076
61.1641
61.2696
61.4526
61.7227
62.0519
62.3907
62.704
62.9801
63.2211
63.426
63.5983
63.7523
63.9204
64.1218
64.3586
64.6175
64.8844
65.1441
65.3967
65.6473
65.906
66.1692
66.4528
66.7546
67.0578
67.3546
67.6406
67.9067
68.1443
68.3409
68.4974
68.628
68.7448
68.8595
68.9858
69.1282
69.286
69.4579
69.6465
69.8505
70.063
70.2702
70.4657
70.6528
70.8382
71.0277
71.2315
71.4509
71.6885
71.94
72.204
72.4686
72.7279
72.9708
73.1891
73.3743
73.5237
73.6326
73.7052
73.7458
73.7568
73.7407
73.7046
73.6528
73.592
73.5252
73.4564
73.3889
73.3269
73.2747
73.2398
73.2248
73.2248
73.2331
73.2474
73.2663
73.2931
73.3276
73.3713
73.4207
73.4771
73.5436
73.6229
73.7232
73.8557
74.0171
74.2021
74.408
74.6357
74.8626
75.0744
75.2617
75.4199
75.5619
75.7124
75.8623
76.0221
76.2346
76.5623
77.0051
77.5413
78.0714
78.5146
78.8073
51.016
50.6853
50.2074
49.6141
48.9404
48.2729
47.6661
47.1661
46.7899
46.5291
46.386
46.3294
46.3158
46.3136
46.3012
46.285
46.2841
46.31
46.3614
46.4327
46.4998
46.5289
46.4549
46.2534
45.9636
45.6696
45.4384
45.2567
45.1103
44.9867
44.8994
44.8347
44.7836
44.7726
44.7748
44.7903
44.8124
44.846
44.9091
44.999
45.0848
45.1328
45.1422
45.0837
44.9938
44.8422
44.6799
44.5904
44.6349
44.8645
45.2734
45.7739
46.2887
46.7294
47.016
47.1325
47.1286
47.0849
47.0629
47.1227
47.3116
47.6502
48.1043
48.5782
49.0093
49.4229
49.7798
50.0407
50.2959
50.6284
51.0959
51.6864
52.3435
52.9816
53.5113
53.9268
54.257
54.5281
54.7864
55.0848
55.4448
55.8505
56.2719
56.6862
57.0634
57.4077
57.7565
58.1424
58.5762
59.0377
59.4827
59.8598
60.1445
60.3274
60.4262
60.472
60.5243
60.6296
60.8179
61.0986
61.4465
61.8157
62.1609
62.4587
62.7057
62.9075
63.0669
63.2025
63.3543
63.5444
63.7786
64.0457
64.3203
64.5866
64.8396
65.0799
65.3258
65.5843
65.8589
66.1502
66.4481
66.7441
67.0314
67.3037
67.5474
67.7503
67.9162
68.0635
68.1986
68.331
68.467
68.6133
68.7712
68.9423
69.1288
69.3318
69.5432
69.7526
69.9491
70.1365
70.3224
70.5153
70.7214
70.9436
71.1817
71.4345
71.6991
71.9652
72.2234
72.4661
72.6814
72.8662
73.016
73.1293
73.2048
73.2472
73.2555
73.2349
73.1897
73.1288
73.0547
72.9752
72.8925
72.8131
72.7409
72.6856
72.6479
72.6343
72.6368
72.6514
72.6749
72.7078
72.752
72.8092
72.8755
72.952
73.0347
73.1245
73.225
73.3476
73.489
73.6468
73.83
74.0523
74.2963
74.5546
74.8049
75.0299
75.2136
75.3581
75.4616
75.5514
75.655
75.826
76.1229
76.5623
77.1073
77.6816
78.1618
78.5036
50.8187
50.4509
49.8645
49.1816
48.4419
47.7309
47.0899
46.5633
46.1723
45.9204
45.8031
45.7644
45.7547
45.747
45.7355
45.7334
45.7545
45.802
45.873
45.954
46.0197
46.0362
45.9483
45.7323
45.4323
45.1376
44.9017
44.6995
44.5223
44.3749
44.2638
44.1754
44.1023
44.0565
44.029
44.0278
44.0405
44.0772
44.1442
44.2455
44.3467
44.4338
44.486
44.4786
44.4038
44.2592
44.0975
44.0116
44.0775
44.3225
44.7416
45.2447
45.7342
46.1243
46.355
46.4267
46.3762
46.2959
46.2604
46.3192
46.52
46.8793
47.3516
47.8533
48.3277
48.7757
49.1534
49.4352
49.6858
49.9902
50.4114
50.9548
51.5717
52.1906
52.7274
53.1671
53.516
53.7949
54.0567
54.3653
54.7436
55.1731
55.6144
56.0332
56.4128
56.7654
57.1149
57.4923
57.9111
58.3537
58.7825
59.158
59.4444
59.6305
59.7481
59.823
59.8942
60.0031
60.1897
60.4676
60.8148
61.1908
61.5518
61.8712
62.1345
62.341
62.4991
62.6271
62.7633
62.9429
63.1727
63.4312
63.6977
63.9526
64.1915
64.4259
64.6626
64.9071
65.1662
65.4412
65.7271
66.0129
66.2933
66.5612
66.8053
67.0137
67.193
67.358
67.5163
67.6718
67.8251
67.9794
68.1397
68.3093
68.492
68.6879
68.8948
69.1014
69.2998
69.4903
69.6814
69.8807
70.0963
70.3241
70.5647
70.8167
71.0828
71.3492
71.6081
71.8488
72.0621
72.2439
72.3947
72.51
72.5896
72.6331
72.6421
72.6185
72.5684
72.5003
72.4173
72.3252
72.2287
72.1358
72.0553
71.9944
71.956
71.9412
71.9493
71.9692
72.0027
72.0477
72.11
72.1888
72.2843
72.3899
72.5057
72.6261
72.7549
72.8951
73.0499
73.2226
73.4277
73.66
73.9247
74.2135
74.4936
74.7521
74.9762
75.1249
75.2034
75.2488
75.3093
75.4514
75.7524
76.1835
76.7492
77.33
77.8655
78.2317
50.6071
50.2424
49.6109
48.8748
48.0868
47.3394
46.6651
46.1112
45.6992
45.4387
45.318
45.2711
45.242
45.2144
45.195
45.2036
45.2461
45.3136
45.3939
45.4575
45.4882
45.4713
45.3651
45.1545
44.8691
44.589
44.3562
44.1415
43.9457
43.7707
43.6177
43.4898
43.3932
43.3236
43.2764
43.2634
43.2768
43.3281
43.4167
43.5284
43.648
43.7624
43.8538
43.8925
43.8673
43.7833
43.6791
43.634
43.7233
43.9721
44.3659
44.8176
45.236
45.5512
45.7119
45.7342
45.6713
45.591
45.5582
45.6283
45.8492
46.2243
46.7043
47.2108
47.6994
48.1461
48.5193
48.8095
49.0584
49.35
49.7369
50.2293
50.7895
51.3612
51.8891
52.3401
52.7062
53.0064
53.2964
53.6264
54.0224
54.4671
54.9243
55.3583
55.7538
56.1236
56.4868
56.861
57.2593
57.6681
58.0596
58.4114
58.7027
58.9184
59.0674
59.1769
59.2867
59.422
59.6133
59.8823
60.2157
60.5789
60.9318
61.25
61.5197
61.7237
61.8816
62.0256
62.176
62.3562
62.5702
62.8051
63.0463
63.2786
63.4989
63.7143
63.9298
64.15
64.3834
64.6352
64.9019
65.1738
65.4428
65.7038
65.9479
66.1656
66.363
66.5489
66.7287
66.906
67.0779
67.2434
67.4094
67.5796
67.7568
67.9403
68.1341
68.3338
68.5324
68.7268
68.9254
69.1355
69.3631
69.5987
69.8412
70.0916
70.357
70.622
70.877
71.1151
71.3266
71.5079
71.6604
71.7806
71.8644
71.9106
71.9221
71.9022
71.8533
71.786
71.7023
71.6081
71.5079
71.4096
71.3204
71.2521
71.2076
71.1871
71.1929
71.2185
71.2566
71.3133
71.3912
71.4933
71.6127
71.7473
71.89
72.04
72.1929
72.356
72.5346
72.7373
72.9648
73.2223
73.5109
73.8145
74.1163
74.4135
74.6558
74.8202
74.9024
74.9445
74.9935
75.1352
75.4377
75.8936
76.4734
77.0883
77.5878
77.9923
50.489
50.1371
49.4879
48.7193
47.8958
47.116
46.4098
45.8258
45.383
45.098
44.9533
44.8753
44.8124
44.7576
44.7225
44.7313
44.7859
44.862
44.9266
44.9428
44.9106
44.8504
44.7279
44.5335
44.2799
44.0338
43.8198
43.6101
43.4025
43.1964
43.0012
42.8462
42.7368
42.6637
42.6208
42.6111
42.633
42.6966
42.8
42.9199
43.0473
43.1739
43.3048
43.3922
43.4338
43.4267
43.4025
43.4277
43.5635
43.8201
44.165
44.5381
44.8586
45.0852
45.1907
45.1875
45.1213
45.0512
45.0365
45.1282
45.3675
45.7449
46.2131
46.7004
47.1641
47.5751
47.9148
48.1912
48.4427
48.7319
49.1012
49.5511
50.0594
50.587
51.0908
51.5409
51.9208
52.2499
52.5765
52.9374
53.3499
53.8053
54.2666
54.7057
55.1186
55.5076
55.8857
56.2607
56.6373
57.0094
57.3664
57.6921
57.9761
58.215
58.4066
58.5634
58.713
58.8797
59.088
59.3526
59.6616
59.9908
60.3154
60.6113
60.8662
61.0797
61.2537
61.4111
61.5749
61.7579
61.9585
62.1678
62.3776
62.5799
62.7717
62.9593
63.1447
63.334
63.5338
63.7524
63.9921
64.2468
64.5038
64.7597
65.0063
65.2337
65.4464
65.6526
65.8514
66.0474
66.2334
66.4097
66.5789
66.7483
66.9189
67.0929
67.2737
67.4676
67.6646
67.8641
68.071
68.2931
68.5314
68.7724
69.013
69.259
69.5181
69.7818
70.0323
70.2674
70.4779
70.661
70.8153
70.9403
71.0317
71.0894
71.1129
71.1059
71.0668
71.0071
70.9299
70.84
70.7421
70.6465
70.5579
70.4856
70.4352
70.4062
70.4021
70.4225
70.4619
70.5202
70.6066
70.7196
70.8533
71.0069
71.1723
71.3469
71.5276
71.717
71.9303
72.1649
72.4269
72.7126
73.0226
73.3446
73.6689
73.9743
74.2367
74.4243
74.5365
74.6081
74.6994
74.8768
75.2161
75.674
76.2578
76.8709
77.4227
77.8334
50.5098
50.1662
49.5085
48.7161
47.8649
47.0545
46.3156
45.6981
45.2167
44.8937
44.7085
44.5896
44.4917
44.4078
44.3519
44.3503
44.398
44.4612
44.4849
44.4382
44.3468
44.2495
44.1133
43.9361
43.7185
43.5019
43.3105
43.1287
42.9287
42.7028
42.4776
42.3131
42.2128
42.161
42.1402
42.1478
42.1858
42.2586
42.36
42.4687
42.5854
42.7166
42.8648
42.994
43.101
43.1803
43.2541
43.3615
43.5455
43.8095
44.1091
44.4007
44.6295
44.7753
44.8307
44.8143
44.76
44.7095
44.719
44.8333
45.0787
45.4389
45.8721
46.3241
46.7422
47.0989
47.3981
47.6579
47.9152
48.2089
48.5654
48.9796
49.4448
49.9337
50.405
50.8407
51.2341
51.5987
51.9661
52.3589
52.7826
53.2317
53.6858
54.1229
54.5394
54.9352
55.3163
55.6839
56.0404
56.3798
56.7021
57.0043
57.2837
57.541
57.7656
57.9692
58.1638
58.3611
58.5842
58.8419
59.1266
59.4179
59.7074
59.9737
60.2115
60.4201
60.6031
60.7772
60.9514
61.1313
61.3141
61.4963
61.674
61.8428
62.0033
62.1589
62.3124
62.4683
62.6355
62.8198
63.0305
63.2629
63.5064
63.7539
64.0019
64.237
64.463
64.683
64.8951
65.1028
65.3008
65.4823
65.6549
65.8213
65.9891
66.1577
66.335
66.5249
66.7248
66.9266
67.1434
67.3719
67.6178
67.8562
68.0912
68.3256
68.5782
68.8381
69.0866
69.3134
69.5257
69.71
69.8729
70.0045
70.1079
70.1783
70.2181
70.2274
70.209
70.163
70.1006
70.0212
69.9353
69.8447
69.7598
69.685
69.6283
69.5906
69.5766
69.5864
69.6195
69.6711
69.752
69.8645
70.0081
70.1751
70.3615
70.5585
70.7626
70.9832
71.2259
71.4955
71.789
72.1024
72.4353
72.7793
73.1123
73.4201
73.6862
73.9024
74.0595
74.1938
74.3695
74.622
75.0193
75.5323
76.1396
76.7845
77.2442
77.6429
50.6623
50.3204
49.6555
48.8427
47.9652
47.1225
46.3518
45.6992
45.1778
44.8088
44.5704
44.4063
44.2798
44.176
44.103
44.0808
44.1015
44.1275
44.0993
43.9953
43.8609
43.7288
43.5795
43.4157
43.2325
43.0434
42.88
42.7336
42.5556
42.3351
42.1023
41.9419
41.8627
41.839
41.8439
41.8717
41.9269
42.0032
42.0921
42.1788
42.2777
42.4065
42.5661
42.7309
42.8952
43.0569
43.2212
43.4097
43.6423
43.9112
44.1773
44.4049
44.5614
44.6399
44.6542
44.6282
44.5872
44.558
44.5914
44.7247
44.9646
45.2931
45.6802
46.0766
46.4369
46.7423
47.0069
47.2512
47.5124
47.8016
48.1369
48.5197
48.9436
49.3922
49.8387
50.2649
50.6673
51.0593
51.4599
51.8779
52.3119
52.7532
53.1905
53.6137
54.0204
54.4043
54.7744
55.1229
55.4563
55.7678
56.0651
56.3497
56.6206
56.8867
57.1347
57.3695
57.5998
57.8248
58.0644
58.3156
58.579
58.8345
59.0886
59.3221
59.5386
59.7403
59.9243
60.1054
60.2776
60.4489
60.6146
60.7733
60.9225
61.0601
61.1892
61.3141
61.4347
61.5617
61.7017
61.8592
62.0428
62.2524
62.4788
62.715
62.958
63.1962
63.4266
63.6535
63.871
64.0825
64.2852
64.4717
64.6458
64.8153
64.9819
65.1508
65.3257
65.5172
65.72
65.9277
66.1481
66.3789
66.6225
66.8615
67.0925
67.3234
67.5668
67.8185
68.0617
68.285
68.4949
68.6854
68.8525
68.9968
69.1113
69.199
69.2546
69.2847
69.2852
69.2597
69.2116
69.1504
69.075
68.9935
68.9085
68.8362
68.7769
68.7378
68.7169
68.7187
68.7364
68.7764
68.8422
68.9519
69.0958
69.2758
69.4786
69.7
69.9333
70.178
70.444
70.7333
71.0466
71.3815
71.7326
72.0901
72.4316
72.7407
73.013
73.2549
73.464
73.6714
73.9522
74.2934
74.7724
75.3327
75.9471
76.5528
77.1079
77.4986
50.8952
50.5416
49.8653
49.0366
48.1422
47.2777
46.4846
45.8074
45.259
44.8513
44.5571
44.3372
44.1741
44.0514
43.9626
43.9175
43.9078
43.8917
43.8112
43.6594
43.498
43.3389
43.1769
43.0249
42.876
42.7163
42.5891
42.4776
42.3279
42.1294
41.9127
41.7755
41.722
41.717
41.7357
41.7705
41.8258
41.8952
41.9718
42.0424
42.1296
42.2558
42.4269
42.6277
42.8396
43.0641
43.3002
43.5545
43.8315
44.1087
44.3536
44.5372
44.6423
44.6711
44.6518
44.6208
44.5906
44.5793
44.6278
44.7646
44.988
45.2827
45.6194
45.9548
46.256
46.512
46.7471
46.9822
47.2369
47.5136
47.8211
48.1676
48.5517
48.9627
49.3809
49.7952
50.2028
50.6113
51.0298
51.4585
51.8939
52.3278
52.7525
53.1588
53.5465
53.9079
54.258
54.5805
54.8884
55.1761
55.4486
55.7209
55.9849
56.2479
56.5031
56.7506
56.9984
57.2364
57.4853
57.7268
57.9737
58.2038
58.4309
58.6421
58.8399
59.035
59.2106
59.3851
59.551
59.7079
59.8547
59.9911
60.1147
60.2219
60.3227
60.4215
60.5182
60.622
60.742
60.8796
61.0444
61.2317
61.4402
61.661
61.892
62.125
62.3539
62.5758
62.7926
63.0016
63.2037
63.3913
63.566
63.7371
63.9081
64.0831
64.2616
64.4529
64.6592
64.867
65.0878
65.3153
65.5573
65.7973
66.0321
66.2628
66.5029
66.7438
66.9831
67.2025
67.4125
67.6051
67.7782
67.9306
68.0607
68.1628
68.2377
68.283
68.3066
68.2991
68.2704
68.2227
68.162
68.0892
68.0135
67.9436
67.8858
67.8422
67.8192
67.8066
67.8141
67.8387
67.8957
67.9956
68.1419
68.3279
68.5504
68.79
69.0442
69.3104
69.5957
69.8964
70.2192
70.5585
70.9141
71.2763
71.6209
71.9373
72.2237
72.4931
72.7669
73.0345
73.41
73.8487
74.3878
75.0272
75.6882
76.3338
76.8064
77.2654
51.1439
50.7633
50.0602
49.2178
48.3239
47.4615
46.6705
45.9908
45.4401
45.0156
44.6823
44.4122
44.2085
44.0585
43.9473
43.879
43.8426
43.7887
43.6627
43.4809
43.3059
43.1335
42.9619
42.8172
42.6984
42.5719
42.4777
42.3993
42.2797
42.1102
41.9269
41.8232
41.7908
41.7925
41.8137
41.8396
41.8847
41.9422
42.0013
42.0568
42.1372
42.2633
42.4465
42.6738
42.9229
43.1928
43.4797
43.7775
44.0816
44.3657
44.6004
44.76
44.8352
44.8369
44.7955
44.7595
44.7378
44.7407
44.7969
44.9269
45.1305
45.3878
45.6672
45.9352
46.1765
46.3885
46.6015
46.8253
47.0634
47.321
47.6029
47.917
48.2626
48.633
49.0167
49.4106
49.8116
50.2229
50.6448
51.0727
51.5032
51.927
52.3393
52.7272
53.0939
53.4317
53.7589
54.0615
54.3438
54.6088
54.8608
55.1164
55.3651
55.6128
55.8632
56.1088
56.3587
56.5974
56.8469
57.078
57.3105
57.527
57.7339
57.9327
58.1159
58.3001
58.4664
58.6252
58.7748
58.9135
59.0389
59.15
59.248
59.3295
59.4064
59.4876
59.5713
59.6633
59.773
59.9009
60.0529
60.2231
60.4121
60.6149
60.8278
61.0459
61.2629
61.4756
61.6857
61.8874
62.0844
62.2698
62.4452
62.6154
62.788
62.9648
63.1498
63.3412
63.5495
63.7577
63.9786
64.2052
64.4467
64.6867
64.924
65.155
65.393
65.6282
65.8635
66.0824
66.2926
66.4899
66.6711
66.831
66.9708
67.0868
67.1761
67.2408
67.2807
67.295
67.2824
67.2526
67.2017
67.1394
67.0711
67.0072
66.9518
66.9118
66.8829
66.8658
66.8608
66.8759
66.92
67.0129
67.156
67.3471
67.5765
67.8294
68.0982
68.38
68.6763
68.9903
69.3181
69.6593
70.0109
70.3639
70.7065
71.0208
71.3254
71.6143
71.9591
72.297
72.7501
73.2657
73.8568
74.5301
75.2358
75.928
76.5559
76.9195
51.3277
50.9094
50.1696
49.3145
48.4381
47.6067
46.8542
46.2082
45.6895
45.2758
44.9291
44.6275
44.3946
44.2273
44.103
44.0207
43.9635
43.8758
43.7146
43.5106
43.3254
43.1439
42.9609
42.8153
42.7153
42.623
42.567
42.523
42.4335
42.2902
42.1345
42.0515
42.0285
42.0348
42.0607
42.0781
42.1022
42.1368
42.1747
42.2169
42.2858
42.4042
42.5863
42.8264
43.1079
43.4137
43.7312
44.0554
44.3758
44.6673
44.8972
45.0469
45.1074
45.0945
45.0377
44.9946
44.9807
45.0018
45.0713
45.1925
45.3631
45.571
45.784
45.983
46.1692
46.3425
46.5318
46.7376
46.9555
47.19
47.4442
47.723
48.0296
48.3629
48.7143
49.0838
49.4714
49.8729
50.2869
50.7071
51.1291
51.5358
51.9273
52.2945
52.6408
52.9589
53.2635
53.5465
53.8057
54.0504
54.2828
54.5152
54.7454
54.9727
55.2097
55.4431
55.6858
55.9171
56.1574
56.3804
56.6031
56.8136
57.0061
57.1963
57.3713
57.5393
57.6921
57.834
57.9654
58.0846
58.1853
58.2726
58.3496
58.4151
58.4788
58.5502
58.629
58.7199
58.8252
58.9475
59.0871
59.2423
59.4116
59.5929
59.7833
59.9803
60.1793
60.3767
60.5731
60.766
60.9522
61.1304
61.3015
61.4705
61.6411
61.8193
62.0064
62.2031
62.41
62.6235
62.843
63.071
63.3059
63.5483
63.7848
64.0191
64.2527
64.4887
64.722
64.9447
65.1556
65.3564
65.5407
65.7078
65.8543
65.9821
66.0853
66.1655
66.2212
66.2523
66.2564
66.2413
66.2018
66.1484
66.0907
66.0291
65.9751
65.9327
65.9011
65.8775
65.8694
65.8825
65.923
66.0075
66.1429
66.3296
66.5644
66.8219
67.1008
67.3891
67.6997
68.0199
68.3511
68.6849
69.0316
69.3735
69.7159
70.0196
70.3484
70.6495
71.0469
71.4426
71.9401
72.5148
73.1513
73.8892
74.6407
75.3697
75.8816
76.4459
51.3962
50.9237
50.1332
49.2654
48.4254
47.6614
46.9906
46.4251
45.9773
45.6076
45.2784
44.9735
44.7321
44.5598
44.4388
44.3493
44.2735
44.1609
43.9751
43.7538
43.563
43.3753
43.1832
43.0357
42.9478
42.8899
42.8703
42.8515
42.7808
42.6485
42.5
42.4189
42.3978
42.4046
42.4308
42.447
42.4581
42.476
42.4973
42.5115
42.5499
42.6502
42.8234
43.0668
43.3613
43.6855
44.0299
44.3807
44.7128
45.0067
45.2313
45.3741
45.4252
45.4012
45.3339
45.2868
45.2801
45.3137
45.3905
45.4968
45.6329
45.7939
45.9466
46.0774
46.2081
46.3437
46.5067
46.6911
46.8867
47.0972
47.3223
47.5685
47.8391
48.1369
48.4583
48.8036
49.1717
49.5572
49.954
50.3513
50.7504
51.1359
51.5043
51.8453
52.1641
52.4592
52.7409
53.0057
53.2484
53.4738
53.6888
53.8984
54.1104
54.3188
54.54
54.7561
54.9838
55.204
55.4307
55.649
55.8637
56.0706
56.2571
56.4391
56.6077
56.7608
56.8995
57.0255
57.1389
57.2386
57.3216
57.3909
57.4549
57.5119
57.5713
57.6384
57.7167
57.8076
57.9108
58.0253
58.1535
58.2918
58.4426
58.6021
58.771
58.9438
59.1215
59.2977
59.4752
59.6483
59.8189
59.9858
60.1531
60.319
60.4911
60.6682
60.8583
61.0562
61.2662
61.4805
61.7028
61.9299
62.1646
62.4024
62.6439
62.8779
63.1141
63.3449
63.5831
63.8037
64.0218
64.2202
64.4108
64.5793
64.7369
64.8695
64.9865
65.075
65.147
65.1874
65.2087
65.2043
65.1812
65.1362
65.0888
65.0305
64.9785
64.9347
64.9004
64.8726
64.8618
64.869
64.9102
64.9908
65.1204
65.2986
65.5246
65.7783
66.0609
66.3542
66.6704
66.9907
67.3238
67.6535
67.9937
68.3168
68.659
68.9472
69.3056
69.6203
70.0404
70.4781
70.9848
71.5798
72.255
73.001
73.793
74.5635
75.2514
75.6348
51.3173
50.778
49.928
49.0608
48.2844
47.6301
47.0852
46.6465
46.2984
45.9965
45.7085
45.4303
45.1968
45.0268
44.9091
44.8129
44.7222
44.5956
44.3968
44.1651
43.9696
43.7782
43.5862
43.4444
43.3669
43.3366
43.3455
43.3447
43.2849
43.1525
42.9915
42.891
42.8479
42.8463
42.8835
42.9093
42.909
42.9061
42.913
42.9109
42.925
42.9931
43.1407
43.3715
43.6645
43.9955
44.3531
44.7128
45.0532
45.3519
45.5757
45.7136
45.7611
45.7313
45.6506
45.5906
45.5834
45.6241
45.7032
45.7957
45.9027
46.0198
46.1201
46.1936
46.2727
46.3738
46.5089
46.6644
46.8353
47.0234
47.2228
47.4387
47.6775
47.9452
48.2387
48.5582
48.8994
49.2571
49.6278
49.9977
50.3684
50.7227
51.0562
51.3646
51.655
51.928
52.1872
52.4322
52.659
52.8683
53.0685
53.2604
53.4578
53.6482
53.8525
54.0537
54.2653
54.4779
54.6913
54.9086
55.1193
55.32
55.505
55.6801
55.8399
55.9812
56.1064
56.2175
56.3129
56.3987
56.4707
56.5331
56.5907
56.6458
56.7048
56.7722
56.8499
56.939
57.0372
57.1441
57.2597
57.3836
57.5151
57.6541
57.799
57.947
58.0979
58.2499
58.4036
58.5561
58.7095
58.8641
59.0244
59.1889
59.3618
59.5427
59.7331
59.9331
60.1417
60.3602
60.5838
60.8153
61.0489
61.2858
61.5247
61.7627
61.9967
62.2275
62.4596
62.6828
62.9003
63.1064
63.298
63.4742
63.6348
63.7797
63.9017
64.0036
64.0824
64.138
64.1685
64.1813
64.168
64.1384
64.094
64.044
63.9897
63.9447
63.9033
63.8763
63.8597
63.8669
63.8985
63.9722
64.0905
64.2557
64.4703
64.7168
64.9938
65.285
65.5999
65.9156
66.2509
66.5653
66.9086
67.2057
67.5607
67.8381
68.2037
68.5354
68.9509
69.4122
69.9206
70.5115
71.1716
71.9098
72.6637
73.4368
73.8879
74.5722
51.0912
50.4779
49.5988
48.7865
48.1178
47.6087
47.2214
46.9155
46.6585
46.4246
46.1925
45.9618
45.7507
45.5859
45.4682
45.3673
45.2621
45.1258
44.9215
44.6853
44.4848
44.294
44.1119
43.9833
43.9178
43.9064
43.9339
43.9497
43.9022
43.7649
43.5797
43.4353
43.3572
43.339
43.3734
43.4093
43.4083
43.393
43.3868
43.3741
43.3677
43.4045
43.5242
43.7323
44.005
44.3217
44.6739
45.0361
45.3807
45.6778
45.9022
46.0415
46.0879
46.0489
45.9615
45.8922
45.8758
45.9149
45.9869
46.0658
46.1503
46.2336
46.2943
46.3226
46.3551
46.4181
46.5231
46.649
46.7927
46.9579
47.1349
47.3243
47.5366
47.7763
48.0416
48.3314
48.6427
48.9686
49.307
49.6427
49.9744
50.2875
50.5822
50.8565
51.1175
51.3672
51.6065
51.8332
52.046
52.2421
52.4312
52.607
52.791
52.9692
53.1584
53.3504
53.5496
53.7588
53.9675
54.1834
54.3927
54.5849
54.7683
54.9396
55.0904
55.222
55.3365
55.4378
55.5244
55.6015
55.6686
55.7287
55.7863
55.8434
55.9067
55.9746
56.0513
56.1338
56.2235
56.3191
56.4205
56.5279
56.6402
56.7557
56.8742
56.9934
57.1162
57.2416
57.3712
57.5032
57.6421
57.7872
57.9423
58.1056
58.2784
58.462
58.6525
58.8546
59.0648
59.2865
59.5124
59.7448
59.979
60.2122
60.4494
60.6849
60.9208
61.1493
61.379
61.601
61.8215
62.0296
62.2276
62.4088
62.5798
62.7305
62.8651
62.9732
63.0668
63.1318
63.1785
63.2003
63.2026
63.1817
63.1472
63.0955
63.043
62.987
62.9414
62.9034
62.8851
62.8804
62.9086
62.9641
63.0726
63.2187
63.4199
63.6515
63.9189
64.1981
64.5063
64.8112
65.144
65.4431
65.7879
66.0709
66.4272
66.7063
67.0686
67.397
67.7919
68.2325
68.7219
69.2467
69.8421
70.4593
71.1246
71.7564
72.3082
72.5805
50.8311
50.1969
49.3546
48.6516
48.1139
47.7405
47.4699
47.2497
47.0537
46.8721
46.6972
46.5237
46.3474
46.192
46.0724
45.9667
45.8502
45.7065
45.5039
45.2692
45.0621
44.8736
44.7048
44.5895
44.5347
44.5321
44.5642
44.5915
44.553
44.4229
44.228
44.042
43.9203
43.8678
43.8805
43.9171
43.9233
43.9004
43.884
43.8661
43.838
43.8497
43.9449
44.1227
44.3674
44.6595
44.9865
45.3323
45.6725
45.9666
46.1903
46.3318
46.3843
46.3529
46.2699
46.1868
46.1571
46.1874
46.2468
46.3098
46.3731
46.4293
46.4642
46.4631
46.4576
46.4827
46.5518
46.6462
46.7593
46.8975
47.0505
47.2175
47.4045
47.6168
47.854
48.1116
48.3898
48.6806
48.9807
49.2765
49.5646
49.8343
50.0908
50.3312
50.5645
50.7918
51.0101
51.2212
51.4214
51.6053
51.7841
51.9482
52.1201
52.2911
52.4693
52.6606
52.8554
53.0662
53.2765
53.4906
53.6962
53.8867
54.0699
54.2374
54.3808
54.5064
54.6161
54.7129
54.7968
54.8716
54.9384
55.0008
55.0624
55.125
55.1918
55.2582
55.3296
55.4012
55.478
55.5586
55.6433
55.731
55.8227
55.9135
56.0077
56.099
56.1945
56.2921
56.3973
56.5105
56.6357
56.7724
56.9233
57.0858
57.2613
57.447
57.6426
57.8457
58.0606
58.2805
58.5079
58.7337
58.9682
59.1967
59.433
59.6652
59.9013
60.13
60.3606
60.5841
60.8093
61.0222
61.2277
61.4183
61.6
61.7587
61.9036
62.0235
62.1265
62.2043
62.263
62.2946
62.3056
62.2936
62.2615
62.214
62.1569
62.0952
62.0366
61.9888
61.9532
61.9362
61.943
61.9851
62.0662
62.1974
62.3749
62.5901
62.8432
63.1084
63.4109
63.695
64.028
64.3048
64.6508
64.9168
65.282
65.5563
65.8995
66.2276
66.5803
66.9628
67.3784
67.802
68.2643
68.7154
69.1499
69.5487
69.6212
70.1753
50.7166
50.1081
49.3494
48.7639
48.3349
48.0324
47.8077
47.6195
47.4505
47.3066
47.1762
47.0511
46.9144
46.7806
46.6683
46.5696
46.4559
46.3122
46.1185
45.8865
45.6713
45.4822
45.3186
45.2017
45.1465
45.1407
45.1666
45.1928
45.1626
45.0538
44.874
44.6737
44.5188
44.4276
44.4019
44.4205
44.4279
44.4003
44.3724
44.349
44.3157
44.306
44.3641
44.5154
44.7395
45.0001
45.2932
45.6072
45.9255
46.2072
46.4311
46.5744
46.6351
46.6188
46.5502
46.4713
46.4294
46.4383
46.4795
46.5279
46.5732
46.6072
46.6243
46.6084
46.5782
46.5694
46.5997
46.6615
46.7428
46.8468
46.9713
47.1142
47.2757
47.4603
47.6663
47.8919
48.1354
48.3906
48.6512
48.9051
49.1496
49.3779
49.5976
49.8076
50.014
50.2177
50.4179
50.6114
50.7988
50.9705
51.1359
51.2954
51.4547
51.6266
51.8023
51.9978
52.1994
52.4135
52.6272
52.843
53.0462
53.2407
53.4279
53.5943
53.735
53.8588
53.9674
54.0623
54.1465
54.223
54.2938
54.3616
54.4284
54.4949
54.5604
54.6224
54.6846
54.745
54.8083
54.8735
54.9408
55.0092
55.0802
55.1492
55.2175
55.2843
55.3524
55.4254
55.5075
55.6035
55.7163
55.8448
55.9908
56.1535
56.3305
56.519
56.7169
56.9231
57.1368
57.3548
57.5758
57.7969
58.0239
58.2522
58.4802
58.7166
58.9467
59.1869
59.4187
59.6547
59.8852
60.1128
60.3262
60.5329
60.7227
60.8919
61.0436
61.1767
61.2863
61.3749
61.4432
61.4836
61.5005
61.4934
61.4626
61.4147
61.3495
61.2788
61.2062
61.1401
61.0863
61.0449
61.0359
61.0479
61.1088
61.2043
61.3633
61.541
61.7842
62.0152
62.3184
62.5731
62.9128
63.1593
63.518
63.7662
64.1077
64.3943
64.7004
65.0033
65.3177
65.6082
65.9256
66.1889
66.4651
66.6441
66.7581
66.6975
66.275
65.3784
50.8404
50.3806
49.7179
49.1549
48.7257
48.4149
48.1997
48.025
47.8627
47.7315
47.6137
47.5085
47.4049
47.3025
47.2066
47.1207
47.0155
46.8742
46.6896
46.4654
46.2469
46.0564
45.8955
45.7816
45.7286
45.7157
45.7222
45.7286
45.6925
45.5998
45.4489
45.2665
45.1021
44.9864
44.9264
44.9147
44.9113
44.8808
44.8408
44.8063
44.7733
44.7573
44.8013
44.9179
45.0958
45.322
45.589
45.88
46.1699
46.4246
46.6281
46.7663
46.8344
46.8364
46.7897
46.7248
46.6794
46.6713
46.6936
46.7273
46.7568
46.7742
46.7751
46.7499
46.7059
46.6679
46.6606
46.6865
46.7352
46.8059
46.8997
47.0143
47.1487
47.3031
47.4776
47.6721
47.8824
48.102
48.3235
48.5369
48.7414
48.9326
49.1193
49.2989
49.4795
49.6594
49.8385
50.0145
50.1832
50.3448
50.4956
50.6508
50.8085
50.9838
51.1685
51.3705
51.5829
51.8045
52.026
52.2477
52.4584
52.6637
52.8587
53.0253
53.168
53.2933
53.4035
53.4996
53.5877
53.6687
53.7457
53.819
53.8893
53.9557
54.0157
54.0703
54.1224
54.1732
54.225
54.2765
54.3287
54.3794
54.4284
54.4756
54.519
54.5618
54.6057
54.6561
54.7198
54.7998
54.9019
55.0212
55.1607
55.3173
55.4933
55.6806
55.8802
56.0854
56.2984
56.5109
56.7268
56.9424
57.1633
57.3894
57.6159
57.8539
58.0896
58.3372
58.585
58.8342
59.0836
59.3205
59.5512
59.7656
59.9677
60.1381
60.3021
60.4363
60.5587
60.6499
60.7323
60.7719
60.7984
60.789
60.7624
60.7039
60.6375
60.5495
60.4691
60.3751
60.3031
60.2316
60.2023
60.1808
60.2196
60.2755
60.4074
60.5404
60.7667
60.9529
61.2524
61.4663
61.817
62.0442
62.3864
62.643
62.9492
63.2113
63.4956
63.7257
64.0017
64.1749
64.3682
64.435
64.4346
64.2594
63.8227
63.0233
61.09
58.3679
51.016
50.8077
50.2
49.6439
49.2102
48.8763
48.6262
48.4201
48.2369
48.1032
47.9982
47.9071
47.8231
47.7449
47.6639
47.5764
47.4673
47.3293
47.1605
46.9586
46.7514
46.5683
46.4149
46.2998
46.2253
46.1877
46.1774
46.1747
46.1411
46.0523
45.9169
45.7539
45.597
45.4749
45.3944
45.3528
45.3305
45.2972
45.2545
45.2151
45.1855
45.1743
45.2072
45.2988
45.4506
45.652
45.8878
46.1401
46.3916
46.6212
46.8088
46.9391
47.0066
47.0181
46.9874
46.9359
46.8917
46.8722
46.8766
46.8948
46.9112
46.9166
46.9045
46.871
46.8183
46.7611
46.7217
46.7116
46.7268
46.7656
46.8266
46.911
47.0165
47.143
47.291
47.458
47.6389
47.8251
48.0097
48.1854
48.3516
48.5088
48.6634
48.8155
48.97
49.1272
49.283
49.4401
49.5897
49.738
49.879
50.0303
50.1929
50.374
50.5701
50.7827
51.0071
51.2393
51.4736
51.7088
51.9363
52.1579
52.3621
52.5338
52.6825
52.8134
52.9303
53.0347
53.1324
53.2222
53.3068
53.3857
53.4569
53.5198
53.5711
53.6163
53.6577
53.6986
53.7402
53.7785
53.816
53.8486
53.8759
53.8991
53.9199
53.9385
53.9628
53.9921
54.0408
54.1055
54.196
54.3035
54.4338
54.5799
54.7504
54.9329
55.1328
55.3371
55.5498
55.7617
55.9755
56.1906
56.4088
56.6329
56.8626
57.1022
57.3481
57.6056
57.8694
58.1365
58.4014
58.6498
58.8925
59.1163
59.3222
59.5014
59.6728
59.8134
59.9416
60.0413
60.1272
60.1699
60.1975
60.1906
60.1605
60.0997
60.0224
59.923
59.8209
59.7026
59.6031
59.5039
59.4469
59.3898
59.4046
59.4103
59.5246
59.596
59.8154
59.9387
60.2417
60.4093
60.7466
60.9618
61.2806
61.5165
61.8126
62.0173
62.2802
62.4207
62.6242
62.6642
62.6974
62.5157
62.1972
61.527
60.412
58.5148
55.3717
45.109
-41.6005
-2.92788
-6.15188
-0.884088
-1.89532
0.136434
0.405045
1.5723
1.92669
2.46238
2.59706
2.68224
2.62766
2.50912
2.24057
2.083
1.82041
1.41388
0.920256
0.563485
-28.4501
-3.24975
-6.16116
-1.00611
-2.00657
0.0332219
0.288091
1.4685
1.82882
2.37678
2.51888
2.61144
2.56303
2.45463
2.18738
2.03557
1.7862
1.37797
0.8798
0.532436
-18.0081
-3.05098
-5.9836
-1.17268
-2.17512
-0.134855
0.0923587
1.28229
1.64434
2.20179
2.35644
2.46281
2.42438
2.33668
2.0782
1.93477
1.70722
1.29638
0.786473
0.468156
-8.67152
-2.02922
-5.14772
-1.27149
-2.23432
-0.315801
-0.0899752
1.06341
1.43511
1.98047
2.15297
2.27192
2.24578
2.18339
1.93734
1.80028
1.60194
1.19696
0.669467
0.37495
-0.709906
-0.0667576
-3.71543
-1.2017
-2.10063
-0.458657
-0.207945
0.849475
1.23261
1.74003
1.92974
2.06181
2.04724
2.01127
1.7803
1.64458
1.47129
1.09368
0.549275
0.270888
5.82478
2.64635
-1.77592
-0.802461
-1.7265
-0.492577
-0.236146
0.674035
1.05608
1.51097
1.70955
1.85132
1.84396
1.82878
1.61305
1.47143
1.30983
0.982457
0.43616
0.165466
11.16
5.75139
0.52587
-0.0298941
-1.13093
-0.386552
-0.179041
0.55526
0.916839
1.31711
1.51491
1.65769
1.64923
1.64412
1.44361
1.28925
1.12308
0.854995
0.3317
0.066427
15.563
8.90283
2.98258
1.05559
-0.381583
-0.138436
-0.0390057
0.517638
0.835104
1.18202
1.36817
1.49905
1.47766
1.4699
1.28441
1.11194
0.9271
0.706721
0.236269
-0.0178841
19.2926
11.9144
5.45109
2.36742
0.490069
0.245112
0.197429
0.58911
0.843532
1.13003
1.28983
1.39474
1.34906
1.32625
1.14973
0.953093
0.739124
0.549318
0.152749
-0.0806866
22.4861
14.6908
7.82354
3.81728
1.46007
0.759164
0.541236
0.781478
0.962419
1.17303
1.29036
1.35498
1.27973
1.22729
1.04858
0.826971
0.5833
0.407169
0.0815007
-0.122126
25.2138
17.1859
10.0293
5.31805
2.49886
1.39503
0.995819
1.08824
1.18789
1.30748
1.36584
1.38052
1.27201
1.17298
0.978751
0.739431
0.473661
0.296662
0.0169305
-0.150801
27.5462
19.3966
12.0247
6.78961
3.56281
2.11501
1.53313
1.47254
1.48116
1.50625
1.49396
1.44952
1.30412
1.14738
0.932196
0.682833
0.409807
0.225052
-0.0386225
-0.172055
29.5588
21.3485
13.7998
8.17869
4.61549
2.87565
2.11208
1.89103
1.79985
1.72914
1.64004
1.52964
1.34569
1.13328
0.902912
0.652555
0.391799
0.198052
-0.0732215
-0.180067
31.3026
23.056
15.3371
9.43684
5.61577
3.62969
2.68705
2.29438
2.09409
1.93298
1.77186
1.60043
1.38245
1.13304
0.899793
0.656125
0.427173
0.221492
-0.0682733
-0.164349
32.8612
24.5227
16.6247
10.5301
6.52119
4.32333
3.20367
2.63962
2.33101
2.09223
1.87814
1.66399
1.42562
1.16531
0.939743
0.708695
0.51891
0.298038
-0.013711
-0.118709
34.2851
25.7457
17.6665
11.4518
7.30568
4.91519
3.62526
2.91155
2.5063
2.20919
1.96589
1.73121
1.49166
1.24135
1.02986
0.811521
0.65523
0.417858
0.0873638
-0.0481801
35.5666
26.7081
18.4737
12.1993
7.94501
5.37868
3.93362
3.10886
2.63373
2.2988
2.04816
1.80871
1.57901
1.34772
1.14589
0.933817
0.796543
0.546501
0.208334
0.03003
36.6595
27.3438
19.0108
12.733
8.39426
5.68383
4.12141
3.2322
2.72032
2.36755
2.12167
1.88325
1.66253
1.446
1.24717
1.03549
0.905472
0.649388
0.315269
0.0948456
37.5356
27.6431
19.2591
12.9982
8.60329
5.8072
4.18289
3.27164
2.75357
2.40129
2.16271
1.92674
1.7103
1.50173
1.30305
1.09069
0.962821
0.707224
0.381936
0.132734
37.6963
27.6076
19.2787
13.042
8.63852
5.82809
4.19392
3.2811
2.76217
2.40915
2.17115
1.93543
1.72001
1.51377
1.31637
1.10569
0.976914
0.723216
0.409152
0.149125
)
;

boundaryField
{
    inlet
    {
        type            calculated;
        value           nonuniform List<scalar> 
20
(
92.688
89.5862
87.6268
86.0954
84.8498
83.8682
83.1137
82.5648
82.209
82.0348
82.0345
82.2084
82.5639
83.1119
83.8663
84.8473
86.092
87.6237
89.5831
92.6854
)
;
    }
    outlet
    {
        type            calculated;
        value           uniform 0;
    }
    walls
    {
        type            calculated;
        value           nonuniform List<scalar> 
520
(
92.6854
80.2166
72.7247
69.1075
67.1285
65.6373
64.3418
63.1355
62.0167
60.93
59.8914
58.8555
57.8667
56.8866
55.9774
55.096
54.3228
53.612
53.0624
52.6763
52.6297
52.5874
52.5206
52.4355
52.3347
52.2238
52.1123
52.0092
51.9188
51.8419
51.7772
51.7229
51.6773
51.6389
51.6066
51.5795
51.5564
51.537
51.5205
51.5066
51.4953
51.4866
51.4806
51.477
51.4753
51.4746
51.4739
51.4718
51.4672
51.4592
51.4477
51.4331
51.4166
51.3997
51.384
51.37
51.3577
51.3463
51.3349
51.3224
51.3096
51.2985
51.2916
51.2921
51.3007
51.3178
51.3444
51.3803
51.4238
51.4734
51.5289
51.5905
51.6586
51.7357
51.823
51.9185
52.0188
52.1205
52.2213
52.3198
52.416
52.5091
52.5978
52.6812
52.7597
52.8345
52.9054
52.9716
53.0326
53.0865
53.1305
53.1616
53.1766
53.1735
53.1628
53.1615
53.1795
53.2173
53.2606
53.2931
53.3092
53.3175
53.3239
53.3049
53.2928
53.3692
53.4494
53.7116
53.7906
54.0665
54.1139
54.4115
54.4556
54.8526
55.07
55.6657
56.0033
56.665
57.0518
57.7621
58.1363
58.8097
59.1046
59.6757
59.8604
60.2919
60.3933
60.8215
60.8857
61.2404
61.2579
61.5881
61.641
62.043
62.1934
62.6797
62.8855
63.4124
63.6189
64.1902
64.4072
65.0128
65.1793
65.7625
65.8865
66.3975
66.4743
66.9013
66.9104
67.2409
67.2175
67.5397
67.5672
67.956
68.0558
68.4489
68.535
68.8746
68.971
69.3263
69.3773
69.816
69.8343
70.3675
70.2637
70.9221
70.6724
71.4011
70.9508
71.8205
71.2252
72.0651
71.4505
72.2379
71.6052
72.2925
71.6425
72.2255
71.6886
72.1884
71.6599
72.3074
71.6649
72.2651
71.6472
72.1366
71.4411
71.9246
71.159
71.5991
70.7777
71.2021
70.4585
70.7671
70.0519
70.0797
69.3521
69.1663
68.4168
68.1831
67.4109
67.0733
66.1564
65.6949
64.5695
64.1077
62.4593
62.8284
60.6365
61.6552
59.5494
58.9251
56.6404
55.063
52.9067
50.9867
48.9455
46.9278
44.7963
42.67
37.6963
27.6076
19.2787
13.042
8.63852
5.82809
4.19392
3.2811
2.76217
2.40915
2.17115
1.93543
1.72001
1.51377
1.31637
1.10569
0.976914
0.723216
0.409152
0.149125
92.688
80.2147
72.7231
69.1064
67.128
65.6359
64.3395
63.1315
62.0103
60.921
59.8757
58.8333
57.8285
56.8322
55.8839
54.9626
54.0936
53.2735
52.4819
51.6406
51.2635
51.1895
51.157
51.1248
51.016
50.8187
50.6071
50.489
50.5098
50.6623
50.8952
51.1439
51.3277
51.3962
51.3173
51.0912
50.8311
50.7166
50.8404
51.016
51.2635
51.2643
51.289
51.11
50.7214
50.2355
49.7391
49.2773
48.8747
48.5413
48.267
48.0633
47.9398
47.8756
47.8231
47.8038
47.8152
47.8123
47.8062
47.8181
47.8525
47.9044
47.9008
47.8309
47.7106
47.5372
47.3727
47.2793
47.2573
47.2373
47.1561
47.0284
46.8965
46.8147
46.8099
46.8595
46.9225
46.9869
47.0471
47.081
47.1044
47.1677
47.2239
47.2853
47.3931
47.4401
47.4218
47.3991
47.4114
47.5033
47.7152
48.0183
48.3563
48.6761
48.9593
49.187
49.3546
49.4712
49.5997
49.7739
50.0273
50.331
50.6303
50.9444
51.2642
51.5895
51.8979
52.2358
52.641
53.09
53.59
54.1045
54.6044
55.0565
55.4646
55.8282
56.1426
56.4343
56.7187
57.0187
57.3344
57.6738
58.0458
58.4303
58.7987
59.1367
59.4828
59.8603
60.2666
60.6842
61.0845
61.4462
61.7519
61.9891
62.1659
62.2953
62.4072
62.5295
62.6944
62.9006
63.1236
63.346
63.5724
63.8083
64.0462
64.2784
64.5001
64.7138
64.9262
65.1441
65.3683
65.5975
65.8311
66.0757
66.3284
66.5834
66.8477
67.1239
67.4065
67.691
67.9748
68.254
68.5165
68.7592
68.9837
69.1799
69.3358
69.457
69.5602
69.6596
69.7706
69.9011
70.0535
70.226
70.4168
70.6216
70.8308
71.0354
71.2333
71.4294
71.6295
71.8358
72.0491
72.2728
72.5089
72.7556
73.009
73.2613
73.5052
73.7328
73.9378
74.1125
74.2525
74.3535
74.4194
74.4538
74.4641
74.4533
74.4287
74.3919
74.3471
74.2962
74.2429
74.1887
74.1379
74.0938
74.0623
74.0451
74.0397
74.0403
74.0461
74.0516
74.0567
74.0664
74.0844
74.1111
74.1505
74.2033
74.2741
74.3706
74.4983
74.6553
74.8364
75.0296
75.2209
75.4042
75.5804
75.751
75.9173
76.1038
76.3259
76.5789
76.8544
77.1621
77.53
77.9673
78.4471
78.8842
79.1852
79.2952
79.2952
79.2132
79.0624
78.8073
78.5036
78.2317
77.9923
77.8334
77.6429
77.4986
77.2654
76.9195
76.4459
75.6348
74.5722
72.5805
70.1753
65.3784
58.3679
45.109
-41.6005
-2.92788
-6.15188
-0.884088
-1.89532
0.136434
0.405045
1.5723
1.92669
2.46238
2.59706
2.68224
2.62766
2.50912
2.24057
2.083
1.82041
1.41388
0.920256
0.563485
)
;
    }
    frontAndBack
    {
        type            empty;
    }
}


// ************************************************************************* //
