/*--------------------------------*- C++ -*----------------------------------*\
| =========                 |                                                 |
| \\      /  F ield         | OpenFOAM: The Open Source CFD Toolbox           |
|  \\    /   O peration     | Version:  2.4.0                                 |
|   \\  /    A nd           | Web:      www.OpenFOAM.org                      |
|    \\/     M anipulation  |                                                 |
\*---------------------------------------------------------------------------*/
FoamFile
{
    version     2.0;
    format      ascii;
    class       volScalarField;
    location    "0.55";
    object      k;
}
// * * * * * * * * * * * * * * * * * * * * * * * * * * * * * * * * * * * * * //

dimensions      [0 2 -2 0 0 0 0];

internalField   nonuniform List<scalar> 
8800
(
8.12436
10.2658
8.79522
6.81584
5.71442
4.96027
4.5398
4.13264
3.92417
3.65789
3.55212
3.36179
3.299
3.15472
3.10367
2.97994
2.92228
2.7999
2.74136
2.54289
1.40666
4.3514
5.32161
5.28638
5.13218
4.7985
4.58772
4.27702
4.12739
3.87611
3.77799
3.58423
3.5193
3.37464
3.32868
3.21394
3.17465
3.07515
3.01307
2.96348
0.0845221
0.730772
1.56744
1.93629
2.28277
2.43107
2.57772
2.59782
2.62679
2.59849
2.58809
2.54063
2.52475
2.47243
2.45943
2.41281
2.40669
2.36552
2.35268
2.30962
0.00335387
0.0699678
0.26181
0.413132
0.588415
0.702339
0.834103
0.927268
1.03197
1.08683
1.16722
1.20668
1.26269
1.29755
1.33803
1.36282
1.40846
1.42586
1.4651
1.46555
0.000122704
0.00496392
0.0232027
0.0520677
0.0857862
0.128741
0.156813
0.209173
0.242689
0.28708
0.314711
0.361782
0.383938
0.430858
0.452536
0.49903
0.523161
0.577269
0.602049
0.65758
2.49606e-05
0.00031254
0.00147966
0.00434751
0.00703218
0.0131586
0.0172925
0.0271453
0.0329626
0.0450747
0.0511643
0.0646116
0.0710551
0.0860117
0.0932334
0.109896
0.118495
0.140369
0.150068
0.175469
2.15307e-05
4.38071e-05
0.0001178
0.000324285
0.00049334
0.000907981
0.00122876
0.00208697
0.00266515
0.00398585
0.00469386
0.00641347
0.00732731
0.00955251
0.0108034
0.0135895
0.0152188
0.0193463
0.021488
0.0267667
2.09148e-05
3.34485e-05
5.71116e-05
6.425e-05
7.68557e-05
0.000121151
0.000142317
0.00019216
0.00022174
0.000293354
0.000335333
0.000434966
0.00048964
0.000657893
0.000782833
0.000935206
0.00107296
0.00147191
0.00178757
0.00203296
2.07574e-05
2.79354e-05
5.37615e-05
6.29945e-05
6.06118e-05
6.22463e-05
6.88355e-05
8.30469e-05
9.06093e-05
9.48529e-05
9.93636e-05
9.91825e-05
9.93003e-05
0.000102661
0.000114501
0.00011951
0.000124384
0.000144395
0.000154903
0.000175131
2.05371e-05
2.65446e-05
4.38841e-05
6.98474e-05
7.06855e-05
6.68319e-05
6.16897e-05
6.19511e-05
6.87283e-05
7.48319e-05
7.78058e-05
8.04662e-05
8.05654e-05
8.11873e-05
8.21365e-05
8.2432e-05
8.15897e-05
8.13625e-05
8.1437e-05
8.5145e-05
2.06503e-05
2.94115e-05
3.62521e-05
5.13926e-05
6.78108e-05
7.34308e-05
7.3542e-05
7.23671e-05
7.03382e-05
7.0773e-05
7.3818e-05
7.65409e-05
7.95034e-05
7.94542e-05
7.89211e-05
7.8954e-05
7.98077e-05
8.32436e-05
8.52601e-05
8.9266e-05
2.07147e-05
2.73667e-05
4.82774e-05
6.67513e-05
6.62946e-05
6.48892e-05
6.68214e-05
7.75052e-05
8.60598e-05
9.02446e-05
9.06064e-05
9.35833e-05
9.63806e-05
0.00010426
0.000111198
0.000128475
0.000139075
0.000161177
0.000178792
0.000204921
2.11161e-05
3.10912e-05
5.01417e-05
7.08901e-05
8.54102e-05
0.000121243
0.000140097
0.000182862
0.000209826
0.000272578
0.000315247
0.000435163
0.000508372
0.000704516
0.00082103
0.00107969
0.00123074
0.00162329
0.0019416
0.00270763
2.16742e-05
4.35448e-05
0.000116976
0.000346717
0.000520515
0.000930142
0.00124069
0.0020263
0.00255352
0.00377898
0.0045678
0.00650367
0.00750216
0.00995951
0.0113638
0.0145136
0.0162317
0.0205826
0.0234899
0.031445
2.4904e-05
0.000306412
0.00143579
0.00461401
0.00736506
0.0132288
0.0171933
0.0267663
0.0323878
0.0441949
0.0507713
0.0656296
0.0722326
0.0876708
0.0955484
0.113341
0.122319
0.145189
0.158128
0.193448
0.000123415
0.00491808
0.021755
0.054881
0.0880224
0.127538
0.154844
0.210659
0.240272
0.285776
0.314484
0.366626
0.386993
0.434222
0.457343
0.508556
0.531313
0.590927
0.620661
0.695559
0.00335963
0.06946
0.259137
0.419237
0.589052
0.700858
0.831035
0.934739
1.02339
1.08959
1.16281
1.22395
1.2524
1.3099
1.33709
1.38463
1.4041
1.45827
1.4809
1.52719
0.0844803
0.72692
1.56752
1.94017
2.28546
2.42598
2.58157
2.59686
2.62572
2.59787
2.59025
2.54386
2.52588
2.47457
2.4625
2.42022
2.40959
2.38312
2.37156
2.33901
1.40532
4.34893
5.32367
5.28744
5.13291
4.79626
4.58987
4.27174
4.13266
3.87141
3.77851
3.57613
3.5212
3.36413
3.32647
3.19828
3.16779
3.04532
3.00485
2.90092
8.12062
10.2639
8.7988
6.81383
5.7149
4.95946
4.54003
4.12664
3.92883
3.65027
3.55343
3.3436
3.30042
3.12903
3.09584
2.9307
2.89705
2.71485
2.64897
2.43334
1.7695
1.27972
0.988458
0.815785
0.725684
0.680751
0.652116
0.630195
0.612539
0.598943
0.588215
0.580105
0.57104
0.563448
0.552123
0.543174
0.530332
0.522186
0.508433
0.499814
0.485391
0.474967
0.459932
0.44846
0.43488
0.425153
0.415771
0.411143
0.407566
0.406232
0.405836
0.406261
0.406249
0.4075
0.407652
0.410315
0.411119
0.415778
0.417652
0.423521
0.426539
0.429962
0.430145
0.42825
0.423523
0.419254
0.412688
0.398406
0.382663
0.365381
0.348267
0.33111
0.312268
0.301447
0.28177
0.269193
0.247307
0.22521
0.19914
0.169686
0.138321
0.114294
0.092511
0.0797897
0.0725152
0.0730816
0.0745083
0.0775007
0.0805872
0.0829346
0.0839285
0.0840067
0.0835074
0.0829912
0.0830904
0.083847
0.0861864
0.0950715
0.104578
0.124228
0.140357
0.163468
0.175882
0.195341
0.208654
0.219167
0.227623
0.233407
0.237633
0.238707
0.239344
0.238026
0.234137
0.225381
0.206936
0.198691
0.180432
0.1751
0.164241
0.162954
0.158889
0.159803
0.157307
0.160032
0.157299
0.160525
0.158144
0.160648
0.157632
0.160137
0.156516
0.159861
0.157357
0.161813
0.162255
0.170175
0.172716
0.184329
0.183205
0.184088
0.179489
0.174446
0.158652
0.141757
0.111026
0.0812886
0.0548374
0.0365198
0.022273
0.0169645
0.0128332
0.0100849
0.00878774
0.0086105
0.00785579
0.00706148
0.0067226
0.00644005
0.00613793
0.00611836
0.00643448
0.00689368
0.00711597
0.00826731
0.00952602
0.00957799
0.0095757
0.0113236
0.0140917
0.0145598
0.0140882
0.0142423
0.0155623
0.020447
0.0436379
0.142722
0.263299
0.336863
0.371657
0.379256
0.378081
0.367101
0.355631
0.335315
0.285476
0.220953
0.202114
0.202935
0.217994
0.23949
0.238947
0.233366
0.214874
0.163577
0.15099
0.122011
0.134201
0.120159
0.135612
0.123796
0.129074
0.123479
0.121091
0.119268
0.11093
0.108795
0.0993225
0.0975354
0.0903721
0.0865469
0.0854501
0.0858323
0.0881105
0.0935654
0.0951982
0.0999537
0.101088
0.114467
0.142813
0.66022
2.49493
2.03365
1.70757
1.47201
1.29772
1.16648
1.06674
0.992874
0.932425
0.887165
0.846428
0.816631
0.785832
0.763042
0.738419
0.720574
0.701027
0.687319
0.671945
0.661712
0.647888
0.639642
0.62558
0.617643
0.603707
0.596209
0.583404
0.576822
0.565925
0.561647
0.553117
0.549932
0.543221
0.540466
0.534403
0.531725
0.526059
0.523106
0.519155
0.51549
0.513257
0.511179
0.508776
0.507384
0.504444
0.502995
0.499599
0.497283
0.491312
0.487465
0.478631
0.474447
0.462795
0.456829
0.446481
0.44032
0.430583
0.419712
0.410152
0.393908
0.371226
0.348142
0.312604
0.275787
0.237918
0.205434
0.173717
0.154529
0.142607
0.133575
0.130794
0.130632
0.132073
0.136009
0.145361
0.160916
0.181789
0.199489
0.22953
0.249922
0.27353
0.288015
0.306728
0.312637
0.324035
0.327472
0.33158
0.330949
0.332329
0.331055
0.331227
0.330259
0.328162
0.326833
0.323041
0.317952
0.314036
0.305712
0.301254
0.289121
0.283345
0.266614
0.259188
0.242517
0.236922
0.22623
0.224027
0.217027
0.216037
0.211318
0.211732
0.212525
0.213608
0.213699
0.213223
0.211835
0.205974
0.20448
0.194985
0.188548
0.169524
0.155554
0.118368
0.0883107
0.0546638
0.035299
0.0245299
0.0169822
0.0116057
0.00978185
0.00766275
0.00635804
0.00631678
0.0061835
0.00580025
0.00552664
0.00547084
0.0051236
0.00484547
0.0048663
0.00499713
0.00513042
0.00539196
0.00686456
0.00750913
0.00747855
0.00775972
0.0111994
0.0127784
0.0123406
0.0118294
0.0124394
0.015563
0.025374
0.0927553
0.230766
0.337316
0.385283
0.39267
0.390445
0.370393
0.347788
0.337188
0.330044
0.315462
0.290507
0.232137
0.208009
0.20312
0.209893
0.231547
0.22902
0.233353
0.20432
0.199709
0.163044
0.159578
0.143737
0.138732
0.135814
0.127438
0.125667
0.117181
0.114525
0.109238
0.100861
0.0961658
0.0861568
0.085128
0.0814327
0.0836692
0.0827039
0.0874573
0.088186
0.0934012
0.0929328
0.0977086
0.0991915
0.108875
0.224783
2.05818
1.79611
1.5905
1.43155
1.30526
1.19987
1.10613
1.0324
0.961827
0.910538
0.861151
0.826678
0.794263
0.768298
0.742991
0.721851
0.698479
0.68193
0.660167
0.647945
0.630664
0.622277
0.608807
0.602181
0.590317
0.584521
0.573375
0.567102
0.557613
0.551628
0.544022
0.538127
0.532099
0.527682
0.521642
0.51896
0.512472
0.509533
0.503438
0.500544
0.493914
0.491127
0.485429
0.482921
0.477487
0.475398
0.470863
0.469251
0.465323
0.463577
0.460176
0.459262
0.457695
0.457407
0.458182
0.458817
0.461042
0.462297
0.46358
0.464259
0.46338
0.458938
0.454404
0.44178
0.432101
0.410376
0.396933
0.368286
0.3542
0.329975
0.319366
0.308579
0.30653
0.307225
0.311978
0.316536
0.326127
0.331198
0.341225
0.346618
0.349897
0.352881
0.353021
0.352305
0.351305
0.348174
0.345212
0.338645
0.335296
0.331466
0.326005
0.321046
0.317951
0.31396
0.313842
0.310011
0.310246
0.305158
0.306736
0.301454
0.303463
0.296639
0.299045
0.291195
0.29239
0.283359
0.284144
0.273557
0.27438
0.263186
0.262466
0.249987
0.247595
0.23301
0.228372
0.212774
0.202551
0.182838
0.162275
0.132172
0.105248
0.0734833
0.0463116
0.0323211
0.0204669
0.0148142
0.0123046
0.00881557
0.00753774
0.00658656
0.00524147
0.00490499
0.00511901
0.00488972
0.00485679
0.00488185
0.00482618
0.0044422
0.00435904
0.0043962
0.00440201
0.00445381
0.00510253
0.00588535
0.00613722
0.00625054
0.00751529
0.0102138
0.0102205
0.0097731
0.00989482
0.0116469
0.0168768
0.0351278
0.160034
0.29962
0.390821
0.40729
0.403233
0.373672
0.322787
0.280834
0.267743
0.271806
0.282342
0.278997
0.267578
0.22707
0.208486
0.197454
0.213725
0.217233
0.230726
0.220786
0.215642
0.19669
0.175574
0.160085
0.144803
0.138125
0.133784
0.124492
0.120774
0.111453
0.108612
0.0999051
0.0980851
0.0912331
0.0929332
0.0900306
0.0932724
0.0905344
0.0941966
0.0918259
0.10067
0.100985
0.118081
0.124503
0.136802
0.16677
1.36187
1.23742
1.12126
1.03539
0.965666
0.911158
0.85025
0.807144
0.753622
0.714372
0.673426
0.640762
0.617117
0.594754
0.577944
0.564647
0.545176
0.535278
0.513922
0.502626
0.485897
0.474848
0.464139
0.454037
0.448513
0.440954
0.434079
0.430178
0.420311
0.415862
0.407574
0.401708
0.394642
0.389754
0.384619
0.381475
0.376649
0.374977
0.371164
0.369289
0.365012
0.363058
0.358802
0.35551
0.351478
0.348712
0.345006
0.34259
0.340822
0.338958
0.338432
0.337974
0.338534
0.339501
0.342674
0.347148
0.352065
0.363977
0.373646
0.384468
0.399452
0.405017
0.416018
0.420363
0.421861
0.420887
0.419003
0.415852
0.407876
0.404366
0.395281
0.39193
0.384411
0.381595
0.374907
0.373161
0.367348
0.365052
0.357018
0.352661
0.342211
0.33454
0.323837
0.311658
0.298746
0.285485
0.274555
0.25934
0.249658
0.237107
0.227558
0.220416
0.210942
0.203003
0.200139
0.195656
0.194368
0.190386
0.18942
0.18807
0.188937
0.18789
0.188715
0.187204
0.188054
0.184789
0.184585
0.179565
0.177482
0.170655
0.166672
0.15252
0.146836
0.131361
0.119222
0.104539
0.0842702
0.0689375
0.0530222
0.0395576
0.0291601
0.0211055
0.0143528
0.0114513
0.00806248
0.00729653
0.00655268
0.00536815
0.00511475
0.00462843
0.00418592
0.00418931
0.00413656
0.00390253
0.00384038
0.0039141
0.0037957
0.00378381
0.0037817
0.00402245
0.00405564
0.00442546
0.0047306
0.00514963
0.00516704
0.00565063
0.00748717
0.00882045
0.00851518
0.00851052
0.00911322
0.0132747
0.0230356
0.0596565
0.249061
0.371368
0.426815
0.422374
0.398793
0.321374
0.265833
0.223281
0.206164
0.205964
0.211612
0.235836
0.249147
0.235903
0.223502
0.196583
0.197295
0.197864
0.214102
0.215074
0.212722
0.202199
0.192143
0.170492
0.161866
0.144041
0.139654
0.127871
0.123925
0.114538
0.111955
0.104899
0.104578
0.101005
0.104459
0.103213
0.108179
0.108411
0.111008
0.117883
0.119967
0.133242
0.133279
0.151006
0.154196
0.18526
0.626011
0.583557
0.537283
0.497071
0.476007
0.458984
0.440598
0.428353
0.405569
0.387113
0.364379
0.341844
0.327073
0.313416
0.305684
0.302497
0.297487
0.295588
0.290546
0.284732
0.276271
0.265308
0.257934
0.248178
0.242619
0.238759
0.234879
0.233752
0.231861
0.230654
0.228698
0.224416
0.219868
0.214181
0.208177
0.203961
0.198616
0.19641
0.193813
0.192678
0.19189
0.190904
0.190487
0.188953
0.186765
0.184752
0.18196
0.179929
0.178676
0.178103
0.177967
0.178369
0.179116
0.180777
0.182188
0.186083
0.189195
0.196239
0.201834
0.213446
0.224759
0.242551
0.25424
0.275298
0.286011
0.306617
0.314049
0.328399
0.331231
0.33687
0.336085
0.334688
0.330323
0.326208
0.316368
0.3099
0.295968
0.284137
0.272718
0.252908
0.242905
0.222492
0.206948
0.191177
0.171159
0.157858
0.139795
0.127897
0.113954
0.104945
0.0932308
0.0889563
0.0804938
0.0775425
0.0724637
0.0707058
0.0682594
0.0668574
0.0652419
0.0646635
0.0634723
0.0633646
0.0625761
0.0622362
0.0620522
0.0604506
0.0595358
0.0578369
0.0539731
0.0523109
0.0482221
0.0436433
0.0401028
0.0337121
0.0298016
0.0252595
0.0195423
0.0170473
0.0121887
0.0104758
0.00746635
0.00661375
0.00492313
0.00471856
0.00401458
0.00413032
0.00382884
0.00384213
0.00391389
0.00391796
0.00386603
0.00387417
0.00378942
0.00366119
0.00344492
0.00352013
0.00346808
0.00354661
0.00351809
0.0038234
0.00379172
0.00420475
0.0041931
0.00445502
0.00443321
0.00524311
0.00602716
0.00695571
0.00680552
0.00707972
0.00842964
0.0148935
0.0290793
0.0839372
0.299758
0.408434
0.443969
0.432029
0.372341
0.28119
0.230629
0.19396
0.180353
0.173715
0.177031
0.181417
0.206568
0.217267
0.216012
0.199984
0.185409
0.182585
0.185023
0.197356
0.201567
0.198927
0.192495
0.178755
0.171511
0.154769
0.14917
0.137528
0.135058
0.130015
0.128907
0.124949
0.125997
0.1275
0.127161
0.133743
0.131507
0.142476
0.134232
0.147713
0.135907
0.150783
0.143742
0.161951
0.151275
0.162794
0.170646
0.162507
0.154088
0.143453
0.13966
0.137308
0.136032
0.135651
0.13301
0.128653
0.121483
0.113017
0.106206
0.100127
0.09756
0.0971048
0.0972352
0.0990393
0.100117
0.100854
0.100932
0.0986899
0.0952588
0.0898561
0.0859998
0.0829171
0.080831
0.0805474
0.0804469
0.0808738
0.0815618
0.0817724
0.0818617
0.081496
0.0790065
0.0764251
0.0732018
0.0709399
0.0691754
0.0676618
0.0672333
0.0665607
0.0665116
0.0664098
0.0660631
0.0658901
0.0650388
0.06434
0.0638683
0.0637661
0.0637794
0.0640085
0.0647258
0.0653019
0.0667675
0.0683236
0.0700316
0.0729727
0.0757247
0.0804905
0.0861703
0.0932548
0.101295
0.110066
0.120227
0.128533
0.137702
0.145378
0.152224
0.157129
0.161341
0.161068
0.160004
0.155867
0.151734
0.144169
0.135747
0.127679
0.117833
0.1069
0.097349
0.0863682
0.0763288
0.0683566
0.058591
0.0524359
0.0449877
0.0396732
0.0350475
0.0305429
0.0278644
0.0248964
0.0229309
0.0214474
0.0196155
0.0188779
0.0180644
0.0168268
0.0164445
0.015511
0.0150176
0.0147966
0.0140972
0.013837
0.013718
0.0130793
0.0128244
0.0122524
0.011523
0.0111192
0.00974121
0.00908089
0.00799394
0.00692711
0.00604191
0.00510506
0.00424208
0.00373981
0.00294766
0.00278611
0.00234527
0.00232426
0.00227515
0.00240429
0.00238034
0.0025567
0.00254756
0.00263731
0.00329732
0.00379265
0.00419187
0.00426306
0.00428139
0.0040258
0.00386939
0.00383617
0.00369631
0.00368559
0.00372047
0.00387313
0.00384444
0.00409504
0.00408073
0.00421388
0.00433604
0.00512879
0.00553856
0.00594543
0.00641175
0.00717728
0.00941705
0.0171429
0.0367011
0.110157
0.385858
0.44884
0.466896
0.438072
0.347786
0.260363
0.21268
0.181211
0.17741
0.167392
0.166849
0.163527
0.166696
0.181751
0.197966
0.19502
0.182086
0.171891
0.168429
0.172696
0.176124
0.18709
0.18672
0.180979
0.176003
0.170143
0.161119
0.155918
0.14978
0.145528
0.141583
0.139066
0.134693
0.137262
0.132369
0.141079
0.132865
0.14211
0.131907
0.128154
0.117226
0.113469
0.104975
0.108915
0.107161
0.11293
0.0262216
0.0251535
0.0239284
0.0229133
0.0228947
0.0232212
0.0239085
0.0246715
0.024839
0.0248336
0.0241264
0.0220229
0.0202651
0.0187407
0.0180403
0.017814
0.0178473
0.0188638
0.0200715
0.0212734
0.021992
0.0221745
0.0221312
0.0208698
0.0194297
0.0181497
0.0172012
0.0168742
0.0167368
0.017076
0.018169
0.0191346
0.0198691
0.0202289
0.0202852
0.0199274
0.0186457
0.0175022
0.0165073
0.0158991
0.0156792
0.0155993
0.0157415
0.0160474
0.0163806
0.0166782
0.0167106
0.0166954
0.0165974
0.0165965
0.0166091
0.0166896
0.0170769
0.0174388
0.0183026
0.0189132
0.0200617
0.0210566
0.022207
0.0236037
0.0260182
0.0274947
0.0307325
0.033121
0.0373359
0.0399485
0.0439846
0.0471031
0.0496318
0.0519955
0.053662
0.0537157
0.0533624
0.0521516
0.0500441
0.0473765
0.043362
0.0397887
0.0358157
0.0318735
0.0282768
0.0250141
0.0218418
0.0193338
0.0167238
0.0145632
0.0125624
0.0108263
0.00918803
0.00804266
0.00696805
0.0060877
0.00560762
0.00506477
0.0047047
0.00455941
0.00420444
0.00402127
0.00388887
0.00351119
0.00339315
0.00318583
0.00302032
0.00295535
0.00281646
0.00267995
0.00266874
0.00248916
0.00239534
0.0022468
0.00210482
0.00188803
0.00167396
0.00151205
0.00134196
0.00119606
0.00109534
0.00106008
0.00107777
0.00119602
0.00127935
0.00141028
0.00166711
0.00179957
0.00193889
0.00211045
0.00211929
0.00219681
0.00304291
0.00380538
0.00426198
0.00457518
0.00456389
0.00432474
0.00432314
0.00445854
0.00434678
0.00443924
0.00465107
0.00461122
0.00455376
0.00478953
0.00476943
0.00490435
0.00508301
0.00605465
0.00645787
0.00737232
0.00911544
0.0125249
0.0155496
0.0276306
0.0660068
0.173644
0.432206
0.468248
0.475708
0.434843
0.332923
0.248704
0.205173
0.176735
0.183898
0.178844
0.181308
0.169536
0.159925
0.159343
0.162667
0.180246
0.176873
0.167222
0.15846
0.157135
0.158073
0.161798
0.172091
0.173609
0.171959
0.168355
0.161204
0.153875
0.150726
0.144371
0.138368
0.137561
0.128654
0.129078
0.12107
0.121163
0.115401
0.107159
0.0968508
0.0882568
0.0837472
0.0786712
0.0773534
0.0782536
0.0776382
0.078719
0.0019728
0.00186715
0.00183754
0.00182771
0.00195452
0.0021493
0.00230913
0.00243706
0.00247023
0.00247568
0.00236576
0.00213898
0.00195536
0.00180158
0.00172187
0.00169159
0.00168688
0.00181204
0.00200388
0.00226328
0.00241168
0.00246135
0.00246663
0.00231848
0.00214855
0.00201788
0.00191281
0.0018703
0.00185064
0.00189001
0.00210588
0.00230765
0.00249113
0.00255592
0.00256287
0.00249498
0.00232879
0.00222592
0.00214155
0.00210604
0.00210029
0.00209829
0.00214304
0.00219783
0.00223937
0.00228532
0.00229086
0.00230212
0.00231676
0.00235459
0.00246535
0.00255327
0.00279173
0.00293177
0.00318188
0.00344718
0.00363887
0.00407318
0.00433769
0.00477601
0.00523279
0.00579138
0.00671332
0.00740494
0.00865694
0.00982092
0.0111074
0.0122227
0.0132078
0.0142809
0.0147979
0.0148268
0.0146781
0.0142627
0.0132128
0.0122154
0.0107467
0.0096495
0.00856138
0.00752514
0.00681546
0.00599265
0.00535057
0.00474769
0.00408283
0.003516
0.00301039
0.00246426
0.00211231
0.00174569
0.0014985
0.00130372
0.00118423
0.00107656
0.0010389
0.000991333
0.000940691
0.000913556
0.00085315
0.00076592
0.000736743
0.000659749
0.000623972
0.000622115
0.000616799
0.000626169
0.000656509
0.000661865
0.000681816
0.000692162
0.000691229
0.000661898
0.000642712
0.000624075
0.000625798
0.000638973
0.000691267
0.000741089
0.000926196
0.00113493
0.00130899
0.00170769
0.00197889
0.00207845
0.0024731
0.00263252
0.00263262
0.00281826
0.00413462
0.00512878
0.00589449
0.00637892
0.00595239
0.00580185
0.00569868
0.00577634
0.0056997
0.00616223
0.0064996
0.00634768
0.00622093
0.00625465
0.00616707
0.00577784
0.00579907
0.00628949
0.00748305
0.0083748
0.0100887
0.0130081
0.0155224
0.0268588
0.0575686
0.18783
0.435008
0.479763
0.481119
0.421622
0.311933
0.235494
0.201249
0.176333
0.190862
0.194394
0.220836
0.202346
0.178657
0.159611
0.155004
0.155356
0.163875
0.160906
0.158386
0.15056
0.149596
0.148472
0.14994
0.153216
0.156946
0.156578
0.154862
0.148968
0.144541
0.141155
0.131679
0.129794
0.122785
0.119438
0.10965
0.104398
0.0996005
0.0879094
0.0825889
0.078273
0.0751464
0.07585
0.0750621
0.0759063
0.0762708
0.0840829
0.000182526
0.000178599
0.000178316
0.000175535
0.000174892
0.000181251
0.000192686
0.000201294
0.000205117
0.000207468
0.000210617
0.000210156
0.000205525
0.000193008
0.000184285
0.000179691
0.00017925
0.000180805
0.000181303
0.0001815
0.000181574
0.000188079
0.00020302
0.000212714
0.000215323
0.000213849
0.000204084
0.000198905
0.000197285
0.000200003
0.000204362
0.000206847
0.000210718
0.000222756
0.000240744
0.000259005
0.000266847
0.000268631
0.000260983
0.000245682
0.000238527
0.000228151
0.000227549
0.000226076
0.000223571
0.000223955
0.000224939
0.000233427
0.000249379
0.000264375
0.000287697
0.000298232
0.000318071
0.000335731
0.000368683
0.00039788
0.000419888
0.000482133
0.000540756
0.000633247
0.00079021
0.000921532
0.00115053
0.00127894
0.00153075
0.00183254
0.00214125
0.00239329
0.0026547
0.00289993
0.00297111
0.00295876
0.00290447
0.00273203
0.00251745
0.00227629
0.00203151
0.00182951
0.00161143
0.00142583
0.00128562
0.00111932
0.00101486
0.000888857
0.000772525
0.000684203
0.000581795
0.000518638
0.000455832
0.000411388
0.000395899
0.000385724
0.000379158
0.000372666
0.000376453
0.00037432
0.000358299
0.000355778
0.000327464
0.00031295
0.000312897
0.000312622
0.000323592
0.000369145
0.000395075
0.000470911
0.000548525
0.000590827
0.000675119
0.000752054
0.000803454
0.000849932
0.000947171
0.00104041
0.0011293
0.00139287
0.00161476
0.00184793
0.00255816
0.00292759
0.00343203
0.00430341
0.0047004
0.00487275
0.00561519
0.0056549
0.00568704
0.00608853
0.00716914
0.00800471
0.00946045
0.00957241
0.00877023
0.00832364
0.00812637
0.00786243
0.00780679
0.00835574
0.00942481
0.00942834
0.0100772
0.0102255
0.0107689
0.0100948
0.00991355
0.0106308
0.0119437
0.0122829
0.0135444
0.0149245
0.0199692
0.0249722
0.0518741
0.248357
0.490615
0.515738
0.494725
0.388634
0.281183
0.216836
0.183646
0.165163
0.178753
0.188907
0.286769
0.265159
0.256147
0.185058
0.165643
0.152317
0.15569
0.153419
0.154634
0.14957
0.147398
0.140509
0.140258
0.137431
0.137008
0.136002
0.13614
0.133774
0.128957
0.126803
0.118758
0.114989
0.107733
0.10417
0.0985405
0.0905692
0.0863917
0.0809242
0.0769282
0.0770077
0.0766017
0.0765701
0.0783614
0.0830885
0.0922789
0.105825
8.48013e-05
8.5484e-05
9.04959e-05
9.4391e-05
9.43201e-05
9.34129e-05
9.35597e-05
9.4893e-05
9.88372e-05
0.000100666
0.000101322
0.000101389
0.000102514
0.000104402
0.000105463
0.000105348
0.000103296
0.000101838
0.00010199
0.000104187
0.000105839
0.00010566
0.000102645
0.000100449
0.000100225
0.000103204
0.000107155
0.000108672
0.000107645
0.000105026
0.000103903
0.000106166
0.000112227
0.000117038
0.000117681
0.000116524
0.000114142
0.000113825
0.000115107
0.000117536
0.000118224
0.000116726
0.00011358
0.000111683
0.000110872
0.000111059
0.00011125
0.000111084
0.00011095
0.00011149
0.000114593
0.000116441
0.000117251
0.000116568
0.000116036
0.000115974
0.000117146
0.000125969
0.000134328
0.000149069
0.000168942
0.00019658
0.000229875
0.000251673
0.000290184
0.000329273
0.000356283
0.000379624
0.000388185
0.0004137
0.000435091
0.000449556
0.000448486
0.000440252
0.00042229
0.000388897
0.000351517
0.000325447
0.000302638
0.00029336
0.000287613
0.000284675
0.000285158
0.000286985
0.000286654
0.000279858
0.000275109
0.000275745
0.00028033
0.000298879
0.00032276
0.000413166
0.000463166
0.000507017
0.000541043
0.000534193
0.000533605
0.000530629
0.000514744
0.000519012
0.000549345
0.000599624
0.000777235
0.00101422
0.00118887
0.00160277
0.00189094
0.00211634
0.00244031
0.00285204
0.00312319
0.00342171
0.00398779
0.00433945
0.00487763
0.00583135
0.00631469
0.00727375
0.0086292
0.00917795
0.0102741
0.0114111
0.0116359
0.0121381
0.0125304
0.0123069
0.0124065
0.0124785
0.012484
0.0129406
0.0143951
0.014247
0.0137584
0.0128337
0.011902
0.0108231
0.0107648
0.0109667
0.0116395
0.0116606
0.0129403
0.0134934
0.0150586
0.0143241
0.014993
0.0158474
0.0183172
0.0180795
0.0192364
0.0232335
0.034395
0.0384852
0.078039
0.386682
0.532829
0.545119
0.488073
0.340218
0.267318
0.202744
0.173859
0.153262
0.171315
0.178778
0.308143
0.30919
0.37542
0.272622
0.211014
0.163093
0.159346
0.153821
0.154435
0.149445
0.148872
0.141479
0.139917
0.135811
0.134011
0.128594
0.126275
0.121419
0.118082
0.114619
0.108834
0.102947
0.0992402
0.0934419
0.0909996
0.0856489
0.0812403
0.0797226
0.0794648
0.0814486
0.0826823
0.082434
0.0893547
0.102616
0.111445
0.117364
9.15592e-05
9.28666e-05
9.61418e-05
9.70588e-05
9.6883e-05
9.64629e-05
9.56371e-05
9.51249e-05
9.65631e-05
9.89009e-05
0.000105454
0.000109959
0.000113266
0.000117943
0.000118673
0.000119609
0.000119229
0.000115452
0.000109684
0.000105441
0.000104441
0.000105625
0.000112636
0.000122782
0.000130086
0.000139018
0.000144383
0.000149342
0.000151646
0.000151425
0.000145532
0.000133373
0.000124347
0.000119731
0.000118422
0.000119633
0.000124694
0.000132425
0.000138977
0.000144232
0.000147721
0.000148517
0.000147847
0.000141576
0.000133154
0.000127329
0.000124651
0.000124681
0.000131767
0.000141048
0.000149134
0.000154692
0.000158355
0.000160049
0.000159995
0.000154015
0.000144529
0.000136821
0.000132428
0.00013119
0.000131258
0.000136329
0.000144999
0.00015158
0.00015783
0.000159496
0.000161611
0.000161945
0.000162241
0.000164486
0.000165621
0.000171235
0.000174083
0.000175124
0.000176381
0.000177829
0.000181849
0.000191806
0.000220869
0.000250649
0.000307019
0.00035467
0.000397737
0.000466485
0.000493293
0.000536094
0.000590869
0.000638836
0.000858384
0.00104284
0.00131649
0.00165172
0.00179703
0.00200953
0.00212716
0.00214449
0.0021844
0.0022039
0.00222673
0.00233121
0.00261831
0.00291864
0.00386344
0.00453226
0.00533444
0.00663031
0.00741715
0.00816856
0.00967937
0.0108468
0.011695
0.0136328
0.0150002
0.0164505
0.0187561
0.0206145
0.0219857
0.0246484
0.0255272
0.0266112
0.027656
0.0277353
0.0271718
0.0270141
0.0265357
0.0253368
0.0248846
0.0236524
0.0221102
0.0219497
0.0220888
0.0216139
0.0211741
0.0198045
0.0179402
0.0163942
0.0166273
0.0169197
0.0171824
0.0173947
0.0200851
0.0214114
0.0230224
0.0222643
0.023886
0.0251147
0.0259893
0.0254146
0.0258388
0.0302308
0.0413635
0.0618192
0.119727
0.464828
0.539774
0.557646
0.467148
0.323964
0.262958
0.199254
0.174836
0.154809
0.183737
0.197428
0.329651
0.322014
0.466557
0.400277
0.320144
0.207333
0.174216
0.159639
0.159958
0.152585
0.152982
0.145215
0.142964
0.13736
0.134743
0.129122
0.126848
0.120006
0.116825
0.112045
0.10981
0.102385
0.0990293
0.0959184
0.0921754
0.086996
0.0845511
0.0858126
0.0867139
0.0888263
0.0893452
0.0894722
0.109665
0.130232
0.13329
0.130389
0.000235482
0.000243896
0.000242964
0.00024146
0.000237944
0.000236224
0.000238117
0.000243044
0.000263988
0.0002871
0.000351792
0.000415204
0.000470532
0.00050703
0.000505383
0.000504511
0.000487956
0.000462796
0.000446063
0.000422857
0.000421255
0.000417349
0.000417769
0.000436048
0.000486788
0.000577693
0.000623069
0.000664394
0.000679075
0.000675845
0.000669691
0.000636837
0.000605341
0.000579525
0.000547699
0.000539901
0.000532334
0.000542288
0.000612436
0.000677366
0.000737153
0.000757416
0.000764119
0.000763831
0.00074493
0.000715908
0.000691817
0.000676688
0.00067501
0.00069144
0.000720703
0.000751877
0.000765378
0.000774044
0.000771311
0.000723503
0.000641206
0.000558365
0.000487839
0.000437914
0.000405931
0.000397758
0.00039838
0.000422106
0.000457515
0.000484885
0.000511422
0.000520343
0.000517319
0.000494355
0.00045003
0.000430796
0.000427567
0.00043226
0.000454563
0.000508253
0.000630393
0.000914876
0.00115178
0.00143838
0.00173789
0.00197151
0.00224965
0.00252443
0.00267289
0.00295095
0.00325195
0.00369627
0.0046595
0.0051796
0.00609942
0.00682423
0.0071711
0.00775552
0.00801733
0.00818297
0.00856474
0.00890217
0.0092654
0.0103658
0.0114452
0.0130141
0.0157746
0.0173242
0.0200975
0.0236657
0.0255381
0.0291555
0.0330491
0.0365174
0.0412073
0.0457645
0.0499821
0.0560522
0.0597475
0.0637905
0.0678816
0.071008
0.0711197
0.0709297
0.0698307
0.0678893
0.0625036
0.0601825
0.0545189
0.0516786
0.0478445
0.0434868
0.0386126
0.0376342
0.0364173
0.0350987
0.0327399
0.0303706
0.0275098
0.0268133
0.0276171
0.0285782
0.0293998
0.0309653
0.0407086
0.0446821
0.0457877
0.0454655
0.049942
0.0498608
0.0446342
0.0386387
0.0377323
0.0408939
0.0480001
0.0664092
0.129871
0.495326
0.537427
0.560226
0.421593
0.325944
0.26084
0.233152
0.215182
0.224333
0.275587
0.460164
0.337082
0.308207
0.364293
0.450625
0.466541
0.33073
0.224925
0.180266
0.174397
0.160441
0.161722
0.154362
0.150908
0.143932
0.138266
0.132963
0.12946
0.121468
0.119177
0.113215
0.1112
0.104468
0.102063
0.0988333
0.0944381
0.0939714
0.0937176
0.0986676
0.101593
0.102874
0.103426
0.112748
0.142696
0.151732
0.147931
0.140532
0.00315733
0.00318886
0.00315107
0.00310517
0.00298968
0.00288979
0.00284292
0.00284641
0.00297324
0.00325661
0.00407389
0.00464313
0.00512059
0.00533899
0.00532131
0.00527331
0.00496976
0.00464631
0.00436364
0.00413319
0.00408815
0.00404903
0.00412395
0.00455128
0.00505353
0.00562868
0.00591006
0.0061169
0.00618467
0.00614496
0.00607918
0.00581561
0.00560408
0.00546219
0.0052947
0.00528436
0.00526192
0.00531158
0.00560259
0.00583287
0.00613201
0.00622334
0.00626465
0.00626849
0.00620776
0.00613745
0.00598089
0.00583716
0.00575319
0.00566024
0.00556228
0.00550824
0.0054244
0.00534769
0.00518502
0.00484537
0.0045759
0.0042333
0.0039534
0.00373824
0.00355971
0.00347824
0.00344413
0.00344712
0.00352032
0.00357771
0.00363353
0.00362068
0.00346882
0.00334323
0.00329922
0.00331729
0.00339357
0.00353865
0.00397809
0.00466819
0.00558966
0.00664984
0.00753437
0.00844584
0.0095318
0.0103912
0.0111005
0.0121368
0.012809
0.0141951
0.015939
0.0173162
0.0197059
0.0211348
0.0229037
0.0244253
0.0251598
0.0262725
0.0273761
0.0281046
0.0296051
0.0311654
0.0336461
0.0379998
0.0410531
0.0471916
0.0533502
0.0578821
0.0669981
0.074152
0.0810867
0.0915923
0.103547
0.111285
0.126953
0.137317
0.149235
0.158649
0.167344
0.174347
0.177765
0.177054
0.174902
0.169498
0.163121
0.152065
0.140018
0.12754
0.1155
0.105574
0.0928465
0.083018
0.0727774
0.06942
0.0620442
0.0580798
0.0520717
0.0494288
0.046917
0.0476045
0.0497551
0.0527644
0.0569774
0.0679214
0.0989066
0.105332
0.10971
0.120242
0.122662
0.118386
0.0978231
0.0709859
0.0626982
0.0604232
0.0576536
0.0688728
0.156006
0.499035
0.544297
0.545818
0.392349
0.34673
0.299255
0.344443
0.335007
0.433981
0.430309
0.368225
0.347515
0.275524
0.309147
0.384856
0.608025
0.476707
0.402187
0.247401
0.220267
0.18223
0.177817
0.167165
0.163876
0.159198
0.147817
0.144927
0.138798
0.131313
0.126558
0.118375
0.117687
0.111122
0.110339
0.111704
0.111899
0.115179
0.116404
0.121123
0.124051
0.12576
0.127482
0.143435
0.161778
0.165607
0.153169
0.147044
0.0329682
0.0328117
0.0321653
0.0316676
0.0301717
0.0291899
0.0287876
0.0288743
0.0296189
0.0311576
0.0343695
0.0362381
0.0374942
0.0377543
0.0374966
0.0367853
0.0344297
0.032963
0.0316516
0.0308425
0.0306867
0.0306609
0.0316838
0.0332526
0.0345034
0.0354645
0.0357459
0.0358362
0.0357571
0.0348344
0.0340901
0.0329461
0.0322345
0.0317995
0.031392
0.031424
0.0314242
0.0316564
0.0318892
0.0318443
0.0318573
0.031679
0.0314777
0.031074
0.0303519
0.0300703
0.0295263
0.0291154
0.0285997
0.0280144
0.0274704
0.0268343
0.0258493
0.0248081
0.023892
0.0226508
0.0218701
0.0209257
0.0201123
0.0196289
0.0190895
0.0189101
0.0186034
0.0184565
0.0183814
0.0180666
0.0176785
0.0171849
0.0170149
0.0170706
0.0172533
0.0177037
0.0188465
0.0197766
0.0225174
0.0245211
0.0271213
0.0303112
0.032275
0.0359876
0.0379074
0.0412004
0.0435764
0.0467789
0.0508065
0.0541591
0.0585361
0.0622153
0.0662578
0.0702467
0.0723328
0.0761218
0.0782899
0.0808328
0.0839489
0.0870182
0.0927113
0.0982388
0.107205
0.114753
0.127665
0.138438
0.150873
0.168716
0.183713
0.201078
0.223447
0.244751
0.270875
0.296283
0.320364
0.336852
0.354988
0.367081
0.372239
0.372044
0.370225
0.360786
0.352359
0.332375
0.318657
0.287951
0.271312
0.24027
0.225328
0.196609
0.17801
0.149382
0.137187
0.120756
0.108581
0.0982721
0.0911176
0.0864108
0.0854421
0.0873145
0.0919836
0.104063
0.124871
0.184695
0.218811
0.226679
0.224204
0.220761
0.212302
0.19188
0.172193
0.150975
0.133583
0.113706
0.0851314
0.0890212
0.177298
0.507462
0.566488
0.555635
0.388752
0.349262
0.327358
0.654702
0.447401
0.489239
0.969703
0.944271
0.687514
0.42794
0.361251
0.345305
0.455586
0.578442
0.577348
0.426067
0.388925
0.272929
0.231388
0.208013
0.191791
0.18604
0.170831
0.171245
0.161038
0.154908
0.151031
0.140419
0.139128
0.131538
0.1333
0.136012
0.138662
0.140443
0.140424
0.147283
0.150557
0.14892
0.14865
0.15757
0.16941
0.170124
0.151422
0.138582
0.191439
0.187839
0.180595
0.173884
0.165113
0.159686
0.154458
0.153743
0.154145
0.155536
0.157729
0.157867
0.157529
0.156038
0.151026
0.146138
0.139099
0.134692
0.130763
0.128524
0.127779
0.127561
0.127802
0.127944
0.12801
0.127953
0.127174
0.125289
0.122559
0.119481
0.117198
0.114524
0.11243
0.111332
0.110046
0.109722
0.109112
0.108879
0.108705
0.107773
0.107127
0.105639
0.104317
0.102413
0.100275
0.0993268
0.0971814
0.0958685
0.0943136
0.0922181
0.0909632
0.0883663
0.0858808
0.0832218
0.080875
0.0781796
0.0762984
0.074251
0.0728076
0.0716164
0.0704172
0.0698143
0.0688685
0.0683894
0.0672378
0.0661351
0.0660988
0.0661818
0.0665739
0.0681156
0.0698463
0.0732305
0.0779595
0.0814082
0.0891013
0.0939836
0.0994366
0.107962
0.112274
0.120314
0.12674
0.133573
0.142291
0.148626
0.157702
0.164202
0.171193
0.179094
0.183505
0.19101
0.19449
0.201214
0.20727
0.211093
0.221529
0.22838
0.238303
0.252411
0.262071
0.2859
0.301967
0.322552
0.351163
0.375186
0.400532
0.427589
0.451267
0.475294
0.492557
0.505893
0.517245
0.525202
0.528012
0.528602
0.52723
0.523683
0.514948
0.504774
0.484239
0.467511
0.439249
0.412188
0.382766
0.348478
0.317135
0.282603
0.254149
0.223305
0.205984
0.183597
0.168435
0.150545
0.14657
0.144093
0.145718
0.1516
0.171167
0.227281
0.281023
0.294344
0.284322
0.2749
0.255101
0.245865
0.225551
0.206724
0.190107
0.163154
0.136868
0.113082
0.0971264
0.107661
0.174571
0.512701
0.594137
0.617019
0.439933
0.41332
0.344536
0.989192
0.447546
1.74974
1.41152
1.82408
0.92586
0.414821
0.51647
0.422604
0.360642
0.450443
0.460713
0.449592
0.485319
0.397539
0.371542
0.3163
0.26254
0.255023
0.237168
0.237303
0.223711
0.219462
0.207992
0.200379
0.19522
0.176302
0.172164
0.168874
0.16336
0.16062
0.16429
0.168657
0.167644
0.15601
0.148562
0.148438
0.154944
0.156177
0.142999
0.129653
0.669885
0.635376
0.594564
0.558168
0.522943
0.5009
0.479074
0.467714
0.45657
0.446352
0.437265
0.422786
0.409748
0.393207
0.377731
0.363968
0.350977
0.342397
0.33471
0.330445
0.326723
0.32369
0.320492
0.315791
0.310739
0.304461
0.298683
0.29223
0.286867
0.281938
0.27835
0.275374
0.272747
0.271421
0.269179
0.268233
0.266005
0.26429
0.262735
0.25957
0.258012
0.254754
0.252899
0.249898
0.247414
0.245379
0.241832
0.240007
0.236611
0.233259
0.230785
0.226473
0.223519
0.220269
0.217072
0.213826
0.211474
0.208548
0.205534
0.203364
0.201152
0.198731
0.19654
0.196256
0.196302
0.196662
0.198733
0.201256
0.2052
0.211667
0.216016
0.225109
0.23079
0.24009
0.249991
0.255618
0.2684
0.279502
0.287065
0.302621
0.311437
0.324797
0.334726
0.342603
0.353679
0.35813
0.364161
0.370831
0.373728
0.38023
0.3842
0.392514
0.398913
0.404971
0.417312
0.428258
0.437587
0.450586
0.47096
0.485256
0.496759
0.514196
0.523918
0.534363
0.547159
0.551668
0.557943
0.567573
0.569007
0.571171
0.574564
0.574289
0.573917
0.573357
0.570583
0.563003
0.547744
0.538209
0.51702
0.494283
0.467751
0.445948
0.410293
0.382439
0.345972
0.323524
0.291985
0.270437
0.243548
0.223268
0.206082
0.200678
0.200205
0.204462
0.220781
0.272035
0.323646
0.331796
0.327477
0.29732
0.269603
0.256327
0.227523
0.204028
0.190586
0.193859
0.190797
0.175106
0.13552
0.108349
0.0995243
0.113261
0.171123
0.445091
0.628248
0.659024
0.477448
0.478363
0.344835
0.39064
0.542759
1.06487
0.863136
1.31611
0.401054
0.395313
1.29193
0.471258
0.244148
0.386547
0.379941
0.377752
0.43718
0.425405
0.399439
0.358153
0.350794
0.329909
0.316487
0.301077
0.278221
0.269469
0.251974
0.24704
0.231202
0.212543
0.190418
0.174853
0.170024
0.169745
0.174447
0.175933
0.173553
0.155499
0.140925
0.137429
0.143245
0.14834
0.144633
0.128077
1.42531
1.3055
1.18628
1.08813
1.01149
0.946961
0.895958
0.849839
0.810694
0.774776
0.737951
0.707469
0.674907
0.649739
0.625676
0.605286
0.591193
0.575889
0.567522
0.55594
0.547096
0.538671
0.527991
0.52027
0.50973
0.502717
0.495545
0.489273
0.485513
0.481008
0.478963
0.476087
0.473281
0.471355
0.468381
0.465818
0.463134
0.460418
0.458527
0.455514
0.453311
0.451301
0.448467
0.44694
0.444228
0.441928
0.440125
0.4367
0.433523
0.430255
0.426545
0.422797
0.418991
0.415709
0.412516
0.409157
0.406364
0.403893
0.401489
0.399361
0.397674
0.397019
0.39706
0.397874
0.399299
0.401258
0.40623
0.410889
0.415835
0.424487
0.432401
0.439641
0.450976
0.46099
0.46989
0.481776
0.492652
0.501658
0.510887
0.520225
0.527773
0.532436
0.538984
0.545689
0.54788
0.550741
0.554486
0.555728
0.557238
0.556807
0.556404
0.556463
0.555687
0.556319
0.557652
0.557995
0.560913
0.562877
0.564925
0.56685
0.566166
0.566603
0.567708
0.566246
0.565894
0.566535
0.56582
0.565187
0.565732
0.565206
0.560211
0.556896
0.553281
0.541676
0.531181
0.520689
0.506133
0.48941
0.470954
0.452862
0.431111
0.405618
0.379898
0.354318
0.326537
0.302598
0.281717
0.264774
0.253615
0.252462
0.254981
0.274879
0.299379
0.330886
0.348497
0.356046
0.33615
0.253419
0.227268
0.230572
0.244449
0.268649
0.282607
0.278106
0.252339
0.247667
0.237572
0.20135
0.137859
0.1139
0.110741
0.122974
0.168908
0.367255
0.641127
0.696147
0.568684
0.42663
0.369254
0.366758
1.25449
1.58111
1.13538
0.596422
0.507503
1.76414
1.53116
0.963524
0.509249
0.302614
0.214686
0.369069
0.32498
0.378245
0.351345
0.350432
0.344484
0.32562
0.323898
0.302581
0.280047
0.252593
0.237892
0.235066
0.225164
0.208839
0.194599
0.181927
0.177033
0.18424
0.205941
0.213925
0.211956
0.184889
0.160419
0.154244
0.159005
0.166281
0.165677
0.132532
2.08287
1.81675
1.59567
1.43375
1.3078
1.20714
1.12632
1.05582
0.998518
0.945859
0.90388
0.86734
0.836429
0.812745
0.789562
0.774415
0.758487
0.746811
0.736786
0.725248
0.718949
0.709351
0.703612
0.697796
0.691515
0.689079
0.684383
0.682243
0.679973
0.677361
0.676279
0.673575
0.671957
0.670166
0.668034
0.666537
0.664231
0.662601
0.661073
0.658329
0.657011
0.654851
0.652535
0.651214
0.647939
0.646035
0.643527
0.639722
0.637426
0.633695
0.63087
0.628079
0.625053
0.623042
0.62078
0.618851
0.617253
0.615488
0.614672
0.614657
0.614859
0.615524
0.617475
0.620425
0.623914
0.62887
0.634594
0.639672
0.646607
0.653542
0.659804
0.667338
0.674854
0.681481
0.688044
0.694503
0.700655
0.70365
0.704168
0.70413
0.70301
0.69953
0.693873
0.686634
0.680562
0.672001
0.663286
0.655414
0.646935
0.638652
0.63011
0.621144
0.611929
0.600453
0.588602
0.575798
0.563184
0.549026
0.532945
0.518166
0.506703
0.49648
0.490004
0.486682
0.483523
0.482061
0.482385
0.481039
0.478014
0.476826
0.473978
0.466178
0.459521
0.453333
0.443414
0.428735
0.4157
0.403275
0.391735
0.37899
0.365858
0.354166
0.345715
0.340119
0.336561
0.336012
0.342422
0.356074
0.364957
0.367709
0.368227
0.361323
0.334921
0.269832
0.206873
0.162188
0.148238
0.155713
0.193753
0.25006
0.265319
0.280618
0.279474
0.263202
0.272036
0.271164
0.261501
0.236645
0.206891
0.175336
0.163738
0.166161
0.190563
0.288007
0.615561
0.776571
0.775673
0.544225
0.480771
0.631675
0.690184
0.633528
0.728139
0.373722
0.582866
1.12116
0.89574
0.794339
0.700011
0.370553
0.284167
0.303734
0.265384
0.287217
0.25658
0.275849
0.268545
0.276185
0.279027
0.256246
0.241047
0.226701
0.228104
0.228383
0.226292
0.215742
0.19904
0.193981
0.20776
0.318125
0.394529
0.408487
0.405105
0.36005
0.322248
0.28764
0.276379
0.266854
0.221052
0.1624
2.41509
1.96176
1.66196
1.46381
1.3262
1.22848
1.15695
1.10237
1.0602
1.0264
1.00065
0.97964
0.964096
0.951915
0.942023
0.934664
0.927747
0.922561
0.916935
0.912061
0.907956
0.903501
0.900126
0.896241
0.893548
0.890424
0.887183
0.884631
0.881448
0.878837
0.875303
0.872577
0.869984
0.866853
0.864179
0.861051
0.858743
0.856166
0.853061
0.850463
0.848351
0.845981
0.843951
0.842005
0.840314
0.839431
0.837722
0.83687
0.836905
0.836972
0.837445
0.838145
0.839463
0.841397
0.843079
0.845611
0.848202
0.851251
0.854972
0.858658
0.862513
0.86669
0.871146
0.875341
0.878881
0.882826
0.886271
0.88818
0.889542
0.889989
0.88948
0.887679
0.883166
0.875778
0.867018
0.855983
0.843797
0.831646
0.817944
0.802965
0.786433
0.768823
0.749477
0.728457
0.70705
0.685014
0.661596
0.638299
0.614044
0.589609
0.565264
0.54017
0.515477
0.490656
0.465544
0.442234
0.421026
0.40256
0.38897
0.379853
0.374868
0.372268
0.371676
0.372749
0.375038
0.378454
0.383048
0.386498
0.389905
0.393112
0.397969
0.400427
0.401057
0.401208
0.400838
0.399444
0.396179
0.392138
0.389505
0.38777
0.388018
0.390374
0.395874
0.40235
0.407562
0.407948
0.401192
0.38397
0.361736
0.329209
0.286167
0.241606
0.198974
0.167599
0.154206
0.154665
0.182559
0.217423
0.2233
0.215441
0.21697
0.2325
0.255941
0.28084
0.323359
0.342099
0.358978
0.365843
0.361911
0.353286
0.337144
0.337487
0.342854
0.381563
0.617294
1.02847
0.991927
0.739163
0.655907
0.519479
0.750141
0.853915
0.889586
0.536603
0.869522
1.23788
0.88981
0.963399
0.607366
0.597893
0.573476
0.434155
0.394259
0.319127
0.268578
0.280541
0.287126
0.313594
0.326087
0.330481
0.343806
0.365385
0.449407
0.494189
0.536123
0.543609
0.554426
0.618948
0.930379
1.1406
1.15614
1.05654
0.941664
0.748788
0.649631
0.592696
0.588849
0.605341
0.588779
0.556167
1.72575
1.37876
1.22133
1.15544
1.13236
1.12756
1.12456
1.11772
1.10586
1.08993
1.07258
1.05536
1.03976
1.02601
1.01396
1.00355
0.993916
0.985131
0.976911
0.969315
0.962274
0.955445
0.949186
0.943198
0.937758
0.932402
0.927234
0.922313
0.917534
0.913202
0.908951
0.905239
0.901823
0.898823
0.896344
0.894305
0.893
0.892379
0.892412
0.893049
0.894899
0.897652
0.901342
0.906092
0.911783
0.918615
0.926394
0.935371
0.945377
0.956319
0.968143
0.980624
0.993963
1.00761
1.02149
1.03565
1.04948
1.06297
1.07563
1.08709
1.09702
1.10508
1.11068
1.1136
1.11383
1.11074
1.10353
1.09306
1.07909
1.06126
1.03988
1.01492
0.986646
0.95567
0.922679
0.888117
0.852789
0.817446
0.782675
0.749099
0.716802
0.68624
0.657108
0.629326
0.602593
0.576583
0.551263
0.526416
0.501543
0.477693
0.453778
0.43045
0.406653
0.382396
0.356971
0.330021
0.301146
0.271614
0.242045
0.214565
0.190155
0.169418
0.152834
0.140157
0.131596
0.126517
0.124594
0.125497
0.128927
0.134324
0.141171
0.149318
0.158353
0.167899
0.17768
0.187551
0.197425
0.207153
0.216125
0.224039
0.23016
0.234875
0.238696
0.241184
0.244368
0.247448
0.253671
0.262243
0.271934
0.28194
0.29249
0.303646
0.315754
0.325971
0.329637
0.321841
0.291739
0.257173
0.234032
0.232276
0.254024
0.290305
0.330236
0.359087
0.396797
0.43782
0.487148
0.590287
0.683802
0.873824
1.10441
1.36815
1.72937
1.9404
2.04561
1.84148
1.24329
0.920413
0.780461
0.675154
0.851153
0.910252
1.16175
0.904328
0.949475
0.95327
1.64133
1.10205
1.20454
1.2199
0.448025
0.696977
0.517337
0.560937
0.572992
0.754554
0.877561
1.1829
1.30772
1.52739
1.80136
2.21713
2.64727
2.81427
2.97201
3.1976
3.34953
3.63767
3.57296
3.20826
2.88244
2.69941
2.53825
2.4348
2.41647
2.5241
2.583
2.60962
2.50545
2.53331
0.00485974
0.00778165
0.0155023
0.0188688
0.0226305
0.0277395
0.0342468
0.0394936
0.0386711
0.032531
0.0150588
0.00387304
0.00476923
0.00850806
0.0168847
0.0199407
0.0193178
0.0148634
0.0136802
0.013142
0.0141943
0.0163232
0.0207459
0.0266606
0.0338083
0.0421619
0.0506873
0.0611081
0.0699508
0.0774672
0.0834679
0.0862398
0.0843372
0.0771042
0.0578467
0.0377295
0.0384094
0.0443196
0.0457708
0.0455081
0.0409379
0.0393275
0.0394856
0.0392782
0.0380921
0.0386166
0.0398294
0.0443594
0.0519777
0.075852
0.0922969
0.140115
0.174203
0.235338
0.317527
0.390874
0.456851
0.508696
0.544935
0.536892
0.498125
0.396104
0.185095
0.132162
0.2191
0.328108
0.324461
0.197448
0.160749
0.143589
0.119574
0.109971
0.116458
0.131323
0.158449
0.200284
0.255165
0.29256
0.312379
0.298694
0.255144
0.175162
0.0961528
0.069644
0.0683343
0.0699267
0.0734512
0.0848078
0.104013
0.12891
0.157942
0.196789
0.23549
0.280875
0.313166
0.319164
0.312478
0.292556
0.251662
0.206264
0.163784
0.125679
0.0935853
0.072641
0.0608209
0.0567297
0.0630624
0.0974257
0.177856
0.241411
0.270559
0.33002
0.464547
0.651319
0.884693
1.16669
1.4485
1.75773
2.0266
2.26365
2.46705
2.6242
2.72378
2.77176
2.7849
2.73594
2.64131
2.52844
2.38279
2.21748
2.05858
1.88339
1.72498
1.56489
1.39428
1.23226
1.09723
0.947797
0.825526
0.688269
0.606352
0.501203
0.42379
0.368061
0.310985
0.280389
0.261516
0.256028
0.270212
0.308591
0.376558
0.485788
0.640643
0.854281
1.12636
1.5596
2.18055
2.54853
2.55009
2.3773
2.0848
1.8801
1.67701
1.53838
1.48213
1.40014
1.1106
0.711127
0.511703
0.520347
0.698281
0.901045
1.09217
1.2882
1.49241
1.69314
1.89591
2.12393
2.40645
2.76378
3.2028
3.71426
4.21154
4.47847
4.57607
4.58093
4.38273
4.00425
3.50143
2.98764
2.52514
2.04027
1.56613
1.16317
0.842778
0.645943
0.516814
0.430071
0.348377
0.195331
0.0043466
0.0165099
0.0230023
0.0221493
0.0200118
0.0174333
0.0163454
0.0175748
0.0208901
0.027072
0.0250424
0.0233548
0.0116396
0.00741875
0.0101702
0.00967075
0.00743234
0.00883505
0.0105476
0.010871
0.00952833
0.0091748
0.00916614
0.0090231
0.00861274
0.00862095
0.00878866
0.00926168
0.0099109
0.0112599
0.0145272
0.0214508
0.0320092
0.0473849
0.0584848
0.0662401
0.0705832
0.0319909
0.0203329
0.0198473
0.0204584
0.0234374
0.0277029
0.0311773
0.0327986
0.0305506
0.0288032
0.0313162
0.0366023
0.0416261
0.044797
0.0483781
0.0490258
0.0495987
0.0515675
0.0530835
0.0615952
0.0805071
0.118274
0.177158
0.243583
0.331902
0.328079
0.351553
0.191953
0.16286
0.126497
0.0972889
0.103118
0.101655
0.096717
0.0875747
0.0836526
0.0816683
0.0784377
0.0747651
0.0724281
0.0797619
0.0987699
0.127406
0.163176
0.165343
0.140512
0.109175
0.0841475
0.0722546
0.073749
0.0823362
0.088149
0.0870755
0.0844654
0.0805011
0.0774253
0.0753772
0.0789592
0.0874324
0.0970731
0.105347
0.105297
0.102661
0.0968018
0.0884185
0.0779867
0.0710192
0.0698484
0.0756784
0.0961696
0.158877
0.191515
0.238706
0.353651
0.526132
0.695719
0.849438
0.921516
0.991517
1.01572
0.993486
0.932899
0.864216
0.791398
0.688486
0.589382
0.532264
0.430483
0.374657
0.344666
0.300226
0.271709
0.258128
0.238524
0.22164
0.213235
0.200309
0.190179
0.18421
0.17929
0.175544
0.173725
0.174921
0.175225
0.181016
0.183609
0.196862
0.2031
0.218465
0.232519
0.24833
0.266843
0.286452
0.307335
0.33184
0.367054
0.4198
0.465599
0.484213
0.511305
0.603531
0.823993
0.910737
0.887461
0.759089
0.660944
0.691819
0.990107
1.25154
1.28621
1.20864
1.12439
1.06921
1.03574
1.01806
1.02231
1.02653
1.03352
1.06756
1.16649
1.3354
1.49169
1.55382
1.57365
1.54576
1.36886
1.11475
0.907641
0.701653
0.468892
0.323813
0.259021
0.227785
0.189637
0.167623
0.151901
0.147033
0.147904
0.169077
0.214718
0.292474
0.388031
0.39963
0.00327352
0.0277178
0.0253465
0.0202058
0.0156609
0.0124239
0.0110804
0.0113602
0.0126119
0.0161501
0.0210738
0.0225975
0.0214583
0.0104876
0.00618801
0.00569297
0.00495129
0.00807573
0.00908156
0.00787641
0.00730861
0.00758933
0.00814323
0.00838979
0.00858233
0.00897201
0.00954145
0.0102242
0.0110647
0.011075
0.0104693
0.0103887
0.0115134
0.0156293
0.0292206
0.0484087
0.0687063
0.067883
0.0352174
0.0187769
0.0176198
0.0186343
0.0220808
0.0254349
0.0262946
0.0261085
0.0286443
0.0411538
0.049632
0.0541806
0.0542291
0.0553087
0.0542932
0.0541725
0.0535154
0.0508804
0.0495629
0.0490176
0.0512598
0.0606748
0.0841206
0.140216
0.239976
0.336936
0.304981
0.159717
0.107439
0.0962114
0.0916755
0.0924002
0.090091
0.0812453
0.0798234
0.079403
0.0772806
0.0737484
0.0693613
0.0659673
0.0638908
0.0679267
0.0796758
0.100353
0.111782
0.10071
0.0821803
0.0686794
0.0801714
0.101926
0.0994059
0.0945354
0.090609
0.0879816
0.0856736
0.0859895
0.0879121
0.0930556
0.100675
0.107425
0.108835
0.106732
0.102265
0.0980409
0.0971782
0.101956
0.124452
0.143608
0.142975
0.193396
0.294316
0.477283
0.546615
0.581879
0.59714
0.557979
0.455155
0.361878
0.303703
0.263424
0.201431
0.175841
0.150514
0.123504
0.112452
0.106041
0.101242
0.100274
0.102088
0.104189
0.104985
0.105807
0.10692
0.1072
0.107223
0.107753
0.107888
0.107777
0.108875
0.108733
0.110513
0.110671
0.114306
0.115382
0.117805
0.122387
0.125097
0.129902
0.135362
0.142801
0.153
0.16585
0.181744
0.203857
0.241952
0.308495
0.406034
0.479342
0.528567
0.565566
0.616851
0.67297
0.793342
1.09239
1.2488
1.21394
1.1371
1.08308
0.994264
0.896184
0.788242
0.663684
0.54392
0.442932
0.379184
0.352322
0.349284
0.370671
0.428626
0.466181
0.476002
0.469641
0.422101
0.339812
0.24905
0.186687
0.151215
0.113322
0.0937318
0.0862198
0.0815159
0.0769412
0.0755313
0.075491
0.0778323
0.0843732
0.0977407
0.122244
0.167403
0.249778
0.402311
0.507196
0.0228419
0.0329091
0.0242949
0.0128487
0.00788309
0.00599069
0.00527709
0.00556523
0.00654503
0.00887672
0.0140509
0.0189831
0.0207021
0.0177017
0.00675702
0.00438486
0.00453876
0.0089033
0.00878852
0.00704577
0.00709746
0.00818538
0.00998451
0.0115838
0.0132789
0.0158033
0.0188273
0.0227408
0.0256383
0.024915
0.0226478
0.018185
0.0135026
0.0123902
0.0145015
0.0220948
0.0443203
0.0644229
0.0586395
0.0341122
0.020316
0.0190866
0.0209093
0.0247291
0.0271204
0.0307644
0.0418798
0.0515979
0.0536258
0.0548879
0.0547238
0.0573926
0.0575074
0.0577279
0.0562281
0.0554457
0.0533811
0.049019
0.0462148
0.0459117
0.0498914
0.0665003
0.112383
0.231408
0.284962
0.221653
0.147856
0.121766
0.105678
0.123334
0.0969519
0.0833213
0.0831901
0.079985
0.0719073
0.0695678
0.0662652
0.0648886
0.0619066
0.0597769
0.0615171
0.0668835
0.0766965
0.0801827
0.0779152
0.09035
0.131439
0.119852
0.102676
0.0963457
0.0967578
0.100017
0.10099
0.105279
0.115714
0.122404
0.129036
0.135743
0.151161
0.170139
0.171885
0.171619
0.180046
0.18918
0.182897
0.182907
0.22593
0.386407
0.451675
0.451763
0.409222
0.328711
0.254004
0.185988
0.157968
0.132476
0.122493
0.117044
0.114265
0.114538
0.117921
0.120723
0.12608
0.128448
0.134022
0.135919
0.136956
0.137373
0.138418
0.139094
0.138754
0.13892
0.13767
0.136541
0.136904
0.133831
0.134495
0.131444
0.13174
0.129448
0.128664
0.12816
0.127072
0.126956
0.127097
0.128649
0.12985
0.132583
0.13653
0.143447
0.151113
0.158649
0.170443
0.192927
0.25203
0.37371
0.487771
0.593253
0.68591
0.810976
0.969934
1.05026
0.981062
0.847124
0.704302
0.581943
0.495201
0.404786
0.31086
0.228759
0.181561
0.156317
0.146833
0.145358
0.154587
0.17802
0.209323
0.217683
0.21748
0.206612
0.180112
0.142065
0.112108
0.0989893
0.0884289
0.0754118
0.0704401
0.0683083
0.0673307
0.0671158
0.0679439
0.0702993
0.0752076
0.0830682
0.0977475
0.124349
0.173963
0.27311
0.473186
0.640149
0.0477726
0.03542
0.0139479
0.00694359
0.00458215
0.00392833
0.0034081
0.00342615
0.00376657
0.00494701
0.008744
0.0128918
0.0178156
0.0175519
0.0121501
0.00563835
0.00693427
0.0105029
0.00904002
0.00698687
0.00803281
0.0110896
0.0140822
0.0170682
0.0211311
0.0273815
0.0344306
0.0370106
0.0363443
0.0336033
0.0292769
0.0247809
0.0202066
0.0146285
0.0127546
0.0143054
0.0221569
0.0449095
0.0565505
0.0485675
0.0304588
0.0224592
0.0224217
0.0272682
0.0319254
0.0379417
0.0491714
0.0519562
0.0522627
0.0542937
0.0556524
0.057989
0.0601128
0.0623373
0.0619777
0.0620966
0.0591376
0.0543813
0.0495499
0.0455019
0.0436947
0.0473358
0.0642137
0.114417
0.207693
0.204541
0.171078
0.140815
0.140588
0.139735
0.0937903
0.0843231
0.0774845
0.0645561
0.0575782
0.056604
0.0557253
0.0576217
0.0585031
0.05802
0.0586945
0.0621922
0.0707352
0.0846149
0.10296
0.154698
0.146238
0.105099
0.0978583
0.0967404
0.0991086
0.116578
0.130877
0.136313
0.159086
0.190373
0.21263
0.217009
0.215926
0.2112
0.203901
0.199006
0.198029
0.200508
0.205033
0.254662
0.338334
0.367667
0.353472
0.230177
0.175043
0.146933
0.125479
0.117568
0.116054
0.1163
0.12143
0.124737
0.127355
0.132816
0.134773
0.136071
0.136662
0.136023
0.134323
0.134272
0.134633
0.133147
0.133081
0.133946
0.133917
0.133934
0.135102
0.133059
0.135214
0.133983
0.134357
0.134396
0.133656
0.13538
0.134086
0.13617
0.135995
0.138016
0.140433
0.142765
0.146854
0.151723
0.156428
0.158819
0.158861
0.157071
0.160368
0.169235
0.188113
0.247512
0.36414
0.486479
0.600295
0.687063
0.718713
0.642076
0.544917
0.45401
0.3642
0.292439
0.230249
0.175762
0.125748
0.101047
0.0904341
0.0869867
0.0876759
0.0923343
0.101655
0.117489
0.135842
0.140986
0.141028
0.133541
0.115737
0.0943127
0.0826607
0.0774004
0.073141
0.0688912
0.0682606
0.068782
0.0709855
0.0735796
0.0768605
0.0806151
0.0862534
0.0942654
0.101287
0.120121
0.163298
0.271425
0.531001
0.919735
0.0533973
0.0253108
0.00932223
0.00500545
0.00352111
0.00320958
0.00302947
0.00275615
0.00281371
0.00327952
0.00513208
0.00908533
0.0131922
0.0160612
0.0136822
0.00950117
0.0100965
0.0119321
0.00898224
0.00726076
0.00999317
0.0145492
0.0177522
0.0221351
0.0300941
0.0369364
0.0391148
0.039304
0.0371832
0.0338649
0.0295437
0.0251665
0.0212293
0.017554
0.0132948
0.0123031
0.0145327
0.0242274
0.0455681
0.0485544
0.0393162
0.0285923
0.0272747
0.0313957
0.0372641
0.0462779
0.0512978
0.0514834
0.0498295
0.0497655
0.0525008
0.0562428
0.058657
0.0629054
0.0641168
0.0632268
0.061206
0.0583383
0.0527423
0.0474871
0.0433986
0.0427868
0.0481412
0.0692401
0.125274
0.161238
0.161676
0.150217
0.176398
0.138818
0.0912764
0.0833408
0.065063
0.0563852
0.0530601
0.0522218
0.0541584
0.0566958
0.0571315
0.0587338
0.0592105
0.0641585
0.0771958
0.112405
0.169073
0.162665
0.106119
0.0981184
0.0995845
0.110211
0.126558
0.133388
0.15719
0.20195
0.218898
0.222765
0.22191
0.204915
0.189394
0.185531
0.184814
0.187698
0.189657
0.19738
0.224015
0.271956
0.291842
0.24576
0.158339
0.126821
0.115483
0.111135
0.11013
0.1142
0.117707
0.120648
0.122972
0.123558
0.123169
0.121239
0.11521
0.110985
0.108897
0.10623
0.105075
0.105306
0.10533
0.104443
0.103833
0.103376
0.103212
0.101991
0.101835
0.10063
0.0982393
0.100233
0.0970548
0.099395
0.0967782
0.101365
0.102288
0.105269
0.110839
0.115315
0.12218
0.131199
0.141007
0.151962
0.163754
0.177025
0.191495
0.196208
0.180655
0.171263
0.174496
0.186566
0.226188
0.298901
0.362105
0.394303
0.389598
0.344265
0.292812
0.240054
0.18581
0.143499
0.111341
0.0884833
0.0749099
0.070506
0.0697296
0.0726285
0.0771255
0.082502
0.0889028
0.09615
0.0998296
0.100647
0.099892
0.0962785
0.0893419
0.0821019
0.0778363
0.0740365
0.0734113
0.0740538
0.078033
0.0851129
0.0923633
0.0949601
0.0960556
0.0961839
0.0964415
0.0980378
0.0983775
0.10319
0.11538
0.201021
0.532734
1.20281
0.0545813
0.0201659
0.00696921
0.0042469
0.00309653
0.00275733
0.00268795
0.00247263
0.00246444
0.00262632
0.00356847
0.00658489
0.00959824
0.0128102
0.0130265
0.0116986
0.0119212
0.012793
0.00857282
0.00851944
0.014052
0.0192385
0.0217018
0.0284892
0.0359927
0.0379128
0.0377673
0.0347698
0.0312862
0.0291689
0.0264084
0.0224836
0.0199409
0.017637
0.0147544
0.0120574
0.01223
0.0156917
0.0280761
0.0447713
0.0425237
0.0336435
0.0310303
0.0352254
0.0429661
0.0501523
0.0525513
0.0515507
0.0463377
0.045035
0.0455801
0.0496199
0.0577765
0.0617125
0.063099
0.0632239
0.0619406
0.0597827
0.0551897
0.0505572
0.0442592
0.0420892
0.0437244
0.0530745
0.0837056
0.126943
0.141368
0.16297
0.196438
0.116924
0.093191
0.0822879
0.060789
0.0523134
0.0481021
0.0471231
0.048991
0.0532344
0.0565123
0.0589159
0.0610007
0.0714493
0.103356
0.156877
0.159897
0.107773
0.096366
0.097876
0.102259
0.123155
0.149382
0.167066
0.186252
0.191065
0.188113
0.153201
0.129896
0.126731
0.127651
0.137151
0.15229
0.167169
0.175704
0.187012
0.210204
0.21896
0.172858
0.128448
0.109872
0.105409
0.105159
0.10855
0.111137
0.115708
0.11689
0.117019
0.115608
0.109809
0.105848
0.104148
0.101009
0.09984
0.100576
0.101229
0.101555
0.10293
0.103403
0.103556
0.103649
0.101565
0.100157
0.099329
0.0966092
0.0968239
0.0904796
0.092361
0.0864198
0.0871623
0.0826663
0.0813077
0.0803815
0.0790124
0.0801505
0.0810909
0.0832489
0.0875062
0.0965344
0.112866
0.136212
0.16368
0.192997
0.21844
0.232856
0.212026
0.187624
0.178267
0.179382
0.196674
0.216232
0.226005
0.213508
0.186304
0.158737
0.132009
0.106005
0.0891981
0.078964
0.0731726
0.0710352
0.0706605
0.0733694
0.0779985
0.0820102
0.087081
0.0923401
0.0967241
0.0979101
0.097747
0.0960837
0.092507
0.0877032
0.0843781
0.0838834
0.0846291
0.0878116
0.0940482
0.0987197
0.0996083
0.0995697
0.0989567
0.0986191
0.0970633
0.0954249
0.0939882
0.0910448
0.0901729
0.0926066
0.134797
0.420065
1.29919
0.054555
0.0138475
0.00580671
0.00401422
0.0029362
0.00249304
0.00234259
0.00218222
0.00218067
0.00225689
0.00281687
0.00507597
0.00769901
0.0104592
0.0120433
0.0120848
0.0132637
0.0130625
0.00880106
0.0113371
0.0173216
0.0223032
0.0276676
0.032552
0.0336866
0.0323216
0.0288704
0.0276078
0.0269281
0.0256881
0.0233505
0.0195815
0.0174971
0.0168529
0.0153232
0.0122752
0.0111016
0.0124575
0.0186955
0.0343047
0.0419464
0.0368472
0.0355314
0.0411454
0.04601
0.0526901
0.0552536
0.0525768
0.0455708
0.0437348
0.042998
0.0436647
0.0485382
0.0564526
0.0598226
0.061311
0.0613157
0.0603821
0.0584706
0.0532361
0.0471157
0.0425617
0.0428586
0.0479151
0.0664922
0.103346
0.141398
0.185464
0.172443
0.107292
0.0955638
0.0801527
0.059326
0.0505702
0.0468843
0.0454624
0.0453639
0.0480193
0.0554126
0.0594245
0.0671118
0.0951674
0.138665
0.148445
0.115705
0.0870739
0.085085
0.0869746
0.100256
0.123392
0.13284
0.142468
0.144119
0.119793
0.0909804
0.0828706
0.0803065
0.0808534
0.0879353
0.102785
0.121083
0.134939
0.144268
0.15299
0.155497
0.133545
0.110083
0.100781
0.0985761
0.102134
0.106528
0.108739
0.110455
0.112756
0.113053
0.111363
0.109032
0.107151
0.105752
0.105702
0.107606
0.110065
0.113592
0.118431
0.12147
0.12464
0.126228
0.127445
0.126486
0.122101
0.119148
0.117362
0.109529
0.110693
0.100906
0.101213
0.0942895
0.0913835
0.0869005
0.082026
0.0793805
0.0754013
0.0741488
0.0726496
0.0727243
0.0730594
0.074622
0.0780095
0.0851169
0.103991
0.147272
0.204399
0.244148
0.264422
0.241151
0.198396
0.176638
0.165511
0.157559
0.150583
0.137596
0.121647
0.10882
0.0975332
0.0876174
0.0816306
0.0786634
0.0771207
0.0799264
0.0870473
0.0950326
0.101112
0.103711
0.106551
0.107952
0.110222
0.110885
0.110201
0.108197
0.103908
0.100583
0.100102
0.101833
0.105864
0.106658
0.10592
0.104856
0.101118
0.0968743
0.0939275
0.0925417
0.0903689
0.0876894
0.0858057
0.0833473
0.0842521
0.0851328
0.106483
0.298333
1.30814
0.0501968
0.0107652
0.00550477
0.00396162
0.00285928
0.0023864
0.00218781
0.00203433
0.0020547
0.0020924
0.00245268
0.00412815
0.00676211
0.00902161
0.0111432
0.0121942
0.0150029
0.0111739
0.00989465
0.0134757
0.0184144
0.024838
0.0292777
0.030013
0.0276439
0.0252358
0.0247598
0.0251807
0.0255185
0.0246526
0.0223584
0.0186658
0.0161539
0.0153814
0.0152334
0.0129004
0.0108884
0.0110814
0.0141358
0.0248693
0.0392722
0.0376939
0.037876
0.0415743
0.0476451
0.0602918
0.0637569
0.0584445
0.0486766
0.044212
0.0421642
0.0421504
0.0441725
0.0471421
0.0506483
0.0548045
0.0579242
0.0586864
0.0572491
0.0526568
0.0484826
0.0440836
0.0434668
0.0480669
0.0647717
0.100861
0.150583
0.177511
0.132589
0.101277
0.0953113
0.0823821
0.0648999
0.0515467
0.0472162
0.045637
0.0456012
0.0485857
0.0562271
0.0647682
0.0869871
0.118207
0.128199
0.112463
0.0777131
0.0731086
0.0738242
0.0753238
0.0845338
0.0882412
0.0888961
0.088908
0.0799731
0.0709323
0.0684686
0.0679695
0.0685009
0.0714928
0.0762711
0.0839312
0.0934955
0.101205
0.107489
0.110398
0.110428
0.100218
0.0954047
0.094695
0.097881
0.103299
0.107152
0.108979
0.11052
0.11266
0.113345
0.11334
0.113267
0.114165
0.116102
0.120676
0.127546
0.133308
0.141697
0.145919
0.147704
0.14938
0.150189
0.145326
0.145978
0.137503
0.130504
0.127814
0.118238
0.116259
0.106378
0.104619
0.0995827
0.0955358
0.0915857
0.0855621
0.0808836
0.0750482
0.0719019
0.0689393
0.0679518
0.0673626
0.0674754
0.068235
0.070149
0.0751342
0.0859069
0.1254
0.208659
0.269414
0.291613
0.259266
0.217439
0.186607
0.165383
0.148529
0.129751
0.11593
0.104632
0.0966702
0.0896784
0.0868777
0.089859
0.0945296
0.0989937
0.102249
0.106307
0.109675
0.110898
0.110423
0.110025
0.110088
0.110637
0.109657
0.110468
0.110579
0.109896
0.109826
0.1086
0.106749
0.105747
0.0999241
0.0970446
0.0939805
0.0898333
0.0865738
0.0845449
0.0820175
0.0812688
0.080155
0.0789814
0.0804514
0.0815263
0.0942176
0.221169
1.22811
0.0443112
0.00958316
0.00549775
0.00382997
0.0028156
0.00235465
0.00213178
0.00202913
0.0020806
0.00208084
0.00245007
0.00413588
0.0063031
0.00789336
0.0097417
0.0122747
0.0148992
0.0100927
0.0105897
0.0147332
0.0206683
0.0256355
0.0273319
0.0255471
0.0227238
0.0220809
0.0225615
0.0243675
0.0266631
0.0273812
0.0239813
0.0192357
0.0158422
0.0144104
0.0142843
0.013705
0.0109729
0.0106046
0.0118249
0.0189416
0.0333396
0.0367718
0.0374156
0.0420271
0.0524851
0.0681765
0.0732664
0.0762012
0.0744988
0.0604723
0.0487092
0.0455875
0.0447086
0.045877
0.048211
0.0497723
0.0517805
0.0552555
0.0562819
0.0549137
0.0508251
0.0470365
0.0459378
0.0500988
0.0670587
0.104484
0.1472
0.153202
0.106344
0.0994732
0.102372
0.0970713
0.0794143
0.0616859
0.0549342
0.0518289
0.0510411
0.0530081
0.0626405
0.0787235
0.0997413
0.108082
0.101735
0.0765943
0.0705488
0.0709239
0.0748896
0.0787991
0.0843273
0.0847781
0.0825173
0.0790745
0.076789
0.0775107
0.0858982
0.0894861
0.090198
0.086931
0.0851532
0.0864635
0.090474
0.0944031
0.097561
0.10009
0.100361
0.096344
0.0949368
0.0949491
0.0990225
0.106136
0.109255
0.110254
0.11178
0.1142
0.11605
0.118386
0.121417
0.12294
0.128509
0.131515
0.13938
0.144425
0.14636
0.151388
0.153724
0.151289
0.154095
0.146713
0.146632
0.139436
0.130501
0.127247
0.118991
0.1114
0.103824
0.0949359
0.0883963
0.0860463
0.0827262
0.078955
0.0729872
0.0655021
0.0614459
0.0587745
0.0576622
0.0578319
0.0591714
0.0603799
0.0621774
0.0656927
0.069878
0.0799153
0.108571
0.210025
0.291622
0.307739
0.273667
0.221676
0.189
0.160578
0.138756
0.121573
0.110508
0.103063
0.103325
0.104518
0.106531
0.106597
0.107075
0.107056
0.107755
0.109942
0.109399
0.108818
0.106308
0.103685
0.102532
0.104599
0.10407
0.104753
0.103151
0.100993
0.0979921
0.0954743
0.0952486
0.0936464
0.0874915
0.0848227
0.0830006
0.0799634
0.0793153
0.0768391
0.0766504
0.0757729
0.0771401
0.0778798
0.0801805
0.0898817
0.166736
1.13677
0.0347732
0.00958028
0.00565198
0.00372296
0.00284403
0.00245983
0.00231213
0.00227367
0.00226772
0.00217581
0.00258012
0.00428709
0.00630901
0.00746986
0.00969322
0.013057
0.0133343
0.00936703
0.0112137
0.0159287
0.0204885
0.0232606
0.023511
0.0218301
0.0205684
0.0204039
0.0209606
0.0215907
0.0270877
0.0304095
0.03073
0.0232903
0.0169666
0.0142851
0.0135652
0.0138232
0.0113896
0.0106723
0.0111916
0.0146926
0.0273096
0.0345285
0.0357716
0.0394708
0.0482995
0.068126
0.0932431
0.11167
0.117404
0.110207
0.0823352
0.0715429
0.0616355
0.058067
0.0563558
0.0523015
0.0504995
0.0525249
0.0557929
0.0570094
0.0564053
0.0532664
0.0523369
0.0567876
0.07598
0.113055
0.133108
0.112146
0.0947431
0.10186
0.119176
0.121562
0.108672
0.0808205
0.0687598
0.0643464
0.0632734
0.0650263
0.0742592
0.0861168
0.091658
0.0907732
0.0758173
0.0701466
0.0704895
0.0822056
0.0872129
0.0908265
0.0934558
0.0938319
0.0923542
0.0877817
0.0859325
0.0926764
0.114332
0.137718
0.145115
0.144567
0.133327
0.112117
0.100741
0.0996555
0.100756
0.102145
0.101917
0.0983878
0.0971297
0.0971278
0.101233
0.107675
0.111908
0.114383
0.116915
0.118464
0.120892
0.121645
0.124914
0.126539
0.130487
0.134128
0.137513
0.141375
0.142501
0.143051
0.144463
0.141059
0.138111
0.13711
0.130181
0.123269
0.11882
0.109155
0.10649
0.0965162
0.0907867
0.0818079
0.0740489
0.0674938
0.0641293
0.062163
0.059743
0.0562099
0.0529458
0.0518071
0.05139
0.05182
0.0527331
0.0536154
0.0548913
0.0573104
0.061044
0.0659737
0.0761405
0.101359
0.201063
0.305874
0.322093
0.291935
0.229656
0.190428
0.160855
0.137604
0.126085
0.119957
0.117548
0.115359
0.113732
0.112217
0.109422
0.108197
0.105919
0.104463
0.101543
0.0987101
0.0977491
0.0962271
0.09718
0.0960399
0.0972626
0.0942725
0.0956482
0.0944292
0.0944187
0.0934749
0.0890574
0.086953
0.0829756
0.0809529
0.081097
0.0762269
0.0759743
0.0721881
0.0732604
0.0734538
0.0767484
0.0776719
0.0809923
0.0894859
0.144983
1.06514
0.0293771
0.0111747
0.00615661
0.00386633
0.00303618
0.00275895
0.00269147
0.00272978
0.00270271
0.00254146
0.00303423
0.00485513
0.00658416
0.00739524
0.00992029
0.0124428
0.0100748
0.00874946
0.0103789
0.0151668
0.0196017
0.0212137
0.0214248
0.0203773
0.0194116
0.0185707
0.0165304
0.0159289
0.0192214
0.0302433
0.0336978
0.0321267
0.0221067
0.0158682
0.0134918
0.0132983
0.013114
0.0111509
0.011326
0.012711
0.0215175
0.030613
0.0331629
0.0355801
0.0389893
0.0546231
0.082823
0.117173
0.153767
0.169348
0.177253
0.163542
0.132436
0.11648
0.108553
0.0918544
0.0684791
0.0576036
0.0546136
0.0576526
0.0604667
0.0609552
0.0612385
0.0693595
0.0878645
0.105272
0.106578
0.0853712
0.0802695
0.0950178
0.135891
0.153876
0.157469
0.132264
0.0961039
0.0816302
0.0759629
0.0746814
0.0771028
0.0795448
0.0778779
0.069437
0.06161
0.0598828
0.0651998
0.085231
0.101766
0.108022
0.110669
0.110827
0.109075
0.106265
0.105197
0.109443
0.126309
0.143171
0.16202
0.186592
0.192553
0.18931
0.167881
0.132446
0.118176
0.113384
0.109091
0.105058
0.103075
0.102903
0.106746
0.111675
0.11649
0.119345
0.122601
0.12285
0.124902
0.12435
0.128251
0.128812
0.130883
0.133867
0.134893
0.134976
0.135753
0.134184
0.130139
0.1278
0.122604
0.118091
0.11488
0.109721
0.104426
0.0990036
0.0951304
0.0868721
0.0832493
0.0782708
0.0729915
0.0653022
0.0610011
0.0588875
0.0571526
0.0545598
0.0513584
0.0502312
0.0501138
0.050776
0.0517258
0.0522762
0.0530578
0.0539439
0.0548354
0.0565415
0.0619551
0.0715866
0.0939772
0.178434
0.288353
0.319704
0.311632
0.25159
0.194756
0.16881
0.152507
0.14008
0.129157
0.124328
0.118587
0.116028
0.109477
0.107437
0.102345
0.0991234
0.0979092
0.0938477
0.0930159
0.0930268
0.0919296
0.0931106
0.0871918
0.0901361
0.0843496
0.0873011
0.0873804
0.0854111
0.079281
0.0839409
0.0816053
0.0788608
0.0779853
0.072159
0.0720578
0.0706275
0.0717427
0.0734213
0.0780094
0.0798207
0.086788
0.0956187
0.139481
0.981919
0.0263756
0.0132088
0.00765404
0.00455524
0.00343533
0.00314075
0.0030952
0.00322765
0.00356532
0.0037088
0.00442842
0.00607086
0.00679237
0.00742212
0.0103652
0.0114391
0.00868991
0.00835699
0.00982115
0.0141079
0.0187341
0.020656
0.0210253
0.02022
0.0189746
0.017713
0.0158488
0.0147892
0.0158358
0.0211266
0.0321261
0.0358984
0.0331284
0.0216145
0.015544
0.0136859
0.0138207
0.0129787
0.0120647
0.0127186
0.0164118
0.0257362
0.0307478
0.0336677
0.0345507
0.0403772
0.0556961
0.0830392
0.120582
0.173433
0.222652
0.246721
0.25517
0.246289
0.237634
0.221531
0.172825
0.107144
0.0753425
0.0625697
0.0600914
0.0657905
0.0695371
0.0731438
0.0838555
0.0877133
0.0816229
0.0679248
0.0655299
0.0777821
0.121291
0.16635
0.192559
0.198301
0.184335
0.130853
0.102237
0.089507
0.0847756
0.0812781
0.0720654
0.0564073
0.0501826
0.04865
0.0521888
0.0680652
0.0919226
0.115388
0.132345
0.135613
0.134999
0.130222
0.119306
0.11498
0.11989
0.130809
0.142484
0.161723
0.184038
0.201133
0.20776
0.202912
0.185157
0.168324
0.151282
0.137179
0.129227
0.127897
0.130031
0.131335
0.135595
0.134213
0.138406
0.135578
0.134433
0.133631
0.134232
0.133661
0.132977
0.132778
0.131534
0.130214
0.128572
0.127547
0.125378
0.121779
0.119436
0.113873
0.111315
0.108884
0.102543
0.0986728
0.0937394
0.0867495
0.0820877
0.0775329
0.0735067
0.0663178
0.0617243
0.0589945
0.0578934
0.0559261
0.0526096
0.0507776
0.0506067
0.0509441
0.052182
0.0523635
0.0525436
0.0525891
0.0523324
0.0515057
0.051802
0.054122
0.0617461
0.0825988
0.158854
0.265588
0.307735
0.308743
0.280285
0.213695
0.177546
0.154477
0.142459
0.133574
0.12397
0.118983
0.110972
0.104589
0.101226
0.0961358
0.0942932
0.0918036
0.0908862
0.0903263
0.0857189
0.0869492
0.0834859
0.0786185
0.0798997
0.0765403
0.0768655
0.0777258
0.0751134
0.074864
0.0710935
0.0724326
0.0707913
0.0674465
0.0681605
0.0705526
0.0710573
0.0755976
0.0813973
0.0860836
0.0976561
0.107223
0.141084
0.889727
0.0238448
0.0163115
0.00956889
0.00556703
0.00398382
0.00357535
0.00350973
0.00365573
0.0042562
0.00499287
0.0057541
0.0063842
0.00667013
0.00781441
0.0101753
0.00997321
0.00670479
0.00656681
0.00781122
0.0114777
0.0168436
0.0199003
0.0209246
0.0204624
0.0192218
0.0179749
0.0167077
0.0151287
0.0156689
0.0180925
0.0228062
0.0336717
0.0380846
0.034996
0.0222539
0.0163466
0.0148826
0.015267
0.0149835
0.0138911
0.0152185
0.0193293
0.0252462
0.0319438
0.0333137
0.0353447
0.0409658
0.0507466
0.0636198
0.0876832
0.117308
0.196489
0.270078
0.293695
0.305576
0.310872
0.309827
0.274396
0.188222
0.116311
0.0817232
0.0719116
0.0716555
0.0741137
0.074851
0.0719942
0.0619951
0.0533702
0.0510174
0.0548713
0.0824813
0.125968
0.181499
0.22697
0.239551
0.242406
0.205401
0.133422
0.107021
0.0938742
0.0780547
0.0597523
0.0512266
0.0499025
0.0526219
0.0634849
0.0769428
0.096866
0.123284
0.149253
0.153914
0.153209
0.145694
0.132063
0.121075
0.118268
0.121137
0.125482
0.138951
0.156775
0.176188
0.194179
0.194805
0.192099
0.186458
0.177025
0.165669
0.159349
0.155413
0.150104
0.148171
0.144133
0.142593
0.139526
0.136488
0.134626
0.129349
0.127621
0.123835
0.124198
0.124173
0.12416
0.124516
0.124905
0.124712
0.12178
0.120913
0.116681
0.112775
0.111515
0.105431
0.102884
0.0985582
0.094239
0.0853359
0.0816744
0.0777549
0.0697142
0.0644506
0.06082
0.0600003
0.0594949
0.057141
0.0548348
0.0543655
0.0542472
0.054231
0.0530282
0.0519161
0.0512104
0.0496284
0.0440247
0.0426975
0.043292
0.0453919
0.0506758
0.0659616
0.112688
0.229552
0.288889
0.298972
0.290029
0.23988
0.188416
0.159078
0.145416
0.131704
0.123006
0.114657
0.105377
0.101194
0.0940614
0.0917647
0.086865
0.0845336
0.0841901
0.0810189
0.0760239
0.075631
0.0719998
0.0700228
0.0700156
0.0674965
0.0672855
0.0655888
0.065873
0.0648719
0.0641623
0.0633346
0.0657188
0.06541
0.070346
0.0709637
0.0782626
0.0855798
0.0937998
0.113182
0.1204
0.149536
0.709816
0.0226969
0.019551
0.0121607
0.00829706
0.0053457
0.00439632
0.00413847
0.00411584
0.00448736
0.00521238
0.00581245
0.00612312
0.0067146
0.00838819
0.00915758
0.00713704
0.00617263
0.00622314
0.00743061
0.0100985
0.0137579
0.0168796
0.0194318
0.0199816
0.019015
0.0175323
0.0155364
0.0140146
0.0148799
0.0171964
0.019948
0.0241873
0.0359342
0.0413554
0.0385251
0.0246085
0.0186811
0.0171148
0.0178529
0.0181171
0.0164747
0.0182096
0.0207943
0.0270349
0.0310374
0.0331757
0.0355373
0.0406092
0.0444303
0.0489483
0.0534254
0.0631745
0.0849021
0.124615
0.187669
0.252398
0.316206
0.336206
0.308806
0.28309
0.198695
0.114166
0.0829343
0.078475
0.0765614
0.0723515
0.0612423
0.0466171
0.0413543
0.0425406
0.0608
0.0924799
0.134295
0.18351
0.244951
0.282607
0.289682
0.285939
0.220571
0.140037
0.108623
0.083739
0.0642404
0.0596553
0.0632668
0.068825
0.0811835
0.0904986
0.106445
0.120363
0.144989
0.153079
0.158021
0.148902
0.142954
0.129374
0.126598
0.119374
0.122604
0.126085
0.132538
0.14251
0.156102
0.162981
0.169503
0.169643
0.16319
0.157752
0.152354
0.146538
0.140465
0.136931
0.129969
0.125754
0.119568
0.118348
0.11432
0.115115
0.118945
0.123116
0.125326
0.13125
0.135866
0.1369
0.139058
0.137713
0.138064
0.131567
0.127121
0.124256
0.11914
0.113663
0.1085
0.106259
0.0973982
0.0915053
0.088804
0.0822841
0.074192
0.06733
0.065786
0.0651504
0.0625328
0.0616673
0.0601582
0.0594412
0.0574001
0.0545365
0.0520486
0.0498054
0.044446
0.0364955
0.0314184
0.0290992
0.0291117
0.0304473
0.0350301
0.0483541
0.0814313
0.184543
0.261661
0.287542
0.286877
0.26873
0.206073
0.166793
0.148141
0.130954
0.122208
0.108995
0.103068
0.0947987
0.0906192
0.086958
0.0799045
0.0773843
0.0764557
0.0713859
0.0695539
0.0674457
0.0634954
0.0616868
0.0605086
0.058636
0.0583628
0.0580855
0.0569464
0.0581387
0.0575656
0.0598495
0.0628023
0.0688398
0.0734536
0.0816803
0.0970671
0.105411
0.137334
0.138544
0.167785
0.649294
0.0222786
0.0223585
0.0183524
0.0154281
0.010531
0.00737864
0.0059123
0.00528084
0.00516793
0.00551137
0.00606894
0.00645449
0.00733017
0.00832133
0.00828668
0.00717528
0.00697201
0.00788346
0.00922323
0.0111725
0.0137291
0.0159925
0.0179955
0.0182674
0.0175315
0.0158987
0.0139971
0.0130163
0.0135193
0.0147577
0.017432
0.0207352
0.0271905
0.0385536
0.0464833
0.0450429
0.0304817
0.0242128
0.0220425
0.0220326
0.021335
0.0199612
0.0209666
0.024302
0.0270039
0.0285846
0.0293504
0.0308764
0.0339687
0.0354829
0.0386393
0.0408131
0.0433629
0.0475685
0.0569478
0.0748035
0.103307
0.146013
0.228963
0.327701
0.350874
0.296435
0.177488
0.106715
0.0879033
0.0780906
0.0656572
0.0480145
0.0408038
0.041776
0.0553858
0.0818876
0.11579
0.153126
0.182983
0.220639
0.271261
0.333088
0.339602
0.307527
0.243239
0.169874
0.130109
0.0971629
0.101042
0.0938287
0.0965787
0.097553
0.100281
0.102156
0.108416
0.115562
0.127578
0.133676
0.137348
0.134797
0.132823
0.128472
0.125696
0.124587
0.127355
0.127186
0.132495
0.133254
0.135523
0.137433
0.136459
0.135029
0.130704
0.128371
0.126231
0.123094
0.120282
0.120738
0.119948
0.120927
0.12651
0.135091
0.143433
0.157429
0.162229
0.168453
0.170821
0.17148
0.168853
0.162853
0.158257
0.146627
0.140837
0.132083
0.129037
0.120347
0.113112
0.111125
0.103932
0.0977822
0.0948244
0.0907202
0.0861906
0.0773946
0.0751848
0.0729581
0.0692443
0.0662104
0.0630431
0.0614358
0.0577901
0.055198
0.0495622
0.0461058
0.0394269
0.0327615
0.0265844
0.023351
0.0219163
0.0218816
0.0232549
0.0276457
0.0384187
0.0635558
0.132215
0.229203
0.272329
0.278366
0.272378
0.234807
0.184706
0.149332
0.134152
0.116663
0.109988
0.0988308
0.0914552
0.0881353
0.0815678
0.0745547
0.0727865
0.0699414
0.0651153
0.0628778
0.0600828
0.057175
0.0564477
0.0550813
0.0562786
0.0546635
0.0563996
0.0550542
0.0568473
0.0577153
0.0646624
0.0684216
0.0823556
0.0903915
0.111068
0.123693
0.176593
0.179662
0.206459
0.640385
0.0209166
0.026384
0.0264526
0.0292463
0.0297858
0.0240147
0.0177689
0.0117284
0.00873359
0.00783228
0.00779208
0.008305
0.00892978
0.00915212
0.00865682
0.0077836
0.00791265
0.00907426
0.0105584
0.0125753
0.0146622
0.0160337
0.0174479
0.017358
0.0167418
0.0153577
0.0140921
0.013178
0.0135046
0.0142879
0.0158864
0.0187049
0.0246446
0.0298655
0.0427858
0.0546119
0.0545623
0.0450627
0.035799
0.0304978
0.0296567
0.0252958
0.0245312
0.0259633
0.0277689
0.0281599
0.0278772
0.026982
0.0270026
0.0272092
0.0283654
0.029772
0.0330105
0.0366083
0.0406763
0.0444071
0.0523817
0.0647862
0.0870402
0.117856
0.171421
0.256498
0.294122
0.257873
0.188164
0.125861
0.0921497
0.0650707
0.0534703
0.0554224
0.0666339
0.0938158
0.12534
0.157256
0.17768
0.190836
0.205431
0.216348
0.243881
0.267138
0.288532
0.272601
0.256875
0.222568
0.204989
0.197403
0.174312
0.160364
0.147861
0.142108
0.132084
0.131454
0.131588
0.134497
0.136041
0.139957
0.141684
0.141276
0.141887
0.139036
0.140959
0.138007
0.140027
0.139507
0.138264
0.140215
0.139042
0.137651
0.137642
0.136784
0.137063
0.138405
0.142689
0.149227
0.162899
0.172872
0.181753
0.188479
0.187296
0.188949
0.186701
0.186141
0.181778
0.181615
0.175201
0.169789
0.160781
0.149222
0.141511
0.129258
0.125792
0.116731
0.107291
0.104704
0.0994524
0.0957547
0.0908351
0.0897264
0.0870623
0.079673
0.0775029
0.0742582
0.0715748
0.0662925
0.0638959
0.0609665
0.0564922
0.0513482
0.0453231
0.0390411
0.0315534
0.0258372
0.0225625
0.0203759
0.0192601
0.0191659
0.0199006
0.0261501
0.0356528
0.0456019
0.0637975
0.0971351
0.187399
0.250063
0.268801
0.267821
0.254531
0.201825
0.160663
0.133489
0.118884
0.108472
0.0961404
0.0904159
0.0855035
0.0764948
0.0718795
0.069696
0.0654908
0.0607977
0.0595307
0.0565764
0.0565001
0.0546496
0.0576748
0.0544471
0.0615356
0.0575741
0.0664072
0.0662761
0.0739404
0.0797606
0.0939113
0.110947
0.122514
0.142416
0.191268
0.241704
0.263481
0.696841
0.0200958
0.0275482
0.0425202
0.0606547
0.0715159
0.0755385
0.0749299
0.0576203
0.0401015
0.0253849
0.018667
0.0158873
0.0145402
0.0127794
0.0114621
0.0101785
0.0101409
0.0104267
0.0109795
0.0117577
0.0132206
0.014283
0.0153043
0.0152735
0.0149623
0.0141272
0.0134331
0.0130641
0.0134865
0.0146314
0.0175622
0.0215132
0.026442
0.0317048
0.0400732
0.0474223
0.0659135
0.0830866
0.0795884
0.0622743
0.0535111
0.0370057
0.0370514
0.0363363
0.0346297
0.0333114
0.0312074
0.0290383
0.0273577
0.0257516
0.0245549
0.0239555
0.0240754
0.0245685
0.0257632
0.027944
0.032776
0.0379845
0.0502952
0.0633286
0.0896448
0.120339
0.187701
0.239992
0.24162
0.22772
0.197499
0.163233
0.135346
0.134593
0.138573
0.150338
0.162585
0.168581
0.173148
0.172921
0.172193
0.163487
0.155264
0.154186
0.16144
0.176052
0.180278
0.191187
0.18864
0.19
0.191809
0.194818
0.195597
0.199413
0.201124
0.203059
0.203746
0.202109
0.202127
0.199283
0.199906
0.197925
0.200033
0.197635
0.197548
0.198354
0.194218
0.195388
0.19207
0.19111
0.192187
0.190804
0.193643
0.197321
0.199415
0.206996
0.211375
0.218034
0.219789
0.221003
0.215612
0.213259
0.203367
0.199359
0.190142
0.188753
0.181696
0.180896
0.171267
0.165419
0.147556
0.13859
0.118857
0.103173
0.0958313
0.0820131
0.0693368
0.0633882
0.0626114
0.0612999
0.0620586
0.0666311
0.0677503
0.0693137
0.0683697
0.0681857
0.0660389
0.0612117
0.0583134
0.0542956
0.0494589
0.0420349
0.0343078
0.0312514
0.0262376
0.0228962
0.0203778
0.0191452
0.0187694
0.0197832
0.0266365
0.0606372
0.0857247
0.089778
0.0912933
0.0965807
0.112628
0.148874
0.223924
0.256081
0.263121
0.256014
0.22496
0.173443
0.136553
0.126954
0.109432
0.0959399
0.0909562
0.0816888
0.0746377
0.0707398
0.0682119
0.0621363
0.0614568
0.0585475
0.0612033
0.0584936
0.0669183
0.0622125
0.0817965
0.0743431
0.0951217
0.0941142
0.105752
0.108359
0.120198
0.124311
0.132772
0.150387
0.190471
0.276184
0.340198
0.889675
0.0322208
0.0325426
0.0419705
0.0562148
0.073273
0.100379
0.144734
0.171349
0.172248
0.153472
0.130529
0.101554
0.0826484
0.0658439
0.0588382
0.053586
0.0503365
0.044051
0.0408424
0.0367023
0.0351803
0.032348
0.031224
0.0295156
0.0284028
0.0283531
0.0291316
0.0310514
0.035193
0.0399353
0.0482361
0.0562089
0.0683102
0.0778582
0.0916083
0.100236
0.116886
0.125668
0.14668
0.153418
0.152284
0.130271
0.111256
0.0928044
0.074324
0.0618042
0.0520479
0.0440137
0.0390416
0.0347657
0.0318676
0.0299621
0.0295464
0.0287556
0.0274091
0.0260101
0.0253585
0.0253155
0.0259491
0.0285368
0.0348578
0.0481041
0.0699378
0.102663
0.150802
0.190085
0.194427
0.189216
0.179062
0.171973
0.167642
0.163741
0.162397
0.159316
0.152587
0.136023
0.118697
0.103613
0.0952894
0.0930043
0.0927788
0.0957696
0.0972114
0.102218
0.10531
0.106465
0.110332
0.113125
0.118856
0.125809
0.139289
0.14957
0.169197
0.176929
0.190905
0.197372
0.204158
0.21444
0.216799
0.227032
0.22735
0.235801
0.235284
0.239099
0.239827
0.241973
0.240765
0.243711
0.23939
0.243606
0.238073
0.239568
0.233649
0.232249
0.221633
0.21751
0.204138
0.199472
0.189565
0.185462
0.178839
0.176884
0.169973
0.167242
0.155294
0.14477
0.118905
0.107515
0.080536
0.0679564
0.0496176
0.039302
0.0297285
0.0261097
0.0234845
0.02084
0.0208734
0.0220256
0.0248505
0.0302927
0.0339932
0.0398758
0.040603
0.039633
0.0381879
0.0364344
0.0324582
0.0254635
0.0231483
0.0228902
0.0213626
0.0196005
0.0189983
0.0189666
0.0202169
0.0280036
0.0659029
0.139091
0.192416
0.211145
0.208692
0.187614
0.152742
0.153478
0.163314
0.196854
0.242015
0.255733
0.252376
0.237861
0.188728
0.147781
0.133984
0.112466
0.10078
0.0907471
0.0825631
0.0748065
0.0744141
0.0684522
0.0741243
0.0687903
0.0877299
0.0791435
0.108006
0.0969496
0.12011
0.109898
0.127089
0.116795
0.127957
0.118204
0.126384
0.119168
0.135203
0.136207
0.197676
0.247138
0.45068
0.982416
0.274298
0.213162
0.172909
0.163561
0.170251
0.187907
0.222181
0.253921
0.287139
0.310149
0.328708
0.329211
0.324475
0.310103
0.291557
0.274195
0.26215
0.245761
0.233309
0.217588
0.204602
0.190152
0.177039
0.166761
0.158345
0.155196
0.156488
0.160306
0.167271
0.17505
0.185851
0.194042
0.206133
0.213704
0.226889
0.235679
0.248386
0.25936
0.268376
0.2807
0.2859
0.288621
0.283564
0.271102
0.258676
0.233644
0.203728
0.172263
0.148285
0.129025
0.114346
0.101406
0.0946676
0.0881859
0.0804687
0.0725061
0.0637502
0.0553895
0.0459651
0.0391337
0.0369302
0.037487
0.0398644
0.0463306
0.0572891
0.0748428
0.0951207
0.111918
0.123893
0.125948
0.124888
0.121552
0.114112
0.104203
0.0923626
0.080237
0.0724889
0.0705602
0.0707121
0.0722885
0.076312
0.0862375
0.0926266
0.0979974
0.100408
0.103476
0.105116
0.108956
0.111178
0.111637
0.112744
0.1132
0.113672
0.11553
0.117855
0.127138
0.131893
0.146241
0.150619
0.164581
0.169205
0.183416
0.187201
0.200191
0.201664
0.212574
0.210725
0.21752
0.211425
0.214392
0.205773
0.205404
0.194868
0.19185
0.179482
0.179192
0.176081
0.177584
0.175713
0.176213
0.175544
0.173431
0.165064
0.156435
0.140634
0.114224
0.0901516
0.0749986
0.0492751
0.0368581
0.025381
0.0198977
0.0150349
0.014183
0.0124994
0.0107391
0.010165
0.0100487
0.0100061
0.0100784
0.0108619
0.013283
0.0137687
0.0144623
0.0154003
0.015497
0.0146325
0.0146168
0.0162483
0.0170315
0.0170256
0.0166586
0.0171669
0.0188853
0.025574
0.0640862
0.163705
0.253706
0.308344
0.330271
0.331305
0.32359
0.301523
0.231138
0.189447
0.188352
0.195746
0.229723
0.247254
0.246249
0.237022
0.201995
0.160112
0.136787
0.12456
0.105812
0.101802
0.0870063
0.0978466
0.0877649
0.112277
0.101475
0.124942
0.115499
0.124115
0.118201
0.117867
0.115821
0.109279
0.105511
0.100129
0.0974503
0.0951431
0.0968302
0.0999063
0.106191
0.126875
0.162478
0.393592
1.43637
11.006
4.90832
3.59333
1.28728
1.49135
1.21706
1.01523
0.954857
1.34266
2.49063
1.24302
0.997087
1.36133
1.85159
2.04217
2.74966
2.06397
2.79836
2.70885
2.18271
4.67066
6.35913
5.51682
2.80649
1.22981
0.666397
0.738063
1.08263
1.51674
1.844
3.1004
2.0741
1.99979
2.51045
2.06955
2.63689
2.3855
2.60173
2.74788
2.31687
0.823993
3.9592
4.832
4.2792
2.42732
0.999995
0.903501
1.15147
2.2646
1.76222
2.98653
2.73854
2.084
2.27192
1.83917
1.95913
2.00147
1.80014
1.8097
1.75437
0.26861
1.00336
3.00242
3.89529
3.59897
1.96413
1.30597
1.27035
2.42758
2.31183
2.24643
2.50027
2.13689
2.03548
1.65089
1.44866
1.5444
1.43282
1.22982
1.21267
0.172713
0.325509
0.890072
2.61843
3.38113
2.94112
1.87169
1.43271
2.05327
2.35516
2.09077
2.00639
1.7359
1.55721
1.49986
1.12091
1.11818
1.09181
0.966653
0.886038
0.123203
0.162692
0.314784
0.869352
2.5854
2.89143
2.58055
1.74703
1.79922
2.06068
2.01759
1.8185
1.29788
0.90655
1.05607
0.934803
0.793653
0.754421
0.712514
0.652541
0.0954782
0.119917
0.181876
0.356255
1.13077
2.49484
2.59573
2.36676
1.95772
2.04219
1.96619
1.68258
1.13495
0.566285
0.588843
0.579612
0.514969
0.460854
0.46498
0.463547
0.106984
0.119249
0.163814
0.276016
0.502859
1.47817
2.31066
2.44104
2.27068
2.21379
1.88723
1.26477
0.937434
0.466387
0.369781
0.34604
0.298269
0.26113
0.265509
0.305951
0.120528
0.12693
0.149399
0.321879
0.426797
0.691402
1.56695
2.22333
2.16472
2.11717
1.58388
0.856719
0.632099
0.406844
0.297469
0.248977
0.208232
0.185723
0.182736
0.206882
0.126309
0.127949
0.139025
0.278786
0.524288
0.568136
0.827529
1.63372
1.6326
1.58731
0.998674
0.640325
0.490654
0.382391
0.284113
0.228322
0.186233
0.172796
0.168854
0.17329
0.134195
0.131022
0.141671
0.229971
0.680338
0.645397
0.672641
0.975607
0.969122
0.932085
0.651533
0.569792
0.449984
0.405856
0.311129
0.242887
0.197412
0.171971
0.169169
0.16515
0.146916
0.140521
0.160452
0.229572
0.6521
0.732175
0.708702
0.73621
0.713395
0.616297
0.564457
0.605875
0.535142
0.501027
0.400147
0.304702
0.239407
0.196481
0.178986
0.162716
0.149731
0.14403
0.171278
0.197133
0.289584
0.644798
0.759738
0.743705
0.731573
0.641386
0.695886
0.849284
0.711604
0.682244
0.563336
0.442796
0.33564
0.263852
0.217392
0.169819
0.123099
0.125465
0.16003
0.158933
0.153967
0.361769
0.735264
0.79287
0.832716
0.803722
0.959824
1.04176
0.898336
0.988446
0.862208
0.693492
0.550364
0.427461
0.310326
0.196192
0.114884
0.118997
0.133603
0.126373
0.126721
0.187587
0.573283
0.811857
0.933672
0.936856
1.17272
1.2994
1.29011
1.61344
1.39884
1.13359
0.998535
0.724592
0.473804
0.256805
0.105428
0.102505
0.108897
0.110885
0.149466
0.178801
0.363758
0.74006
0.898656
0.981245
1.49793
1.82083
2.2753
2.51964
1.93851
1.66968
1.33061
0.916858
0.630653
0.368264
0.105264
0.0989046
0.106053
0.146401
0.415657
0.411834
0.447805
0.749458
0.947169
1.29876
2.46105
3.02339
3.2513
2.94205
2.03923
1.90218
1.44959
1.19213
0.930939
0.712957
0.198459
0.232429
0.29333
0.683035
1.31193
1.23651
1.0979
1.27473
1.75072
2.99932
3.96254
3.65426
3.46162
2.49084
2.28045
2.04629
1.72307
1.78957
1.65997
1.69002
0.966011
1.5701
2.26866
3.25514
3.16204
2.76932
2.70933
3.23371
4.36975
4.96489
4.58943
3.27891
2.69086
2.04827
2.38787
2.08266
2.40796
2.64664
2.68248
3.21376
3.65723
4.44896
5.51283
5.75929
4.21832
3.54663
3.80199
4.81732
5.10863
4.6641
2.81943
1.4996
1.1267
1.0044
1.39564
1.35816
2.06329
2.31594
2.82621
3.74419
)
;

boundaryField
{
    inlet
    {
        type            fixedValue;
        value           uniform 2e-05;
    }
    outlet
    {
        type            inletOutlet;
        inletValue      uniform 0;
        value           nonuniform List<scalar> 
20
(
2.18271
2.31687
1.75437
1.21267
0.886038
0.652541
0.463547
0.305951
0.206882
0.17329
0.16515
0.162716
0.169819
0.196192
0.256805
0.368264
0.712957
1.69002
3.21376
3.74419
)
;
    }
    walls
    {
        type            fixedValue;
        value           uniform 0;
    }
    frontAndBack
    {
        type            empty;
    }
}


// ************************************************************************* //
