/*--------------------------------*- C++ -*----------------------------------*\
| =========                 |                                                 |
| \\      /  F ield         | OpenFOAM: The Open Source CFD Toolbox           |
|  \\    /   O peration     | Version:  2.4.0                                 |
|   \\  /    A nd           | Web:      www.OpenFOAM.org                      |
|    \\/     M anipulation  |                                                 |
\*---------------------------------------------------------------------------*/
FoamFile
{
    version     2.0;
    format      ascii;
    class       volScalarField;
    location    "1.78";
    object      pPrime2Mean;
}
// * * * * * * * * * * * * * * * * * * * * * * * * * * * * * * * * * * * * * //

dimensions      [0 4 -4 0 0 0 0];

internalField   nonuniform List<scalar> 
8800
(
363438
354273
344440
334690
325074
315596
306260
297062
288005
279086
270306
261663
253155
244777
236521
228371
220295
212234
204038
195253
363451
354274
344439
334689
325073
315596
306259
297062
288005
279086
270306
261664
253156
244779
236523
228376
220304
212253
204083
195402
363459
354274
344436
334688
325073
315596
306259
297062
288005
279086
270307
261664
253157
244781
236527
228384
220321
212288
204166
195692
363465
354274
344434
334686
325072
315596
306259
297062
288005
279087
270307
261665
253159
244785
236534
228397
220346
212339
204281
196029
363471
354274
344432
334684
325071
315595
306259
297062
288005
279087
270308
261667
253161
244789
236543
228413
220377
212401
204420
196378
363475
354274
344430
334683
325071
315595
306259
297062
288005
279087
270308
261668
253164
244795
236553
228432
220413
212474
204572
196718
363478
354274
344429
334682
325070
315595
306259
297062
288005
279087
270309
261670
253168
244801
236564
228453
220454
212553
204731
197041
363480
354275
344428
334681
325070
315595
306259
297062
288005
279088
270310
261672
253171
244808
236577
228477
220498
212636
204892
197342
363482
354275
344428
334681
325069
315595
306259
297062
288005
279088
270311
261674
253175
244815
236590
228501
220544
212720
205048
197619
363482
354275
344428
334680
325069
315595
306259
297062
288006
279089
270313
261676
253179
244822
236604
228526
220590
212804
205199
197871
363482
354275
344428
334680
325069
315596
306260
297062
288006
279090
270314
261678
253184
244830
236618
228551
220635
212884
205340
198098
363481
354275
344428
334681
325069
315596
306260
297063
288006
279090
270315
261681
253188
244837
236632
228575
220679
212961
205471
198302
363480
354275
344429
334681
325070
315596
306260
297063
288007
279091
270317
261683
253192
244844
236644
228598
220720
213033
205589
198481
363478
354275
344429
334682
325070
315596
306260
297063
288007
279092
270318
261685
253195
244851
236656
228620
220758
213097
205694
198637
363475
354274
344431
334683
325071
315596
306260
297064
288008
279093
270319
261687
253199
244857
236667
228639
220791
213154
205785
198770
363470
354274
344432
334685
325072
315596
306260
297064
288008
279093
270320
261689
253202
244862
236676
228656
220820
213202
205861
198880
363465
354274
344434
334687
325072
315596
306260
297064
288009
279094
270321
261690
253204
244867
236684
228669
220843
213241
205922
198968
363459
354274
344437
334688
325073
315597
306261
297065
288009
279094
270321
261691
253206
244870
236690
228680
220861
213271
205969
199034
363451
354275
344439
334690
325074
315597
306261
297065
288009
279095
270322
261692
253207
244872
236694
228687
220873
213291
206000
199077
363438
354273
344440
334690
325074
315597
306261
297065
288009
279095
270322
261692
253208
244873
236696
228691
220880
213301
206015
199098
187292
185147
183511
182097
180786
179538
178335
177165
176022
174899
173793
172700
171620
170549
169488
168434
167386
166344
165306
164273
163244
162220
161200
160185
159174
158167
157164
156164
155168
154175
153185
152200
151219
150243
149272
148307
147346
146391
145439
144492
143548
142607
141669
140733
139800
138870
137943
137020
136099
135183
134269
133358
132450
131543
130640
129739
128841
127947
127056
126168
125282
124399
123517
122639
121762
120889
120018
119152
118289
117430
116574
115720
114869
114020
113173
112328
111486
110647
109811
108980
108154
107333
106516
105704
104895
104091
103290
102492
101697
100905
100115
99328.3
98543.3
97760.3
96979
96199.8
95422.5
94647.8
93875.1
93105.4
92338.5
91575.3
90815.4
90059.9
89308.1
88561.1
87818.2
87080
86345.9
85616.5
84891
84170.2
83453.1
82740.3
82030.7
81324.6
80621.2
79921.2
79224.1
78531
77841.2
77155.7
76472.9
75793.7
75116.4
74442.5
73769.7
73100.6
72432.4
71767.3
71102.9
70440.6
69779.2
69119.2
68460.4
67802.9
67147.1
66493.1
65841.3
65192.4
64546.3
63904
63265
62629.9
61998.6
61371.2
60747.9
60128.4
59512.4
58899.8
58290.3
57683.8
57079.7
56478.1
55878.6
55281.4
54686.2
54094.2
53504.7
52918.5
52334.9
51755.4
51178.7
50607
50038.5
49475.7
48916.1
48363.3
47814.1
47272.6
46733.8
46204.2
45674.8
45156.2
44635.9
44127.5
43615.3
43116.5
42611.6
42120.6
41623.1
41138.7
40647.9
40166.8
39680.5
39198.8
38712.1
38225.9
37732.2
37235.2
36726.3
36208.8
35673.4
35121.9
34543
33937
33287.7
32581.7
31830.3
30917.7
188819
186534
184671
183067
181616
180259
178968
177726
176520
175343
174190
173057
171941
170838
169748
168668
167597
166534
165478
164428
163384
162346
161314
160287
159266
158250
157238
156231
155228
154229
153234
152244
151259
150278
149304
148334
147370
146411
145456
144505
143558
142615
141674
140736
139802
138870
137942
137017
136095
135177
134262
133350
132441
131534
130630
129729
128831
127937
127045
126157
125271
124387
123506
122628
121752
120878
120008
119142
118279
117419
116562
115709
114857
114008
113162
112318
111476
110639
109804
108975
108150
107330
106514
105704
104897
104094
103294
102497
101704
100913
100125
99339
98554.9
97772.6
96992.1
96213.4
95436.6
94662.2
93890.1
93120.8
92354.4
91591.5
90832
90076.5
89325
88577.6
87834.3
87095.5
86361
85630.8
84905.1
84183.7
83466.3
82752.6
82042.4
81335.2
80631.3
79930.5
79233.3
78540.4
77851.3
77166.5
76484.9
75806.8
75130.9
74458
73786.8
73118.2
72451.1
71786
71122.3
70459.9
69798.8
69138.8
68480.2
67823
67167.6
66514.2
65863.1
65215.1
64570
63928.6
63291
62657.1
62027.2
61401.1
60779.2
60161
59546.3
58934.6
58326.4
57720.8
57117.4
56516.1
55916.6
55319
54723.3
54130.2
53539.4
52951.4
52366.3
51784.9
51206.2
50631.8
50060.4
49493.7
48930.4
48372.8
47818.5
47271.4
46726.4
46189.8
45653.3
45126.2
44597.6
44079.8
43558.5
43048.5
42533.8
42029.4
41521.3
41021
40518.4
40019.4
39519.2
39018.5
38515.1
38008.3
37495.8
36975.1
36444.7
35898.6
35337
34749.6
34137.3
33478.1
32793.6
31989.7
31178.6
30274.1
189878
187612
185662
183944
182389
180942
179575
178266
177002
175775
174578
173406
172254
171120
170002
168897
167804
166720
165646
164579
163521
162469
161425
160387
159356
158331
157311
156296
155286
154281
153281
152286
151297
150312
149334
148360
147392
146429
145471
144517
143567
142621
141678
140738
139801
138868
137938
137012
136089
135170
134254
133341
132431
131524
130619
129718
128820
127925
127034
126145
125259
124376
123495
122617
121741
120868
119998
119132
118269
117409
116552
115698
114847
113998
113152
112309
111469
110632
109799
108970
108147
107328
106515
105705
104900
104099
103300
102505
101713
100924
100137
99352.1
98569
97787.5
97007.7
96229.7
95453.6
94679.8
93908.4
93139.7
92374.1
91611.7
90852.7
90097.3
89345.8
88597.8
87854.2
87114.6
86379.6
85648.8
84922.7
84200.5
83482.5
82767.8
82056.6
81348.4
80643.7
79942.5
79245.5
78553
77864.8
77180.9
76500.5
75823.5
75149.2
74477.4
73807.6
73139.7
72473.5
71808.4
71144.9
70482.2
69821.1
69161
68502.4
67845.5
67190.4
66537.6
65887.3
65240
64596.1
63955.9
63319.7
62687.4
62059.1
61434.6
60814.2
60197.1
59583.7
58973.2
58366.1
57761.4
57158.6
56557.5
55957.9
55359.5
54763.1
54168.6
53576.3
52986.5
52399.7
51816.2
51235.5
50658.4
50084.3
49513.8
48946.8
48384.7
47825.3
47272.4
46721.1
46176.9
45632.8
45096.8
44559.7
44031.3
43501.5
42979.2
42455.8
41937.4
41419.6
40903.4
40389.2
39873.2
39359
38839.7
38321
37792.9
37264.9
36720
36172.3
35597.5
35016.7
34391.2
33763.1
33048.5
32352.1
31503.2
30663.4
29796.4
190686
188479
186505
184724
183095
181579
180146
178779
177464
176190
174952
173742
172558
171394
170249
169120
168005
166901
165809
164727
163654
162590
161533
160485
159444
158409
157381
156359
155343
154332
153327
152328
151334
150345
149363
148385
147414
146447
145485
144528
143575
142626
141681
140739
139801
138866
137935
137007
136083
135162
134245
133331
132421
131513
130608
129707
128809
127914
127022
126133
125247
124364
123484
122606
121731
120858
119989
119123
118260
117400
116543
115689
114838
113990
113144
112302
111463
110627
109795
108968
108146
107329
106517
105709
104905
104105
103309
102515
101725
100937
100151
99367.3
98585.1
97804.3
97025.4
96248.1
95472.9
94699.9
93929.5
93161.7
92397.1
91635.2
90876.7
90121.2
89369.4
88620.9
87876.7
87136.4
86400.8
85669.3
84942.5
84219.4
83500.5
82784.6
82072.4
81363.1
80657.8
79956.2
79259.7
78567.6
77880.5
77197.5
76518.5
75842.6
75169.7
74498.9
73830.4
73163.2
72497.6
71832.6
71169.1
70506
69844.8
69184.4
68525.9
67868.9
67214.2
66561.7
65912.3
65265.8
64623
63984
63349.2
62718.4
62091.7
61468.8
60850.1
60234.3
59622.4
59013.1
58407.4
57803.2
57201
56599.8
56000.2
55400.8
54803.3
54207
53612.8
53021.1
52433
51847
51264.5
50684.6
50108.1
49534
48963.7
48397
47833
47273.9
46716.7
46164.4
45612.9
45066.8
44522.1
43982.5
43444.7
42910
42377.9
41846.3
41318.3
40787.4
40261.1
39728.6
39201.5
38663.3
38132.3
37582.2
37042
36471.5
35912.8
35306.2
34718
34051.4
33418.5
32662.8
31945.4
31109.6
30272.7
29438.6
191337
189190
187220
185409
183733
182163
180679
179262
177901
176586
175309
174066
172850
171658
170488
169335
168199
167077
165968
164870
163783
162707
161639
160580
159529
158486
157451
156422
155399
154383
153373
152368
151370
150378
149391
148410
147435
146465
145500
144539
143584
142632
141684
140740
139800
138864
137931
137003
136077
135156
134237
133323
132411
131503
130598
129697
128798
127903
127011
126123
125237
124354
123474
122596
121722
120850
119981
119116
118253
117393
116536
115683
114832
113984
113138
112297
111458
110623
109793
108968
108147
107332
106521
105714
104912
104113
103318
102527
101738
100951
100167
99384.1
98602.9
97823
97045
96268.5
95494.3
94722.2
93952.9
93186.1
92422.2
91660.8
90902.5
90146.8
89394.5
88645.4
87900.4
87159.4
86423.2
85691
84963.5
84239.4
83519.5
82802.5
82089.3
81379
80673.2
79971.4
79275.1
78583.4
77897.2
77215
76537.2
75862.2
75190.5
74520.7
73853.2
73186.7
72521.4
71856.3
71192.7
70529.4
69868
69207.4
68548.8
67891.7
67237.4
66585.1
65936.7
65290.6
64649
64011
63377.6
62747.9
62123.1
61501.6
60884.6
60270.4
59660
59052.1
58447.8
57843.7
57242.2
56640.7
56040.8
55440.1
54841.7
54243.1
53647.3
53053.4
52464.2
51875.3
51291.5
50708.6
50129.7
49552.5
48979.1
48407.9
47839.6
47274.3
46711.5
46150.6
45592.3
45036.2
44484
43933.9
43387.9
42842
42301
41756.7
41218.7
40673.4
40136.4
39586.9
39049.6
38491.4
37950.5
37378.3
36828.8
36232.7
35665.9
35030.7
34433.1
33740.1
33088.6
32329.5
31587.3
30788.1
29972.8
29160.3
191885
189789
187833
186010
184304
182696
181169
179711
178311
176959
175648
174373
173129
171911
170716
169542
168386
167247
166121
165009
163909
162820
161742
160673
159613
158562
157519
156483
155455
154433
153418
152409
151407
150410
149420
148436
147457
146483
145515
144552
143593
142639
141689
140744
139802
138864
137930
137000
136073
135151
134232
133316
132404
131496
130591
129689
128790
127895
127003
126115
125229
124346
123466
122589
121715
120844
119976
119110
118248
117388
116531
115678
114827
113979
113134
112293
111455
110621
109792
108968
108149
107335
106525
105720
104919
104122
103329
102539
101752
100967
100184
99402
98622
97843.2
97066.1
96290.4
95517.1
94746
93977.5
93211.5
92448.2
91687.1
90928.7
90172.5
89419.5
88669.7
87924
87182.3
86445.6
85712.7
84984.3
84259.4
83538.6
82820.7
82106.6
81395.6
80689.2
79987.1
79290.8
78599.2
77913.4
77231.7
76554.7
75880.4
75209.7
74540.7
73874.1
73207.9
72543
71877.7
71213.8
70550.4
69888.7
69227.8
68569.2
67912.1
67257.9
66605.9
65957.8
65312.3
64671.8
64034.8
63402.8
62774.3
62151.1
61530.8
60915.5
60302.7
59694
59087.4
58484.2
57880
57279.1
56677
56077
55474.9
54876
54275.2
53678.6
53082.5
52491.7
51900
51314.7
50729
50148
49567.4
48991.3
48415.7
47843.5
47271.7
46703.7
46134.2
45569.7
45004.2
44444.9
43884.7
43331.3
42774.2
42225.6
41668.7
41121.7
40562.1
40016
39450.6
38903
38328.3
37776.1
37187.4
36625.2
36012.9
35430.1
34781
34163
33465.8
32791.3
32049.2
31300
30528.3
29732.5
28932.7
192355
190303
188363
186536
184811
183175
181617
180125
178692
177308
175967
174664
173393
172151
170935
169741
168566
167410
166269
165143
164031
162930
161842
160763
159695
158636
157586
156544
155509
154483
153463
152450
151443
150443
149449
148462
147480
146503
145532
144566
143605
142648
141697
140749
139805
138866
137931
137000
136072
135149
134229
133313
132400
131491
130586
129684
128785
127890
126998
126109
125224
124341
123461
122585
121711
120840
119972
119106
118244
117384
116527
115674
114823
113975
113131
112290
111453
110620
109793
108970
108152
107338
106530
105727
104927
104132
103340
102551
101766
100982
100201
99420.6
98641.7
97863.8
97087.4
96312.5
95540
94769.6
94001.8
93236.1
92473
91711.9
90953.2
90196.4
89442.8
88692.3
87946
87203.9
86466.5
85732.8
85003.6
84278
83556.4
82837.9
82123
81411.4
80704.5
80002
79305.3
78613.5
77927.5
77245.8
76568.9
75895.1
75225
74556.7
73890.9
73225.1
72560.3
71894.9
71230.9
70567.1
69905
69243.8
68584.9
67927.9
67273.6
66621.8
65973.8
65329.2
64689.7
64053.9
63423.3
62796.3
62174.3
61555
60941.1
60329.3
59722
59116.3
58513.8
57909.6
57309.3
56706.7
56106.4
55503.5
54903.7
54300.8
53703.4
53106.1
52512.9
51919.3
51332
50743.6
50160.5
49577
48998.1
48418.5
47842.5
47265.3
46691.3
46114.9
45543.2
44970.2
44403.2
43834.7
43273.4
42707.2
42150.1
41583.5
41026
40456.3
39897.8
39322.5
38760.8
38176.5
37608.9
37011.9
36432.7
35814.1
35213.3
34560.5
33925
33232.9
32546.6
31821.8
31075.6
30318.1
29532.7
28740.5
192763
190745
188824
186997
185261
183606
182023
180504
179043
177632
176264
174936
173642
172378
171141
169929
168737
167565
166410
165271
164147
163036
161938
160850
159774
158708
157651
156603
155563
154531
153507
152490
151479
150476
149479
148488
147503
146524
145550
144581
143618
142659
141706
140756
139811
138871
137934
137002
136074
135149
134229
133312
132399
131490
130584
129682
128783
127887
126995
126106
125221
124338
123458
122581
121707
120836
119968
119103
118240
117381
116524
115670
114819
113972
113128
112288
111452
110620
109793
108971
108154
107342
106535
105733
104934
104140
103350
102563
101779
100997
100218
99438.4
98660.4
97883.3
97107.5
96333
95560.9
94790.9
94023.3
93257.6
92494.3
91733
90973.9
90216.6
89462.5
88711.5
87964.8
87222.1
86484
85749.6
85019.7
84293.5
83571.2
82852.1
82136.8
81424.9
80717.4
80014.3
79317.1
78624.6
77937.8
77255.4
76578.2
75904.3
75234.3
74566.4
73901.1
73235.7
72571.2
71905.8
71241.7
70577.5
69915.2
69253.5
68594.3
67937.2
67282.9
66631.5
65983.9
65340.3
64701.9
64067.6
63438.1
62813
62191.5
61573.4
60960.4
60349.4
59742.7
59137.7
58535.9
57930.9
57331.2
56728.5
56127.4
55524.3
54923.6
54319.6
53720.6
53122
52526
51931.5
51341.2
50751
50165.2
49579.7
48998
48415.5
47835.4
47254.6
46674.5
46092.8
45513.4
44934
44359.9
43784.5
43215
42642.8
42076
41502.4
40934.2
40357.2
39786.1
39203.6
38628.3
38037.7
37456
36854.5
36261.5
35639.6
35025.5
34373.2
33727.3
33043.3
32351.6
31638.7
30895.1
30142.4
29362.7
28576.3
193122
191132
189227
187403
185660
183990
182389
180848
179364
177929
176539
175188
173873
172590
171335
170105
168898
167712
166544
165393
164258
163137
162029
160933
159850
158776
157713
156659
155614
154578
153549
152528
151515
150508
149507
148514
147526
146544
145568
144597
143632
142672
141716
140765
139819
138877
137939
137006
136077
135152
134230
133313
132400
131490
130584
129681
128782
127886
126994
126105
125218
124335
123455
122578
121704
120833
119965
119099
118236
117377
116520
115666
114816
113969
113126
112286
111451
110620
109794
108973
108157
107346
106540
105738
104941
104148
103359
102573
101791
101011
100232
99454
98676.7
97900.1
97124.5
96350.2
95578.1
94807.9
94040
93274
92510.4
91748.8
90989.2
90231.4
89476.8
88725.4
87978.3
87235
86496.2
85761.2
85030.6
84303.8
83581
82861.5
82145.9
81433.6
80725.6
80022
79323.9
78630.5
77942.6
77259.1
76580.9
75906.3
75236
74568.2
73903.2
73238.3
72574
71908.9
71244.8
70580.5
69918
69256
68596.8
67939.8
67285.7
66635
65988.3
65345.4
64708.4
64075.4
63446.9
62823.3
62202.7
61585.3
60972.8
60362.4
59755.7
59151.4
58548.8
57943.9
57344.5
56741.1
56139.2
55536.7
54934.3
54330.6
53730
53131.8
52531.2
51936.7
51342.6
50751.4
50161.5
49576.3
48990.5
48407.5
47822.3
47239.9
46652.2
46066.8
45480.6
44896
44315.2
43735.2
43157.1
42582.6
42004.9
41427.5
40848.8
40266
39684.5
39096.5
38509.7
37915.4
37322.6
36719
36115.9
35493.7
34870.4
34220.9
33567.4
32891.1
32194.3
31486.7
30744.3
29992.7
29218.3
28437.4
193439
191471
189579
187759
186012
184332
182716
181158
179655
178200
176791
175421
174087
172786
171515
170270
169048
167849
166669
165507
164361
163231
162115
161012
159921
158841
157772
156713
155663
154622
153590
152565
151548
150538
149535
148539
147549
146565
145586
144614
143647
142684
141727
140775
139828
138884
137946
137011
136081
135155
134233
133315
132401
131491
130584
129681
128781
127885
126992
126103
125216
124333
123453
122575
121701
120829
119960
119094
118232
117372
116515
115662
114812
113966
113123
112285
111450
110620
109795
108974
108158
107348
106542
105741
104945
104153
103365
102581
101800
101021
100244
99466.4
98689.5
97912.8
97137
96362.2
95589.6
94819
94050.5
93283.9
92519.9
91757.8
90997.7
90239.5
89484.4
88732.5
87984.8
87240.9
86501.4
85765.8
85034.7
84307.5
83584.3
82864.4
82148.5
81435.9
80727.6
80023.5
79324.4
78630.1
77940.9
77256.2
76576.5
75900.6
75229.6
74561.4
73896.4
73232.1
72568.2
71903.9
71239.8
70575.8
69913.4
69251.7
68593
67936.5
67283.2
66633.6
65988
65346.2
64710.3
64078.3
63450.3
62827.4
62207.4
61590.4
60978.2
60367.3
59760.9
59157.2
58552.2
57949.8
57348.4
56745.2
56142.3
55540.9
54936.1
54332.9
53730.7
53134.7
52528.5
51936.1
51335.3
50746.8
50150.2
49567.3
48975.9
48394.4
47802.9
47221
46624.9
46037.4
45444.6
44857.4
44270
43688.9
43102
42528
41940.2
41360.5
40773.6
40185.6
39596.5
39004.4
38408.5
37811.5
37210.1
36606.4
35995.1
35375.6
34742.9
34097.5
33435.6
32763.6
32062.2
31355.4
30615.2
29865.5
29097.3
28322.2
193717
191767
189887
188071
186321
184634
183007
181435
179916
178445
177019
175632
174283
172966
171680
170421
169187
167975
166784
165612
164458
163319
162195
161085
159987
158902
157827
156763
155709
154664
153628
152600
151580
150567
149561
148563
147570
146584
145604
144630
143661
142697
141739
140785
139836
138892
137952
137017
136086
135159
134236
133318
132403
131492
130584
129681
128781
127884
126991
126101
125214
124330
123449
122571
121696
120824
119955
119089
118226
117367
116510
115657
114808
113962
113120
112283
111449
110619
109794
108974
108159
107348
106543
105742
104947
104155
103369
102585
101806
101028
100251
99474.2
98697.1
97920
97143.5
96367.7
95594.5
94823
94053.8
93286.4
92521.8
91759.4
90998.9
90240.2
89484.5
88731.9
87983.5
87239.1
86499.1
85763.1
85031.8
84304.2
83580.6
82860.5
82144.4
81431.7
80723
80018.4
79318.5
78623.1
77932.8
77246.6
76565.3
75888.1
75215.7
74546.9
73881.6
73217.1
72553.9
71890.5
71227.1
70564
69902.2
69241.5
68583.8
67928.4
67276.6
66628
65984
65343.3
64708
64076.8
63448.9
62825.7
62206.4
61588.2
60976.1
60364.6
59758
59154.3
58547.5
57947.3
57342.9
56741.7
56137.5
55536.3
54930.9
54328.2
53724.8
53128.7
52520
51929.3
51320.8
50735.4
50131.7
49551.3
48954.4
48376.2
47777.4
47197.1
46593.1
46006
45407.9
44819.4
44226.2
43644.5
43050.4
42478.5
41883.3
41301.4
40709.1
40115.7
39521.9
38926.4
38323.4
37728
37119.2
36517.3
35894.6
35278.6
34635.9
33992.6
33323
32651.6
31948.4
31241.7
30505.1
29759.3
28998.1
28229
193961
192026
190154
188343
186592
184900
183263
181681
180149
178664
177223
175823
174459
173129
171830
170559
169313
168091
166890
165709
164546
163399
162268
161152
160048
158957
157878
156810
155752
154703
153663
152632
151609
150594
149586
148585
147591
146603
145621
144645
143675
142710
141750
140795
139845
138900
137959
137022
136090
135163
134239
133319
132404
131492
130584
129680
128779
127882
126988
126098
125210
124326
123445
122566
121691
120819
119950
119084
118221
117361
116505
115652
114804
113959
113118
112281
111448
110619
109794
108973
108158
107347
106542
105741
104945
104154
103368
102586
101807
101030
100253
99475.7
98698.5
97920.6
97143.4
96366.3
95592.3
94819.7
94049.7
93281.3
92516.4
91753.4
90992.7
90233.4
89477.3
88724
87975.2
87230.3
86490.1
85754
85022.7
84294.9
83571.2
82850.7
82134.7
81421.7
80712.9
80007.8
79307.3
78610.6
77919
77231.2
76548.5
75869.8
75196.3
74526.5
73860.6
73195.9
72533.2
71870.2
71208.3
70546.2
69885.9
69226.6
68570.4
67915.9
67265.6
66617.9
65975.3
65335.6
64701.3
64070.8
63443.5
62819.1
62200.7
61580.4
60967.7
60354.1
59748.1
59142.4
58535
57935.7
57330.3
56730.4
56125.7
55524.7
54919.1
54315.8
53713.5
53116.7
52507.8
51914.6
51303.6
50718.1
50109.7
49529.4
48928.6
48352.2
47749.5
47169.3
46560.2
45972.2
45371.2
44781.8
44184.7
43600.6
43005
42431.4
41831.3
41250
40652.2
40056.4
39457.8
38861.3
38255.5
37659.6
37043.1
36442.2
35811
35192.9
34543.7
33898.3
33224.9
32553.2
31850.3
31145.7
30413.6
29673.1
28919.2
28156.3
194173
192249
190386
188578
186826
185130
183487
181895
180353
178857
177405
175992
174616
173275
171964
170682
169427
168195
166985
165796
164625
163472
162335
161212
160104
159008
157925
156852
155790
154739
153696
152662
151637
150619
149609
148606
147610
146620
145637
144659
143688
142721
141760
140804
139853
138906
137964
137027
136094
135165
134241
133320
132404
131492
130583
129678
128777
127879
126985
126094
125206
124321
123440
122561
121686
120814
119944
119078
118215
117356
116500
115648
114800
113956
113116
112279
111447
110618
109793
108972
108156
107345
106538
105737
104941
104150
103364
102582
101803
101025
100248
99469.8
98692.3
97913.7
97135.6
96357.7
95583.1
94809.4
94038.6
93269.3
92504.2
91740.5
90979.7
90219.9
89463.8
88709.8
87961
87215.8
86475.8
85739.8
85008.6
84280.5
83556.9
82836.1
82120.3
81407
80698.5
79992.7
79291.7
78593.8
77901.2
77211.6
76527.9
75847.8
75173.5
74502.5
73836
73171
72508.5
71846.1
71185.5
70524.6
69866.1
69208
68553.3
67899.9
67251
66603.9
65962.3
65323.6
64690.4
64060.2
63433.9
62808.6
62190.1
61567.3
60952.8
60336.9
59730
59121.6
58516.9
57915.4
57311.9
56710.5
56106.2
55506
54901.7
54296.6
53698
53098.2
52491.1
51894.8
51283.1
50693.5
50084.7
49499.6
48899.9
48322.5
47717.3
47140.4
46527.3
45938.8
45334.1
44742.1
44143.3
43557.5
42960.8
42385.8
41785.6
41205.2
40603.1
40006.4
39405.3
38806.6
38199.5
37596.3
36981.6
36374.9
35737.8
35115.4
34463
33814.4
33141.2
32469.3
31768.2
31067.6
30340.2
29605.6
28858.7
28101.8
194355
192441
190583
188778
187027
185327
183679
182081
180530
179025
177563
176140
174754
173403
172082
170791
169527
168287
167070
165873
164696
163537
162394
161266
160153
159053
157966
156890
155825
154770
153725
152689
151661
150642
149630
148625
147627
146636
145651
144672
143699
142731
141769
140812
139859
138912
137969
137030
136096
135167
134241
133320
132403
131490
130581
129675
128774
127875
126981
126089
125201
124316
123435
122556
121681
120808
119939
119073
118210
117351
116496
115644
114797
113953
113114
112278
111446
110617
109792
108970
108153
107341
106533
105731
104934
104142
103355
102573
101793
101014
100236
99457.4
98679.4
97899.9
97121.1
96342.7
95567.5
94792.9
94021.5
93251.8
92486.7
91722.5
90961.8
90201.7
89445.7
88691.6
87943.2
87197.7
86458.2
85722.1
84991.1
84262.9
83539.2
82818.3
82102.6
81389.5
80681.3
79974.9
79273.4
78574.2
77880.4
77189.4
76504.8
75823.5
75148.7
74476.9
73810.3
73144.9
72482.5
71820.6
71161
70501.5
69844.1
69187.2
68533.8
67881.3
67233.2
66587.1
65946.4
65308.6
64676.6
64046.5
63420.9
62794.6
62174.8
61550.3
60932.9
60314.7
59706.5
59093.8
58492.9
57890
57288.1
56684.3
56083
55480.9
54879.6
54271.9
53679
53073.4
52471.2
51872.5
51262.6
50663.1
50057.5
49467.6
48867.7
48288.7
47685
47100.6
46493.2
45904.1
45296.4
44700
44103.6
43514
42922.2
42345.7
41742
41163.9
40562.3
39964
39361.9
38758.8
38153
37541.2
36927
36309
35674.8
35045
34394.1
33741.6
33072.3
32400.2
31702.4
31005.9
30283.2
29554.8
28813.6
28062.3
194510
192603
190750
188947
187195
185493
183841
182237
180680
179168
177697
176267
174872
173513
172184
170885
169613
168366
167142
165940
164757
163593
162445
161313
160196
159093
158002
156923
155856
154798
153751
152712
151683
150661
149648
148641
147642
146649
145663
144683
143708
142740
141776
140818
139864
138916
137972
137032
136098
135167
134241
133319
132401
131487
130578
129672
128770
127871
126976
126085
125196
124311
123430
122551
121676
120803
119934
119068
118206
117347
116491
115640
114793
113950
113111
112275
111443
110614
109788
108966
108148
107335
106526
105723
104924
104132
103343
102560
101778
100998
100219
99440.2
98661.5
97881.4
97101.7
96323.2
95547.3
94772.1
94000.1
93230.8
92465.6
91701.6
90941
90181.3
89425.2
88671.8
87923.5
87178.3
86439.1
85702.8
84971.7
84243.3
83519.5
82799
82083.2
81370.6
80662.1
79956.2
79253.9
78554
77858.7
77166.8
76481.1
75799
75123.8
74451.8
73785
73119.7
72457.3
71795.6
71136.6
70477.8
69821
69165.4
68512.8
67861.5
67214.3
66569.3
65929.6
65292.7
64661.3
64030.5
63404.7
62777.2
62155.3
61528.9
60910.4
60291.7
59679.1
59066
58465.3
57859.1
57260.9
56655
56055.1
55452.8
54856.3
54248.5
53655.9
53046.3
52451.9
51842.2
51234.6
50630.3
50033.4
49440.5
48840.3
48253
47649.7
47057
46457.7
45862.4
45258.6
44659.4
44068.5
43475.1
42886.3
42302.1
41704.9
41125.2
40525.4
39925.9
39326.6
38718.8
38109
37492.4
36877.9
36250.6
35618.6
34983.3
34339.3
33683.1
33019.1
32345.6
31652.5
30957.4
30240.9
29517.6
28780.6
28035
194638
192737
190887
189084
187332
185629
183974
182366
180804
179286
177809
176372
174971
173604
172269
170964
169686
168433
167204
165996
164809
163640
162489
161353
160233
159126
158033
156951
155881
154822
153772
152732
151701
150678
149663
148655
147654
146660
145673
144692
143716
142746
141782
140822
139868
138918
137974
137033
136098
135166
134239
133317
132399
131484
130574
129668
128766
127867
126972
126080
125192
124307
123425
122546
121671
120798
119929
119063
118201
117342
116487
115636
114789
113946
113107
112272
111439
110610
109783
108960
108142
107327
106518
105713
104913
104119
103329
102544
101760
100979
100199
99419.3
98639.7
97859.5
97079.6
96301.2
95524.4
94749.3
93977.3
93209
92443.5
91680.2
90919.7
90161
89405.2
88652.8
87903.9
87159.4
86419.6
85683.7
84951.7
84223.6
83499.1
82779.2
82063.2
81351.6
80643.1
79938.2
79235.2
78535.3
77838.6
77146.6
76459.5
75777.3
75101.4
74429.9
73762.4
73097.5
72434.3
71773.2
71113.9
70455.7
69798.8
69144.4
68491.6
67841.7
67194.8
66551.2
65911.8
65275.7
64643.5
64012.2
63384.7
62756.3
62131.8
61505.1
60884.8
60265.9
59654.4
59041.3
58435.9
57829.9
57230.9
56624.7
56028.5
55424.9
54829.1
54223.4
53631.4
53020.1
52422.8
51806.5
51209.2
50602
50008.6
49412.3
48810.4
48212.1
47613.7
47018.6
46421.6
45818.5
45223.9
44624.6
44034.5
43440.5
42856
42263.1
41675.5
41084.3
40493
39892.8
39293.2
38681.5
38071.3
37452.2
36830.7
36202.5
35573.8
34937.2
34296.1
33641.4
32979.7
32305.9
31617.4
30921.2
30210.9
29490.5
28757.5
28017.3
194741
192844
190994
189192
187440
185735
184079
182468
180903
179380
177899
176456
175050
173678
172338
171027
169744
168487
167253
166041
164850
163678
162523
161385
160262
159153
158058
156974
155902
154841
153790
152748
151715
150691
149674
148665
147664
146669
145680
144698
143722
142751
141786
140825
139870
138920
137974
137033
136097
135165
134238
133315
132396
131482
130571
129665
128762
127863
126968
126076
125188
124302
123420
122542
121666
120793
119924
119058
118196
117337
116482
115631
114784
113941
113102
112266
111433
110603
109776
108953
108134
107319
106508
105703
104902
104106
103315
102528
101742
100959
100178
99397.4
98616.5
97836.7
97056.6
96278.8
95501.5
94727.6
93955.6
93188.2
92422.5
91660.3
90899.8
90142.2
89386.7
88635.3
87886.4
87142.6
86402
85666.3
84933.6
84205.7
83480.6
82761.2
82044.8
81334
80625.7
79922
79218.7
78519.3
77821.8
77130
76441.9
75759.9
75083.3
74412
73743.6
73079
72414.9
71754.5
71094.2
70436.4
69779.2
69125.3
68472.1
67823.1
67176.3
66533.8
65893.5
65257.7
64623.6
63992
63362.1
62733.4
62106.4
61481.5
60859.5
60243.5
59628.7
59015.9
58409.1
57803.2
57199.8
56598.1
56000.9
55396.2
54801.1
54197.5
53601.8
52989.5
52391.9
51780.9
51186.3
50571.2
49981.2
49375.4
48776.7
48180.6
47583.7
46981.6
46386.1
45781.4
45191.4
44590.6
44005.7
43413.4
42828.6
42229.3
41647.4
41048
40462.1
39859.8
39265.1
38649.4
38039.8
37417.1
36795.2
36169.9
35538.5
34905.2
34264
33614.4
32950.3
32279.4
31592.3
30896.7
30189.8
29471
28742
28005.7
194817
192923
191074
189272
187520
185815
184157
182544
180976
179451
177966
176519
175109
173733
172389
171075
169788
168527
167290
166076
164882
163707
162550
161409
160284
159173
158076
156991
155917
154855
153802
152759
151726
150700
149683
148673
147670
146675
145685
144702
143725
142754
141788
140827
139872
138921
137975
137033
136097
135165
134237
133314
132394
131480
130569
129662
128759
127860
126965
126073
125184
124299
123417
122538
121662
120789
119920
119054
118192
117333
116478
115626
114779
113936
113096
112259
111426
110596
109769
108945
108126
107311
106500
105694
104892
104095
103301
102513
101725
100942
100158
99378
98596
97816.9
97036.4
96259.4
95481.8
94709.3
93937
93170.5
92404.4
91643.8
90882.9
90127.1
89371.4
88621.3
87872.2
87129.1
86388
85652.9
84919.4
84192
83466
82747.3
82030.5
81320.5
80611.9
79909.1
79206.1
78508.1
77810.7
77119.9
76430.8
75749.2
75070.9
74399.4
73729.6
73065.3
72400.7
71740.9
71079.4
70421.7
69763.5
69109.5
68455.5
67807.3
67159.8
66517.8
65876.3
65240.2
64604.4
63972.3
63340.1
62711.6
62082.8
61460.9
60837.2
60222.9
59605.4
58995.3
58384.1
57780.7
57173.3
56574.7
55972.1
55371.9
54774.7
54171.8
53572.6
52965.1
52365.4
51755.6
51160.2
50543.6
49953.5
49341.4
48749.2
48148.9
47551.4
46950
46355.8
45751.2
45163.2
44562.6
43980
43386
42801.8
42202.2
41619.6
41021.1
40437.1
39833.3
39238.7
38621.8
38014.5
37390.3
36769.4
36146.7
35514.3
34887.6
34241.8
33598.8
32929.3
32263.7
31575
30881.8
30174.8
29458
28731.5
27997.4
194866
192974
191127
189326
187573
185868
184209
182595
181025
179498
178010
176561
175149
173770
172423
171106
169817
168554
167315
166098
164902
163726
162567
161425
160299
159187
158088
157002
155928
154864
153811
152767
151732
150706
149688
148678
147675
146678
145689
144705
143728
142756
141790
140828
139872
138921
137975
137033
136097
135164
134236
133313
132393
131478
130568
129661
128757
127858
126962
126070
125182
124296
123414
122535
121659
120786
119917
119050
118188
117329
116474
115622
114774
113930
113090
112253
111419
110589
109762
108939
108119
107304
106493
105686
104884
104086
103291
102500
101711
100927
100143
99362.4
98579.7
97801.2
97020.3
96244.2
95466.6
94695.3
93923.1
93157.8
92391.4
91631.9
90870.6
90116.1
89360.2
88611.4
87861.9
87119.8
86378.1
85643.7
84909.5
84182.3
83455.9
82737.5
82020.3
81310.5
80601.5
79899.2
79196.5
78499.9
77803.4
77114.5
76424.6
75743.4
75062.4
74390.3
73718.5
73054.4
72389
71729.9
71067.4
70410.3
69751.2
69097.4
68442.6
67794.4
67145.8
66503.6
65860.8
65224.1
64587.2
63954.7
63321
62693.4
62064.3
61445
60819.2
60209.4
59587.1
58983.4
58365.2
57764.9
57151.5
56554.6
55948.5
55352.6
54749.6
54149.8
53545.4
52942.4
52341.7
51732.3
51135.2
50520.3
49928.5
49316.3
48726.6
48119.2
47525.3
46925.5
46329.3
45728.6
45142.8
44540.4
43957.3
43362.6
42774.9
42182.6
41598.4
41003.9
40417.6
39814.2
39215
38603.3
37994.7
37375.2
36753.6
36138
35503.9
34884.2
34229.6
33595
32918.2
32258.6
31565
30874
30164.6
29450.2
28724.5
27991.9
194890
192999
191153
189353
187600
185894
184235
182620
181050
179521
178033
176582
175168
173788
172440
171122
169832
168568
167327
166110
164913
163735
162576
161433
160306
159193
158094
157007
155932
154868
153815
152771
151736
150709
149691
148680
147677
146680
145690
144707
143729
142757
141790
140829
139873
138922
137975
137033
136096
135164
134236
133312
132393
131478
130567
129660
128757
127857
126961
126069
125180
124295
123412
122533
121657
120784
119915
119048
118186
117327
116471
115619
114771
113927
113086
112249
111415
110585
109758
108935
108115
107300
106489
105682
104880
104081
103285
102493
101703
100919
100133
99353
98570
97791.8
97010.9
96235.8
95458.3
94687.9
93915.8
93151.2
92384.3
91625.5
90863.8
90109.9
89354
88605.7
87856
87114.7
86372.6
85638.6
84903.6
84176.4
83449.6
82731.4
82014.2
81304.5
80595.3
79893.1
79190.7
78495.6
77799.8
77111.9
76421.3
75740
75056.8
74384.2
73710.7
73046.7
72381
71722.3
71059.5
70403.1
69743.5
69090
68434.7
67786.7
67137.8
66495.2
65851.7
65214.3
64576.5
63943.5
63308.9
62682.1
62052
61435.2
60807.6
60205.6
59576.9
58978.7
58353.4
57755.9
57136.3
56544.7
55931.2
55339.9
54730.5
54135.9
53526.1
52927.1
52321.2
51714
51111.6
50500.4
49905.8
49296.5
48705.8
48102.6
47509.1
46911
46314.3
45717.3
45126.2
44524.8
43939.7
43345
42756.2
42174.1
41584.2
40997.5
40404.3
39804.6
39200.2
38595.5
37980.8
37374.2
36743.5
36146.6
35498.7
34897.1
34227.3
33603.2
32914.8
32264
31560.7
30870
30157.8
29445.5
28719.4
27987.8
171814
171749
171620
171429
171177
170867
170501
170082
169613
169099
168542
167945
167311
166644
165946
165221
164470
163698
162906
162095
161268
160427
159573
158708
157834
156952
156063
155167
154265
153357
152445
151529
150611
149691
148770
147848
146924
146001
145079
144158
143238
142316
141395
140475
139557
138640
137725
136812
135901
134993
134086
133182
132279
131378
130479
129580
128684
127793
126908
126028
125152
124278
123405
122537
121673
120814
119958
119105
118253
117403
116557
115714
114874
114035
113197
112359
111520
110682
109847
109016
108188
107363
106543
105728
104917
104111
103310
102511
101715
100922
100132
99346.6
98565.1
97786
97009.3
96236.2
95467.2
94701.1
93937.7
93176.9
92419.5
91664.7
90912.3
90162.6
89416
88673
87934.2
87199.6
86468.9
85741
85015.3
84292.5
83573.5
82858.3
82146.3
81437.1
80730.4
80026
79324.6
78626.4
77931
77238.1
76547.6
75859.4
75173.4
74489.2
73806.9
73126.4
72447.8
71771.7
71098.3
70426.7
69756.4
69087.7
68421.1
67756.6
67094.4
66434.4
65776.6
65121.6
64469.7
63821
63175.8
62534
61896.2
61263.2
60635.2
60012.7
59395.3
58782.4
58173.8
57569.1
56968.7
56372.6
55781.2
55194.7
54613
54036.2
53464.3
52897.7
52336.5
51781.2
51232.1
50689.8
50154.5
49626.5
49105.8
48592.6
48087.4
47590.8
47103.4
46625.5
46157.4
45698.8
45249.4
44809.1
44378.6
43959
43549.2
43149.2
42760.1
42382.2
42018.3
41668.4
41330.8
41006.2
40696.3
40402.5
40124.7
39861.5
39612.4
39378.6
39161.5
38963.4
38788.5
38643.2
38531.4
38460.9
38422.1
38400.2
171859
171794
171664
171472
171219
170906
170538
170117
169646
169130
168571
167972
167336
166667
165967
165240
164489
163715
162920
162108
161280
160438
159583
158718
157843
156960
156071
155175
154272
153364
152451
151535
150616
149695
148773
147851
146928
146004
145082
144161
143240
142319
141399
140479
139560
138643
137728
136814
135903
134995
134088
133185
132282
131381
130481
129581
128685
127793
126908
126027
125151
124278
123407
122539
121675
120816
119960
119107
118255
117406
116560
115717
114875
114036
113197
112358
111519
110682
109848
109016
108188
107363
106543
105728
104917
104110
103308
102509
101713
100920
100130
99345.4
98565.6
97788.9
97014.3
96242.6
95473.8
94707.7
93943.9
93182.6
92424.3
91668.7
90915.6
90165.6
89419.1
88676.6
87938.3
87204.1
86473.5
85745.6
85019.7
84296.6
83577.1
82861
82148.3
81439.3
80733.5
80030.2
79329.8
78632.6
77937.7
77245
76554.5
75866.2
75180.3
74496.7
73814.5
73133.9
72454.9
71778.2
71104.1
70432.1
69761.4
69092.4
68425.7
67761.2
67099.1
66439.3
65781.9
65127.1
64474.9
63825.6
63179.7
62537.4
61899.3
61266
60637.9
60015.3
59398.1
58785.7
58177.5
57572.9
56972.3
56376
55784.3
55197.4
54615.2
54037.8
53465.5
52898.5
52337.3
51781.9
51232.8
50690.4
50155
49626.9
49106.2
48593.1
48088
47591.5
47104.2
46626.6
46158.9
45701
45252.7
44813.1
44382.6
43962.3
43551.8
43152.2
42763.6
42385.7
42021.5
41671.8
41334.8
41011.3
40701.8
40406.7
40126.7
39861.2
39610.4
39375.1
39156.9
38958
38782.9
38636.7
38523.7
38452.3
38412.2
38389.8
171950
171884
171753
171558
171301
170986
170613
170188
169713
169192
168628
168025
167385
166712
166009
165279
164524
163747
162950
162135
161305
160460
159604
158737
157861
156978
156088
155191
154287
153377
152463
151545
150624
149702
148780
147856
146933
146010
145088
144167
143246
142326
141406
140486
139567
138649
137733
136819
135907
134998
134092
133189
132287
131386
130484
129584
128687
127795
126909
126029
125154
124280
123410
122542
121678
120819
119963
119110
118259
117410
116563
115719
114878
114037
113197
112358
111519
110682
109848
109017
108188
107362
106541
105725
104913
104106
103303
102504
101709
100918
100131
99347.2
98568.1
97792.7
97020.3
96250.5
95482.5
94716.3
93951.8
93189.7
92430.2
91673.8
90920.2
90169.8
89423.3
88681.1
87943.4
87209.5
86478.3
85749.6
85023.5
84300.6
83580.8
82864.8
82152.9
81444.9
80740.3
80038.8
79340.2
78644.2
77950
77257.3
76566.5
75877.5
75190.9
74506.8
73824.5
73143.8
72464.9
71788
71113.2
70440.3
69768.8
69099.5
68433.1
67769.3
67107.6
66447.8
65790.2
65135.1
64482.7
63833.1
63186.9
62544.2
61905.8
61272.3
60644.2
60021.5
59404
58791.2
58182.5
57577.6
56976.5
56379.7
55787.4
55199.6
54616.4
54038.2
53465.3
52897.8
52336.2
51780.5
51231.2
50688.8
50153.7
49626
49105.6
48592.8
48087.8
47591.3
47104.2
46627.2
46160.5
45703.7
45256.3
44817.2
44386.1
43964.4
43552.6
43152.2
42762.9
42385.9
42023.2
41674.5
41338.6
41015.6
40705.6
40409.4
40127.6
39860.3
39607.1
39369.7
39149.6
38949.4
38771.9
38622.5
38505.2
38428.5
38383.8
38359.9
172087
172020
171886
171687
171426
171105
170727
170295
169813
169285
168715
168105
167459
166781
166072
165337
164577
163796
162995
162176
161341
160493
159634
158765
157888
157004
156112
155213
154308
153396
152480
151560
150637
149713
148789
147865
146941
146019
145097
144177
143257
142337
141417
140498
139578
138659
137741
136826
135914
135004
134098
133195
132293
131391
130489
129589
128691
127800
126915
126035
125159
124286
123415
122547
121683
120822
119965
119112
118261
117412
116567
115723
114881
114040
113200
112360
111521
110685
109851
109019
108190
107363
106541
105723
104911
104104
103301
102503
101709
100919
100133
99351.7
98573.4
97798.6
97027
96258
95490.6
94724.3
93959.5
93196.5
92435.9
91678.2
90923.7
90172.9
89426.6
88685
87947.5
87213.7
86482.7
85753.9
85027.6
84304.6
83585.1
82869.7
82158.6
81451.9
80749.3
80049.8
79352.9
78658
77964.4
77271.5
76579.6
75889.4
75201.5
74516.6
73834.2
73153.6
72475
71798.5
71123.4
70449.6
69777.5
69108.1
68441.8
67778.3
67117.1
66457.6
65800.2
65145.4
64493.4
63844.1
63197.8
62555
61916.4
61282.8
60654.6
60031.7
59413.7
58800
58190.2
57584
56981.8
56384
55790.7
55201.8
54617.3
54037.8
53463.8
52895.5
52333.2
51777.2
51227.6
50685
50150
49622.5
49102.5
48590.1
48085.5
47589.4
47102.7
46626.2
46160.2
45704.4
45257.5
44818.1
44385.9
43962.3
43548.5
43146.2
42756.8
42380.9
42019.1
41670.7
41335.3
41012.3
40702
40404.6
40120.9
39851.2
39596.3
39356.7
39134.8
38932.3
38751.6
38598
38474.3
38388.3
38337.4
38307
172271
172202
172065
171861
171594
171265
170878
170437
169946
169409
168830
168212
167558
166871
166155
165413
164648
163860
163053
162229
161390
160537
159674
158802
157923
157036
156143
155241
154334
153420
152501
151578
150654
149728
148803
147877
146953
146030
145109
144190
143271
142352
141433
140513
139593
138672
137753
136836
135923
135012
134106
133202
132299
131398
130497
129596
128699
127808
126923
126043
125167
124293
123421
122552
121687
120825
119968
119113
118262
117414
116569
115727
114885
114044
113204
112364
111525
110690
109856
109024
108193
107366
106542
105724
104911
104104
103302
102504
101711
100922
100138
99356.8
98578.9
97804.1
97032.5
96263.6
95496.5
94730.1
93964.7
93200.9
92439.4
91680.8
90925.5
90174.3
89427.7
88686
87948.9
87215.4
86484.6
85756.2
85030.6
84308.3
83589.7
82875
82164.5
81458.7
80757.6
80059.8
79364.6
78670.8
77977.7
77284.5
76591.4
75899.6
75210.4
74524.7
73842
73161.8
72483.9
71807.8
71132.7
70458.7
69786.7
69117.5
68451.5
67788.2
67127.1
66467.8
65810.4
65155.9
64504.4
63855.6
63209.8
62567.2
61928.6
61295
60666.5
60043
59424
58809.1
58198.1
57590.8
56987.5
56388.6
55794.1
55203.9
54617.9
54037.1
53461.8
52892.4
52329.3
51772.4
51222.1
50679
50143.5
49615.7
49095.7
48583.5
48079.4
47584.1
47098
46622.2
46156.8
45701.5
45254.5
44814.1
44380.5
43954.8
43539.1
43135.6
42746
42370.4
42008.7
41660.1
41323.9
41000.1
40688.7
40390.2
40104.6
39833.4
39576.8
39335.8
39111.2
38905.5
38719.9
38560.5
38428.2
38331.9
38270.7
38231.5
172505
172433
172291
172081
171804
171465
171067
170615
170112
169564
168973
168344
167680
166983
166259
165508
164735
163940
163126
162295
161450
160592
159724
158848
157966
157076
156179
155275
154364
153448
152526
151601
150674
149747
148820
147893
146968
146045
145124
144205
143287
142369
141450
140529
139608
138687
137767
136849
135934
135022
134114
133210
132308
131407
130506
129606
128709
127818
126933
126052
125175
124301
123428
122558
121692
120829
119971
119116
118265
117417
116572
115730
114889
114049
113208
112368
111530
110694
109860
109027
108196
107368
106544
105726
104913
104106
103304
102506
101714
100926
100142
99360.6
98582.3
97807.1
97035
96265.9
95498.5
94732
93966.3
93202
92439.8
91680.5
90924.4
90172.8
89426
88684
87946.4
87212.8
86482.5
85755
85030.4
84309.4
83591.8
82878
82168.2
81463.4
80763.4
80066.9
79373.2
78680.4
77987.5
77293.9
76599.9
75907
75216.7
74530.3
73847.4
73167.5
72489.9
71813.9
71139.1
70465.6
69794.2
69125.6
68459.8
67796.4
67135
66475.5
65818.2
65163.9
64513
63864.9
63219.8
62577.7
61939.4
61305.7
60676.9
60052.6
59432.6
58816.6
58204.5
57596.2
56992
56392
55796.4
55205
54617.8
54035.4
53458.4
52887.7
52323.3
51765.3
51214
50670
50133.6
49605
49084.4
48572.1
48068.5
47573.9
47088.5
46613.1
46147.9
45692.6
45244.9
44803.3
44368.2
43941
43524
43119.8
42729.8
42354.1
41991.7
41641.6
41303.9
40978.3
40665
40364.3
40077.1
39804.3
39546.2
39302.8
39075.2
38865.6
38674.7
38507.9
38367.2
38257.9
38183.4
38134.9
172789
172714
172566
172346
172059
171707
171295
170828
170311
169748
169144
168501
167825
167117
166382
165622
164839
164035
163213
162374
161521
160657
159784
158903
158016
157122
156221
155313
154399
153479
152555
151628
150699
149770
148841
147913
146987
146062
145141
144221
143303
142385
141466
140546
139624
138703
137782
136863
135947
135035
134125
133220
132317
131416
130516
129616
128720
127829
126943
126062
125184
124309
123436
122565
121697
120834
119976
119121
118269
117421
116577
115735
114894
114053
113212
112372
111533
110697
109862
109028
108197
107368
106545
105727
104915
104107
103305
102508
101716
100928
100143
99361.7
98582.9
97807.1
97034.3
96264.2
95496.2
94729.3
93963.4
93198.9
92436.6
91676.8
90920.3
90168.2
89420.8
88678.2
87940
87206.1
86476
85749.3
85026
84306.3
83590.1
82877.5
82168.8
81464.7
80765.3
80069.6
79376.7
78684.4
77991.6
77297.6
76603.3
75910
75219.6
74533
73850.2
73170.4
72492.8
71816.8
71142.2
70469.5
69799
69130.9
68465.2
67801.7
67139.9
66480.3
65823
65168.8
64518.1
63870.6
63226.1
62584.7
61947
61313.5
60684.6
60059.8
59438.9
58821.8
58208.7
57599.4
56994.3
56393.4
55796.7
55204.2
54615.9
54032.1
53453.8
52881.6
52315.8
51756.5
51203.8
50658.4
50120.6
49590.7
49069.2
48556.5
48052.8
47558.5
47073.6
46598
46132.2
45675.8
45226.9
44784.2
44348
43920.1
43502.7
43098
42707.3
42330.4
41966.4
41614.5
41274.4
40946.1
40630
40326.6
40036.6
39761.3
39500.5
39254.6
39022.7
38808.4
38610.9
38437.4
38287.6
38167.6
38079.5
38025.9
173125
173046
172890
172659
172358
171990
171561
171077
170542
169962
169341
168683
167992
167271
166523
165752
164958
164145
163313
162465
161604
160733
159853
158967
158074
157174
156268
155356
154438
153515
152587
151658
150727
149796
148866
147936
147008
146082
145159
144238
143319
142401
141481
140561
139640
138718
137797
136878
135962
135049
134139
133232
132328
131426
130526
129627
128731
127839
126953
126071
125192
124317
123443
122572
121704
120841
119982
119127
118275
117427
116582
115739
114898
114057
113215
112375
111535
110698
109861
109026
108194
107366
106544
105727
104915
104107
103305
102508
101715
100927
100142
99359.6
98580.2
97803.6
97029.9
96258.8
95489.9
94722.3
93956
93191.4
92429.1
91669.3
90912.6
90160
89411.9
88668.7
87929.8
87195.6
86465.8
85739.8
85017.7
84299.3
83584.4
82872.9
82165.1
81461.4
80762.1
80066.4
79373.4
78681.1
77988.2
77294.3
76600.3
75907.6
75217.7
74531.6
73849.1
73169.3
72491.7
71815.9
71141.8
70469.7
69800.1
69132.5
68467.1
67803.5
67141.7
66482.2
65825.1
65171
64520.3
63872.9
63228.8
62588
61950.9
61317.9
60689
60063.9
59442.3
58824.5
58210.4
57600.3
56994.5
56392.6
55795
55201.6
54612.3
54027.5
53448
52874.5
52307.3
51746.4
51192.1
50645
50105.5
49574
49051
48537
48032.5
47537.6
47052.2
46576.1
46109.2
45651.3
45201
44757
44320.1
43891.7
43473.8
43068.3
42676.3
42297.5
41931.4
41576.9
41233.6
40901.6
40581.9
40274.7
39980.9
39702
39437.4
39187.5
38950.6
38730.3
38526.7
38344.6
38186.9
38056.6
37961.4
37901.2
173518
173434
173267
173022
172703
172316
171867
171361
170805
170205
169565
168889
168181
167444
166683
165899
165093
164268
163426
162568
161698
160819
159932
159038
158138
157232
156320
155403
154480
153553
152623
151691
150758
149825
148892
147961
147031
146103
145178
144256
143335
142416
141496
140575
139654
138733
137813
136894
135978
135065
134154
133245
132340
131438
130537
129638
128742
127850
126963
126080
125201
124324
123451
122580
121712
120849
119989
119134
118282
117433
116587
115744
114902
114060
113218
112377
111536
110697
109858
109023
108190
107363
106541
105725
104913
104107
103304
102507
101714
100925
100139
99355.6
98575.4
97797.9
97023.1
96250.8
95480.8
94712.3
93945.4
93180.4
92417.9
91658.1
90901.3
90148.3
89399.5
88655.7
87916.3
87181.8
86452.4
85727.1
85005.9
84288.5
83574.6
82863.8
82156.5
81453.1
80753.5
80057.3
79363.6
78670.8
77977.7
77284.1
76591
75899.5
75210.7
74525.4
73843.4
73164
72486.7
71811.4
71138
70466.7
69797.8
69130.8
68465.6
67802.3
67140.9
66481.8
65825.1
65171.3
64520.6
63873.1
63229.2
62588.8
61952.1
61319.2
60690.4
60065.1
59443.2
58824.8
58210.1
57599.2
56992.6
56389.8
55791.2
55197
54606.9
54021.4
53440.9
52866.4
52297.8
51735.4
51179.4
50630.5
50089.2
49555.6
49030.7
48514.6
48008.2
47511.7
47025.2
46547.9
46079.8
45620
45167.8
44722.5
44284.4
43855.3
43436.8
43030.1
42636.2
42255
41885.9
41528.3
41181.2
40844.8
40520.2
40208.1
39909.1
39625.2
39354.3
39099
38855.5
38629
38417.4
38227.6
38061.3
37923.3
37819.5
37759.5
173970
173879
173700
173437
173097
172686
172212
171682
171101
170477
169815
169118
168391
167637
166860
166061
165242
164405
163550
162682
161802
160914
160018
159116
158209
157296
156378
155454
154527
153595
152661
151726
150791
149855
148920
147987
147055
146126
145199
144274
143352
142431
141510
140589
139668
138748
137828
136911
135995
135081
134170
133260
132353
131450
130548
129649
128754
127862
126974
126090
125210
124333
123460
122589
121722
120857
119997
119141
118288
117439
116593
115749
114906
114063
113221
112379
111537
110695
109856
109019
108187
107359
106538
105722
104912
104105
103304
102506
101712
100922
100135
99350.7
98569.6
97791
97015.1
96241.6
95470.2
94700.7
93932.9
93167.5
92404.5
91644.3
90887.1
90133.9
89384.6
88640.2
87900.6
87166
86436.6
85711.7
84991.1
84274.3
83561
82850.7
82143.7
81440.1
80739.9
80042.8
79348.1
78654.6
77961.3
77268.5
76576.5
75886.5
75199.1
74514.8
73833.4
73154.7
72478.1
71803.5
71131
70460.6
69792.4
69126
68461.4
67798.7
67137.8
66479.3
65823.3
65169.9
64519.5
63872.3
63228.4
62588.1
61951.5
61318.7
60689.8
60064.3
59442.1
58823.4
58208.2
57596.7
56989.2
56385.6
55785.9
55191
54600
54013.9
53432.7
52857.3
52287.5
51723.6
51166.1
50615.3
50071.9
49536.3
49009
48490.6
47981.6
47482.6
46993.8
46514.6
46044.5
45582.9
45128.8
44681.6
44242.1
43811.5
43391.5
42983.1
42586.8
42202.6
41830.2
41468.6
41117
40775.4
40444.8
40126.8
39820.3
39529.5
39250.4
38987.5
38735.5
38500.5
38280.6
38080.5
37906.1
37758.7
37652.1
37585.4
174488
174388
174192
173907
173541
173101
172598
172039
171430
170779
170091
169371
168621
167847
167052
166237
165404
164553
163685
162805
161915
161016
160112
159201
158285
157365
156439
155510
154576
153640
152702
151763
150824
149886
148949
148013
147080
146149
145220
144294
143370
142448
141526
140604
139683
138763
137845
136928
136012
135098
134186
133275
132368
131463
130561
129662
128766
127874
126986
126101
125220
124344
123470
122600
121732
120867
120006
119149
118296
117447
116599
115754
114910
114067
113224
112381
111537
110694
109853
109016
108184
107357
106536
105721
104911
104105
103303
102505
101710
100919
100130
99345.2
98563
97783.5
97006.4
96231.8
95459.3
94688.8
93920.1
93154
92390.1
91629.4
90871.8
90118.1
89368.4
88623.6
87883.9
87149.1
86419.5
85694.7
84974.3
84257.6
83544.3
82834
82126.8
81422.7
80721.7
80023.6
79328
78634
77941
77249.2
76558.5
75869.9
75183.8
74500.6
73820
73142.2
72466.4
71792.9
71121.3
70451.8
69784.4
69118.7
68454.8
67792.7
67132.7
66474.8
65819.4
65166.7
64516.8
63869.9
63226.1
62585.8
61949.3
61316.6
60687.6
60062.1
59439.7
58820.9
58205.3
57593.3
56984.9
56380.7
55780
55184.2
54592.5
54005.7
53424
52847.6
52276.8
51711.5
51152.5
50599.8
50054.6
49516.7
48987.1
48466
47954.3
47452.4
46960.6
46478.4
46005.6
45541.4
45085
44635.6
44193.9
43761.2
43338.9
42927.8
42528.4
42140.6
41763.7
41397.2
41039.8
40692.5
40354.3
40029.4
39713.6
39414.2
39124.4
38851.6
38588.4
38342.1
38110.9
37899.4
37714.6
37558.8
37443.5
37379.2
175076
174965
174749
174436
174037
173563
173025
172432
171791
171109
170392
169645
168871
168075
167259
166426
165576
164710
163829
162936
162034
161125
160210
159291
158366
157438
156505
155569
154629
153688
152745
151802
150859
149917
148977
148040
147105
146173
145243
144315
143390
142466
141543
140621
139700
138779
137861
136945
136029
135115
134203
133292
132383
131478
130576
129676
128781
127888
126999
126114
125233
124357
123483
122612
121744
120879
120017
119159
118305
117454
116606
115760
114915
114071
113227
112382
111537
110693
109852
109015
108183
107357
106536
105721
104910
104103
103301
102502
101707
100914
100125
99338.9
98555.8
97775.5
96997.5
96222
95448.5
94677.2
93907.4
93140.5
92375.7
91614.4
90856.2
90101.7
89351.7
88606.5
87866.4
87131.4
86401.7
85676.8
84956.2
84239.2
83525.6
82814.9
82107.2
81402.6
80700.9
80002.1
79305.9
78612
77919.4
77228.4
76538.8
75851.5
75166.4
74484.4
73804.9
73128
72453.3
71780.8
71110.2
70441.5
69774.8
69109.7
68446.4
67785
67125.6
66468.5
65813.7
65161.6
64512.2
63865.8
63222.3
62582.2
61945.9
61313.4
60684.4
60059.1
59436.6
58817.7
58201.8
57589.8
56980.7
56376.2
55774.7
55178
54585.7
53998.2
53415.7
52838.4
52266.5
51699.8
51139.4
50585.1
50037.9
49497.9
48966
48442.4
47927.9
47422.8
46927.5
46441.6
45964.9
45497.3
45037.8
44585.7
44141.3
43705.5
43279.9
42865.3
42461.5
42068.9
41686.2
41313.7
40949.2
40595.8
40248.5
39915.4
39588.7
39278.5
38975.4
38689.3
38412.5
38150.9
37905.2
37678.2
37481.1
37313.4
37194
37117.5
175745
175619
175376
175027
174588
174073
173494
172862
172183
171466
170716
169939
169138
168317
167479
166625
165757
164874
163979
163072
162158
161238
160313
159384
158450
157514
156573
155630
154684
153737
152789
151841
150894
149949
149007
148067
147131
146197
145266
144337
143411
142486
141562
140639
139717
138796
137877
136961
136045
135132
134219
133309
132400
131494
130592
129693
128797
127905
127015
126130
125248
124371
123497
122625
121756
120890
120027
119169
118313
117462
116612
115765
114919
114074
113228
112382
111537
110692
109851
109014
108183
107357
106536
105720
104909
104102
103299
102499
101703
100910
100120
99332.5
98548.3
97767.2
96988.3
96212.3
95437.9
94665.9
93895.2
93127.5
92362
91599.7
90840.9
90085.7
89335.1
88589.3
87848.9
87113.7
86383.6
85658.4
84937.5
84220.1
83506.1
82795
82086.9
81382.1
80679.8
79980.8
79284.2
78590.4
77898.2
77208
76519.3
75833.1
75149
74467.9
73789.4
73113.6
72439.9
71768.4
71098.7
70430.8
69764.6
69100.2
68437.5
67776.6
67117.7
66461.2
65806.9
65155.4
64506.4
63860.6
63217.6
62578
61941.9
61309.8
60680.8
60055.9
59433.4
58815
58198.9
57587.2
56977.8
56372.7
55770.8
55173.5
54580.5
53992.3
53409
52830.6
52257.7
51689.7
51127.7
50571.9
50022.9
49481
48946.9
48420.7
47903.3
47394.9
46895.7
46405.7
45924.6
45452.6
44989
44533
44085.1
43645.5
43215.6
42796.5
42386.9
41988.4
41598.1
41219.1
40845.4
40484.6
40127
39784.3
39445.1
39121.8
38803.3
38500.2
38205.9
37925
37660.6
37414.4
37199.2
37016.4
36882.9
36808.8
176504
176358
176079
175686
175198
174632
174005
173326
172604
171847
171061
170251
169420
168571
167708
166833
165945
165044
164133
163212
162286
161354
160418
159479
158537
157592
156644
155694
154742
153788
152835
151883
150932
149983
149037
148095
147157
146222
145289
144360
143433
142507
141582
140657
139734
138812
137893
136976
136060
135146
134235
133325
132416
131511
130609
129710
128814
127922
127032
126146
125264
124386
123510
122638
121768
120901
120037
119178
118321
117468
116617
115768
114921
114074
113228
112381
111535
110691
109850
109014
108183
107357
106536
105720
104908
104101
103297
102497
101700
100906
100114
99326.5
98541.1
97759.1
96979.4
96202.7
95427.5
94654.9
93883.6
93114.9
92349
91585.8
90826.5
90070.7
89319.4
88573.1
87832.2
87096.6
86366.1
85640.5
84919.2
84201.4
83487
82775.6
82067.3
81362.3
80660.1
79961
79264.5
78570.8
77879.1
77189.5
76501.7
75816.2
75133.1
74452.9
73775.4
73100.4
72427.6
71756.8
71087.9
70420.7
69755.2
69091.5
68429.3
67769
67110.4
66454.3
65800.3
65149.2
64500.6
63855.3
63212.8
62573.8
61938.1
61306.5
60677.9
60053.3
59431.2
58813
58197.3
57585.5
56976.3
56371
55769
55171.2
54577.8
53988.9
53404.8
52825.3
52251.3
51682.1
51118.7
50561.4
50010.5
49466.6
48930.2
48401.3
47880.9
47369
46865.9
46371.6
45885.8
45408.7
44940
44479.4
44026.6
43582.4
43146.8
42722.1
42305.5
41900.3
41500.9
41114.1
40729.7
40359.8
39990.3
39635.8
39281.6
38942.7
38606.3
38282.5
37967.4
37663.2
37374.9
37103.5
36864.8
36660.6
36516.5
36422.1
177369
177195
176868
176417
175866
175240
174554
173821
173050
172248
171423
170577
169714
168836
167947
167047
166138
165219
164291
163356
162416
161472
160525
159576
158625
157672
156716
155759
154801
153842
152883
151926
150971
150018
149070
148125
147184
146247
145314
144383
143454
142527
141601
140675
139750
138827
137907
136989
136073
135160
134249
133339
132432
131526
130624
129725
128830
127937
127048
126162
125279
124399
123523
122649
121777
120910
120045
119184
118326
117471
116619
115769
114920
114073
113226
112379
111533
110689
109849
109013
108183
107357
106536
105720
104908
104100
103295
102495
101697
100902
100110
99321.4
98535
97752
96971.4
96193.8
95418.2
94644.7
93872.8
93103.5
92337.3
91573.6
90813.7
90057.6
89305.9
88559.1
87817.7
87081.5
86350.5
85624.4
84902.5
84184.4
83469.7
82758.2
82049.7
81344.8
80642.8
79943.9
79247.6
78554.2
77862.8
77173.8
76486.8
75802.2
75119.9
74440.5
73763.7
73089.5
72417.5
71747.4
71079.1
70412.6
69747.6
69084.7
68422.9
67763.2
67104.8
66449.2
65795.2
65144.5
64496.1
63851.2
63209
62570.8
61935.4
61304.4
60676.2
60052.1
59430.6
58812.7
58197.4
57585.9
56977.1
56371.9
55770
55172.1
54578.3
53988.9
53404
52823.7
52248.4
51678.1
51113.2
50554.2
50001.3
49455.2
48916.2
48384.6
47861
47345.6
46838.4
46339.7
45849.2
45366.7
44892.3
44425.9
43967.1
43517.1
43074.6
42643
42217.8
41804.7
41395
40999
40602.9
40221.9
39838.3
39469.5
39098.7
38740.5
38384
38036.7
37696.3
37364.7
37046.7
36745
36474.6
36241.9
36068.7
35972.4
178360
178144
177750
177221
176592
175891
175137
174342
173517
172668
171799
170915
170018
169110
168193
167269
166337
165398
164453
163503
162549
161592
160634
159675
158714
157753
156790
155826
154861
153897
152933
151970
151011
150055
149103
148155
147212
146273
145338
144405
143475
142546
141618
140691
139764
138840
137918
137000
136084
135171
134260
133352
132444
131539
130636
129737
128842
127950
127061
126175
125291
124410
123532
122656
121784
120915
120049
119187
118328
117472
116618
115767
114917
114069
113221
112374
111529
110686
109846
109011
108181
107356
106535
105719
104906
104098
103293
102492
101694
100899
100107
99317.5
98530.4
97746.5
96965.1
96186.5
95410.4
94636.4
93864.1
93094.3
92327.8
91563.8
90803.6
90047.4
89295.4
88548.3
87806.4
87069.8
86338.3
85611.6
84889.1
84170.5
83455.3
82743.8
82035.4
81330.6
80628.6
79930
79233.9
78540.8
77849.9
77161.5
76475.1
75791.4
75109.8
74431.2
73755.1
73081.6
72410.3
71740.9
71073.1
70407.5
69742.9
69080.8
68419.4
67760.4
67102.3
66447.1
65793.1
65142.5
64494.1
63849.5
63207.7
62569.9
61935
61304.3
60676.7
60053.2
59432.3
58815
58200.4
57589.4
56981.2
56376.4
55774.9
55176.9
54583
53993.1
53407.6
52826.3
52249.9
51678.2
51111.7
50550.8
49995.8
49447.2
48905.7
48371.1
47844.1
47324.9
46813.7
46310.4
45814.9
45326.8
44846.1
44373.4
43907.3
43450.7
42999.5
42560.5
42125.1
41703.1
41281.6
40875.1
40465.5
40071.1
39672.6
39286.8
38897.5
38518.4
38139
37765.7
37396.2
37033
36679.5
36340.4
36029.1
35756
35552.7
35417
179509
179225
178732
178098
177370
176580
175747
174885
174001
173100
172187
171263
170330
169391
168446
167496
166541
165582
164619
163652
162684
161714
160745
159775
158805
157834
156864
155893
154922
153952
152983
152016
151053
150093
149137
148186
147240
146299
145361
144426
143493
142563
141633
140704
139776
138851
137928
137009
136093
135180
134269
133361
132454
131548
130645
129746
128850
127959
127070
126183
125298
124417
123538
122660
121786
120915
120049
119186
118326
117469
116614
115762
114911
114062
113214
112368
111523
110680
109841
109007
108177
107353
106532
105716
104904
104096
103291
102490
101692
100897
100105
99315.1
98527.8
97743.3
96961.3
96181.9
95405.2
94630.8
93858.1
93088
92321.2
91557.3
90796.9
90040.8
89288.7
88541.4
87799.2
87062.3
86330.2
85603.2
84880
84161
83445.4
82733.6
82025
81320.2
80618.2
79919.9
79224
78531.3
77840.6
77152.9
76466.9
75784.2
75103.3
74425.4
73749.9
73077.1
72406.3
71737.9
71070.6
70406
69741.9
69080.6
68419.6
67761.3
67103.5
66448.3
65794.5
65143.8
64495.7
63851.2
63209.8
62572.2
61937.8
61307.4
60680.4
60057.4
59437.4
58820.9
58207.2
57596.9
56989.5
56385.2
55784.1
55186.4
54592.4
54002.1
53416
52833.8
52256.1
51682.9
51114.6
50551.7
49994.5
49443.5
48899
48361.4
47830.6
47307.6
46791.8
46283.8
45782.5
45289
44801.3
44322.3
43847.6
43383.8
42922.5
42475.4
42027.8
41596.2
41161.7
40742.3
40318.7
39908.3
39493.4
39089.5
38680.8
38278.8
37875.1
37473.9
37072.8
36673.9
36279.5
35894.4
35530.3
35200.2
34936.7
34779.8
180872
180463
179818
179042
178192
177299
176380
175445
174498
173544
172583
171617
170648
169677
168703
167727
166750
165770
164788
163805
162822
161839
160857
159876
158896
157917
156938
155961
154984
154008
153034
152062
151094
150131
149171
148217
147268
146323
145382
144445
143510
142577
141645
140715
139786
138859
137935
137015
136098
135185
134274
133366
132459
131553
130650
129751
128855
127962
127073
126186
125301
124418
123538
122660
121785
120912
120044
119180
118320
117462
116607
115754
114903
114054
113206
112359
111515
110673
109835
109002
108173
107348
106528
105713
104901
104093
103289
102488
101691
100896
100104
99314.4
98527.4
97742.8
96960.5
96180.7
95403.5
94628.6
93855.7
93085.5
92318.4
91554.6
90794.4
90038.3
89286.2
88539.1
87796.6
87059.6
86327
85599.6
84875.8
84156.5
83440.3
82728.4
82019.3
81314.5
80612.3
79914.1
79218
78525.7
77835
77147.9
76462.4
75780.4
75100.2
74423.2
73748.2
73076.4
72405.9
71738.8
71071.9
70408.4
69744.8
69084.3
68423.7
67765.7
67108.3
66453.2
65799.8
65149.2
64501.4
63857.1
63216
62578.7
61944.8
61314.9
60688.6
60066.2
59447.1
58831.5
58218.8
57609.4
57002.8
56399.3
55798.6
55201.2
54607.1
54016.5
53429.6
52846.6
52267.6
51692.9
51122.7
50557.6
49998
49444.4
48896.6
48355.7
47821
47293.8
46772.9
46260
45752.2
45253.3
44757.8
44272.7
43788.3
43317.5
42844.4
42388.2
41928.3
41484.5
41036.6
40602.8
40163.5
39737.1
39304.4
38880.8
38451.5
38026.3
37596.2
37166.2
36731.1
36293.9
35853.7
35415.9
34987.5
34585.2
34241.9
34001.4
182554
181880
181001
180042
179048
178041
177029
176016
175004
173994
172985
171977
170971
169966
168963
167962
166961
165960
164960
163960
162962
161965
160971
159978
158988
158000
157013
156028
155045
154064
153085
152109
151136
150169
149206
148248
147295
146347
145403
144462
143524
142588
141655
140723
139793
138865
137940
137019
136101
135187
134276
133367
132460
131554
130651
129751
128854
127961
127071
126183
125298
124415
123534
122656
121779
120907
120037
119172
118311
117453
116597
115744
114892
114043
113195
112350
111506
110665
109828
108995
108166
107343
106524
105709
104898
104091
103288
102487
101690
100896
100105
99316.2
98529.8
97745.5
96963.2
96183.3
95405.7
94630.7
93857.7
93087.4
92320.2
91556.7
90796.5
90040.5
89288.5
88541.5
87799
87061.8
86328.7
85600.7
84876.3
84156.6
83440
82727.9
82018.5
81313.6
80611
79912.7
79216.2
78523.7
77833.1
77146.4
76461.7
75780.6
75101.2
74425.2
73750.6
73079.8
72409.8
71743.7
71077.6
70414.8
69752
69091.8
68431.9
67774
67117
66462.2
65809.3
65159.1
64511.7
63867.7
63227
62590.2
61956.9
61327.7
60702.2
60080.6
59462.5
58847.8
58236.2
57627.7
57022
56419.1
55819
55221.8
54627.7
54036.6
53449
52865
52284.7
51708.3
51136.3
50569
50006.7
49450.2
48898.8
48354.3
47814.9
47283.4
46756.8
46238.9
45724
45219.5
44715.5
44224.2
43729.8
43250.7
42767.1
42299.3
41827.1
41370.5
40907.7
40459.7
40003.7
39560
39108.8
38664.7
38213.9
37764.4
37307.9
36847.6
36378.2
35901.2
35413.7
34918.1
34417.1
33923.4
33460.8
33121.3
184664
183471
182253
181073
179920
178792
177684
176592
175514
174447
173389
172339
171296
170258
169226
168198
167173
166152
165133
164116
163103
162092
161085
160082
159081
158084
157089
156096
155107
154120
153135
152155
151178
150206
149239
148278
147321
146369
145422
144478
143537
142598
141662
140729
139797
138869
137943
137021
136102
135186
134274
133364
132456
131551
130647
129747
128849
127955
127065
126177
125291
124408
123527
122648
121772
120898
120028
119163
118300
117442
116586
115732
114881
114031
113184
112339
111496
110656
109820
108988
108160
107337
106519
105706
104896
104090
103288
102488
101692
100899
100109
99320.7
98534.9
97751.2
96969.3
96189.7
95412.1
94637.1
93864.1
93094.1
92326.9
91563.6
90803.6
90047.8
89295.8
88548.9
87806.2
87068.7
86335.1
85606.4
84881.4
84161.1
83444.2
82731.9
82022.4
81317.2
80614.2
79915.2
79218.3
78525.4
77835.2
77148.9
76465.1
75785
75106.5
74431.4
73757.6
73087.6
72418.6
71753
71088
70425.5
69763.5
69103.4
68444.1
67786.3
67130
66475.5
65823.1
65173.5
64526.7
63883.4
63243.5
62607.4
61975
61346.5
60721.9
60101.3
59484.2
58870.6
58260
57652.5
57047.6
56445.5
55845.7
55248.6
54654.1
54062.7
53474.2
52889.2
52307.2
51729.4
51155.1
50585.7
50020.3
49460.9
48905.3
48357
47812.6
47276.5
46743.8
46220.4
45698.2
45187.4
44674.7
44175.6
43672.4
43183.5
42689.2
42210.4
41725
41255.3
40777.5
40313.9
39842
39379.8
38910.5
38445.2
37972.6
37499
37015.3
36526.4
36021.9
35507.6
34971.7
34420.1
33839.9
33244.1
32634.4
32090
29856.2
24844.4
22226.1
19629.8
17380
15222.1
13231.1
11377.8
9664.55
8090.51
6648.42
5333.66
4157.46
3105.58
2210.39
1470.65
895.617
489.358
201.226
23.0522
29054.8
24836
22223.4
19635.3
17390
15234.1
13242.9
11389.5
9675.72
8100.87
6658.27
5342.06
4164.91
3111.36
2214.57
1473.51
897.463
491.83
203.687
23.6306
28475.9
24815
22224.4
19642.2
17409.8
15250.6
13264.3
11407.2
9694.83
8117.05
6674.2
5354.93
4176.22
3119.9
2220.75
1477.65
899.808
495.19
207.352
24.5612
28003.1
24771.1
22210.1
19648.9
17429.7
15267.6
13287.7
11426.2
9715.66
8133.75
6690.44
5367.79
4187.09
3128.16
2226.49
1481.46
901.226
496.86
209.76
25.5339
27627.6
24695.1
22176
19651.2
17442.6
15280.3
13306.5
11441.3
9732.32
8146.36
6702.52
5376.92
4194.36
3134.08
2230.21
1483.45
900.607
494.474
208.657
25.9036
27336.8
24590
22118.7
19642.2
17442.4
15285.6
13315.4
11448.6
9739.99
8151.08
6706.64
5379.43
4195.46
3135.97
2230.89
1482.89
897.65
487.357
202.854
25.2678
27110
24466.9
22038.4
19616.3
17424.7
15279.3
13310.5
11444.7
9735.57
8145.59
6700.82
5374.11
4189.73
3133.32
2228.49
1480.19
893.049
476.941
193.215
23.7016
26929.6
24339.9
21940.3
19571
17387.3
15258.5
13290.5
11428.2
9718.47
8129.42
6684.93
5361.23
4177.98
3126.79
2224.15
1476.94
888.644
466.428
182.428
21.7594
26784.7
24221.6
21833.9
19508
17331.9
15221.9
13256
11399.3
9689.71
8103.46
6660.24
5341.89
4161.98
3118.04
2219.84
1475.55
887.065
459.551
173.961
20.199
26669.9
24120.7
21730.6
19433
17263.8
15171.9
13209.8
11360
9651.56
8069.71
6629.21
5318.14
4144.15
3109.32
2217.87
1478.6
890.919
459.287
170.709
19.5954
26581.9
24041.9
21640
19355
17190.6
15113.3
13156
11313.5
9607.77
8031.66
6595.44
5292.95
4127.34
3103.1
2220.32
1487.7
901.449
466.477
173.475
20.0545
26517.9
23986
21568.7
19283.1
17120.2
15053.1
13100.9
11265.3
9563.47
7993.65
6563.01
5269.68
4114.18
3101.23
2227.94
1502.48
917.722
479.638
180.952
21.2574
26474.9
23949.9
21518.5
19224.3
17059.2
14998.1
13050.3
11220.6
9523.3
7959.78
6535.53
5251.34
4106.27
3104.05
2239.59
1520.61
937.045
495.854
190.788
22.7032
26448.1
23928.7
21487
19181.1
17011
14952.5
13007.9
11183.1
9490.39
7932.91
6515.18
5239.28
4103.44
3110.15
2252.77
1538.87
956.189
511.972
200.439
23.8898
26432.8
23917
21469.1
19152.3
16976.2
14917.9
12975.5
11154.6
9466.2
7914.12
6502.13
5232.85
4103.95
3117.01
2264.64
1554.3
972.262
525.338
207.832
24.4788
26424.3
23910.9
21459.8
19134.6
16952.8
14893.5
12952.5
11134.8
9450.11
7902.36
6494.59
5229.77
4105.25
3122.21
2272.93
1564.75
983.15
534.12
211.766
24.3928
26418.9
23906.8
21454.4
19123.8
16937.8
14877.5
12937.6
11122.1
9440.21
7895.32
6490.05
5227.62
4105.38
3124.31
2276.63
1569.33
987.924
537.52
212.117
23.7778
26414.4
23902.3
21449.7
19116.3
16927.7
14867.2
12928.4
11114.7
9434.46
7890.99
6486.81
5225.26
4103.92
3123.47
2276.27
1568.95
987.52
536.436
209.884
22.9399
26410.2
23896.1
21444.4
19110.4
16920.9
14860.9
12923.4
11111
9431.56
7888.49
6484.6
5223.11
4101.81
3121.09
2273.7
1565.95
984.494
533.302
206.939
22.2171
26407.7
23890.4
21440
19107
16918
14858.6
12921.8
11109.9
9430.6
7887.57
6483.73
5222.06
4100.5
3119.35
2271.64
1563.47
981.775
530.674
204.847
21.7862
)
;

boundaryField
{
    inlet
    {
        type            calculated;
        value           nonuniform List<scalar> 
20
(
363438
363451
363459
363465
363471
363475
363478
363480
363482
363482
363482
363481
363480
363478
363475
363470
363465
363459
363451
363438
)
;
    }
    outlet
    {
        type            calculated;
        value           uniform 0;
    }
    walls
    {
        type            calculated;
        value           nonuniform List<scalar> 
520
(
363438
354273
344440
334690
325074
315597
306261
297065
288009
279095
270322
261692
253208
244873
236696
228691
220880
213301
206015
199098
194890
192999
191153
189353
187600
185894
184235
182620
181050
179521
178033
176582
175168
173788
172440
171122
169832
168568
167327
166110
164913
163735
162576
161433
160306
159193
158094
157007
155932
154868
153815
152771
151736
150709
149691
148680
147677
146680
145690
144707
143729
142757
141790
140829
139873
138922
137975
137033
136096
135164
134236
133312
132393
131478
130567
129660
128757
127857
126961
126069
125180
124295
123412
122533
121657
120784
119915
119048
118186
117327
116471
115619
114771
113927
113086
112249
111415
110585
109758
108935
108115
107300
106489
105682
104880
104081
103285
102493
101703
100919
100133
99353
98570
97791.8
97010.9
96235.8
95458.3
94687.9
93915.8
93151.2
92384.3
91625.5
90863.8
90109.9
89354
88605.7
87856
87114.7
86372.6
85638.6
84903.6
84176.4
83449.6
82731.4
82014.2
81304.5
80595.3
79893.1
79190.7
78495.6
77799.8
77111.9
76421.3
75740
75056.8
74384.2
73710.7
73046.7
72381
71722.3
71059.5
70403.1
69743.5
69090
68434.7
67786.7
67137.8
66495.2
65851.7
65214.3
64576.5
63943.5
63308.9
62682.1
62052
61435.2
60807.6
60205.6
59576.9
58978.7
58353.4
57755.9
57136.3
56544.7
55931.2
55339.9
54730.5
54135.9
53526.1
52927.1
52321.2
51714
51111.6
50500.4
49905.8
49296.5
48705.8
48102.6
47509.1
46911
46314.3
45717.3
45126.2
44524.8
43939.7
43345
42756.2
42174.1
41584.2
40997.5
40404.3
39804.6
39200.2
38595.5
37980.8
37374.2
36743.5
36146.6
35498.7
34897.1
34227.3
33603.2
32914.8
32264
31560.7
30870
30157.8
29445.5
28719.4
27987.8
26407.7
23890.4
21440
19107
16918
14858.6
12921.8
11109.9
9430.6
7887.57
6483.73
5222.06
4100.5
3119.35
2271.64
1563.47
981.775
530.674
204.847
21.7862
363438
354273
344440
334690
325074
315596
306260
297062
288005
279086
270306
261663
253155
244777
236521
228371
220295
212234
204038
195253
171814
171859
171950
172087
172271
172505
172789
173125
173518
173970
174488
175076
175745
176504
177369
178360
179509
180872
182554
184664
171814
171749
171620
171429
171177
170867
170501
170082
169613
169099
168542
167945
167311
166644
165946
165221
164470
163698
162906
162095
161268
160427
159573
158708
157834
156952
156063
155167
154265
153357
152445
151529
150611
149691
148770
147848
146924
146001
145079
144158
143238
142316
141395
140475
139557
138640
137725
136812
135901
134993
134086
133182
132279
131378
130479
129580
128684
127793
126908
126028
125152
124278
123405
122537
121673
120814
119958
119105
118253
117403
116557
115714
114874
114035
113197
112359
111520
110682
109847
109016
108188
107363
106543
105728
104917
104111
103310
102511
101715
100922
100132
99346.6
98565.1
97786
97009.3
96236.2
95467.2
94701.1
93937.7
93176.9
92419.5
91664.7
90912.3
90162.6
89416
88673
87934.2
87199.6
86468.9
85741
85015.3
84292.5
83573.5
82858.3
82146.3
81437.1
80730.4
80026
79324.6
78626.4
77931
77238.1
76547.6
75859.4
75173.4
74489.2
73806.9
73126.4
72447.8
71771.7
71098.3
70426.7
69756.4
69087.7
68421.1
67756.6
67094.4
66434.4
65776.6
65121.6
64469.7
63821
63175.8
62534
61896.2
61263.2
60635.2
60012.7
59395.3
58782.4
58173.8
57569.1
56968.7
56372.6
55781.2
55194.7
54613
54036.2
53464.3
52897.7
52336.5
51781.2
51232.1
50689.8
50154.5
49626.5
49105.8
48592.6
48087.4
47590.8
47103.4
46625.5
46157.4
45698.8
45249.4
44809.1
44378.6
43959
43549.2
43149.2
42760.1
42382.2
42018.3
41668.4
41330.8
41006.2
40696.3
40402.5
40124.7
39861.5
39612.4
39378.6
39161.5
38963.4
38788.5
38643.2
38531.4
38460.9
38422.1
38400.2
38400.2
38389.8
38359.9
38307
38231.5
38134.9
38025.9
37901.2
37759.5
37585.4
37379.2
37117.5
36808.8
36422.1
35972.4
35417
34779.8
34001.4
33121.3
32090
29856.2
24844.4
22226.1
19629.8
17380
15222.1
13231.1
11377.8
9664.55
8090.51
6648.42
5333.66
4157.46
3105.58
2210.39
1470.65
895.617
489.358
201.226
23.0522
)
;
    }
    frontAndBack
    {
        type            empty;
    }
}


// ************************************************************************* //
