/*--------------------------------*- C++ -*----------------------------------*\
| =========                 |                                                 |
| \\      /  F ield         | OpenFOAM: The Open Source CFD Toolbox           |
|  \\    /   O peration     | Version:  2.4.0                                 |
|   \\  /    A nd           | Web:      www.OpenFOAM.org                      |
|    \\/     M anipulation  |                                                 |
\*---------------------------------------------------------------------------*/
FoamFile
{
    version     2.0;
    format      ascii;
    class       volScalarField;
    location    "1.91";
    object      pPrime2Mean;
}
// * * * * * * * * * * * * * * * * * * * * * * * * * * * * * * * * * * * * * //

dimensions      [0 4 -4 0 0 0 0];

internalField   nonuniform List<scalar> 
8800
(
338724
330182
321018
311932
302970
294138
285437
276865
268424
260113
251930
243876
235947
228139
220444
212850
205323
197811
190173
181986
338736
330184
321018
311932
302970
294138
285437
276865
268424
260113
251931
243876
235947
228140
220446
212854
205331
197828
190215
182125
338743
330183
321015
311930
302969
294138
285437
276865
268424
260113
251931
243877
235948
228143
220451
212862
205347
197861
190292
182394
338749
330183
321013
311929
302969
294137
285436
276865
268424
260113
251931
243878
235950
228146
220457
212874
205370
197908
190399
182708
338754
330183
321011
311927
302968
294137
285436
276865
268424
260113
251932
243879
235952
228150
220465
212888
205399
197967
190528
183034
338758
330183
321010
311926
302968
294137
285436
276865
268424
260114
251933
243880
235955
228155
220474
212906
205433
198034
190670
183351
338761
330184
321009
311925
302967
294137
285436
276865
268424
260114
251933
243882
235958
228161
220485
212926
205472
198108
190819
183652
338763
330184
321008
311924
302967
294137
285436
276865
268425
260114
251934
243884
235962
228167
220497
212948
205512
198185
190968
183932
338764
330184
321007
311923
302966
294137
285437
276865
268425
260115
251935
243886
235966
228174
220509
212971
205555
198264
191114
184190
338765
330184
321007
311923
302966
294137
285437
276865
268425
260115
251936
243888
235969
228181
220522
212994
205598
198341
191254
184425
338765
330184
321007
311923
302966
294137
285437
276866
268425
260116
251938
243890
235973
228188
220535
213017
205640
198417
191386
184637
338764
330184
321007
311923
302966
294137
285437
276866
268426
260117
251939
243892
235977
228195
220548
213040
205681
198489
191508
184827
338763
330184
321008
311924
302967
294137
285437
276866
268426
260117
251940
243894
235981
228201
220560
213061
205719
198555
191618
184994
338761
330184
321009
311925
302967
294138
285437
276866
268427
260118
251941
243896
235984
228208
220571
213081
205754
198615
191716
185139
338758
330184
321010
311926
302968
294138
285437
276867
268427
260119
251942
243898
235987
228213
220581
213099
205785
198668
191800
185263
338754
330183
321011
311927
302968
294138
285437
276867
268428
260119
251943
243899
235990
228218
220590
213115
205812
198713
191872
185366
338749
330183
321013
311929
302969
294138
285437
276867
268428
260120
251944
243901
235992
228222
220597
213127
205834
198750
191929
185448
338743
330183
321015
311931
302970
294139
285438
276868
268428
260120
251945
243902
235994
228225
220602
213137
205851
198777
191972
185509
338736
330184
321018
311932
302970
294139
285438
276868
268429
260121
251945
243902
235995
228227
220606
213144
205862
198796
192001
185549
338724
330182
321018
311933
302971
294139
285438
276868
268429
260121
251945
243903
235996
228228
220608
213147
205868
198805
192015
185569
174566
172567
171043
169724
168502
167340
166219
165129
164063
163017
161986
160968
159961
158964
157975
156993
156016
155045
154078
153115
152156
151201
150251
149304
148362
147423
146488
145557
144628
143703
142781
141862
140948
140038
139133
138233
137338
136447
135560
134677
133797
132920
132046
131174
130305
129439
128575
127715
126858
126004
125153
124305
123459
122615
121773
120934
120097
119265
118435
117609
116784
115963
115143
114326
113510
112698
111889
111083
110280
109480
108683
107888
107095
106303
105513
104725
103939
103155
102374
101596
100823
100054
99290.2
98530.4
97774.6
97022.5
96273.9
95528.7
94786.8
94048
93312.1
92578.9
91847.8
91119
90392
89667.2
88944.4
88224
87505.7
86790.2
86077.3
85368
84661.8
83959.8
83261.5
82567.8
81878.1
81193.1
80511.9
79835.3
79162.2
78493.5
77828
77166.3
76507.3
75851.2
75197.2
74545.6
73896.3
73249.8
72605.9
71965.4
71327
70691.7
70057.7
69426.7
68796.7
68170
67544.3
66921.4
66299.5
65679.7
65061.2
64444.3
63829.2
63216.1
62605.2
61996.8
61391
60788.6
60189.1
59593.3
59000.7
58411.6
57825.5
57242.6
56662.7
56085.8
55511.4
54939.8
54370.5
53803.6
53238.6
52675.5
52114.3
51555.3
50998.2
50444.1
49892.7
49344.6
48799.2
48258.1
47720
47187.2
46657.6
46133.9
45613.6
45099.8
44589.7
44087.1
43586.9
43095.7
42604.2
42123.4
41640.1
41168.9
40693.1
40231.2
39762.1
39307.5
38845.3
38396.8
37941.2
37495.5
37044.7
36598.1
36147
35695.9
35237.6
34775.5
34301.8
33819.3
33318.8
32802.6
32259
31689
31076.4
30408
29697.4
28827.5
175989
173860
172124
170629
169276
168012
166809
165651
164528
163431
162357
161301
160260
159233
158217
157211
156213
155222
154238
153259
152286
151319
150357
149400
148448
147501
146558
145619
144684
143753
142826
141903
140985
140071
139163
138259
137360
136465
135575
134689
133806
132927
132050
131177
130306
129438
128574
127712
126854
125999
125146
124297
123450
122606
121764
120924
120088
119255
118425
117598
116774
115952
115132
114315
113500
112688
111878
111072
110269
109468
108671
107876
107082
106291
105501
104714
103928
103145
102366
101590
100818
100051
99288.4
98530.1
97775.8
97025.2
96278
95534.2
94793.6
94056
93321.2
92588.8
91858.4
91130.1
90403.6
89679.1
88956.6
88236.3
87518.3
86803
86090.4
85381.4
84675.6
83973.9
83276.1
82582.4
81892.9
81207.6
80526.6
79849.7
79176.9
78508.1
77842.8
77180.9
76521.7
75865
75210.7
74558.7
73909.3
73263
72619.6
71979.5
71341.9
70707.1
70074
69443.5
68814.4
68187.7
67562.5
66939.2
66317.4
65697.2
65078.5
64461.6
63846.6
63233.9
62623.6
62016.1
61411.3
60810
60212
59617.5
59026.6
58438.9
57854.4
57272.9
56694.5
56118.8
55545.7
54975
54406.8
53840.7
53276.3
52713.4
52152
51592.5
51034.7
50479.5
49926.8
49376.9
48830.1
48287.1
47747.2
47211.8
46679.6
46152.3
45628.6
45110.5
44595.7
44088
43582.1
43084.4
42586.2
42097.3
41606.2
41125.9
40641.3
40168.3
39689.7
39221.9
38749.7
38285.3
37818.7
37355.4
36891.3
36426.2
35959
35488
35011.8
34527.4
34033.1
33523.9
32998.5
32448.4
31873.6
31252.9
30608.6
29845.4
29080.7
28227.5
176976
174864
173047
171446
169997
168649
167374
166154
164977
163834
162718
161626
160553
159496
158454
157424
156405
155396
154394
153400
152414
151434
150460
149493
148532
147576
146625
145680
144739
143802
142870
141943
141020
140103
139190
138283
137381
136483
135589
134700
133814
132932
132054
131178
130306
129437
128571
127708
126848
125992
125139
124288
123441
122596
121754
120914
120078
119244
118414
117587
116762
115940
115121
114304
113489
112677
111868
111061
110258
109457
108659
107864
107071
106280
105490
104704
103919
103137
102359
101585
100815
100049
99288.3
98531.7
97779
97030
96284.4
95542
94802.9
94066.6
93332.8
92601.3
91871.6
91143.9
90417.9
89693.8
88971.6
88251.7
87534.1
86819.2
86107.4
85398.7
84693.6
83992.1
83294.7
82600.9
81911.5
81226.1
80545.1
79868.2
79195.5
78526.5
77861.1
77198.7
76539.1
75881.8
75227
74574.7
73925.4
73279.5
72636.8
71997.2
71360.4
70726.2
70094.1
69464
68835.8
68209.2
67584.3
66960.5
66338.5
65717.6
65098.7
64481.4
63866.6
63254.3
62644.5
62037.8
61434.1
60834
60237.5
59644.6
59055.5
58469.6
57887
57307.1
56730.2
56155.7
55583.8
55014.1
54447.1
53881.6
53317.6
52754.7
52193
51632.4
51073.8
50517.2
49963
49411.3
48862.9
48318.1
47776.3
47238.5
46703.8
46172.9
45645.7
45123.6
44604
44090.9
43579.1
43074.2
42568.8
42071.3
41572.2
41081.6
40588.8
40103.6
39616.9
39135.1
38653.7
38173.8
37696.1
37216.1
36738.6
36255.5
35773.6
35282.3
34790.8
34283.6
33772.8
33236.2
32693.4
32106.5
31518.1
30843.5
30190
29384.1
28592.6
27780
177729
175672
173832
172173
170655
169242
167907
166633
165407
164221
163066
161940
160836
159751
158684
157632
156592
155564
154547
153538
152538
151546
150561
149584
148614
147650
146691
145739
144792
143850
142913
141981
141055
140133
139217
138306
137400
136499
135603
134710
133822
132938
132057
131179
130305
129434
128567
127703
126842
125985
125131
124279
123431
122586
121743
120904
120067
119233
118403
117575
116751
115929
115109
114293
113478
112667
111858
111051
110248
109447
108649
107854
107061
106270
105481
104695
103912
103131
102354
101582
100813
100050
99290.3
98535.3
97784.3
97036.8
96292.8
95552.1
94814.4
94079.4
93346.7
92616
91887.1
91159.8
90434.4
89710.7
88989.2
88269.7
87552.9
86838.7
86127.7
85419.6
84715
84013.8
83316.5
82622.6
81933.2
81247.6
80566.5
79889.4
79216.6
78547.2
77881.6
77218.5
76558.3
75900.2
75244.9
74592.4
73943.5
73297.9
72656
72017
71381.2
70747.6
70116.4
69486.7
68859.1
68232.8
67607.9
66983.7
66361.2
65739.5
65120.3
64502.7
63888
63275.9
62666.7
62060.6
61458.2
60859.2
60264.2
59673
59085.7
58501.7
57920.8
57342.5
56767.3
56194
55623.6
55055.1
54489.2
53924.1
53360.3
52797
52235
51673.1
51113.3
50554.8
49998.8
49445.4
48895.8
48348.7
47805.3
47264.9
46728
46193.7
45663.6
45137
44613.1
44094.1
43576.7
43064
42551.7
42044.4
41538
41036.4
40536
40038.7
39543.6
39048.7
38557.6
38063.3
37574
37078.1
36588
36086.8
35592.8
35080.4
34577.4
34045.1
33524.7
32956.9
32408.3
31781.3
31189.5
30475.7
29802.3
29011.8
28223.9
27444.4
178336
176335
174499
172811
171249
169787
168403
167083
165814
164589
163400
162241
161108
159997
158906
157832
156774
155728
154694
153671
152659
151655
150660
149673
148693
147721
146756
145797
144844
143897
142955
142019
141089
140164
139244
138330
137420
136516
135616
134721
133830
132943
132060
131181
130305
129433
128564
127699
126837
125979
125123
124271
123422
122577
121734
120894
120057
119223
118393
117565
116740
115919
115099
114283
113469
112657
111849
111043
110240
109439
108641
107846
107053
106262
105474
104688
103906
103127
102351
101580
100814
100052
99294
98540.6
97791.1
97045.3
96302.9
95563.7
94827.6
94093.9
93362.4
92632.5
91904.4
91177.8
90453
89729.8
89008.9
88290.1
87574.2
86860.7
86150.4
85442.8
84738.7
84037.5
83340.1
82646.1
81956.4
81270.6
80589.3
79912
79239
78569.1
77903
77239.2
76578.4
75919.5
75263.9
74611.1
73962.4
73317
72675.8
72037.4
71402.4
70769.3
70138.8
69509.7
68882.6
68256.3
67631.2
67006.4
66383.3
65761.1
65141.6
64523.9
63909.4
63297.4
62688.8
62083.2
61482.1
60884
60290.7
59700.9
59115.4
58532.9
57954
57377.2
56803.7
56231.9
55663
55095.7
54531
53965.6
53402.1
52837.9
52275.4
51711.9
51151
50590.2
50032.6
49477.1
48926.7
48377
47832.5
47289.2
46750.1
46212.9
45679.9
45148.9
44621
44095.9
43573.1
43052.1
42533.3
42016.4
41502.8
40990.9
40482.6
39974.3
39470.6
38963.5
38462.6
37954.3
37454.7
36942.3
36442.3
35921.7
35418.3
34884
34372.8
33815.2
33287.8
32692
32135
31483.1
30873.6
30157.9
29460.8
28708.4
27942.4
27183.9
178847
176894
175070
173371
171781
170283
168860
167501
166196
164937
163715
162527
161368
160233
159120
158025
156948
155886
154837
153801
152776
151761
150756
149759
148772
147792
146819
145854
144896
143943
142997
142057
141123
140194
139271
138353
137441
136534
135631
134733
133840
132950
132065
131184
130307
129433
128563
127696
126833
125974
125118
124265
123416
122569
121726
120886
120049
119215
118385
117557
116732
115911
115091
114275
113461
112650
111842
111036
110233
109433
108635
107839
107046
106256
105468
104683
103902
103124
102350
101580
100815
100055
99298.7
98546.8
97798.9
97054.7
96313.9
95576.4
94841.8
94109.5
93379.2
92650.3
91923.1
91197.4
90473.2
89750.6
89030.4
88312.3
87597
86884.2
86174.3
85467
84763.1
84061.7
83364.1
82669.8
81979.7
81293.6
80612.2
79934.5
79261.1
78590.8
77924.2
77259.8
76598.4
75939
75282.9
74629.7
73980.9
73335.4
72694.5
72056.4
71421.8
70789.1
70159.2
69530.5
68903.9
68277.6
67652.4
67027
66403.3
65780.7
65160.9
64543.1
63928.7
63316.9
62708.6
62103.5
61503.1
60906.2
60314.5
59726.3
59142.8
58561.8
57984.7
57409.3
56837.5
56267.1
55699.7
55133.5
54569.6
54003.7
53440
52874.8
52311.6
51746.3
51184.7
50621.6
50063.2
49505.8
48954
48401.8
47856
47310
46769.1
46228.5
45692.9
45157.7
44625.9
44094.5
43566.7
43037.2
42512.4
41986.4
41465.9
40944.3
40428.9
39909.7
39398.5
38879.3
38369.8
37847.8
37339.1
36811.7
36301.6
35765.1
35250.6
34700.2
34176.7
33603.4
33060.6
32451.9
31875
31220.1
30588.8
29890.8
29187.7
28463.8
27717.8
26971.1
179286
177373
175565
173861
172254
170729
169277
167887
166551
165262
164012
162798
161614
160457
159323
158210
157116
156038
154975
153926
152889
151863
150848
149844
148848
147861
146882
145911
144947
143990
143039
142095
141157
140225
139298
138378
137462
136552
135647
134746
133851
132959
132072
131189
130310
129435
128564
127696
126832
125972
125115
124262
123411
122565
121721
120881
120044
119210
118379
117552
116727
115905
115086
114270
113456
112645
111837
111032
110228
109428
108630
107834
107041
106251
105464
104680
103899
103122
102350
101582
100818
100059
99304
98553.6
97807.1
97064.4
96325.3
95589.2
94856.3
94125.5
93396.6
92668.8
91942.6
91217.5
90494
89771.9
89052.2
88334.7
87619.7
86907.1
86197.4
85490.2
84786.1
84084.5
83386.5
82691.8
82001.5
81315
80633.3
79955.1
79281.3
78610.7
77943.7
77279
76617
75957.1
75300.5
74646.8
73997.5
73351.6
72710.2
72071.8
71437.2
70804.7
70175.1
69546.9
68920.8
68294.6
67669.4
67043.6
66419.5
65796.5
65176.5
64558.4
63944
63332.3
62724.2
62119.6
61519.7
60924.3
60334.2
59748.1
59166.5
58587.4
58011.9
57437.5
56866.9
56297.4
55731.4
55165.8
54602.1
54035.6
53471.9
52905.6
52341.5
51774.8
51212
50646.8
50087.4
49528.9
48975.3
48421.3
47873.7
47325.1
46782.1
46238.8
45700.2
45161.2
44625.6
44088.9
43555.1
43018.9
42487.2
41953.9
41426
40896.3
40373.4
39845.4
39326
38797.6
38277.8
37746.4
37225.6
36688.9
36165
35619.3
35089.7
34531.4
33991.3
33412.3
32851.7
32240.2
31646.6
30997.5
30355.3
29675.3
28975.8
28266.7
27531.5
26791.6
179665
177785
175995
174292
172673
171131
169656
168241
166879
165564
164289
163052
161846
160668
159515
158385
157275
156183
155106
154045
152997
151962
150938
149925
148921
147928
146943
145966
144997
144035
143080
142132
141191
140255
139326
138402
137484
136571
135664
134761
133863
132970
132081
131196
130316
129439
128567
127698
126833
125972
125115
124261
123410
122563
121719
120879
120041
119207
118376
117549
116724
115902
115082
114266
113452
112641
111833
111027
110224
109423
108625
107830
107037
106247
105461
104677
103898
103122
102350
101583
100821
100063
99309.6
98560.5
97815.2
97074
96336.2
95601.6
94870.2
94140.9
93413.4
92686.7
91961.4
91236.9
90513.7
89792
89072.5
88355.1
87640.2
86927.4
86217.4
85510.1
84805.7
84103.8
83405.5
82710.6
82019.8
81333
80650.7
79972.1
79297.8
78627
77959.6
77294.5
76632.2
75972.1
75314.9
74660.6
74010.6
73363.9
72721.5
72082.2
71446.9
70814.2
70184.7
69556.8
68931
68305.2
67680
67054.1
66429.9
65806.6
65186.4
64568.2
63953.5
63341.9
62734
62130.2
61531.3
60937.4
60349.4
59765.4
59185.2
58608.4
58033.5
57460.2
56890.4
56321.4
55755.9
55190.8
54627.1
54059.8
53496
52928.9
52363.4
51795.7
51231.8
50665.1
50104.2
49544.6
48988.6
48433.8
47883.4
47333
46787.4
46242.1
45700.7
45158.6
44618.9
44078.5
43538.6
42997.4
42458.2
41918.8
41384.1
40847.9
40317.1
39783.2
39254.5
38719.9
38189.3
37651.6
37118.1
36574.9
36037.6
35485.7
34942.6
34380.2
33826.7
33244.9
32671.6
32061.4
31458
30817.7
30170.4
29503.2
28806.5
28102.6
27373.1
26638.4
180000
178146
176370
174670
173045
171489
169997
168561
167178
165841
164545
163287
162061
160865
159696
158550
157425
156319
155231
154158
153100
152055
151023
150002
148992
147992
147001
146018
145045
144079
143120
142168
141223
140285
139353
138426
137506
136591
135681
134776
133876
132981
132091
131205
130323
129445
128572
127702
126836
125974
125116
124262
123410
122563
121719
120878
120040
119206
118375
117546
116721
115899
115079
114263
113449
112637
111829
111023
110219
109419
108621
107825
107033
106244
105458
104675
103897
103122
102351
101585
100824
100067
99314.5
98566.5
97822.5
97082.4
96345.9
95612.6
94882.6
94154.8
93428.5
92702.8
91978
91253.8
90530.8
89809.1
89089.4
88371.6
87656.2
86943
86232.6
85525
84820.3
84118.1
83419.4
82724
82032.8
81345.4
80662.5
79983.4
79308.7
78637.4
77969.6
77304.3
76641.7
75981.2
75323.6
74668.8
74017.8
73370.1
72726.4
72085.9
71449.8
70816.4
70186.6
69558.8
68933.3
68307.9
67682.8
67057.3
66433.2
65810
65189.8
64571.5
63956.9
63345.4
62738
62135.2
61537.7
60945.3
60359.3
59777
59198.3
58623.2
58049.1
57476.5
56907.1
56338.4
55772.7
55207.5
54643.2
54075.7
53511.4
52943.2
52376.4
51808.8
51242.7
50676.1
50113.6
49554.6
48994.3
48439.3
47885.2
47333.9
46784.1
46239.1
45693.5
45150.8
44605.9
44063.7
43516.5
42971.7
42425.9
41881.6
41340.5
40800
40260.9
39725.3
39185.5
38648
38107.1
37564.4
37020.4
36472.3
35923.6
35368
34814.4
34250.2
33687
33105.7
32523.6
31917
31306.3
30674.3
30022.4
29361.1
28666
27963.2
27238.8
26509
180295
178461
176698
175002
173373
171808
170302
168850
167449
166094
164780
163503
162261
161048
159863
158703
157565
156447
155347
154264
153197
152143
151103
150075
149058
148052
147056
146069
145090
144120
143158
142203
141255
140313
139379
138450
137527
136610
135698
134792
133890
132994
132102
131214
130331
129452
128578
127707
126840
125978
125119
124263
123412
122564
121719
120878
120040
119205
118373
117544
116719
115896
115076
114259
113445
112633
111824
111018
110214
109413
108616
107821
107029
106240
105455
104673
103896
103122
102352
101587
100826
100070
99318
98570.8
97827.9
97088.8
96353.6
95621.6
94893
94166.3
93441
92715.9
91991.2
91267
90543.6
89821.3
89101.1
88382.6
87666.5
86952.6
86241.8
85533.9
84828.7
84126.1
83426.9
82731
82039.1
81350.9
80667.1
79987.4
79312.1
78640.4
77972
77306.3
76643.3
75982.5
75324.5
74669.2
74017.4
73368.8
72724.1
72082.5
71445.1
70810.7
70180.3
69552.3
68927
68302.2
67677.8
67053.1
66429.3
65806.6
65186.7
64568.5
63954.4
63343.6
62737.1
62135.7
61539.8
60948.9
60364.4
59783.4
59205.6
58631.2
58057.9
57485.8
56916.4
56347.3
55781.3
55216.3
54649.9
54084
53517.2
52949.2
52380.7
51814.1
51245.2
50678.7
50114.6
49558
48992.5
48439.2
47878.3
47329.6
46773.2
46230.3
45679
45137.7
44586.5
44044.6
43489.2
42942.2
42390.4
41843.5
41296
40754.9
40206.9
39672.4
39122.5
38582.9
38034.8
37488
36936.2
36385
35826.4
35268.3
34706.5
34142.6
33571.6
32993.5
32402.5
31800.4
31181.8
30554.5
29898.8
29238.5
28545.9
27845
27126.6
26402.1
180554
178737
176985
175293
173662
172090
170573
169108
167693
166322
164992
163700
162443
161216
160017
158844
157694
156565
155455
154363
153286
152225
151178
150143
149120
148108
147107
146115
145133
144159
143193
142235
141284
140341
139403
138472
137547
136628
135715
134807
133904
133006
132112
131224
130340
129460
128584
127712
126845
125981
125121
124265
123413
122564
121719
120877
120038
119203
118371
117542
116716
115893
115072
114255
113440
112628
111818
111012
110208
109408
108610
107815
107024
106236
105452
104671
103894
103121
102352
101587
100827
100071
99319.9
98573.2
97830.9
97092.6
96358.5
95627.5
94900.2
94174.3
93449.7
92724.5
91999.7
91275
90550.8
89827.4
89106.4
88387
87670
86955.4
86244.2
85535.9
84830.5
84127.3
83427.3
82730.5
82037.6
81348.6
80664
79983.6
79307.7
78635.3
77966.3
77300
76636.8
75975.7
75317.4
74661.7
74009.2
73359.8
72714.2
72071.5
71432.9
70797.6
70166.3
69538
68912.8
68288.3
67665
67041.6
66418.8
65797.1
65177.9
64560.7
63947.6
63337.7
62732.7
62132.3
61538
60948.6
60364.9
59784.8
59207.3
58632.7
58060.3
57487.1
56917.8
56347.9
55781.3
55216.1
54647.4
54083.9
53513.4
52947.5
52377.4
51811.2
51240.9
50675.2
50109.2
49553.1
48984.6
48432.7
47864.2
47318.5
46754.9
46214.6
45657.5
45119.4
44560.9
44020.3
43457.6
42910.7
42353.8
41805.8
41253
40711.6
40156.4
39624.1
39066.9
38526.1
37973.1
37421
36864.7
36311.5
35744.4
35188.6
34619.4
34057.5
33476
32901.4
32301.2
31701.3
31075.8
30449.4
29792.3
29132.4
28443.6
27746.6
27035
26316.2
180782
178978
177234
175546
173914
172337
170812
169337
167910
166526
165183
163878
162607
161368
160157
158972
157812
156672
155553
154453
153369
152300
151246
150205
149177
148160
147155
146159
145173
144195
143227
142266
141312
140366
139426
138493
137567
136646
135731
134821
133917
133017
132123
131233
130348
129467
128590
127717
126849
125984
125124
124267
123414
122564
121719
120876
120037
119201
118368
117539
116712
115888
115068
114250
113434
112622
111813
111006
110203
109402
108605
107811
107020
106233
105450
104670
103894
103121
102352
101587
100827
100071
99320
98573.3
97831.1
97093.3
96359.9
95629.8
94903
94177.3
93452.9
92727.2
92002.2
91276.6
90551.7
89826.9
89105
88384.6
87666.9
86951.3
86239.8
85531.1
84825.3
84121.3
83420.7
82722.8
82029.1
81339.2
80654
79972.9
79296.6
78623.4
77953.8
77286.8
76623.4
75962
75303.5
74647.3
73994.5
73344.1
72697.6
72053.8
71414.3
70778.1
70146.2
69517.6
68892.5
68268.4
67646.1
67023.7
66402.9
65782.6
65164.9
64549.1
63937.3
63328.2
62724.4
62124.7
61531.6
60943
60360.3
59780.9
59204
58628.3
58057.1
57482
56912
56340
55773.5
55206.3
54637.2
54073.9
53502.7
52938.2
52366.8
51801.7
51230.2
50665
50098.9
49542.7
48972.7
48418.7
47847.3
47301.7
46733.2
46192.9
45631.6
45095.3
44532.9
43992.1
43424.5
42876.7
42317.2
41768.4
41212.1
40667.9
40112.1
39577.9
39017
38478.2
37918.4
37364.1
36803.1
36248.2
35678.8
35123.5
34546.6
33986
33396.7
32820.4
32214.3
31612.6
30983.8
30357.4
29700.7
29043
28358.9
27667.2
26962.7
26249.7
180979
179186
177449
175765
174133
172552
171020
169537
168100
166706
165352
164036
162754
161503
160282
159088
157917
156769
155642
154534
153443
152368
151308
150262
149229
148208
147198
146198
145209
144229
143257
142293
141338
140389
139448
138513
137585
136662
135746
134835
133929
133028
132132
131241
130355
129473
128595
127722
126852
125987
125125
124268
123414
122564
121717
120874
120034
119198
118365
117535
116708
115884
115062
114244
113429
112617
111807
111001
110197
109397
108600
107806
107016
106230
105448
104669
103893
103121
102352
101587
100827
100070
99318.4
98571
97828.4
97090.5
96357.1
95627.2
94900.2
94174.2
93449.2
92722.8
91997.4
91270.9
90545.1
89819.4
89097
88375.5
87657.2
86940.9
86229.4
85519.8
84813.7
84109
83407.9
82709
82014.9
81324.1
80638.6
79957
79280.1
78606.2
77936.1
77268.4
76604.8
75943
75284.6
74627.8
73974.6
73323.4
72676.3
72031.5
71391.6
70754.6
70122.6
69493.5
68868.6
68244.8
67623.3
67002.1
66383.2
65764.6
65148.9
64534.3
63923.9
63315.8
62712.9
62113.4
61520.9
60932.8
60350.8
59771.5
59195.5
58619.1
58047.8
57470.4
56898.9
56324.5
55757
55186.9
54620.4
54054.8
53486.2
52920.4
52349.5
51785
51215.1
50648.3
50084.8
49525.8
48956.3
48400.9
47827.5
47278.4
46708.5
46163.4
45602.9
45065.4
44500.4
43962.8
43391.3
42842.8
42280.1
41728.6
41170.9
40624.8
40069.2
39533.4
38973.5
38436.9
37872
37317.2
36752.1
36194
35624.9
35062.9
34488.1
33922.3
33328
32747.7
32138.9
31534
30905.7
30279.2
29624.3
28970.8
28291.5
27605.6
26907.9
26200.7
181149
179365
177634
175952
174319
172736
171199
169710
168265
166862
165499
164173
162882
161623
160392
159189
158011
156855
155721
154606
153509
152428
151363
150312
149275
148250
147237
146234
145241
144258
143284
142318
141361
140410
139467
138531
137601
136677
135759
134847
133940
133038
132141
131249
130361
129478
128599
127725
126854
125988
125126
124268
123413
122562
121715
120871
120031
119194
118361
117530
116703
115879
115057
114239
113424
112611
111802
110995
110192
109392
108595
107802
107013
106227
105446
104667
103892
103120
102351
101586
100825
100067
99314.5
98566.2
97822.7
97084.3
96350.2
95619.8
94891.7
94165
93439
92712
91985.9
91258.6
90531.9
89805.7
89082.8
88360.7
87641.9
86925.4
86213.7
85503.5
84797.3
84092.1
83390.8
82691.2
81997
81305.6
80619.9
79937.5
79260.2
78585.6
77915
77246.9
76583.1
75921.2
75263.1
74605.9
73952.3
73300.2
72652.5
72006.9
71366.7
70729.1
70097.1
69467.9
68843.4
68220
67599.3
66979.3
66362
65745.3
65131.1
64517.7
63908.3
63300.9
62698.5
62099.3
61507.1
60919
60337.7
59758.1
59182.4
58605
58032.4
57453.6
56879.7
56303.3
55734.6
55160.6
54597.7
54029.9
53464.3
52895.5
52328.3
51761.7
51195.4
50626
50068.4
49503.7
48938.2
48381.1
47807.6
47249.5
46681.5
46131.7
45570.7
45031.2
44467.8
43922.9
43357
42807.8
42242.3
41686.3
41131.4
40582
40031.9
39494.7
38933.2
38397.6
37832.5
37275.9
36709.9
36147.8
35580.3
35010.2
34436.5
33860.4
33269.2
32682.1
32075
31466.2
30842
30215.2
29563.8
28914.5
28239.9
27560.1
26868
26166.1
181293
179516
177789
176109
174476
172890
171350
169856
168405
166995
165625
164292
162992
161725
160487
159277
158091
156929
155789
154668
153566
152480
151411
150356
149315
148287
147270
146265
145270
144284
143308
142340
141381
140429
139484
138546
137615
136690
135770
134857
133949
133046
132148
131255
130366
129482
128602
127727
126856
125988
125125
124266
123411
122559
121712
120868
120027
119190
118356
117525
116698
115874
115052
114234
113418
112606
111797
110990
110187
109387
108591
107798
107009
106224
105443
104665
103890
103118
102348
101583
100820
100062
99308.4
98559.1
97814.6
97075.2
96339.7
95608.2
94878.6
94150.7
93423.7
92696.5
91969.7
91241.6
90514
89787.7
89064.1
88341.6
87622.5
86906.5
86194.7
85484.5
84778
84072.8
83371.1
82671.8
81977.3
81285.6
80599.6
79916.6
79238.6
78563.2
77892.2
77224.2
76560.3
75898.7
75240.4
74583.6
73929.7
73277.2
72628.6
71982.6
71341.8
70703.8
70071.8
69442.9
68818.7
68195.7
67575.6
66956.6
66340.7
65725.4
65112
64499.9
63891.1
63284.4
62682.5
62084
61491.9
60903.9
60322.4
59741.5
59165.3
58586.5
58011.7
57431.4
56856.6
56279.9
55707.5
55133.7
54570.8
54000.4
53438.6
52867
52302.2
51734.5
51174.9
50603.6
50047.9
49479.5
48920.2
48352.5
47780.9
47217.8
46657.3
46104.1
45542.8
44995.1
44432.3
43879.4
43321.4
42766.2
42204.6
41646
41096.8
40544.1
39996.7
39452.9
38899
38357.1
37795.9
37237.3
36675.1
36109.1
35538.2
34963.6
34390.3
33806
33217.4
32624.9
32024.9
31412.6
30793.5
30165.5
29518.9
28871.2
28202.4
27527.7
26839.7
26143.3
181413
179641
177916
176237
174604
173016
171474
169976
168520
167105
165729
164390
163084
161811
160567
159350
158159
156991
155846
154720
153614
152524
151451
150393
149349
148318
147299
146291
145294
144306
143328
142359
141398
140444
139498
138559
137626
136700
135780
134865
133956
133052
132153
131259
130370
129485
128604
127728
126856
125988
125124
124264
123408
122557
121708
120864
120023
119186
118352
117521
116693
115869
115047
114229
113414
112601
111792
110985
110182
109383
108586
107794
107005
106221
105439
104661
103886
103113
102343
101577
100814
100055
99300.5
98550.3
97804.7
97063.9
96326.7
95593.7
94862.4
94133.2
93404.8
92677.3
91949.5
91221.2
90493.4
89767.2
89042.9
88320.7
87601.7
86886.6
86174.4
85464.8
84758.1
84053.4
83351.5
82652.7
81957.2
81265.8
80578.8
79895.7
79216.5
78541.1
77869.3
77201.7
76537.4
75876.9
75218.6
74563
73908.7
73256.6
72606.9
71960.9
71319.1
70681.3
70049
69420.8
68796.2
68174
67553.5
66935.7
66320.3
65706.3
65093.4
64482.3
63873
63267.2
62665.3
62067.7
61475.2
60887.1
60304
59722.1
59143.8
58563.8
57986.4
57405.8
56829.3
56252.9
55682
55108.8
54541.5
53972.5
53409.7
52838.3
52277.6
51708.5
51149.9
50579.4
50025.6
49452.5
48892.8
48317
47756.2
47189.7
46632.7
46075.9
45512.9
44954.5
44396.2
43841.1
43285.4
42722.9
42170.2
41611.7
41064
40510.5
39967.2
39415.5
38870.1
38315.5
37763.4
37202.7
36642.6
36072.2
35502.4
34925.4
34346.5
33761.5
33176.6
32582.8
31986.1
31375.4
30758.8
30130.5
29488.6
28839.6
28176.8
27504.8
26820.5
26129.2
181508
179740
178017
176338
174704
173116
171572
170071
168612
167193
165813
164468
163158
161879
160630
159409
158213
157041
155892
154762
153652
152560
151484
150423
149377
148343
147322
146312
145313
144324
143344
142374
141411
140456
139509
138569
137635
136708
135787
134871
133961
133056
132157
131262
130372
129486
128605
127728
126855
125987
125122
124262
123406
122554
121705
120861
120020
119182
118348
117517
116689
115865
115043
114225
113409
112597
111787
110981
110178
109378
108582
107790
107001
106216
105434
104656
103880
103107
102337
101570
100806
100047
99291.8
98540.8
97794
97051.9
96313.1
95578.6
94845.4
94114.9
93385.1
92656.8
91927.9
91200
90472
89746.5
89021.8
88300.7
87581.7
86867.4
86155
85446.2
84739.1
84034.9
83332.7
82634.4
81938.4
81247.4
80559.6
79876.5
79196.5
78521.3
77848.8
77181.5
76516.9
75857
75199
74544.8
73890.5
73239.2
72588.9
71943.2
71300.5
70663.1
70030.5
69402.6
68777.2
68155.4
67534.5
66917.7
66302
65689.3
65076.6
64466
63855.9
63250.8
62648.6
62051.6
61457.8
60869.1
60283.4
59700.5
59119.2
58538.5
57958.5
57379.5
56801.8
56228.7
55655.5
55083.2
54514.8
53946.6
53379.6
52812.9
52251.6
51682.1
51123.8
50555.7
49998.3
49422.8
48863.4
48290.8
47734
47158.3
46605.8
46039.6
45479.7
44923.2
44366.3
43804.4
43250.2
42686.6
42138.4
41578.6
41036.2
40483.8
39940.6
39382.7
38840.7
38278.9
37732.3
37169.9
36615.2
36040.7
35472.8
34892.3
34314.3
33731.6
33144.9
32554.4
31958.5
31352.6
30733.8
30108.3
29467.8
28819.1
28159.6
27488.9
26808.3
26120.7
181580
179814
178091
176412
174779
173190
171645
170142
168681
167259
165875
164527
163213
161931
160678
159453
158254
157079
155926
154794
153682
152587
151508
150446
149397
148362
147339
146328
145327
144337
143356
142384
141421
140465
139517
138576
137642
136714
135792
134875
133965
133059
132159
131264
130373
129487
128605
127728
126855
125986
125121
124261
123405
122552
121703
120858
120017
119179
118345
117514
116686
115861
115040
114221
113406
112593
111783
110977
110174
109374
108578
107785
106996
106211
105429
104650
103874
103100
102330
101562
100799
100039
99283.7
98531.9
97784.3
97041.1
96300.7
95564.5
94829.7
94098.5
93367.2
92638.8
91908.7
91181.5
90453.3
89728.5
89003.6
88283.7
87564.4
86850.9
86137.9
85430.2
84722.4
84019.5
83316.7
82619.3
81922.9
81232.6
80544.1
79861.7
79180.9
78506.1
77832.7
77166.1
76501.1
75842
75183.8
74530.6
73876.6
73226.7
72576.5
71931.8
71288.3
70651.4
70017.3
69389.4
68762.9
68141.5
67520.2
66904.3
66287.7
65675.7
65062.6
64452
63841
63236.6
62633.7
62036.7
61441
60851.8
60263.8
59679.4
59095.1
58514
57931.9
57355.8
56776.7
56205.9
55630.8
55061.6
54489.4
53924.3
53353.1
52789.9
52223.7
51659.1
51098.4
50531.7
49970.8
49400.2
48838.4
48265.9
47708.5
47130.6
46578.7
46005.7
45452.6
44891.9
44334.6
43773.4
43220.7
42657.1
42110.9
41551.2
41011.3
40456.4
39914.7
39354.7
38811.2
38251.6
37707.4
37144.1
36589.9
36014.6
35449.2
34867.6
34290.8
33710.5
33124.1
32539.8
31940
31340.6
30716.6
30096.3
29454
28807.4
28147.9
27478.8
26800.5
26114.8
181625
179862
178140
176462
174829
173239
171693
170189
168726
167303
165917
164566
163250
161965
160710
159483
158281
157104
155949
154815
153701
152605
151525
150461
149411
148374
147350
146338
145337
144346
143364
142391
141427
140471
139522
138580
137646
136717
135795
134878
133967
133061
132161
131265
130374
129487
128605
127728
126855
125986
125121
124260
123404
122551
121702
120857
120015
119177
118343
117512
116684
115859
115037
114218
113402
112590
111780
110973
110170
109370
108574
107781
106992
106206
105423
104644
103867
103094
102323
101556
100793
100033
99277.1
98524.9
97777
97032.9
96290.8
95553.1
94816.6
94084.8
93352.5
92624.2
91893.6
91167
90438.4
89714.5
88989.5
88270.7
87551.4
86838.8
86125.3
85418.4
84710
84008
83304.8
82608.4
81911.6
81222.1
80533.1
79851.3
79170
78495.5
77821.7
77155.3
76489.7
75830.7
75172.2
74519.4
73865.6
73217.2
72568
71925.2
71281.1
70644.8
70008.4
69380.1
68751.8
68130.6
67508.6
66893.3
66275.8
65664.4
65050.6
64440.5
63829.1
63225.1
62621
62023.7
61426.7
60836.3
60245.8
59660.3
59074.5
58493.7
57910.6
57336.8
56756.2
56190
55610.7
55047.8
54469.5
53907.9
53331.1
52770.6
52200.9
51640.3
51074
50510.3
49943.7
49377.7
48815.2
48242.9
47684.4
47107.3
46554.1
45980.7
45430.4
44862.9
44309.4
43750
43195.2
42635.3
42091
41529.6
40988.9
40432.9
39888.4
39333.7
38789.6
38234.2
37688.3
37125.5
36567.3
35997.1
35430.5
34853.6
34276.3
33703.1
33115.5
32538.1
31930.6
31339
30708.1
30093.9
29446.5
28802.1
28140
27473.1
26795.3
26111.1
181647
179885
178165
176487
174853
173264
171717
170213
168749
167324
165937
164586
163268
161982
160726
159497
158295
157117
155961
154826
153711
152613
151533
150468
149417
148381
147356
146343
145342
144350
143368
142395
141430
140474
139525
138583
137647
136719
135796
134879
133968
133062
132161
131265
130374
129488
128606
127728
126855
125985
125121
124260
123403
122550
121701
120856
120015
119177
118342
117511
116683
115858
115036
114217
113401
112588
111778
110972
110168
109368
108572
107779
106989
106203
105420
104640
103864
103090
102320
101553
100789
100029
99273.2
98521.2
97772.9
97027.9
96284.7
95546.3
94808.8
94076.7
93343.7
92615.4
91884.5
91158.3
90429.7
89706.8
88981.8
88263.8
87544.4
86832.4
86118.3
85412
84703
84001.6
83298.3
82602.3
81905.2
81216.3
80527
79845.6
79163.6
78489.1
77814.9
77148.7
76483
75824.1
75165.3
74512.6
73859.1
73212
72563.6
71922
71277.4
70641.1
70002.7
69374
68744.3
68123.3
67500.8
66885.8
66267.9
65656.6
65042.4
64432.7
63821.3
63217.8
62613.7
62015.9
61418.1
60826.7
60235.5
59649.6
59061.7
58480.8
57896.5
57325.1
56743
56184.3
55599.1
55041.6
54456.9
53898.8
53315.8
52761.7
52184
51627.5
51054.7
50495.9
49923.8
49361.9
48794.3
48224.2
47661.2
47087.3
46531.9
45961.2
45410.1
44846.7
44293.4
43736
43180.5
42624.5
42074.9
41514.7
40971.3
40415.4
39869.1
39324.6
38775.4
38227.8
37675.2
37116
36552.9
35989.6
35417.3
34853
34266.7
33711.4
33110.6
32551.2
31928.9
31349.4
30706.3
30101.1
29443.4
28799.3
28134.3
27469.4
26791.1
26107.9
160142
160081
159961
159783
159549
159259
158918
158528
158091
157612
157093
156536
155946
155324
154673
153997
153298
152578
151840
151084
150313
149529
148734
147928
147113
146291
145462
144627
143786
142940
142090
141237
140382
139524
138666
137806
136946
136086
135226
134368
133510
132652
131793
130936
130080
129226
128374
127523
126674
125828
124983
124140
123299
122460
121622
120785
119950
119119
118294
117475
116659
115845
115034
114225
113422
112622
111825
111029
110234
109441
108653
107868
107085
106302
105520
104737
103954
103173
102395
101621
100849
100082
99319.5
98560.8
97806.2
97055.3
96308
95563.7
94822
94082.6
93345.9
92613.1
91884.1
91157.7
90433.8
89713.6
88997.6
88284.6
87574.4
86867.4
86164
85463.4
84765.2
84069.4
83376.4
82686.5
82000.3
81317.9
80638.7
79962
79287.1
78614.6
77945.2
77279
76615.9
75955.1
75296.6
74640.3
73986.9
73336.6
72688.6
72042.8
71399
70757
70116.9
69478.1
68840.8
68204.8
67570.4
66938.1
66308.1
65679.9
65052.8
64427.5
63804.3
63183.4
62564.9
61948.9
61335.3
60724.5
60116.8
59512.3
58910.9
58312.7
57718.2
57128
56542.6
55962.1
55386.2
54814.6
54246.8
53682.6
53122.3
52565.9
52013.9
51466.4
50923.4
50384.9
49851.1
49322.2
48798.5
48280.3
47768
47262
46762.8
46270.5
45785.1
45307
44836.5
44374.2
43920.7
43476.3
43041
42614.9
42197.5
41788.7
41389.2
41000.1
40620.5
40250.2
39890.3
39541
39205.2
38882.6
38571.5
38272.7
37987.8
37718
37462.9
37221.4
36992.9
36778.5
36579.4
36397.6
36237.4
36104.3
36002.1
35938.2
35903.3
35883.7
160184
160123
160002
159823
159587
159296
158953
158561
158122
157641
157119
156561
155969
155345
154693
154016
153315
152594
151854
151096
150325
149540
148743
147937
147122
146299
145470
144635
143793
142947
142096
141242
140386
139528
138669
137809
136949
136089
135229
134370
133512
132654
131796
130939
130083
129229
128376
127525
126676
125829
124985
124142
123302
122462
121623
120786
119950
119120
118294
117474
116659
115845
115035
114227
113424
112624
111827
111031
110237
109444
108656
107870
107086
106303
105520
104737
103954
103173
102396
101621
100849
100082
99320
98561.9
97807.1
97055.4
96306.9
95561.9
94819.7
94080.1
93343.8
92611.7
91884.5
91160.3
90438.4
89719.4
89003.7
88290.7
87580.3
86872.9
86168.8
85467.6
84768.9
84073
83380.1
82690.7
82005
81322.8
80643.7
79966.9
79291.6
78618.8
77948.9
77282
76618.1
75957.5
75299.9
74644.6
73992.1
73342.6
72695.2
72049.5
71405.7
70763.5
70123.4
69485.2
68847.9
68211.8
67577
66944.1
66313.5
65684.9
65057.6
64432
63808.8
63187.8
62569.5
61953.7
61340.3
60729.7
60121.8
59516.7
58914.8
58316.1
57721.3
57130.9
56545.3
55964.7
55389.1
54817.8
54250.4
53686.2
53125.7
52569.1
52016.9
51469
50925.5
50386.6
49852.4
49323.2
48799.4
48281.1
47768.8
47262.7
46763.4
46271
45785.7
45307.6
44837.2
44374.9
43921.5
43477.3
43042.5
42617.1
42200.7
41792.5
41393.1
41003.3
40623
40253.2
39893.8
39544.6
39208.5
38886
38575.7
38277.9
37993.3
37722.3
37465.2
37221.6
36991.4
36775.6
36575.4
36393
36232.5
36098.7
35995.4
35930.5
35894.5
35874.4
160268
160207
160085
159903
159664
159370
159023
158627
158184
157699
157173
156611
156015
155388
154733
154052
153349
152624
151881
151122
150348
149561
148762
147954
147138
146315
145486
144650
143807
142959
142107
141252
140394
139535
138675
137814
136954
136094
135235
134376
133518
132660
131803
130946
130090
129235
128381
127529
126680
125833
124988
124146
123306
122466
121627
120788
119952
119121
118296
117476
116661
115848
115038
114231
113427
112627
111830
111034
110240
109447
108658
107872
107088
106304
105521
104737
103954
103173
102396
101621
100850
100083
99320
98561.4
97806.5
97054.2
96304.6
95558.2
94815.8
94077.4
93342.9
92612.5
91886.4
91163.9
90444.4
89727.1
89012
88298.9
87587.9
86879.9
86175
85473.3
84774.3
84078.2
83385.4
82696.2
82010.9
81329
80649.2
79971.5
79296
78623
77952.8
77286
76622.9
75963.3
75306.9
74653.3
74002.5
73354
72707.1
72061.4
71417.2
70774.4
70133.5
69494.7
68857.3
68221.1
67586.3
66953.3
66322.2
65692.7
65064.7
64438.8
63816
63195.7
62577.8
61962
61348.4
60737.5
60129.4
59524
58921.7
58322.7
57727.6
57137
56551.3
55970.6
55394.8
54823.1
54255.1
53690.6
53129.7
52572.6
52019.8
51471.2
50926.8
50387.1
49852.3
49322.7
48798.5
48280
47767.4
47261.4
46762.3
46270.2
45785.1
45307.3
44837
44374.7
43921.4
43477.8
43043.9
42619.6
42204.1
41796.4
41396.5
41005.5
40624.1
40253.5
39893.5
39545.3
39210.6
38889.1
38579.7
38282.5
37997.5
37725.4
37466.7
37221.4
36989.1
36771.3
36569.3
36385.6
36222.8
36086
35978.7
35909.1
35868.8
35847.3
160396
160334
160209
160024
159781
159481
159129
158726
158277
157785
157254
156686
156084
155452
154791
154106
153398
152670
151923
151159
150382
149591
148791
147981
147164
146339
145508
144670
143826
142977
142123
141265
140405
139545
138683
137822
136962
136102
135243
134385
133528
132671
131814
130957
130100
129244
128389
127536
126686
125838
124994
124152
123311
122472
121632
120793
119957
119126
118301
117482
116666
115853
115043
114235
113431
112630
111832
111036
110241
109449
108661
107875
107090
106307
105524
104740
103957
103177
102399
101625
100853
100085
99322.2
98562.8
97806.7
97053.6
96303.4
95556.9
94814.7
94077
93344
92615.4
91890.6
91169.4
90451.2
89735.1
89020.5
88307.3
87596
86887.3
86181.4
85478.6
84778.8
84082.3
83389.6
82701
82015.9
81333.9
80654.1
79976.2
79300.4
78627.4
77957.4
77291
76628.7
75970.3
75315.7
74664.1
74014.9
73367.6
72721.3
72075.3
71430
70785.9
70143.8
69504.2
68866.6
68230.4
67596
66963.3
66331.9
65701.6
65073.1
64447.2
63824.4
63204.6
62587.1
61971.6
61358.3
60747.7
60139.9
59534.7
58932.3
58333.1
57737.8
57147.1
56561.3
55980.3
55403.9
54831.3
54262.3
53696.7
53134.7
52576.7
52022.9
51473.2
50927.7
50386.8
49851
49320.5
48795.8
48276.9
47764
47257.8
46758.8
46266.9
45782.2
45304.7
44834.8
44373
43920.1
43477
43043.8
42620.2
42205.2
41797.4
41396.4
41003.7
40620.5
40248.3
39888.4
39541.2
39207.4
38886.3
38577.4
38280.3
37995
37721.8
37461.4
37213.9
36980
36760.1
36556.6
36370.7
36205
36064.2
35951
35872.5
35826.4
35798.7
160568
160504
160376
160186
159937
159630
159270
158859
158401
157901
157362
156785
156176
155536
154869
154178
153464
152730
151978
151209
150427
149632
148828
148016
147196
146370
145537
144697
143851
142999
142142
141283
140421
139559
138696
137834
136973
136113
135254
134397
133541
132685
131828
130971
130114
129257
128400
127546
126694
125846
125001
124158
123318
122478
121639
120800
119965
119134
118309
117490
116674
115861
115049
114240
113435
112633
111834
111037
110242
109451
108663
107877
107094
106311
105528
104744
103962
103183
102406
101631
100858
100090
99326.1
98566
97809.3
97055.3
96304.5
95558
94816.1
94078.9
93346.6
92618.7
91894.6
91174.1
90456.5
89741.2
89027.2
88314
87602.3
86892.9
86186.2
85482.4
84781.5
84084.3
83391.3
82702.6
82017.7
81336
80656.4
79978.8
79303.5
78631.1
77961.9
77296.1
76634.2
75976.8
75323.7
74673.8
74026.3
73380
72734.1
72087.8
71441.3
70795.6
70152.2
69511.7
68873.9
68238.1
67604.4
66972.1
66340.8
65710.4
65082
64456.5
63834.1
63214.5
62597.1
61981.7
61368.5
60758.1
60150.8
59546
58944.1
58345
57749.7
57158.8
56572.7
55991.1
55413.7
54840
54269.8
53703
53140
52581
52026.2
51475.2
50928.3
50386.1
49849.1
49317.6
48792
48272.2
47758.7
47252
46752.6
46260.5
45775.7
45298.5
44829.1
44368
43915.8
43473.3
43040.7
42617.7
42202.6
41793.9
41391.7
40997.2
40612.3
40239
39879.1
39532.3
39198.8
38877.6
38568
38270
37983.7
37709.5
37447.4
37198.4
36962.9
36741.8
36535.7
36347
36176.6
36030.4
35909
35820.9
35765.2
35729.5
160786
160719
160587
160390
160133
159817
159446
159024
158556
158045
157495
156909
156290
155641
154965
154266
153545
152804
152046
151271
150483
149683
148875
148058
147236
146407
145570
144728
143879
143025
142166
141304
140440
139576
138712
137849
136987
136127
135268
134412
133556
132701
131844
130987
130129
129270
128413
127557
126705
125855
125009
124166
123326
122487
121648
120810
119975
119144
118320
117499
116683
115868
115056
114246
113439
112636
111837
111039
110244
109453
108665
107881
107098
106315
105532
104749
103968
103189
102411
101636
100863
100094
99329.2
98568.7
97811.6
97057.2
96306.2
95559.6
94817.9
94081.3
93349.2
92621
91896.6
91175.8
90458.4
89743.6
89030
88317.1
87605.3
86895.4
86188
85483.4
84781.6
84083.7
83390.2
82701
82015.6
81333.6
80654.4
79977.5
79303.2
78631.9
77963.6
77298.7
76637.5
75980.9
75328.9
74680.3
74034.2
73388.8
72743.1
72096.4
71449
70802.2
70157.8
69516.7
68878.8
68243.4
67610
66978
66347
65717.3
65089.6
64464.6
63842.5
63222.9
62605.3
61989.8
61376.5
60766.4
60159.5
59555.5
58954.1
58355.5
57760.3
57169.2
56582.7
56000.3
55421.9
54847.1
54275.9
53708.2
53144.3
52584.3
52028.4
51476.3
50928.2
50384.5
49846
49313.1
48786.3
48265.5
47751.1
47243.5
46743.2
46250.3
45765.1
45287.8
44818.9
44358.5
43907
43464.8
43032.6
42609.6
42193.9
41784.1
41380.6
40984.7
40598.8
40225
39864.9
39518.2
39184.1
38861.7
38550.8
38251.3
37963.3
37687
37423.2
37172.7
36935.8
36712.4
36503.5
36311.1
36135.7
35982.6
35853.2
35752.9
35684.6
35640.1
161050
160981
160842
160638
160370
160042
159658
159223
158741
158217
157654
157055
156425
155765
155080
154372
153642
152893
152126
151344
150550
149744
148930
148109
147283
146450
145610
144764
143912
143054
142193
141328
140463
139598
138732
137867
137004
136143
135284
134427
133571
132716
131859
131002
130143
129285
128426
127570
126717
125867
125020
124176
123335
122496
121658
120820
119985
119155
118330
117509
116691
115876
115063
114252
113444
112641
111840
111043
110249
109457
108669
107885
107102
106319
105536
104753
103972
103193
102414
101638
100864
100095
99329.6
98568.8
97811.5
97057.1
96306.3
95560
94818.5
94081.7
93349.4
92620.9
91895.9
91174.6
90456.7
89741.6
89028
88315.3
87603.6
86893.8
86186.2
85481
84778.5
84079.9
83385.6
82695.6
82009.4
81327.1
80648.1
79971.9
79298.7
78628.6
77961.5
77297.7
76637.5
75981.7
75330.3
74682.4
74037.1
73392.1
72746.5
72099.4
71451.6
70804.6
70160
69518.7
68881
68245.7
67612.4
66980.6
66350
65721.2
65094.5
64470.2
63848.3
63228.6
62610.8
61995.2
61381.9
60771.8
60165.2
59561.5
58960.7
58362.7
57767.9
57177
56590.3
56007.3
55428
54852.2
54280
53711.5
53146.7
52585.8
52028.9
51475.9
50926.7
50381.7
49841.7
49307.5
48779.2
48257.1
47741.3
47232.5
46730.9
46236.9
45750.8
45273.2
44804.3
44344.3
43893.2
43451
43018.2
42594.2
42177.5
41766.7
41362.3
40965.8
40579.5
40205.5
39844.8
39497.2
39161.8
38837.9
38524.9
38223.1
37932.6
37653.8
37387.5
37134.7
36895.1
36669.3
36456.4
36259.4
36077.7
35918.2
35780.2
35669.8
35588.7
35539.5
161364
161290
161145
160930
160649
160306
159906
159455
158957
158416
157838
157225
156580
155909
155212
154493
153753
152995
152219
151429
150627
149815
148995
148168
147336
146498
145654
144804
143948
143087
142223
141357
140489
139622
138755
137889
137024
136161
135301
134442
133586
132730
131874
131016
130157
129298
128440
127584
126730
125880
125032
124187
123345
122506
121668
120831
119996
119166
118340
117518
116700
115883
115070
114258
113450
112646
111846
111048
110254
109463
108675
107889
107106
106322
105539
104756
103974
103194
102414
101636
100862
100092
99327
98566.3
97808.9
97054.6
96304
95558.2
94816.9
94080
93347.3
92618.2
91892.5
91170.4
90451.7
89735.7
89021.7
88308.8
87597.1
86887.4
86179.8
85474.5
84771.7
84072.4
83377.2
82686.4
81999.5
81316.8
80638
79962.4
79290.2
78621.2
77955.4
77292.6
76633.3
75977.9
75326.6
74678.7
74033.4
73388.4
72742.6
72095.5
71448.1
70801.7
70157.6
69516.8
68879.3
68244.3
67611.1
66979.5
66349.5
65721.5
65095.8
64472.2
63850.6
63231.1
62613.2
61997.8
61384.8
60774.7
60168
59564.4
58963.9
58366.4
57772.1
57181.5
56594.7
56011.5
55431.6
54855.1
54282
53712.7
53147.2
52585.5
52027.7
51473.8
50923.6
50377.7
49836.5
49301
48771.3
48247.7
47730.2
47219.8
46716.6
46221.1
45733.7
45255
44785.3
44324.8
43873.4
43430.9
42997.1
42571.8
42153.8
41742
41336.9
40940.1
40553.4
40178.7
39816.8
39467.7
39130.5
38804.3
38488.7
38183.6
37890
37607.9
37338.2
37082.2
36839.2
36609.5
36391.7
36189
36001.2
35833.5
35688
35567.5
35479.6
35423.7
161730
161651
161496
161268
160971
160610
160191
159720
159202
158643
158046
157416
156756
156070
155361
154630
153879
153110
152325
151525
150714
149895
149068
148235
147396
146552
145702
144847
143987
143123
142256
141387
140518
139648
138779
137912
137045
136181
135319
134459
133601
132744
131887
131028
130170
129312
128454
127599
126745
125894
125046
124200
123357
122516
121678
120841
120007
119176
118350
117527
116708
115891
115077
114266
113458
112653
111853
111055
110260
109469
108680
107894
107110
106326
105543
104759
103976
103194
102412
101633
100858
100088
99322.5
98561.8
97804.8
97051
96301.1
95555.7
94814.4
94077.1
93343.7
92613.8
91887.4
91164.3
90444.4
89727.3
89012.4
88299.1
87587.3
86877.4
86169.6
85464.1
84761.1
84061.4
83365.3
82673.9
81986.4
81303.3
80624.6
79949.6
79278.2
78610.2
77945.3
77283.2
76624.3
75969.1
75317.6
74669.2
74023.2
73377.8
72731.9
72085.1
71438.6
70793.2
70150.2
69510.3
68873.4
68238.7
67606
66975
66345.8
65718.7
65093.8
64470.8
63849.7
63230.4
62613
61998
61385.5
60775.6
60168.9
59565.2
58964.7
58367.4
57773.5
57183.1
56596.4
56013
55432.7
54855.7
54282.2
53712.2
53146
52583.4
52024.6
51469.9
50919
50372.2
49830.2
49293.6
48762.6
48237.5
47718.5
47206.2
46701.2
46203.8
45714.6
45233.9
44762.6
44300.7
43848.4
43404.9
42970.1
42543.2
42123.7
41710.6
41304.6
40907.2
40520.1
40144.2
39780.7
39429.4
39089.5
38760.6
38441.7
38132.8
37834.9
37548.5
37274.2
37013.7
36764.8
36530.2
36305.8
36097.2
35901.6
35726.3
35572.4
35444.5
35348.2
35292.7
162151
162066
161899
161654
161337
160955
160513
160018
159478
158897
158279
157630
156952
156250
155525
154781
154018
153237
152441
151631
150811
149983
149148
148308
147462
146611
145756
144895
144030
143162
142292
141420
140548
139676
138805
137936
137068
136202
135338
134476
133617
132758
131900
131041
130183
129325
128469
127614
126761
125910
125060
124213
123369
122528
121689
120852
120018
119187
118360
117536
116716
115899
115085
114274
113466
112661
111860
111063
110268
109476
108687
107900
107115
106331
105547
104763
103978
103194
102411
101630
100854
100083
99317.8
98557.3
97800.5
97047.4
96298.1
95552.9
94811.4
94073.5
93339.3
92608.5
91881.3
91157.2
90436.1
89717.7
89001.8
88287.7
87575.4
86865.1
86156.8
85450.9
84747.4
84047.4
83350.8
82658.7
81970.9
81287.5
80608.8
79934
79263.2
78595.7
77931.4
77269.8
76611.2
75955.8
75303.7
74654.5
74007.5
73361.4
72715.4
72069.4
71423.9
70780
70138.4
69499.5
68863.2
68229.3
67597.2
66967.1
66338.8
65712.7
65088.6
64466.3
63845.8
63227.2
62610.5
61996.1
61384.1
60774.7
60168.2
59564.7
58964.2
58367
57773.2
57182.9
56596.2
56012.7
55432.2
54855
54281
53710.4
53143.4
52580
52020.1
51464.7
50912.8
50365.5
49822.7
49285.3
48753.1
48226.6
47706
47191.9
46685
46185.6
45694.2
45211.3
44737.6
44273.5
43819.1
43374
42937.6
42509.3
42088.1
41673.5
41266.3
40867.7
40479.2
40101.9
39736.1
39382
39039.1
38706.7
38383.9
38070.5
37767.2
37475.5
37194.4
36927.5
36671
36429.2
36196.6
35979.8
35776.2
35590.8
35429.2
35292.2
35193.1
35130.7
162633
162540
162358
162092
161751
161341
160872
160351
159784
159178
158537
157865
157167
156446
155705
154945
154168
153375
152567
151746
150916
150079
149235
148387
147533
146675
145813
144947
144076
143204
142329
141454
140579
139705
138832
137960
137091
136223
135358
134495
133634
132773
131914
131055
130197
129339
128484
127629
126777
125926
125076
124228
123382
122540
121701
120864
120030
119199
118371
117547
116727
115910
115096
114284
113476
112671
111870
111072
110277
109485
108696
107908
107122
106337
105552
104767
103980
103194
102410
101628
100852
100080
99314.5
98553.7
97797.1
97044.2
96295
95549.6
94807.7
94069.1
93334.1
92602.6
91874.4
91149.3
90427.2
89707.9
88990.9
88276
87562.9
86852
86142.8
85436.4
84732.4
84031.9
83334.8
82642.2
81954.2
81270.5
80591.6
79916.9
79246.2
78578.8
77914.6
77252.9
76594.2
75938.3
75285.4
74635.2
73987.3
73340.8
72695
72050
71405.8
70763.3
70122.9
69485.1
68849.6
68216.5
67585.4
66956.3
66329.1
65703.8
65080.6
64459.1
63839.3
63221.4
62605.6
61991.9
61380.6
60771.8
60165.8
59562.5
58962.2
58365
57771.4
57181.3
56594.5
56011.1
55430.5
54853.2
54278.8
53707.8
53139.9
52575.9
52015
51458.6
50906
50358
49814.6
49276.3
48743.2
48215.3
47693.4
47177.5
46668.8
46167.2
45673.6
45188.3
44712.1
44245.2
43788.2
43340.3
42901.5
42471
42048
41631.7
41222.7
40822.2
40431.8
40052
39683.4
39326.1
38979.2
38642.3
38314.3
37995.7
37685.5
37387.6
37097.9
36823.1
36556.4
36305.4
36061.9
35834.2
35619.6
35423.3
35251.7
35106.6
34999
34939.1
163182
163078
162877
162585
162213
161772
161271
160718
160121
159485
158817
158121
157400
156657
155897
155121
154329
153522
152701
151869
151028
150181
149328
148470
147609
146743
145874
145001
144126
143248
142369
141490
140611
139734
138858
137985
137114
136245
135378
134514
133651
132790
131930
131070
130211
129354
128499
127645
126793
125942
125092
124243
123398
122555
121715
120878
120043
119212
118384
117560
116739
115922
115108
114296
113488
112683
111881
111082
110287
109495
108705
107917
107130
106344
105558
104770
103983
103195
102409
101628
100851
100079
99312.4
98551
97794
97040.8
96291.2
95545.4
94802.9
94063.8
93328.1
92595.7
91866.8
91141.2
90418.2
89698.2
88980.3
88264.8
87550.6
86838.9
86128.7
85421.5
84716.9
84015.6
83318.1
82624.9
81936.5
81252.6
80573.5
79898.7
79227.8
78560.3
77895.7
77233.7
76574.6
75918.2
75264.6
74613.7
73965.1
73318.6
72673.2
72029
71385.9
70744.6
70105.3
69468.6
68834.1
68202
67572
66943.8
66317.5
65693.1
65070.6
64449.7
63830.7
63213.5
62598.4
61985.5
61374.9
60766.9
60161.3
59558.6
58958.6
58361.8
57768.4
57178.6
56591.9
56008.7
55428.1
54850.8
54276.2
53705.1
53136.5
52572
52010.3
51453
50899.8
50350.9
49806.8
49267.5
48733.5
48204.3
47681.1
47163.7
46653.1
46149.6
45653.9
45166.2
44687.3
44217.6
43757.3
43306.1
42863.8
42430.3
42004.6
41586
41174.8
40771.8
40378.5
39995.6
39623
39261.2
38909.1
38566.7
38232.1
37908
37589.5
37284
36984.3
36699.5
36420.1
36156.6
35900
35657.5
35429.1
35217.7
35034.4
34878
34766.6
34694.6
163805
163688
163461
163136
162727
162247
161708
161118
160486
159818
159119
158395
157648
156883
156102
155307
154498
153675
152840
151996
151144
150286
149424
148557
147687
146814
145938
145059
144177
143294
142410
141527
140645
139764
138886
138010
137137
136267
135399
134534
133670
132808
131947
131086
130227
129370
128514
127661
126808
125957
125108
124260
123414
122571
121730
120893
120059
119227
118399
117574
116753
115935
115121
114309
113501
112695
111892
111093
110297
109504
108714
107925
107137
106350
105562
104773
103984
103196
102410
101628
100851
100079
99311.5
98549.2
97791.4
97037.5
96287.4
95541
94797.9
94058.2
93321.8
92588.7
91858.9
91132.6
90409
89688.5
88969.8
88253.6
87538.4
86825.9
86114.8
85406.6
84701.3
83999.1
83301.1
82607.4
81918.6
81234.5
80555.1
79880.1
79208.9
78541
77876.2
77213.9
76554.4
75897.8
75243.6
74592.4
73943.5
73296.9
72651.8
72008.4
71366.1
70725.8
70087.4
69451.6
68818.1
68187
67557.8
66930.6
66305.2
65681.5
65059.6
64439.4
63821.1
63204.6
62590
61977.9
61367.9
60760.5
60155.5
59553.5
58954.1
58357.9
57764.9
57175.6
56589.1
56006.4
55425.8
54848.9
54274
53703.1
53134.2
52569.1
52006.8
51448.9
50894.9
50345.3
49800.3
49260.1
48725
48194.7
47670
47151.3
46639.1
46133.8
45636
45145.9
44664.4
44191.6
43727.7
43272.8
42826.5
42389
41959.6
41537.7
41123.4
40717.2
40320
39933
39555.2
39188
38828.8
38480.4
38137.4
37806.4
37478.4
37164.2
36852.6
36556
36261.8
35982.1
35708.8
35447.6
35201.3
34971.7
34771.1
34600.2
34475.5
34406
164513
164377
164117
163750
163295
162768
162184
161551
160878
160173
159440
158685
157911
157120
156316
155500
154673
153834
152984
152127
151263
150394
149522
148646
147768
146887
146004
145118
144230
143342
142453
141566
140679
139795
138914
138036
137161
136290
135421
134554
133690
132827
131965
131103
130243
129385
128529
127675
126822
125971
125123
124275
123430
122586
121746
120909
120075
119243
118415
117589
116768
115949
115134
114322
113513
112707
111903
111103
110306
109512
108720
107931
107142
106353
105564
104775
103985
103197
102411
101629
100851
100079
99311.2
98548.1
97789.6
97035.1
96284.3
95537.4
94793.6
94053.2
93315.9
92582.1
91851.3
91124.2
90399.8
89678.7
88959.3
88242.4
87526.3
86812.9
86101.2
85392.1
84686.2
83983.4
83284.8
82590.5
81901.3
81216.8
80537.1
79861.8
79190.3
78522.1
77857
77194.6
76534.9
75878.2
75224
74572.7
73923.8
73277.3
72632.5
71989.6
71348
70708.5
70070.9
69435.8
68803.2
68172.8
67544.4
66917.9
66293.2
65670.2
65049
64429.6
63811.8
63195.9
62581.8
61970.2
61360.6
60753.8
60149.5
59548.2
58949.5
58354.2
57761.7
57173
56587
56004.7
55424.5
54847.7
54273.2
53702
53133.1
52567.7
52005.3
51446.8
50892.3
50341.9
49796.2
49254.9
48718.8
48187.4
47661.5
47141.4
46627.6
46120.4
45620.5
45128
44643.7
44167.7
43700.2
43241.3
42790.7
42348.6
41914.6
41488.4
41069.7
40659.3
40257
39865
39480.6
39107.2
38739.6
38384.1
38030.9
37691.7
37352.4
37027.6
36701.8
36390.7
36079.4
35779.8
35486.7
35203.1
34934.2
34680.8
34457.9
34266.8
34132
34042.7
165319
165156
164852
164431
163918
163334
162695
162012
161294
160547
159777
158989
158185
157367
156538
155700
154853
153997
153132
152261
151384
150504
149622
148737
147850
146961
146071
145179
144286
143392
142498
141606
140716
139828
138944
138063
137187
136313
135443
134576
133710
132846
131982
131120
130258
129399
128541
127687
126834
125984
125136
124289
123444
122601
121760
120923
120089
119258
118429
117604
116782
115963
115147
114333
113523
112716
111912
111111
110313
109518
108725
107934
107144
106354
105564
104774
103985
103196
102411
101629
100851
100079
99310.8
98547.4
97788.1
97033
96281.7
95534.4
94790
94049
93311
92576.4
91844.7
91116.7
90391.4
89669.4
88949.2
88231.5
87514.8
86800.4
86088.5
85378.7
84672.4
83969.3
83270.2
82575.6
81885.9
81201
80520.8
79845.1
79173.3
78504.9
77839.7
77177.3
76517.6
75861.1
75207.1
74556
73907.1
73260.8
72616.2
71973.7
71332.8
70693.9
70057
69422.6
68790.5
68160.8
67533
66907.1
66283
65660.7
65039.9
64421.3
63804
63188.9
62575.1
61964.1
61354.7
60748.5
60144.5
59543.9
58945.9
58351.4
57759.5
57171.6
56586.2
56004.4
55424.7
54848.3
54274
53703
53134.3
52568.9
52006.4
51447.6
50892.6
50341.8
49795.3
49253.1
48715.9
48183.5
47656.3
47134.6
46619
46109.9
45607.8
45112.7
44625.5
44146.3
43675.1
43212.2
42757.2
42310.2
41870.8
41439.3
41015
40599.2
40190.5
39792.2
39399.9
39019.2
38641.9
38277.8
37913.6
37564.3
37211.5
36873.8
36531.7
36202.6
35872.1
35549.9
35232.9
34923.3
34626.3
34344.2
34091.4
33873
33710.2
33619.5
166242
166041
165674
165181
164595
163941
163238
162498
161729
160938
160128
159305
158469
157622
156768
155906
155038
154164
153283
152397
151508
150617
149723
148829
147933
147037
146139
145241
144342
143443
142545
141648
140754
139863
138975
138092
137212
136337
135465
134596
133729
132863
131998
131134
130271
129411
128552
127697
126845
125995
125147
124301
123456
122613
121772
120934
120100
119269
118441
117616
116793
115973
115156
114342
113530
112722
111917
111115
110316
109520
108726
107933
107142
106352
105562
104771
103982
103194
102408
101627
100850
100078
99309.5
98545.8
97786.3
97030.9
96279.2
95531.4
94786.8
94045.5
93307.1
92572
91839.5
91110.6
90384.3
89661.2
88940.5
88222
87504.8
86789.8
86077.6
85367.5
84660.9
83957.7
83258.4
82563.6
81873.5
81188.4
80507.9
79831.8
79159.6
78491
77825.5
77163.4
76503.9
75847.6
75193.8
74542.9
73894.1
73248
72603.6
71961.5
71321
70682.8
70046.4
69412.7
68781.1
68151.9
67524.6
66899.3
66275.6
65654
65033.6
64415.8
63798.8
63184.4
62571
61960.5
61351.3
60745.5
60141.9
59541.9
58944.5
58350.8
57759.7
57172.4
56587.7
56006.5
55427.5
54851.5
54277.7
53707
53138.8
52573.5
52011.2
51452.2
50897
50345.6
49798.4
49255.4
48717.1
48183.4
47654.7
47131.5
46614
46102.8
45598.4
45100.7
44610.5
44127.9
43652.9
43185.8
42726.2
42273.9
41828.7
41391.3
40960.1
40538.1
40121.3
39716
39314.2
38925.3
38536.9
38163
37785.8
37424.1
37057
36703.2
36343.7
35994.3
35642.4
35295.2
34950.7
34611.3
34280.8
33963.4
33671.8
33414.8
33223.6
33094.5
167313
167048
166589
165998
165319
164583
163807
163004
162180
161341
160490
159628
158759
157884
157003
156118
155229
154335
153438
152537
151634
150730
149826
148922
148018
147113
146208
145304
144399
143495
142592
141691
140793
139898
139007
138121
137239
136361
135486
134615
133746
132879
132012
131147
130283
129421
128561
127705
126853
126003
125155
124309
123464
122621
121780
120942
120107
119277
118449
117623
116800
115980
115162
114346
113533
112724
111918
111115
110315
109518
108723
107929
107137
106346
105556
104766
103977
103189
102405
101624
100847
100075
99306.9
98543.4
97783.8
97028.3
96276.4
95528.7
94784.1
94042.7
93304.2
92568.9
91836.1
91106.5
90379.6
89655.5
88934.1
88214.8
87497.2
86781.8
86069.2
85359.2
84652.4
83949.4
83250.1
82555.2
81865
81179.8
80499
79822.9
79150.3
78481.6
77816
77153.8
76494.4
75838.4
75184.7
74534.1
73885.5
73239.6
72595.3
71953.5
71313.3
70675.8
70039.8
69406.5
68775.3
68146.6
67519.7
66895.1
66271.7
65651
65030.9
64413.8
63797.2
63183.4
62570.2
61959.9
61351.1
60745.5
60142.5
59543
58946.4
58353.3
57763
57176.3
56592.4
56011.8
55433.6
54858.2
54285.2
53715
53147.4
52582.4
52020.3
51461.4
50906
50354.1
49806.3
49262.4
48722.9
48187.8
47657.6
47132.6
46613.1
46099.8
45592.8
45092.5
44598.9
44112.7
43633.7
43162.2
42697.2
42239.9
41788.1
41344.7
40905.5
40476.6
40050.2
39637.3
39223.9
38826
38425
38039.3
37648.5
37271.7
36888.8
36517.6
36139.9
35768.2
35393.4
35019.9
34645.6
34272.7
33903.6
33542.8
33200.9
32889.4
32640.3
32491.2
168583
168202
167601
166877
166086
165254
164397
163526
162644
161754
160859
159959
159056
158150
157243
156334
155423
154510
153595
152679
151763
150846
149931
149016
148103
147190
146278
145367
144456
143547
142639
141734
140832
139933
139039
138150
137265
136384
135507
134633
133761
132892
132024
131157
130292
129429
128568
127711
126858
126007
125160
124314
123469
122625
121784
120946
120111
119280
118451
117625
116802
115981
115163
114346
113532
112721
111914
111110
110310
109512
108716
107922
107130
106338
105548
104758
103969
103183
102399
101618
100842
100071
99302.9
98539.9
97780.8
97025.7
96274.2
95526.5
94782
94041
93302.7
92567.4
91834.9
91105
90377.7
89652.9
88930.8
88211
87492.9
86777.3
86064.4
85354.5
84647.9
83945
83245.8
82551.2
81861.1
81176
80495
79818.8
79146
78477.4
77811.6
77149.6
76490.1
75834.3
75180.6
74530.2
73881.4
73235.7
72591.2
71949.9
71309.8
70672.8
70037.2
69404.5
68773.5
68145.5
67518.6
66895
66271.7
65651.9
65032.2
64415.6
63799.3
63185.7
62573
61962.9
61354.7
60749.5
60147.2
59548.3
58952.4
58360
57770.6
57184.6
56601.5
56021.6
55444.3
54869.8
54297.5
53728
53160.9
52596.5
52034.7
51475.9
50920.3
50368
49819.4
49274.6
48733.8
48197.3
47665.3
47138.4
46616.9
46101.2
45591.4
45088.2
44591
44101.2
43617.5
43141.5
42670.5
42208
41748.9
41299.7
40851.2
40415.6
39978
39556.4
39131.2
38721.8
38307.7
37908.5
37502.3
37110.3
36710.5
36320
35922.8
35528.9
35129.3
34728.6
34322.3
33913.4
33501.1
33090.5
32687.7
32307.4
31981.5
31750.4
170151
169522
168704
167809
166883
165944
165002
164058
163115
162174
161233
160294
159357
158421
157486
156552
155620
154687
153755
152824
151893
150964
150037
149112
148189
147268
146348
145430
144514
143599
142687
141777
140871
139969
139071
138178
137290
136406
135526
134649
133774
132903
132032
131165
130298
129434
128573
127715
126860
126009
125160
124314
123469
122626
121784
120945
120110
119278
118449
117623
116799
115978
115159
114342
113527
112716
111907
111103
110301
109503
108706
107912
107119
106328
105537
104748
103960
103174
102391
101612
100836
100065
99298.2
98536
97777.6
97023.3
96272.4
95525.3
94781.4
94040.8
93303.2
92568.4
91836.3
91106.5
90379.1
89654
88931.3
88211
87492.8
86776.9
86063.9
85354.3
84647.8
83945.1
83246.1
82552
81862
81177
80496
79819.7
79146.8
78478.1
77812.2
77150.4
76491
75835.3
75181.5
74531.1
73881.9
73236.1
72591.7
71950.5
71310.9
70674.3
70039.3
69407.2
68776.3
68148.8
67522.2
66899.2
66276.4
65656.9
65037.7
64421.3
63805.3
63191.8
62579.6
61969.9
61362.5
60758
60156.5
59558.3
58963.3
58371.7
57783.2
57198.1
56615.9
56036.9
55460.5
54886.9
54315.6
53746.8
53180.4
52616.5
52055.1
51496.3
50940.4
50387.6
49838.2
49292.4
48750.3
48212.3
47678.6
47149.6
46625.8
46107.5
45594.5
45088.2
44586.9
44093.2
43604.2
43123.7
42646
42178.3
41710.9
41255.9
40797.6
40354.3
39906.3
39473.9
39036.5
38615.1
38186.3
37773.5
37351.4
36942.1
36524.9
36114.4
35697
35279.9
34855.4
34426.3
33987.9
33541.5
33084.6
32619.2
32147.5
31680.5
31239.9
30912.7
172117
171006
169870
168770
167696
166645
165612
164595
163590
162596
161610
160632
159659
158692
157730
156773
155818
154866
153917
152969
152024
151083
150144
149208
148275
147346
146418
145494
144571
143651
142734
141820
140910
140004
139103
138206
137314
136427
135543
134663
133786
132912
132040
131170
130302
129437
128575
127716
126860
126008
125158
124311
123465
122622
121780
120941
120105
119273
118443
117617
116793
115972
115152
114335
113520
112708
111899
111093
110291
109492
108695
107900
107107
106316
105525
104737
103950
103165
102382
101604
100829
100059
99293.7
98532.5
97775.3
97022
96272.2
95525.9
94782.8
94043
93306.2
92572.1
91840.4
91111
90383.8
89658.8
88935.8
88215.4
87497
86781.3
86068.3
85358.8
84652.5
83950.1
83251.4
82557.6
81867.7
81182.8
80501.7
79825.2
79152.1
78483.5
77817.8
77156.1
76496.8
75841.2
75187.2
74536.4
73887
73240.8
72596.6
71955.6
71316.6
70680.7
70046
69414.5
68783.9
68156.9
67530.7
66907.9
66285.7
65666.2
65047.4
64430.8
63815.3
63201.8
62590.4
61981.2
61374.6
60771
60170.5
59573.4
58979.5
58389
57801.6
57217.4
56636.3
56058.2
55482.8
54910.2
54339.8
53772
53206.3
52642.9
52081.6
51522.8
50966.5
50413.1
49862.8
49316
48772.2
48232.7
47696.9
47166.1
46639.5
46118.7
45601.9
45092.2
44586.5
44088.7
43594.1
43108.6
42623.9
42150.4
41674.6
41212.1
40745.2
40292.7
39834.1
39391.3
38940.8
38506.9
38063.6
37635.3
37198.1
36770.6
36336.1
35905.1
35467
35027.1
34577.1
34121.2
33649.9
33168.6
32665.8
32147.3
31600.1
31036.5
30457
29931.3
27957.8
23175.4
20747.2
18320.2
16223.9
14208.8
12352.1
10623.2
9025.48
7558.97
6214.23
4987.24
3889.68
2905.35
2067.68
1375.25
837.792
459.789
190.237
21.7472
27166.6
23168.7
20745
18326.1
16234.2
14220.8
12363.9
10635
9036.63
7569.33
6224.11
4995.66
3897.16
2911.2
2071.93
1378.18
839.685
462.308
192.722
22.3279
26599.6
23150.8
20747.7
18333.7
16254.8
14237.5
12385.4
10652.8
9055.77
7585.59
6240.15
5008.58
3908.55
2919.85
2078.23
1382.42
842.105
465.75
196.457
23.2684
26138.8
23111
20735.7
18341.5
16275.6
14254.9
12409.1
10672
9076.7
7602.46
6256.6
5021.58
3919.58
2928.25
2084.08
1386.34
843.605
467.549
198.998
24.2646
25774.6
23039.6
20704.3
18345.1
16289.5
14268.2
12428.2
10687.3
9093.58
7615.32
6268.98
5030.83
3927.01
2934.32
2087.87
1388.41
843.05
465.31
198.086
24.6752
25494.3
22939.1
20649.3
18337.3
16290.2
14273.9
12437.4
10695
9101.51
7620.24
6273.33
5033.37
3928.12
2936.3
2088.56
1387.88
840.115
458.303
192.459
24.0849
25277.1
22820.3
20570.6
18312.4
16273.1
14268.2
12432.8
10691.5
9097.34
7614.84
6267.69
5028.01
3922.22
2933.58
2086.06
1385.08
835.457
447.883
182.912
22.552
25105.2
22697.3
20473.7
18267.7
16236.2
14247.7
12413
10675.2
9080.49
7598.69
6251.92
5015.05
3910.15
2926.79
2081.45
1381.61
830.903
437.215
172.093
20.6184
24968.1
22582.8
20368.2
18205.1
16181
14211.6
12378.7
10646.6
9052.01
7572.73
6227.24
4995.65
3893.74
2917.57
2076.72
1379.87
829.071
430.043
163.461
19.0374
24860.2
22485.7
20265.9
18130.4
16113
14162
12332.7
10607.4
9014.12
7538.94
6196.09
4971.79
3875.44
2908.23
2074.21
1382.48
832.573
429.397
159.96
18.3948
24778.3
22410.7
20176.7
18052.7
16039.8
14103.8
12279.2
10561.1
8970.54
7500.78
6162.02
4946.39
3858.09
2901.32
2076.06
1391.09
842.708
436.224
162.489
18.8178
24719.8
22358.3
20107.2
17981.4
15969.6
14044
12224.4
10513.1
8926.37
7462.63
6129.19
4922.8
3844.33
2898.75
2083.11
1405.41
858.639
449.148
169.824
20.0047
24681.5
22325.4
20058.9
17923.4
15908.9
13989.4
12174.2
10468.6
8886.3
7428.65
6101.32
4904.02
3835.83
2900.96
2094.28
1423.17
877.752
465.293
179.636
21.4567
24659
22307.1
20029.3
17881.3
15861.4
13944.3
12132.3
10431.4
8853.5
7401.72
6080.63
4891.53
3832.47
2906.57
2107.12
1441.2
896.826
481.466
189.34
22.6614
24647.5
22298.1
20013.2
17853.6
15827.3
13910.3
12100.3
10403.2
8829.48
7382.95
6067.35
4884.72
3832.59
2913.12
2118.76
1456.5
912.927
494.937
196.806
23.2688
24642.2
22294.2
20005.4
17836.9
15804.6
13886.5
12077.9
10383.8
8813.6
7371.28
6059.68
4881.39
3833.64
2918.16
2126.93
1466.89
923.897
503.829
200.807
23.1983
24639.4
22291.8
20001.2
17826.9
15790.2
13871
12063.4
10371.5
8803.91
7364.35
6055.09
4879.08
3833.64
2920.21
2130.56
1471.48
928.764
507.321
201.21
22.5944
24636.9
22288.6
19997.3
17819.9
15780.6
13861
12054.5
10364.3
8798.32
7360.11
6051.86
4876.65
3832.13
2919.34
2130.17
1471.09
928.416
506.287
199.002
21.7619
24634.1
22283.3
19992.4
17814.4
15774
13854.9
12049.7
10360.7
8795.47
7357.62
6049.62
4874.46
3830.01
2916.95
2127.57
1468.09
925.406
503.169
196.067
21.0409
24632.3
22277.9
19988.3
17811.2
15771.2
13852.7
12048.1
10359.5
8794.49
7356.69
6048.74
4873.4
3828.7
2915.22
2125.51
1465.61
922.701
500.555
193.989
20.6108
)
;

boundaryField
{
    inlet
    {
        type            calculated;
        value           nonuniform List<scalar> 
20
(
338724
338736
338743
338749
338754
338758
338761
338763
338764
338765
338765
338764
338763
338761
338758
338754
338749
338743
338736
338724
)
;
    }
    outlet
    {
        type            calculated;
        value           uniform 0;
    }
    walls
    {
        type            calculated;
        value           nonuniform List<scalar> 
520
(
338724
330182
321018
311933
302971
294139
285438
276868
268429
260121
251945
243903
235996
228228
220608
213147
205868
198805
192015
185569
181647
179885
178165
176487
174853
173264
171717
170213
168749
167324
165937
164586
163268
161982
160726
159497
158295
157117
155961
154826
153711
152613
151533
150468
149417
148381
147356
146343
145342
144350
143368
142395
141430
140474
139525
138583
137647
136719
135796
134879
133968
133062
132161
131265
130374
129488
128606
127728
126855
125985
125121
124260
123403
122550
121701
120856
120015
119177
118342
117511
116683
115858
115036
114217
113401
112588
111778
110972
110168
109368
108572
107779
106989
106203
105420
104640
103864
103090
102320
101553
100789
100029
99273.2
98521.2
97772.9
97027.9
96284.7
95546.3
94808.8
94076.7
93343.7
92615.4
91884.5
91158.3
90429.7
89706.8
88981.8
88263.8
87544.4
86832.4
86118.3
85412
84703
84001.6
83298.3
82602.3
81905.2
81216.3
80527
79845.6
79163.6
78489.1
77814.9
77148.7
76483
75824.1
75165.3
74512.6
73859.1
73212
72563.6
71922
71277.4
70641.1
70002.7
69374
68744.3
68123.3
67500.8
66885.8
66267.9
65656.6
65042.4
64432.7
63821.3
63217.8
62613.7
62015.9
61418.1
60826.7
60235.5
59649.6
59061.7
58480.8
57896.5
57325.1
56743
56184.3
55599.1
55041.6
54456.9
53898.8
53315.8
52761.7
52184
51627.5
51054.7
50495.9
49923.8
49361.9
48794.3
48224.2
47661.2
47087.3
46531.9
45961.2
45410.1
44846.7
44293.4
43736
43180.5
42624.5
42074.9
41514.7
40971.3
40415.4
39869.1
39324.6
38775.4
38227.8
37675.2
37116
36552.9
35989.6
35417.3
34853
34266.7
33711.4
33110.6
32551.2
31928.9
31349.4
30706.3
30101.1
29443.4
28799.3
28134.3
27469.4
26791.1
26107.9
24632.3
22277.9
19988.3
17811.2
15771.2
13852.7
12048.1
10359.5
8794.49
7356.69
6048.74
4873.4
3828.7
2915.22
2125.51
1465.61
922.701
500.555
193.989
20.6108
338724
330182
321018
311932
302970
294138
285437
276865
268424
260113
251930
243876
235947
228139
220444
212850
205323
197811
190173
181986
160142
160184
160268
160396
160568
160786
161050
161364
161730
162151
162633
163182
163805
164513
165319
166242
167313
168583
170151
172117
160142
160081
159961
159783
159549
159259
158918
158528
158091
157612
157093
156536
155946
155324
154673
153997
153298
152578
151840
151084
150313
149529
148734
147928
147113
146291
145462
144627
143786
142940
142090
141237
140382
139524
138666
137806
136946
136086
135226
134368
133510
132652
131793
130936
130080
129226
128374
127523
126674
125828
124983
124140
123299
122460
121622
120785
119950
119119
118294
117475
116659
115845
115034
114225
113422
112622
111825
111029
110234
109441
108653
107868
107085
106302
105520
104737
103954
103173
102395
101621
100849
100082
99319.5
98560.8
97806.2
97055.3
96308
95563.7
94822
94082.6
93345.9
92613.1
91884.1
91157.7
90433.8
89713.6
88997.6
88284.6
87574.4
86867.4
86164
85463.4
84765.2
84069.4
83376.4
82686.5
82000.3
81317.9
80638.7
79962
79287.1
78614.6
77945.2
77279
76615.9
75955.1
75296.6
74640.3
73986.9
73336.6
72688.6
72042.8
71399
70757
70116.9
69478.1
68840.8
68204.8
67570.4
66938.1
66308.1
65679.9
65052.8
64427.5
63804.3
63183.4
62564.9
61948.9
61335.3
60724.5
60116.8
59512.3
58910.9
58312.7
57718.2
57128
56542.6
55962.1
55386.2
54814.6
54246.8
53682.6
53122.3
52565.9
52013.9
51466.4
50923.4
50384.9
49851.1
49322.2
48798.5
48280.3
47768
47262
46762.8
46270.5
45785.1
45307
44836.5
44374.2
43920.7
43476.3
43041
42614.9
42197.5
41788.7
41389.2
41000.1
40620.5
40250.2
39890.3
39541
39205.2
38882.6
38571.5
38272.7
37987.8
37718
37462.9
37221.4
36992.9
36778.5
36579.4
36397.6
36237.4
36104.3
36002.1
35938.2
35903.3
35883.7
35883.7
35874.4
35847.3
35798.7
35729.5
35640.1
35539.5
35423.7
35292.7
35130.7
34939.1
34694.6
34406
34042.7
33619.5
33094.5
32491.2
31750.4
30912.7
29931.3
27957.8
23175.4
20747.2
18320.2
16223.9
14208.8
12352.1
10623.2
9025.48
7558.97
6214.23
4987.24
3889.68
2905.35
2067.68
1375.25
837.792
459.789
190.237
21.7472
)
;
    }
    frontAndBack
    {
        type            empty;
    }
}


// ************************************************************************* //
