/*--------------------------------*- C++ -*----------------------------------*\
| =========                 |                                                 |
| \\      /  F ield         | OpenFOAM: The Open Source CFD Toolbox           |
|  \\    /   O peration     | Version:  2.4.0                                 |
|   \\  /    A nd           | Web:      www.OpenFOAM.org                      |
|    \\/     M anipulation  |                                                 |
\*---------------------------------------------------------------------------*/
FoamFile
{
    version     2.0;
    format      ascii;
    class       volScalarField;
    location    "1.97";
    object      k_0;
}
// * * * * * * * * * * * * * * * * * * * * * * * * * * * * * * * * * * * * * //

dimensions      [0 2 -2 0 0 0 0];

internalField   nonuniform List<scalar> 
8800
(
8.11166
10.279
8.78236
6.8419
5.68248
5.0034
4.49378
4.18113
3.87287
3.71253
3.49396
3.41738
3.2474
3.20232
3.05647
3.02264
2.89658
2.85798
2.80804
2.64433
1.39092
4.36513
5.30985
5.29385
5.11226
4.8487
4.53558
4.33303
4.07157
3.93476
3.71958
3.63863
3.47307
3.4166
3.29067
3.24691
3.14296
3.10056
3.01259
2.99899
0.083341
0.746452
1.5443
1.96308
2.24846
2.46522
2.55115
2.62157
2.61635
2.61007
2.57849
2.55704
2.51194
2.48167
2.45423
2.41625
2.39524
2.362
2.31087
2.29451
0.00328141
0.0712727
0.246157
0.433206
0.574906
0.711799
0.828087
0.93518
1.02727
1.08958
1.17122
1.20538
1.26762
1.29157
1.34684
1.36163
1.40549
1.41256
1.4289
1.42015
0.000118747
0.00506355
0.0226335
0.0493755
0.0906574
0.12014
0.165356
0.200318
0.250996
0.27617
0.328535
0.351307
0.396502
0.418168
0.466181
0.487108
0.536574
0.556048
0.598915
0.615218
2.53196e-05
0.000323
0.00152477
0.00347539
0.00789097
0.0113691
0.0185034
0.0239437
0.0355376
0.0414466
0.0530904
0.0634536
0.0728334
0.0826437
0.0961717
0.106509
0.118767
0.134425
0.148461
0.168614
2.19785e-05
4.61669e-05
0.000132976
0.000249965
0.000446751
0.000862527
0.00119369
0.00189446
0.00247699
0.00368093
0.00451488
0.00652504
0.0074146
0.00942952
0.0106371
0.0133023
0.0148526
0.018871
0.0212553
0.0291095
2.148e-05
3.15878e-05
5.73906e-05
6.71937e-05
7.38312e-05
0.000114782
0.000143449
0.000200035
0.00021311
0.00026148
0.000302394
0.000471087
0.000528582
0.000712439
0.000772879
0.000981076
0.00106518
0.00146361
0.00175866
0.00330878
2.08564e-05
2.72958e-05
4.69658e-05
6.82122e-05
6.67632e-05
6.49485e-05
7.0084e-05
8.93428e-05
9.23661e-05
8.99558e-05
8.8704e-05
9.42501e-05
0.000100768
0.000117972
0.000120951
0.000132756
0.000135441
0.000153585
0.000170144
0.00027903
2.05876e-05
2.68933e-05
4.56127e-05
6.12635e-05
6.02698e-05
5.78166e-05
5.91987e-05
7.11424e-05
7.87329e-05
7.91277e-05
7.67684e-05
7.48479e-05
7.46454e-05
7.62763e-05
7.70985e-05
8.01297e-05
8.13855e-05
8.15487e-05
8.31562e-05
8.62206e-05
2.06273e-05
2.69379e-05
4.02265e-05
6.06069e-05
6.10436e-05
6.01428e-05
6.08521e-05
7.11127e-05
7.83374e-05
8.00001e-05
7.74869e-05
7.34126e-05
7.23133e-05
7.28674e-05
7.70098e-05
8.25876e-05
8.30503e-05
8.33745e-05
8.4715e-05
9.35868e-05
2.08099e-05
2.81179e-05
4.19145e-05
5.4465e-05
6.9006e-05
7.70769e-05
7.8706e-05
8.0541e-05
8.00472e-05
7.98917e-05
7.99385e-05
8.63119e-05
9.9985e-05
0.000113543
0.000117558
0.000124909
0.000131058
0.000139719
0.000159888
0.000219122
2.10284e-05
3.22724e-05
4.59216e-05
7.37892e-05
8.93856e-05
0.000116807
0.000136048
0.000184079
0.000206939
0.000266557
0.000312142
0.000439788
0.000522079
0.000674855
0.000763764
0.00101513
0.00117618
0.00151627
0.00178843
0.00265856
2.16268e-05
4.29965e-05
0.000116117
0.000349493
0.000523935
0.000909134
0.00124448
0.0020586
0.00254775
0.00384211
0.00460645
0.00646236
0.00747195
0.00968397
0.0109525
0.0141468
0.0158941
0.0199706
0.0225734
0.0303365
2.4971e-05
0.00030532
0.00142584
0.00467373
0.00733923
0.0129863
0.0173209
0.0270595
0.0323251
0.0446711
0.0509559
0.0650492
0.0718193
0.0865554
0.094036
0.112186
0.121071
0.142598
0.154708
0.18872
0.000124098
0.00490581
0.0215949
0.0558809
0.0865942
0.125636
0.159024
0.210642
0.236292
0.290016
0.314236
0.363636
0.385483
0.432339
0.454273
0.506243
0.528613
0.585075
0.61294
0.685922
0.00337546
0.069425
0.257721
0.419086
0.588768
0.699654
0.835781
0.93222
1.01927
1.09888
1.15622
1.21835
1.25564
1.30707
1.33137
1.38213
1.40033
1.45002
1.4713
1.52024
0.0846892
0.726903
1.56569
1.93932
2.28521
2.42628
2.58263
2.59629
2.62542
2.59836
2.58828
2.54125
2.52474
2.47324
2.46023
2.4183
2.40754
2.37981
2.36932
2.34177
1.40746
4.34645
5.32171
5.28626
5.13268
4.79785
4.58829
4.27215
4.13418
3.86709
3.77876
3.57851
3.52105
3.36758
3.33109
3.20137
3.17436
3.05786
3.02027
2.92011
8.12082
10.2593
8.79811
6.81388
5.71458
4.95985
4.53887
4.12766
3.93014
3.64701
3.55702
3.34797
3.30399
3.13713
3.10844
2.94572
2.91708
2.74335
2.68481
2.47051
1.81573
1.29668
1.01842
0.863394
0.766778
0.709922
0.670885
0.657682
0.644098
0.636778
0.621464
0.602715
0.582446
0.561481
0.540365
0.521686
0.507177
0.494969
0.485545
0.472643
0.464186
0.450347
0.437102
0.422963
0.410811
0.397843
0.388275
0.381589
0.377132
0.376324
0.377777
0.37924
0.38387
0.385159
0.390249
0.390327
0.392666
0.390596
0.390948
0.389599
0.387138
0.386136
0.382248
0.378852
0.373715
0.362458
0.344256
0.323589
0.296982
0.270678
0.247321
0.23286
0.222166
0.222653
0.225772
0.232867
0.248285
0.261553
0.281229
0.295841
0.307832
0.318604
0.32858
0.327405
0.324506
0.311146
0.300415
0.272862
0.260801
0.235786
0.226055
0.212253
0.20818
0.206136
0.208623
0.214779
0.232058
0.241552
0.265701
0.277109
0.30405
0.311498
0.32693
0.330206
0.336944
0.348457
0.352627
0.375602
0.379845
0.395857
0.39526
0.39986
0.39757
0.381657
0.340982
0.296041
0.267634
0.249484
0.227137
0.210962
0.203921
0.187386
0.177995
0.17463
0.166904
0.163126
0.163064
0.162327
0.162215
0.166035
0.166858
0.16977
0.172057
0.177502
0.177786
0.180156
0.180387
0.178783
0.177241
0.171742
0.165511
0.152369
0.137572
0.113646
0.0891966
0.0568316
0.0353927
0.0224263
0.0169143
0.0140054
0.0140643
0.0152599
0.0163378
0.0170981
0.019782
0.0196136
0.0197997
0.0200486
0.0193174
0.0187785
0.0182726
0.0182327
0.0178191
0.0179397
0.0194582
0.0207139
0.0236355
0.0293867
0.0483341
0.108091
0.181875
0.214574
0.219084
0.210819
0.19511
0.165276
0.146655
0.134513
0.135345
0.135631
0.137485
0.139116
0.141319
0.142191
0.139769
0.137632
0.132087
0.128065
0.122569
0.119111
0.117037
0.114145
0.104693
0.104813
0.102962
0.0997093
0.0900136
0.0762161
0.0678515
0.0655011
0.05319
0.0435914
0.0409492
0.0445652
0.0877082
0.119486
0.12458
0.114946
0.0969989
0.0974619
0.096949
0.0833789
0.0759418
0.0790154
0.0783384
0.0776512
0.0651642
0.0610707
0.0795161
0.200973
2.55916
2.10692
1.75836
1.51229
1.32943
1.19767
1.09437
1.0191
0.956251
0.908566
0.866468
0.83249
0.800283
0.774339
0.749843
0.728784
0.709791
0.692908
0.679812
0.666023
0.655005
0.641401
0.631564
0.615903
0.607036
0.591752
0.584177
0.570199
0.563586
0.551607
0.547063
0.538572
0.535741
0.52998
0.527666
0.524417
0.521223
0.519266
0.515638
0.51368
0.510187
0.505885
0.503889
0.498993
0.49689
0.491398
0.486383
0.476328
0.46959
0.455182
0.445683
0.430244
0.422997
0.41197
0.409327
0.402732
0.402593
0.401292
0.404541
0.404167
0.408485
0.408781
0.414756
0.414988
0.420461
0.418423
0.420042
0.414547
0.40971
0.393712
0.382589
0.364371
0.347824
0.337714
0.327489
0.322426
0.322942
0.322877
0.328322
0.330044
0.334418
0.334476
0.330864
0.331631
0.323144
0.321856
0.310469
0.310745
0.306929
0.311497
0.318479
0.332589
0.361709
0.380415
0.384204
0.385349
0.371609
0.353876
0.31206
0.271933
0.24863
0.229876
0.208619
0.202319
0.194524
0.185976
0.18593
0.184167
0.184034
0.183924
0.186113
0.185237
0.186847
0.185812
0.18256
0.181135
0.17706
0.170683
0.157722
0.144635
0.123364
0.097614
0.0685193
0.0440187
0.0279704
0.0189299
0.0137041
0.0118482
0.0118155
0.0120141
0.0133571
0.0153389
0.0163097
0.0188569
0.0204412
0.0213285
0.023579
0.0244125
0.0240326
0.0244266
0.0239924
0.0240758
0.0238811
0.0247288
0.0261841
0.0280248
0.0326838
0.0473194
0.112538
0.201227
0.225954
0.229674
0.217904
0.179426
0.146866
0.130126
0.121816
0.113222
0.114166
0.112965
0.119102
0.127525
0.140132
0.142335
0.141821
0.139242
0.132669
0.129117
0.128398
0.131043
0.131193
0.129991
0.121244
0.116965
0.117486
0.115368
0.101894
0.0882063
0.0768281
0.0707911
0.0573973
0.0449366
0.0430243
0.0444479
0.0766452
0.118362
0.123666
0.115937
0.101752
0.0909807
0.0920908
0.0797458
0.0713627
0.0729672
0.0743747
0.0760774
0.0653525
0.061727
0.0571552
0.104782
2.08397
1.85699
1.64224
1.46573
1.32019
1.20813
1.11348
1.04275
0.97784
0.930181
0.88091
0.845358
0.806344
0.778196
0.748308
0.724535
0.703695
0.683171
0.669711
0.652259
0.643716
0.628473
0.621422
0.608437
0.600888
0.589538
0.581408
0.572166
0.562505
0.55615
0.546173
0.541527
0.534583
0.53019
0.526486
0.522017
0.5205
0.515916
0.513987
0.509751
0.508063
0.503405
0.501754
0.497968
0.496477
0.493109
0.490701
0.486014
0.482825
0.476331
0.470688
0.462196
0.45739
0.446892
0.442484
0.432942
0.428953
0.422203
0.419518
0.415555
0.414248
0.414325
0.415298
0.417155
0.421251
0.423267
0.428067
0.433719
0.434158
0.435784
0.431712
0.430729
0.421773
0.417387
0.405641
0.399276
0.387923
0.382215
0.370976
0.365606
0.351229
0.34524
0.327211
0.320075
0.299138
0.290464
0.269369
0.260983
0.244928
0.235074
0.225134
0.223456
0.223389
0.23338
0.240578
0.26572
0.289746
0.307851
0.312296
0.311158
0.304022
0.300324
0.285114
0.276454
0.262725
0.247069
0.234149
0.228783
0.218939
0.210242
0.206326
0.197374
0.1924
0.182471
0.171531
0.159887
0.141061
0.115388
0.0919791
0.0637134
0.0421568
0.0276137
0.0184915
0.0132012
0.0105947
0.00951283
0.00948825
0.0103042
0.0111915
0.0124376
0.016467
0.0181932
0.0213906
0.025235
0.0264185
0.0292182
0.0316424
0.0319814
0.0325171
0.032504
0.0316081
0.0323553
0.0317862
0.0326081
0.0341575
0.0366161
0.0464454
0.0941262
0.226881
0.241892
0.237908
0.224496
0.166599
0.135783
0.121987
0.11718
0.109982
0.105711
0.105486
0.106102
0.112331
0.119156
0.121256
0.122315
0.129031
0.131814
0.131465
0.128147
0.12825
0.131005
0.142094
0.144727
0.14557
0.137174
0.129339
0.113555
0.102108
0.091192
0.0802016
0.0703962
0.0604439
0.0465514
0.0429984
0.0446685
0.0669822
0.113868
0.125786
0.116003
0.110268
0.0918699
0.0841712
0.0743883
0.0684606
0.069101
0.0711557
0.0716942
0.0639785
0.0583162
0.0585466
0.072903
1.33386
1.24285
1.14383
1.05843
0.97382
0.910301
0.847612
0.803292
0.75848
0.725697
0.691776
0.662598
0.636451
0.608387
0.588783
0.56269
0.548735
0.527966
0.517465
0.502175
0.493595
0.48249
0.473754
0.466518
0.456597
0.451846
0.441797
0.437101
0.427688
0.422498
0.413495
0.407203
0.401636
0.394804
0.392442
0.38789
0.386931
0.384906
0.385037
0.384615
0.384586
0.384127
0.383446
0.383287
0.382376
0.382696
0.382187
0.381981
0.380869
0.37934
0.375776
0.371804
0.365589
0.358351
0.349802
0.344192
0.332389
0.328206
0.318874
0.315904
0.308972
0.30785
0.306152
0.307225
0.30832
0.312567
0.315226
0.323814
0.327771
0.339999
0.343992
0.355115
0.356882
0.359986
0.358398
0.356048
0.349243
0.343193
0.327881
0.318312
0.296573
0.283803
0.25926
0.237949
0.220217
0.190918
0.176118
0.149928
0.138603
0.124118
0.114878
0.114234
0.114612
0.11881
0.126705
0.132618
0.151844
0.163179
0.183077
0.203867
0.20972
0.22737
0.229795
0.229149
0.22702
0.223327
0.213708
0.207938
0.195375
0.18581
0.167851
0.151806
0.131737
0.108577
0.0886011
0.064169
0.0448884
0.0313192
0.0214181
0.0149053
0.0108311
0.00866537
0.00768611
0.00773613
0.00819277
0.0088121
0.010071
0.0135734
0.0161801
0.0215191
0.0271321
0.029786
0.0363376
0.0388231
0.0421933
0.0452692
0.0449339
0.0449467
0.0454805
0.0435796
0.0431986
0.0428353
0.0403384
0.0430406
0.0445171
0.0497468
0.0798015
0.22817
0.27759
0.255343
0.229084
0.166244
0.126467
0.115914
0.107899
0.102387
0.0993998
0.101554
0.101058
0.105723
0.106861
0.106574
0.101202
0.0988312
0.0996281
0.107873
0.117126
0.12145
0.124803
0.12889
0.140362
0.149398
0.148315
0.140332
0.124091
0.105416
0.0930679
0.0900921
0.0810925
0.0699897
0.0591427
0.048484
0.0439035
0.0446706
0.061857
0.10367
0.125308
0.118892
0.110303
0.094465
0.0786346
0.0715606
0.0661903
0.0657264
0.0657675
0.0654421
0.061249
0.0562322
0.0557479
0.0632308
0.594012
0.571511
0.540221
0.511143
0.482892
0.45467
0.434859
0.413253
0.400524
0.38525
0.375558
0.36192
0.352629
0.338658
0.328812
0.315045
0.304431
0.293447
0.283476
0.276755
0.268838
0.265619
0.259456
0.256826
0.251593
0.248645
0.244128
0.240131
0.237372
0.232851
0.230777
0.22641
0.223546
0.218135
0.213808
0.209894
0.206045
0.204052
0.203377
0.20381
0.204508
0.206407
0.207856
0.209278
0.209722
0.209762
0.208497
0.207421
0.206165
0.20423
0.202881
0.199825
0.197341
0.193656
0.187645
0.184501
0.177046
0.17311
0.165248
0.161623
0.156351
0.152054
0.149795
0.149865
0.150434
0.153741
0.156193
0.162953
0.166524
0.173364
0.18034
0.183235
0.191578
0.193926
0.199434
0.199387
0.196614
0.193062
0.18251
0.1735
0.158565
0.141256
0.12959
0.103759
0.0938479
0.0732771
0.0655707
0.0533571
0.0469753
0.0426645
0.0373469
0.035937
0.0355971
0.0359975
0.0386126
0.0407378
0.0476638
0.0527417
0.0571928
0.0687419
0.0735003
0.0792614
0.0851485
0.0870465
0.0868628
0.0854876
0.0822167
0.075786
0.0677661
0.0588749
0.0489352
0.0401054
0.0316342
0.0242164
0.0184382
0.0134212
0.0100744
0.00766856
0.00629937
0.00571209
0.00581589
0.00619177
0.00688715
0.0085778
0.0116874
0.0150144
0.0223986
0.0286959
0.0360823
0.0475406
0.0514421
0.0582275
0.0634473
0.0639849
0.0668814
0.0664447
0.0644601
0.0648711
0.0618241
0.0586159
0.0577844
0.0522713
0.0519467
0.0549238
0.0558653
0.0740096
0.188459
0.301395
0.292539
0.225337
0.168912
0.132702
0.11153
0.102638
0.0982451
0.0923384
0.095355
0.0973135
0.0993346
0.104121
0.100481
0.099646
0.0956478
0.0979217
0.0987598
0.104173
0.105228
0.107541
0.112552
0.119478
0.127516
0.142916
0.141108
0.134052
0.124794
0.107698
0.0920331
0.0869913
0.0805603
0.0685678
0.0584072
0.048707
0.0441883
0.0447079
0.0599721
0.0962965
0.121763
0.120679
0.11068
0.0958736
0.0784301
0.0695043
0.0634881
0.0622683
0.0615402
0.0611189
0.059594
0.0525464
0.04943
0.0510392
0.165197
0.160985
0.154624
0.145533
0.141197
0.13297
0.130009
0.12508
0.123582
0.121333
0.119893
0.118799
0.11664
0.115385
0.112154
0.109777
0.105281
0.102087
0.0977335
0.0950219
0.0919254
0.0903733
0.0889697
0.0880608
0.087748
0.0869671
0.08649
0.0850898
0.0843875
0.0828338
0.0822255
0.0813441
0.0807816
0.0806178
0.0796527
0.07855
0.0754602
0.0734982
0.0715736
0.0712323
0.071324
0.0716863
0.0730859
0.0741475
0.0760462
0.0772786
0.0779715
0.0780243
0.0777836
0.076123
0.0750048
0.0729332
0.0711719
0.0696325
0.066826
0.0652537
0.0625249
0.0602856
0.0584193
0.0552203
0.054055
0.0515635
0.0499575
0.048842
0.048675
0.049245
0.0498921
0.052052
0.0538633
0.0562291
0.0611701
0.0620602
0.065365
0.06581
0.067048
0.066892
0.0650099
0.0636022
0.0590372
0.0558567
0.0491355
0.0436337
0.0390926
0.0319027
0.0283955
0.0230219
0.0197914
0.0169266
0.0140195
0.0131624
0.011263
0.0104866
0.00993515
0.00987885
0.0101628
0.0106907
0.0113836
0.0135869
0.0147257
0.0169642
0.0185904
0.0198121
0.0209609
0.0211315
0.0208942
0.0203103
0.0190838
0.0173889
0.0152218
0.0133825
0.011018
0.0091576
0.00733025
0.00590911
0.00479378
0.00405032
0.00387547
0.00401115
0.00437287
0.00499613
0.0064381
0.0092383
0.0130753
0.0219402
0.0295465
0.0422077
0.058047
0.0676252
0.0850432
0.0936244
0.0982199
0.105734
0.104903
0.103588
0.102349
0.095887
0.0938765
0.090436
0.0795218
0.0766135
0.0675711
0.0626183
0.0644287
0.063443
0.0691481
0.135698
0.275064
0.313321
0.267603
0.187379
0.137526
0.120461
0.10412
0.0999582
0.0938614
0.091276
0.094817
0.0937385
0.0957854
0.0920174
0.0924231
0.0926848
0.0941772
0.0974072
0.0993814
0.100837
0.100197
0.100883
0.106083
0.115933
0.126828
0.132278
0.134454
0.133475
0.131931
0.123066
0.101081
0.0874491
0.0812427
0.068743
0.0572699
0.0491255
0.0445694
0.045173
0.0583543
0.0934804
0.11687
0.119758
0.112333
0.0956391
0.0789006
0.0672005
0.0617467
0.0606967
0.0597182
0.0590775
0.0573607
0.0511564
0.0481947
0.0474529
0.0286762
0.0278681
0.0264274
0.0246519
0.0240338
0.0229422
0.0226663
0.0224565
0.0225312
0.0226512
0.0227464
0.0228622
0.0228226
0.0227854
0.0224785
0.022232
0.0215565
0.0211948
0.0205068
0.0199785
0.0193433
0.0189661
0.0187868
0.0187205
0.0187778
0.0187856
0.0188572
0.0188089
0.0188092
0.0187557
0.0187301
0.0187587
0.0187743
0.0189386
0.0189755
0.0190784
0.0188861
0.0183713
0.0175201
0.0170834
0.0170136
0.0170118
0.0172942
0.0177347
0.0188947
0.0198223
0.0205702
0.0208978
0.0209007
0.0207292
0.0199701
0.0194817
0.0185559
0.0181413
0.0173396
0.0169623
0.01634
0.0158128
0.0155321
0.0147124
0.0143807
0.0137142
0.0132997
0.0126603
0.0123035
0.0123359
0.0123474
0.0127636
0.0131406
0.0138971
0.0153789
0.0157278
0.0171032
0.0172036
0.0173439
0.0172421
0.0165345
0.0159688
0.0147126
0.0136481
0.0123025
0.0106987
0.0097852
0.00819808
0.00723031
0.00613199
0.00518061
0.00456741
0.00382891
0.00358413
0.00316979
0.00287445
0.00267798
0.00258549
0.00261455
0.00268988
0.00284564
0.00317661
0.00361138
0.00419835
0.00450095
0.00476143
0.00492766
0.00491141
0.00482438
0.00462048
0.00426512
0.00377859
0.00328298
0.00296121
0.002483
0.00230977
0.00210431
0.00216366
0.00231807
0.00268845
0.00320424
0.00444611
0.00659825
0.0100302
0.0177185
0.0261126
0.0423548
0.0618887
0.0800233
0.110917
0.129084
0.151881
0.16954
0.174225
0.177789
0.175725
0.167135
0.161072
0.147886
0.134166
0.127733
0.109583
0.101192
0.0896548
0.0748002
0.0724688
0.0699012
0.0700058
0.0920392
0.21913
0.304405
0.31236
0.247987
0.166864
0.130411
0.116656
0.105443
0.100312
0.0968368
0.0989578
0.0956858
0.0946785
0.0939871
0.0889278
0.0903005
0.0857728
0.0938122
0.0916066
0.0939965
0.0950291
0.0993854
0.100471
0.109219
0.115835
0.124262
0.128666
0.133709
0.133269
0.132372
0.125259
0.107638
0.092353
0.0824084
0.0697966
0.0564681
0.0509169
0.0455472
0.0458689
0.055117
0.0898989
0.115023
0.118495
0.114792
0.096454
0.0800537
0.0666872
0.0612269
0.0600259
0.0580437
0.0568378
0.0541938
0.0486594
0.0472761
0.0463705
0.00328842
0.00320552
0.00303773
0.00279315
0.00265858
0.00259606
0.00261308
0.00264751
0.00271955
0.00282144
0.00288126
0.00292384
0.00292004
0.00290964
0.00284965
0.00279857
0.00270944
0.00266975
0.00261174
0.00253721
0.00246707
0.00241848
0.00240166
0.00239594
0.00240543
0.00242422
0.00248882
0.00251219
0.00253669
0.00253815
0.00253313
0.0025419
0.00256541
0.00264969
0.0026821
0.0027349
0.00274098
0.0027277
0.00263691
0.00256229
0.00255272
0.00255182
0.00259471
0.00270479
0.00302593
0.00330582
0.00354059
0.00365618
0.00366178
0.00363585
0.00351956
0.00336567
0.00321979
0.00313522
0.00303557
0.00299562
0.00291246
0.00286909
0.00278979
0.00267987
0.0025832
0.00242987
0.00233835
0.00221406
0.00216506
0.00216425
0.00216944
0.00224472
0.00235858
0.00257192
0.00288077
0.00304908
0.00335764
0.00341331
0.00341066
0.00338278
0.00324259
0.00313453
0.00286546
0.00268276
0.00244377
0.00212793
0.00194417
0.00164779
0.00146698
0.00125464
0.00110532
0.000982299
0.000880029
0.000822698
0.000767461
0.000722001
0.00068322
0.000656126
0.000652173
0.000652197
0.00066716
0.000694948
0.000790058
0.000890653
0.000989967
0.00105467
0.00107727
0.00106688
0.00105283
0.000999309
0.000968349
0.000875967
0.00087901
0.000899261
0.00097426
0.0011467
0.00136506
0.00186579
0.00255629
0.00428108
0.00681157
0.0132934
0.0205589
0.0348765
0.0542903
0.0803831
0.116613
0.153891
0.19685
0.236693
0.263458
0.292391
0.300269
0.297972
0.291284
0.269558
0.25377
0.227778
0.19457
0.181896
0.154546
0.133734
0.118226
0.0985368
0.0865015
0.0838583
0.0803893
0.0840354
0.145774
0.273382
0.327964
0.322192
0.22883
0.162176
0.139638
0.125231
0.124891
0.115692
0.114613
0.109442
0.109711
0.109634
0.0992804
0.0954135
0.089631
0.0827875
0.0950899
0.0907633
0.102971
0.0989292
0.106772
0.103493
0.113019
0.113324
0.113459
0.118966
0.125458
0.128235
0.130377
0.124834
0.110174
0.0949421
0.0827747
0.0711699
0.0569909
0.0512979
0.0477176
0.0473117
0.053659
0.0853709
0.1117
0.117684
0.11652
0.0993996
0.0818723
0.0673057
0.0612218
0.0581791
0.0555951
0.054165
0.0509121
0.0461055
0.0444068
0.0441616
0.000277646
0.000275038
0.00027252
0.000266481
0.000262723
0.000262374
0.000268113
0.000275111
0.0002857
0.000299697
0.00030161
0.000302401
0.000297647
0.000289606
0.000276299
0.000267216
0.000259382
0.00025153
0.000247981
0.000243982
0.000241818
0.000238943
0.000236501
0.000235449
0.000235061
0.000235029
0.000237172
0.000239664
0.000241481
0.000241678
0.000240834
0.000240705
0.000242105
0.000252876
0.000263493
0.000273297
0.000281793
0.000284566
0.000288276
0.000287296
0.000287916
0.000289524
0.000293658
0.000301758
0.000327846
0.000364975
0.000392456
0.000416305
0.000419636
0.000417855
0.000411398
0.000392265
0.000383039
0.000369285
0.000365868
0.00035793
0.000354541
0.000347107
0.000338197
0.000321716
0.00030534
0.000290984
0.000280251
0.000273548
0.00027193
0.000272525
0.000279971
0.000294147
0.00030813
0.000323375
0.000337784
0.000354003
0.000373087
0.000397932
0.000422109
0.000433047
0.000434002
0.000431645
0.000418338
0.000404768
0.000367186
0.000344122
0.000312476
0.000294589
0.000279302
0.00026951
0.000269166
0.000272216
0.000276561
0.000282178
0.000293798
0.000305421
0.000312547
0.000313447
0.000312957
0.000307093
0.000296385
0.00029383
0.000293468
0.000300009
0.000306198
0.000326175
0.000335768
0.00035973
0.000381593
0.000404761
0.000464258
0.000517221
0.000647827
0.000796584
0.00114217
0.00166797
0.00269277
0.00500339
0.00805149
0.0153781
0.0242128
0.0454505
0.0663841
0.10314
0.151868
0.207187
0.27081
0.337485
0.395462
0.43066
0.457636
0.459839
0.449896
0.437199
0.408481
0.375012
0.348704
0.285664
0.259146
0.217876
0.179519
0.158157
0.131197
0.110202
0.10628
0.110553
0.112175
0.122742
0.24084
0.31879
0.347792
0.296644
0.218699
0.166914
0.142029
0.136125
0.136381
0.130529
0.120628
0.107749
0.126907
0.120182
0.108905
0.106686
0.0896021
0.0858095
0.0934665
0.0892251
0.118601
0.108391
0.128076
0.116776
0.11404
0.114263
0.107764
0.111442
0.12158
0.124178
0.127826
0.125243
0.110353
0.0982606
0.0831498
0.0718522
0.0587076
0.0531199
0.0491412
0.0485429
0.0526696
0.0820012
0.109003
0.117942
0.118506
0.106859
0.0854778
0.0695668
0.0617151
0.0581718
0.0554727
0.0529793
0.0491575
0.045221
0.0428711
0.0427549
8.58317e-05
8.67656e-05
8.94326e-05
9.3941e-05
9.84105e-05
0.000103024
0.000106274
0.000108912
0.000109759
0.000110685
0.000110233
0.000109281
0.000107616
0.000107013
0.000106633
0.000106628
0.000106199
0.000104953
0.000103807
0.000102346
0.000101202
9.98076e-05
9.86324e-05
9.75484e-05
9.67092e-05
9.6164e-05
9.5701e-05
9.5435e-05
9.47827e-05
9.41992e-05
9.36038e-05
9.2936e-05
9.24612e-05
9.19966e-05
9.18247e-05
9.18894e-05
9.27199e-05
9.36203e-05
9.5095e-05
9.57879e-05
9.63221e-05
9.68579e-05
9.74132e-05
9.93963e-05
0.000101915
0.000107131
0.00010959
0.000113887
0.000114872
0.00011538
0.000114949
0.000114814
0.000114591
0.000114537
0.00011594
0.000116252
0.000117247
0.000116832
0.000116793
0.000115663
0.000114935
0.00011409
0.000113538
0.000113145
0.000113072
0.000113412
0.000114256
0.000114906
0.000114919
0.000114951
0.000114679
0.000114737
0.000115144
0.000115888
0.000123161
0.000128264
0.000140742
0.00014537
0.000154008
0.000157943
0.000163138
0.000168746
0.000181282
0.00019387
0.000209442
0.000230838
0.000242911
0.000279108
0.000302638
0.000335608
0.000382464
0.000420692
0.000450215
0.00045142
0.000450796
0.000442057
0.000432937
0.000411516
0.000384758
0.000370749
0.000370637
0.000385417
0.000404101
0.000464672
0.000532886
0.000663362
0.000894332
0.00117465
0.00177309
0.00248916
0.00418578
0.00642321
0.011394
0.0188092
0.0298338
0.052482
0.078521
0.134272
0.182225
0.267394
0.356565
0.436518
0.501393
0.531582
0.549098
0.548048
0.543469
0.530382
0.502215
0.485644
0.447504
0.425894
0.386587
0.337243
0.305987
0.243223
0.216021
0.185551
0.160161
0.138137
0.12849
0.122731
0.12483
0.186706
0.32038
0.316374
0.30601
0.263336
0.22431
0.161734
0.13684
0.13979
0.139745
0.133676
0.117267
0.110878
0.134549
0.127652
0.122123
0.108637
0.0990306
0.094912
0.0865119
0.0882686
0.0988215
0.10817
0.116609
0.127937
0.109157
0.116742
0.108078
0.108455
0.127465
0.126325
0.129645
0.126242
0.106035
0.0972202
0.0822051
0.0732864
0.0595588
0.0547259
0.0507771
0.049758
0.0526606
0.076808
0.106694
0.118097
0.118852
0.113507
0.0914741
0.0746026
0.0635396
0.0588108
0.0560263
0.0527429
0.0489796
0.0452548
0.0429545
0.0422395
9.65416e-05
9.81864e-05
0.000101044
0.000103851
0.000103941
0.000103786
0.000103326
0.000101859
0.00010072
0.00010015
0.000100014
0.000100651
0.000103658
0.000110801
0.000115245
0.000120605
0.000121711
0.000121916
0.000120981
0.000116782
0.000113909
0.00010996
0.000107911
0.000105617
0.000104455
0.000104159
0.000104514
0.000110256
0.000115561
0.000121393
0.000124654
0.000125454
0.000125741
0.000123556
0.000121887
0.000119155
0.000117869
0.00011755
0.000116984
0.000116841
0.000116747
0.000116563
0.000116377
0.000116008
0.000116097
0.000118382
0.000121427
0.000124706
0.000125964
0.0001272
0.00012736
0.000127652
0.000128773
0.000130099
0.00013497
0.000139878
0.000144546
0.000150237
0.00015546
0.000158341
0.000164139
0.000166841
0.000172497
0.000176542
0.000181871
0.000186246
0.000186083
0.00018645
0.000184995
0.000184381
0.00018444
0.000184683
0.00018793
0.000193044
0.000205405
0.000228454
0.000247433
0.000298534
0.000329909
0.000394947
0.000447277
0.000505665
0.0006317
0.000697974
0.000810581
0.000879726
0.000973253
0.0011131
0.00121136
0.00139563
0.00155608
0.00169664
0.00175098
0.00175518
0.0017456
0.0017083
0.00166197
0.00154119
0.0014261
0.001371
0.00137602
0.0014175
0.00151493
0.00179535
0.00209722
0.0027847
0.00349291
0.00511204
0.00707975
0.00996544
0.0162435
0.0242031
0.0417583
0.0608711
0.105295
0.14734
0.232192
0.327355
0.430215
0.514634
0.553483
0.580966
0.588948
0.588245
0.584187
0.570746
0.559239
0.533864
0.508431
0.481186
0.451085
0.425785
0.378521
0.355185
0.303389
0.267367
0.235814
0.191436
0.170156
0.154173
0.138365
0.13219
0.144604
0.289361
0.33248
0.288426
0.243936
0.253678
0.228492
0.16132
0.133724
0.145921
0.139977
0.134447
0.117422
0.126382
0.134235
0.141862
0.123443
0.116668
0.116036
0.0964869
0.0958235
0.0902524
0.0963041
0.106178
0.103549
0.134997
0.108809
0.11495
0.136222
0.115474
0.198417
0.144806
0.139137
0.128369
0.102588
0.0959614
0.0795248
0.0735255
0.0619683
0.0560018
0.0548231
0.0517168
0.0542921
0.0729002
0.103926
0.119197
0.120348
0.119197
0.103812
0.0829951
0.0675351
0.0608375
0.0574743
0.053503
0.0494397
0.0457177
0.0432894
0.0424115
0.00023642
0.000243668
0.000246959
0.000246463
0.000244369
0.000233035
0.000225932
0.000221139
0.000220986
0.00022461
0.000231339
0.000262848
0.000327789
0.000409789
0.000466918
0.000505452
0.000516054
0.000514495
0.000495199
0.000453494
0.000427869
0.000401434
0.00038461
0.000375119
0.000370846
0.000383454
0.000420974
0.00049146
0.000544034
0.000591158
0.000623173
0.00062867
0.000629657
0.000605141
0.000578436
0.000552726
0.00053549
0.000536151
0.00053677
0.000554665
0.000561615
0.000563895
0.000565141
0.000560619
0.000559777
0.000561573
0.000586583
0.000631499
0.000661158
0.000706427
0.000722921
0.000746982
0.000755768
0.000762299
0.000770054
0.000779849
0.000793176
0.000816987
0.000875093
0.000909479
0.000974274
0.000994568
0.00103464
0.00104686
0.00105847
0.00107441
0.00107502
0.00108646
0.00108926
0.00110267
0.00111532
0.00113136
0.00118048
0.00122329
0.00132838
0.00141854
0.00162514
0.00187437
0.00203689
0.00241343
0.00261903
0.00305337
0.00342952
0.00370613
0.00411647
0.00430572
0.00468223
0.00497061
0.00544493
0.00599838
0.00646656
0.00669585
0.00671365
0.00668447
0.00655929
0.00636126
0.00600009
0.00555537
0.00527919
0.00524414
0.00531655
0.00553487
0.0060132
0.00719419
0.0083643
0.0106184
0.0134685
0.019189
0.0250803
0.0383262
0.0531539
0.0835671
0.125918
0.18327
0.279287
0.385096
0.487911
0.547367
0.580506
0.600563
0.602535
0.60325
0.590064
0.575283
0.542995
0.515412
0.498995
0.465984
0.455002
0.427567
0.409136
0.374685
0.351167
0.318876
0.27094
0.253494
0.230427
0.205116
0.197397
0.187949
0.175735
0.174173
0.233502
0.35829
0.328396
0.23587
0.195349
0.235364
0.230805
0.179646
0.138647
0.148111
0.143809
0.135509
0.129916
0.134382
0.129075
0.138267
0.12593
0.140013
0.118302
0.118406
0.120328
0.109058
0.116429
0.109811
0.127357
0.163956
0.16879
0.158913
0.330253
0.144179
0.240985
0.186898
0.147338
0.133008
0.103104
0.0972151
0.0797294
0.0723426
0.0681536
0.0592325
0.060019
0.0559949
0.0574929
0.069126
0.0988058
0.122413
0.125658
0.126244
0.119033
0.0971954
0.0756073
0.0654182
0.060398
0.0558007
0.0512185
0.0471685
0.044121
0.0432094
0.00284136
0.00283026
0.00280595
0.00274362
0.00268265
0.00262679
0.00262972
0.00266659
0.00274257
0.00296537
0.00316208
0.00360318
0.004034
0.00448486
0.00479066
0.00489178
0.0049179
0.00484194
0.00467494
0.00443355
0.00427073
0.00419256
0.0041436
0.00417355
0.00428937
0.00463346
0.00492826
0.00518419
0.00543147
0.0055459
0.00564123
0.00563995
0.00562787
0.00554426
0.00541792
0.00531246
0.00519564
0.00518476
0.00516777
0.00523973
0.00532897
0.00538286
0.00542449
0.00540785
0.00542249
0.00542406
0.00546778
0.00561328
0.00570836
0.00587242
0.00593856
0.00604051
0.00605307
0.00603723
0.00601382
0.00601633
0.00603326
0.00607053
0.00624932
0.00646622
0.00670415
0.00685668
0.00704717
0.00710367
0.00714747
0.00714049
0.00711611
0.00711913
0.00710157
0.00712632
0.00715323
0.00726544
0.00744406
0.00761603
0.00825598
0.00865318
0.00943473
0.010209
0.0110366
0.0121392
0.0127748
0.0143457
0.0152091
0.0163302
0.0173317
0.0181745
0.0193554
0.0201324
0.0213517
0.0220863
0.022314
0.0222722
0.0220586
0.0216105
0.0207803
0.0201513
0.0189948
0.01816
0.0179905
0.0181054
0.0186698
0.0197108
0.0220648
0.0253208
0.0301031
0.0360575
0.0486898
0.0613064
0.081993
0.118411
0.162141
0.236404
0.334458
0.443064
0.521291
0.562581
0.589344
0.602478
0.602587
0.589971
0.556643
0.517482
0.460559
0.437288
0.398282
0.394085
0.381505
0.367728
0.365568
0.350507
0.331882
0.298603
0.290519
0.288259
0.26837
0.263906
0.259244
0.258536
0.244375
0.220812
0.217709
0.227285
0.315367
0.355605
0.284987
0.187569
0.172757
0.198225
0.220598
0.205095
0.165437
0.172094
0.163055
0.143101
0.147144
0.143284
0.130358
0.135688
0.147656
0.144972
0.128775
0.138033
0.131205
0.146144
0.147922
0.146455
0.189809
0.218641
0.257243
0.175068
0.297287
0.149605
0.155855
0.185642
0.133817
0.130678
0.105166
0.0960173
0.0849148
0.073104
0.0824531
0.0707285
0.0735583
0.0675328
0.0658401
0.0712153
0.0934859
0.120129
0.128717
0.132541
0.129009
0.116998
0.0936876
0.0772822
0.0672587
0.0619696
0.0560615
0.0511234
0.046969
0.0456353
0.0308276
0.0306433
0.0303361
0.0297771
0.0291237
0.0284066
0.0282968
0.028451
0.0287711
0.0300312
0.0309038
0.0324887
0.0338254
0.0347948
0.0352036
0.0351641
0.0350253
0.0343067
0.0334967
0.0325412
0.0317906
0.0315133
0.0312637
0.0313482
0.0316676
0.0324508
0.0330537
0.0333284
0.0335399
0.0335233
0.0334653
0.0331556
0.0326925
0.0321401
0.0315346
0.0312805
0.0308153
0.0306727
0.0303677
0.0302616
0.0301117
0.0298801
0.0298515
0.0296977
0.0297029
0.0296364
0.0296235
0.0296596
0.0295964
0.0296393
0.0295442
0.0294841
0.0292371
0.0290021
0.0289921
0.0289656
0.0290652
0.0291616
0.0293858
0.0296862
0.0298336
0.03015
0.0303529
0.0304062
0.0304793
0.0303894
0.0302803
0.0302799
0.0302528
0.0304104
0.0306024
0.0312234
0.031828
0.0327732
0.0348941
0.0359373
0.038257
0.0402877
0.0428932
0.0457963
0.0474966
0.0517108
0.0537027
0.0574189
0.0600786
0.0625138
0.0656762
0.0679281
0.0692512
0.0692105
0.0687997
0.0676728
0.0657198
0.0634889
0.0611753
0.0591335
0.0570334
0.0567912
0.0570583
0.0580685
0.0611641
0.0648418
0.0720039
0.0821268
0.0938204
0.115709
0.14138
0.17662
0.236471
0.310534
0.409313
0.490912
0.542827
0.568748
0.59266
0.594872
0.585731
0.552671
0.50312
0.439318
0.406079
0.379071
0.363298
0.348868
0.34251
0.333834
0.322803
0.32558
0.304183
0.301189
0.296553
0.278415
0.262746
0.256116
0.259373
0.259154
0.253433
0.246855
0.228249
0.218979
0.218724
0.242284
0.323713
0.31988
0.244191
0.162023
0.1559
0.164154
0.205766
0.222421
0.205926
0.236861
0.22283
0.17103
0.160609
0.156071
0.154248
0.149868
0.155322
0.14438
0.148452
0.152563
0.143893
0.162721
0.166427
0.184875
0.206015
0.210147
0.241201
0.206431
0.369337
0.167756
0.19666
0.181687
0.133863
0.116221
0.105896
0.0884449
0.100151
0.0802642
0.0927422
0.0829837
0.0798949
0.0754688
0.0745874
0.0756957
0.0948203
0.120153
0.133938
0.137791
0.135441
0.129046
0.107655
0.0908957
0.0783394
0.0736991
0.065452
0.0591989
0.05396
0.0525278
0.186272
0.1818
0.176604
0.168799
0.163291
0.158378
0.154697
0.152715
0.151552
0.151568
0.151404
0.151343
0.151085
0.149987
0.148821
0.145088
0.14256
0.137829
0.134808
0.131521
0.128603
0.127558
0.12564
0.125051
0.123892
0.12332
0.12284
0.121338
0.120562
0.118702
0.117245
0.114917
0.113403
0.111738
0.109933
0.109061
0.107565
0.106916
0.105522
0.104702
0.103678
0.102587
0.102113
0.101135
0.100874
0.100478
0.100244
0.100109
0.0993175
0.0989061
0.0979262
0.0972439
0.096642
0.0963595
0.0964948
0.0965993
0.0970597
0.0975569
0.098016
0.098713
0.0987234
0.0989308
0.0988963
0.0989082
0.099065
0.0991209
0.0993716
0.0999167
0.100458
0.101901
0.103128
0.105602
0.108137
0.110884
0.116122
0.118953
0.124895
0.129315
0.135502
0.142911
0.146921
0.156352
0.161505
0.16935
0.174557
0.180036
0.184526
0.185484
0.185361
0.18409
0.181644
0.177843
0.172737
0.168723
0.164558
0.161308
0.160035
0.160393
0.161821
0.16564
0.171402
0.181705
0.197387
0.214889
0.246501
0.288033
0.343415
0.413675
0.477065
0.525609
0.551904
0.578625
0.58385
0.577632
0.555837
0.507788
0.446352
0.404609
0.379543
0.359792
0.348637
0.335814
0.328779
0.317346
0.320775
0.302498
0.304624
0.306791
0.255188
0.244554
0.21501
0.212548
0.193576
0.164609
0.175146
0.17796
0.163155
0.145858
0.166482
0.195136
0.204881
0.243588
0.296363
0.287892
0.192547
0.142029
0.14532
0.163759
0.216426
0.234461
0.25018
0.301527
0.289811
0.226104
0.197143
0.181559
0.165228
0.158813
0.150368
0.147304
0.15947
0.159751
0.163931
0.178601
0.18047
0.211354
0.22515
0.23785
0.272874
0.286646
0.389546
0.362193
0.687927
0.200636
0.422219
0.120068
0.16725
0.0983738
0.114372
0.0895282
0.094197
0.0888278
0.0796067
0.0772215
0.0794913
0.081563
0.10433
0.122387
0.138528
0.140863
0.141018
0.139282
0.131633
0.118472
0.0972214
0.0916102
0.0804221
0.0751877
0.0702703
0.0683093
0.660625
0.626897
0.588701
0.551297
0.522993
0.498686
0.478757
0.463808
0.449291
0.439092
0.426415
0.416656
0.40481
0.392979
0.381903
0.368383
0.358626
0.346282
0.33845
0.329776
0.323013
0.318865
0.312817
0.310138
0.304922
0.301262
0.296969
0.291403
0.287994
0.282368
0.279165
0.275059
0.272067
0.269521
0.266601
0.265061
0.262268
0.261061
0.2586
0.257325
0.255842
0.254223
0.253573
0.251948
0.251288
0.250089
0.249239
0.248344
0.247175
0.246829
0.245985
0.245981
0.246078
0.24626
0.246821
0.247061
0.247682
0.248005
0.248229
0.248677
0.248727
0.249103
0.249357
0.249757
0.250888
0.251462
0.253358
0.254928
0.257732
0.260427
0.263936
0.269334
0.27255
0.280127
0.285206
0.293265
0.300613
0.309289
0.31901
0.327619
0.338808
0.347179
0.355235
0.361668
0.367518
0.369227
0.369078
0.368076
0.364533
0.360458
0.354132
0.346642
0.340459
0.334198
0.327652
0.322482
0.321271
0.321794
0.324329
0.329594
0.342062
0.357862
0.382036
0.419995
0.458453
0.494245
0.521401
0.539038
0.563235
0.57066
0.566194
0.547994
0.499981
0.443081
0.400044
0.372508
0.359896
0.343034
0.331153
0.315853
0.303535
0.297011
0.292696
0.296136
0.285586
0.228689
0.201974
0.180086
0.177894
0.175569
0.160657
0.155639
0.132413
0.121238
0.109526
0.108463
0.0940414
0.0975854
0.128629
0.1585
0.170163
0.223751
0.253395
0.24832
0.158575
0.133334
0.139407
0.187762
0.259869
0.291481
0.340101
0.343444
0.347949
0.323063
0.274849
0.24958
0.203578
0.17557
0.164488
0.161404
0.165557
0.16443
0.171422
0.185824
0.19573
0.224308
0.250371
0.273455
0.302621
0.307563
0.310119
0.368007
0.358099
0.351901
0.505517
0.200293
0.526398
0.110048
0.146749
0.11407
0.0985528
0.094139
0.0815535
0.0822285
0.0883752
0.0931703
0.119806
0.128963
0.147826
0.15005
0.156325
0.155458
0.150134
0.145938
0.131908
0.123824
0.106486
0.0992887
0.093134
0.0921298
1.41991
1.30101
1.18257
1.08734
1.01003
0.946857
0.892822
0.846614
0.807154
0.770475
0.737957
0.707716
0.679762
0.654771
0.631029
0.611102
0.592478
0.57761
0.564504
0.5527
0.543565
0.53408
0.526457
0.518267
0.510746
0.504157
0.49707
0.491527
0.486091
0.48157
0.477602
0.474204
0.471331
0.468815
0.466349
0.464296
0.462306
0.460223
0.458709
0.45689
0.4558
0.454469
0.45313
0.452488
0.451043
0.450527
0.449549
0.448939
0.448735
0.448251
0.448341
0.448413
0.448578
0.448871
0.448952
0.449056
0.449084
0.449204
0.449272
0.449534
0.44981
0.450183
0.451244
0.451822
0.453412
0.454755
0.456674
0.459541
0.461602
0.466458
0.469776
0.475528
0.481673
0.487539
0.495944
0.503113
0.512164
0.520788
0.528539
0.53619
0.542489
0.547327
0.548731
0.548467
0.547324
0.54392
0.538152
0.530505
0.521642
0.512898
0.503093
0.495105
0.486976
0.478399
0.473014
0.471259
0.471508
0.473238
0.477985
0.487663
0.500229
0.516858
0.528442
0.540901
0.551704
0.55347
0.551323
0.543547
0.524089
0.481928
0.433024
0.378112
0.341203
0.329963
0.32162
0.299614
0.257295
0.22554
0.212025
0.199897
0.184046
0.169457
0.16232
0.151329
0.12605
0.121958
0.133048
0.14682
0.173972
0.190545
0.192394
0.173837
0.140026
0.121672
0.113084
0.107277
0.0828199
0.0871686
0.101675
0.135649
0.167204
0.207134
0.232556
0.215508
0.144574
0.124728
0.130589
0.205934
0.293891
0.408042
0.424487
0.410236
0.466912
0.494683
0.455768
0.416543
0.329707
0.247094
0.205437
0.183034
0.177947
0.17845
0.17918
0.192118
0.204778
0.213812
0.241785
0.260459
0.28363
0.284915
0.287064
0.308024
0.260248
0.280587
0.244877
0.253395
0.289326
0.19854
0.21416
0.161264
0.116769
0.116247
0.113832
0.123723
0.127185
0.130992
0.144716
0.14793
0.160408
0.162561
0.174383
0.173321
0.174316
0.175533
0.170092
0.166825
0.156979
0.150113
0.137898
0.133045
2.08863
1.82148
1.60187
1.43908
1.31302
1.21243
1.1297
1.06079
1.00237
0.951866
0.909843
0.872872
0.842692
0.81621
0.79434
0.776165
0.760386
0.748498
0.736899
0.728072
0.719459
0.7124
0.706145
0.699762
0.695567
0.69059
0.687423
0.68389
0.681317
0.679213
0.6766
0.67534
0.673202
0.671847
0.670169
0.668618
0.667405
0.665869
0.664889
0.663474
0.662792
0.661424
0.660549
0.65936
0.658341
0.657725
0.656265
0.655824
0.655021
0.654288
0.653963
0.652995
0.652864
0.652268
0.651987
0.651726
0.651442
0.651494
0.651326
0.651491
0.651447
0.651568
0.652028
0.652399
0.653667
0.654352
0.656284
0.657734
0.659939
0.662936
0.665184
0.668557
0.671249
0.674378
0.677124
0.678597
0.679103
0.678938
0.678228
0.67623
0.672241
0.667779
0.661738
0.655072
0.647559
0.639661
0.631163
0.621706
0.6134
0.605006
0.596759
0.589879
0.583478
0.580139
0.577453
0.576384
0.576028
0.575505
0.574627
0.572632
0.568598
0.561658
0.551726
0.531613
0.499752
0.459482
0.415439
0.373706
0.338077
0.310342
0.284792
0.25902
0.23459
0.207789
0.173677
0.145995
0.129045
0.118298
0.106344
0.0947392
0.0855814
0.0798573
0.0771309
0.076871
0.0829169
0.104765
0.132032
0.137513
0.137998
0.138461
0.138508
0.137849
0.129993
0.114363
0.109299
0.0988906
0.0854829
0.0862665
0.0960161
0.11856
0.174114
0.205893
0.234854
0.210046
0.14842
0.129624
0.132076
0.137996
0.184717
0.435267
0.49124
0.473718
0.589922
0.713742
0.775427
0.734315
0.657924
0.489269
0.39179
0.314497
0.273856
0.249339
0.218406
0.21251
0.226249
0.227203
0.229336
0.243351
0.254848
0.231732
0.247567
0.253857
0.251992
0.265337
0.297795
0.217277
0.202579
0.247767
0.190474
0.189425
0.171677
0.17366
0.180919
0.174921
0.17184
0.170706
0.177327
0.177881
0.185519
0.188584
0.206008
0.212608
0.216256
0.221483
0.219195
0.219965
0.218592
0.220684
0.226685
0.252125
2.43499
1.98121
1.6806
1.47988
1.34035
1.24066
1.16754
1.11245
1.0696
1.03589
1.00968
0.988459
0.972153
0.958694
0.948564
0.94023
0.933568
0.928068
0.922588
0.918464
0.914069
0.910434
0.906706
0.903237
0.90032
0.896991
0.894502
0.891453
0.888833
0.886111
0.883353
0.880881
0.877781
0.875337
0.872582
0.870072
0.867453
0.86474
0.862659
0.860144
0.857879
0.85547
0.853415
0.851504
0.849535
0.847837
0.846142
0.845072
0.843668
0.842692
0.841707
0.84076
0.840074
0.838904
0.838266
0.837151
0.83626
0.835097
0.833521
0.832086
0.829939
0.827901
0.825207
0.822315
0.81903
0.815311
0.811402
0.806715
0.801857
0.796145
0.790109
0.783546
0.776205
0.768598
0.759826
0.750977
0.741486
0.731552
0.721925
0.711677
0.701859
0.692243
0.682815
0.674516
0.666009
0.658652
0.651649
0.645039
0.639013
0.632848
0.627254
0.620849
0.614086
0.606879
0.598187
0.587588
0.574616
0.557308
0.535979
0.508006
0.474473
0.435105
0.391372
0.348733
0.310816
0.279626
0.249387
0.214662
0.173461
0.151814
0.14921
0.151219
0.143261
0.129009
0.11871
0.118262
0.121552
0.121526
0.116387
0.109822
0.10091
0.0924376
0.0904298
0.0917112
0.0978856
0.10799
0.127592
0.163539
0.194257
0.199024
0.190156
0.167718
0.131088
0.120088
0.120223
0.124449
0.121802
0.108138
0.102425
0.123448
0.161613
0.188149
0.241082
0.220723
0.187241
0.206419
0.278484
0.279989
0.23888
0.237795
0.267516
0.324645
0.45832
0.712609
0.908705
0.997453
1.12151
1.18574
1.10702
0.960572
0.793404
0.716404
0.611276
0.523354
0.517589
0.520255
0.422661
0.433901
0.473747
0.345125
0.424263
0.30732
0.356947
0.32235
0.411116
0.248058
0.25956
0.233651
0.197605
0.220264
0.217562
0.213981
0.229423
0.229421
0.23432
0.250158
0.262913
0.26792
0.297052
0.316943
0.356873
0.418038
0.44662
0.524872
0.587355
0.735073
0.858159
1.10281
1.61311
2.16518
1.75629
1.40365
1.24321
1.17449
1.14967
1.14344
1.1397
1.13253
1.11942
1.10244
1.08388
1.06597
1.05023
1.03659
1.02525
1.01547
1.00693
0.999341
0.992223
0.985731
0.979278
0.973194
0.967148
0.961417
0.955983
0.950657
0.945744
0.940806
0.936243
0.931767
0.927558
0.92362
0.919795
0.916395
0.913183
0.910487
0.908097
0.906093
0.904482
0.903068
0.902119
0.901382
0.901016
0.900771
0.900567
0.900516
0.900365
0.900173
0.899711
0.898896
0.897639
0.895718
0.89323
0.889883
0.885896
0.880805
0.874949
0.868199
0.860591
0.852349
0.843209
0.833511
0.823028
0.811838
0.79998
0.787344
0.773929
0.759583
0.744304
0.727858
0.71031
0.691563
0.671737
0.650961
0.629459
0.607565
0.585624
0.563958
0.543074
0.523297
0.505192
0.488889
0.474781
0.462982
0.453496
0.446271
0.441142
0.437788
0.435862
0.434766
0.434051
0.433052
0.430696
0.426197
0.418777
0.407448
0.391476
0.369699
0.341466
0.305593
0.262589
0.215544
0.171051
0.134628
0.107957
0.089779
0.0788664
0.0748681
0.0780368
0.0914943
0.110432
0.130435
0.148387
0.166727
0.189586
0.220131
0.256712
0.294393
0.329785
0.363262
0.386757
0.406113
0.428688
0.45773
0.48169
0.503462
0.540296
0.607777
0.658686
0.701622
0.720139
0.70064
0.642939
0.546382
0.399199
0.333712
0.286871
0.237706
0.193802
0.200371
0.204607
0.256381
0.325778
0.399911
0.613442
0.704753
0.628017
0.482397
0.42573
0.431822
0.4113
0.394781
0.327345
0.287735
0.32209
0.516896
0.935804
1.43216
1.89566
2.14464
2.25319
2.38742
2.42124
2.24828
2.20303
2.21374
1.87311
1.70138
1.68107
1.15633
1.33608
0.865751
1.05177
0.622841
0.860911
0.468248
0.435827
0.414892
0.303787
0.307505
0.295186
0.302965
0.339507
0.389745
0.46151
0.585329
0.736091
0.919096
1.17991
1.69165
2.1045
3.01476
3.66062
5.02029
6.181
7.42448
8.79548
9.78265
10.3274
10.4618
0.00238807
0.00411062
0.00656083
0.010834
0.0141774
0.0168522
0.0195073
0.0211473
0.018954
0.00806013
0.00504836
0.00617965
0.00670351
0.00582214
0.00510876
0.00499393
0.00521559
0.00504602
0.00390652
0.0036558
0.00482246
0.00826113
0.00875424
0.00817192
0.00726195
0.00742286
0.0088421
0.0118484
0.0178159
0.0231493
0.0278828
0.0310962
0.0340156
0.0352649
0.0338621
0.0271496
0.0237079
0.0242227
0.0229335
0.0204948
0.0188517
0.0194417
0.0216467
0.0241024
0.0272714
0.0315805
0.0301778
0.0263718
0.0226235
0.0186959
0.0209098
0.0322376
0.0522518
0.0700811
0.0805189
0.0806387
0.0850178
0.0858723
0.084549
0.0860297
0.0885635
0.0953339
0.114644
0.134513
0.149221
0.293146
0.381492
0.336644
0.175758
0.131534
0.10098
0.0751881
0.0664639
0.0633657
0.06486
0.0735299
0.0900126
0.123752
0.173641
0.248927
0.349767
0.525627
0.775611
1.06422
1.5416
2.04613
2.58915
2.96725
2.96271
2.72952
1.89432
0.81093
0.319841
0.221222
0.208651
0.204143
0.209229
0.220864
0.254051
0.279654
0.278134
0.263913
0.281624
0.372724
0.487584
0.515323
0.528657
0.614704
0.615808
0.484082
0.270424
0.858062
1.94479
2.3662
2.66419
2.90357
3.06589
3.17232
3.22029
3.23475
3.19897
3.09431
2.94862
2.76141
2.52981
2.27643
1.99348
1.69905
1.41544
1.16646
0.936632
0.734642
0.562542
0.432024
0.328084
0.242075
0.189339
0.137531
0.11088
0.0937632
0.0818862
0.0771422
0.0761448
0.0797942
0.0882987
0.101096
0.119231
0.14207
0.171467
0.206654
0.245165
0.288387
0.336205
0.386119
0.435308
0.485629
0.534117
0.570619
0.603692
0.633433
0.640782
0.631195
0.591395
0.519838
0.450824
0.389797
0.342305
0.307541
0.283836
0.267041
0.254566
0.245748
0.242858
0.246234
0.25528
0.270308
0.291301
0.322439
0.366899
0.427462
0.512404
0.633733
0.804004
1.01114
1.19387
1.28587
1.29286
1.25983
1.1681
0.944634
0.66591
0.413673
0.243438
0.15124
0.0969833
0.0690504
0.0544196
0.0476927
0.0478989
0.0395638
0.00219786
0.00373764
0.0130656
0.0193746
0.021323
0.0209121
0.019883
0.0199418
0.0206154
0.0205838
0.0188956
0.0101663
0.00826122
0.00519284
0.00431529
0.00454512
0.0043806
0.00464221
0.00590642
0.0106673
0.00973705
0.00913093
0.0083805
0.0080397
0.00995576
0.0161755
0.0276099
0.0384509
0.0422611
0.0405958
0.0373046
0.0324771
0.0288222
0.0285261
0.0298974
0.0281793
0.0252157
0.0224921
0.020743
0.0223969
0.0230813
0.0225686
0.0225044
0.0225853
0.0226309
0.021808
0.0224954
0.0239649
0.0273022
0.0354864
0.0550887
0.0989886
0.122973
0.130628
0.133584
0.137535
0.138497
0.138988
0.126854
0.114685
0.0960898
0.080034
0.0968538
0.12997
0.163302
0.201002
0.176044
0.0974054
0.0824055
0.0795524
0.0750276
0.065248
0.0595655
0.0588443
0.0648789
0.0839211
0.113704
0.150724
0.18531
0.213377
0.240218
0.260325
0.266047
0.268919
0.269465
0.274017
0.34594
0.535483
0.822867
1.29227
1.3949
1.27599
1.03707
0.853567
0.619961
0.422893
0.313425
0.247822
0.198016
0.154963
0.128034
0.126426
0.133875
0.174075
0.327109
0.512597
0.575341
1.21181
2.13395
2.01162
1.7077
1.60597
1.6166
1.29188
1.13515
0.949956
0.81101
0.709816
0.599901
0.522953
0.433393
0.35866
0.297889
0.249202
0.210329
0.185476
0.169407
0.154975
0.145211
0.138032
0.132905
0.128115
0.125624
0.124346
0.123761
0.123566
0.124992
0.126149
0.125669
0.126796
0.126298
0.127172
0.12787
0.128513
0.129483
0.130851
0.132498
0.135529
0.137433
0.138991
0.142213
0.14697
0.152885
0.159687
0.167643
0.176509
0.187423
0.203662
0.217441
0.232386
0.263258
0.293984
0.324935
0.367568
0.398004
0.424483
0.450703
0.480161
0.503962
0.514337
0.514077
0.508779
0.489892
0.449154
0.394692
0.331091
0.268286
0.214392
0.171741
0.144173
0.13341
0.135916
0.159748
0.207477
0.243044
0.270196
0.299024
0.324515
0.33002
0.32799
0.285364
0.180172
0.106558
0.0791855
0.0624706
0.0496982
0.0470048
0.0524245
0.061024
0.0669175
0.00169821
0.00935045
0.0234493
0.025394
0.0238901
0.0220275
0.0204907
0.019319
0.0194568
0.0199711
0.0196685
0.0173531
0.0146324
0.00734861
0.00451473
0.00462925
0.00558666
0.00884825
0.0106687
0.0102207
0.00920873
0.00808525
0.00900402
0.0145869
0.0294441
0.0454856
0.0493874
0.0498436
0.0466605
0.0420976
0.0372858
0.0316189
0.0271175
0.024725
0.0263896
0.0286747
0.02677
0.0163455
0.0132372
0.014299
0.0168679
0.0179185
0.0198906
0.0224535
0.0235168
0.0231237
0.0241571
0.0300675
0.0513502
0.112346
0.137728
0.141313
0.135708
0.124063
0.118909
0.11672
0.115755
0.117416
0.112665
0.0984467
0.0805184
0.0669926
0.0719974
0.115314
0.139414
0.14007
0.0930824
0.0696492
0.0703182
0.0728643
0.0665318
0.059677
0.0626367
0.0812118
0.113882
0.14791
0.17547
0.200026
0.224356
0.243907
0.257368
0.271625
0.271921
0.266958
0.256013
0.245097
0.219187
0.222386
0.251024
0.336657
0.479021
0.725949
0.743708
0.7054
0.578688
0.458195
0.344329
0.233633
0.158927
0.131075
0.108865
0.107066
0.177648
0.396682
0.801097
1.86579
2.00917
1.781
1.66348
1.22851
0.993033
0.760726
0.48936
0.342346
0.25673
0.204733
0.166259
0.146879
0.12699
0.117984
0.10865
0.103398
0.10085
0.099771
0.0995443
0.0996938
0.101032
0.102312
0.104629
0.105721
0.107459
0.108737
0.109703
0.110128
0.110632
0.110667
0.110242
0.108521
0.107478
0.10662
0.104863
0.104167
0.104079
0.104258
0.104248
0.104495
0.105162
0.106966
0.109736
0.111683
0.113989
0.11572
0.118271
0.122311
0.125851
0.129249
0.134206
0.139796
0.144428
0.147904
0.152206
0.159876
0.169595
0.175665
0.187217
0.200258
0.226722
0.271045
0.297589
0.303361
0.305715
0.318996
0.331898
0.33039
0.324205
0.312909
0.288725
0.229526
0.16474
0.112426
0.0803029
0.0685799
0.0688317
0.0761475
0.0815541
0.0816833
0.0899539
0.176328
0.239918
0.229102
0.151258
0.0839232
0.0513496
0.0435263
0.0398334
0.03798
0.0418033
0.0458685
0.0473487
0.067597
0.0032533
0.0277566
0.0315303
0.0280039
0.0227246
0.0192695
0.0170676
0.0169927
0.0171905
0.0178161
0.0188494
0.0182311
0.0172884
0.0105159
0.00613894
0.00837213
0.0100788
0.0104406
0.0106955
0.0101246
0.00874968
0.0115805
0.0224115
0.0454675
0.0519841
0.0516752
0.0477439
0.0437681
0.0401293
0.0367659
0.0306877
0.0243506
0.0220671
0.021441
0.0243475
0.0277294
0.0237885
0.0136572
0.0121242
0.0138286
0.0185699
0.0216461
0.0246085
0.0270834
0.0291248
0.0309779
0.0386059
0.0624386
0.119089
0.142311
0.1377
0.118857
0.0936439
0.0831216
0.0799738
0.0796573
0.0833653
0.0900284
0.0945848
0.0935142
0.0751011
0.0616769
0.0685065
0.103852
0.108864
0.0939424
0.0743
0.0658762
0.068827
0.0819024
0.0807596
0.0794777
0.0929789
0.117613
0.139482
0.157388
0.175999
0.186393
0.197152
0.206367
0.214545
0.227999
0.23669
0.235605
0.234068
0.228231
0.222413
0.209455
0.200596
0.206488
0.232786
0.312288
0.405311
0.412844
0.39618
0.34353
0.263311
0.193832
0.149331
0.118279
0.115513
0.186674
0.572573
1.76749
1.78796
1.70432
1.35487
1.03204
0.667723
0.50441
0.331201
0.22734
0.162249
0.130951
0.111785
0.102387
0.0946308
0.0910767
0.0874595
0.0861178
0.0854594
0.0852295
0.0859175
0.0872917
0.0896371
0.0920485
0.0957087
0.0987284
0.103136
0.105532
0.108394
0.111466
0.113724
0.114568
0.114777
0.114098
0.112593
0.110826
0.108799
0.105569
0.102181
0.0996557
0.0982089
0.0967831
0.0947686
0.0931832
0.0919926
0.0912795
0.0913063
0.0921286
0.094131
0.0953535
0.0961542
0.097577
0.0994193
0.102031
0.1052
0.110785
0.115066
0.117511
0.122113
0.132069
0.137367
0.138713
0.143308
0.151967
0.154953
0.157403
0.165957
0.169877
0.167945
0.166591
0.166818
0.167467
0.170233
0.170781
0.16791
0.158487
0.143096
0.11543
0.0850571
0.0669606
0.0628068
0.0643293
0.071395
0.0774332
0.103447
0.186934
0.211165
0.180313
0.10038
0.0551206
0.0411937
0.0373021
0.0334155
0.036213
0.041491
0.0414567
0.0411798
0.0558622
0.0201907
0.039949
0.0347273
0.0235391
0.0164443
0.0118054
0.0109098
0.0115205
0.0133131
0.0145729
0.0171131
0.0186621
0.0209262
0.0117887
0.00824748
0.0094351
0.0098283
0.0105863
0.0109946
0.00975478
0.0123309
0.0239487
0.0432591
0.0485956
0.0479681
0.0435617
0.0417162
0.0392528
0.0379717
0.0348872
0.0252403
0.0181096
0.017524
0.0197602
0.0240276
0.0249223
0.0188097
0.0134776
0.013407
0.0172322
0.0210805
0.0226992
0.0255071
0.0292221
0.036497
0.0471242
0.0663442
0.115693
0.135845
0.134934
0.106036
0.0731646
0.0639492
0.0609668
0.0605316
0.0634951
0.0675265
0.0753983
0.0901178
0.0965914
0.0962994
0.0723034
0.0683399
0.0879954
0.0904505
0.0812951
0.077529
0.0723885
0.086072
0.103713
0.091741
0.0875
0.0946659
0.111688
0.121523
0.134247
0.142465
0.153296
0.161357
0.168937
0.176107
0.186714
0.204
0.209051
0.208512
0.204102
0.2013
0.202497
0.200777
0.19167
0.19278
0.204186
0.235603
0.272038
0.274568
0.261243
0.208765
0.159296
0.152346
0.169437
0.292066
1.29542
1.74051
1.61602
1.22329
0.89702
0.604051
0.408241
0.272075
0.207025
0.146596
0.120681
0.107634
0.100033
0.0926637
0.0876922
0.0844186
0.0832588
0.082651
0.0824502
0.082784
0.0839048
0.0871418
0.0903343
0.0965795
0.103708
0.111023
0.119188
0.126703
0.132985
0.138418
0.147466
0.152956
0.154933
0.154407
0.150479
0.148233
0.146064
0.142612
0.136863
0.129121
0.12241
0.118094
0.115215
0.112308
0.109008
0.105071
0.100734
0.0975073
0.0967088
0.0973098
0.0979653
0.0986794
0.098756
0.0984423
0.0989388
0.101808
0.103505
0.104532
0.108251
0.112483
0.114132
0.11703
0.122768
0.125366
0.126461
0.129371
0.130868
0.131462
0.131766
0.131918
0.132501
0.132567
0.13053
0.125494
0.121814
0.113551
0.101437
0.0947726
0.0903209
0.0781698
0.0655901
0.062835
0.0667874
0.0928063
0.118996
0.153278
0.185576
0.187198
0.140423
0.075064
0.044889
0.0387897
0.0390769
0.0348508
0.0358535
0.0395513
0.0384561
0.0413995
0.0589684
0.0498701
0.0454333
0.0293599
0.0150323
0.00864646
0.00584538
0.00574479
0.00643713
0.0085452
0.0116336
0.0144322
0.0186903
0.0228452
0.0118546
0.00904059
0.00897506
0.00934432
0.0113232
0.0120336
0.0124344
0.0179986
0.0381879
0.0455104
0.044394
0.0389713
0.0375071
0.0361702
0.0355769
0.0367188
0.0353156
0.0259901
0.0186238
0.0176939
0.0198246
0.0223725
0.0208132
0.0146229
0.0133791
0.0146391
0.018735
0.0219672
0.0240104
0.0292076
0.0369755
0.0472792
0.0696409
0.107126
0.124424
0.126938
0.094579
0.0634091
0.0533228
0.0505741
0.0506314
0.0544147
0.0561425
0.0600851
0.0664621
0.0769952
0.0963454
0.110245
0.110257
0.0822566
0.0802443
0.0787063
0.0764158
0.0812596
0.0796718
0.101165
0.109014
0.0876982
0.0829355
0.0865684
0.0966253
0.107304
0.118656
0.126229
0.139856
0.147927
0.154177
0.160077
0.167497
0.185442
0.197006
0.20009
0.184046
0.17198
0.177732
0.189879
0.192246
0.193725
0.199974
0.221904
0.22842
0.222901
0.212388
0.211706
0.231151
0.342419
0.902392
1.44751
1.5255
1.35573
0.89235
0.584103
0.39434
0.281352
0.191054
0.148747
0.125176
0.110793
0.103936
0.097377
0.0885103
0.0828173
0.080725
0.0798961
0.0796705
0.0797764
0.0805614
0.0846664
0.0874943
0.095921
0.104321
0.114597
0.128252
0.139127
0.154266
0.164241
0.170827
0.174104
0.174613
0.176045
0.179704
0.18071
0.176057
0.166866
0.161213
0.158066
0.15545
0.149534
0.141559
0.13343
0.12777
0.122959
0.120562
0.119565
0.117986
0.112383
0.107023
0.105534
0.10615
0.107208
0.107487
0.106926
0.105261
0.105072
0.1073
0.108238
0.107838
0.10843
0.114767
0.117301
0.117227
0.117264
0.118671
0.12109
0.121741
0.121254
0.121081
0.122409
0.122477
0.119001
0.11533
0.11571
0.1156
0.112998
0.106083
0.0912023
0.0761756
0.0665353
0.0634818
0.0638839
0.0727212
0.115672
0.152057
0.167298
0.170911
0.159805
0.103869
0.0587854
0.0405061
0.0371709
0.0377765
0.0367866
0.0416749
0.0473152
0.0449934
0.0437491
0.0610365
0.0682419
0.0461506
0.0185118
0.00845159
0.00495639
0.00348793
0.00345606
0.00393247
0.00549478
0.00916021
0.0128624
0.019306
0.0227765
0.0108747
0.00875565
0.00855688
0.0102918
0.0143694
0.0167566
0.0198073
0.0291621
0.0413556
0.0425745
0.0343143
0.0310709
0.0300832
0.0297473
0.0319744
0.0377509
0.0400151
0.0408999
0.0328853
0.019926
0.0185928
0.0199317
0.0192707
0.0140653
0.0135122
0.0162443
0.0213845
0.0253463
0.0304996
0.0403027
0.0551425
0.0710923
0.0958061
0.113105
0.116885
0.0926517
0.0574576
0.0479231
0.0461774
0.0472828
0.0504577
0.0518601
0.0540439
0.0573732
0.062978
0.0704816
0.0818182
0.103717
0.127742
0.128444
0.0919317
0.0795872
0.0772966
0.0860168
0.0870692
0.103621
0.0924812
0.0774368
0.074673
0.0763863
0.0859249
0.0977597
0.106142
0.119895
0.13319
0.144306
0.149782
0.154693
0.158585
0.171217
0.191626
0.1997
0.18265
0.161069
0.154517
0.16007
0.172944
0.180281
0.187873
0.204163
0.221762
0.235964
0.263633
0.414205
0.880262
1.15543
1.26456
1.3303
1.11323
0.643169
0.431562
0.293634
0.203874
0.160478
0.130204
0.117779
0.110326
0.103426
0.094835
0.0858934
0.0802804
0.0777821
0.0769503
0.0771534
0.0776101
0.0810998
0.0826302
0.0912354
0.0989985
0.112383
0.126459
0.137422
0.152121
0.162072
0.171672
0.181508
0.187078
0.189247
0.183634
0.177821
0.180652
0.182342
0.179922
0.169362
0.161144
0.156279
0.154088
0.149876
0.142725
0.133975
0.128607
0.122671
0.117247
0.11611
0.116572
0.114835
0.108075
0.103269
0.10277
0.105137
0.106033
0.104976
0.103366
0.102689
0.102842
0.104316
0.105005
0.106595
0.107829
0.108067
0.108367
0.109496
0.110249
0.109972
0.110346
0.113094
0.113201
0.10953
0.108339
0.109866
0.109819
0.106115
0.10432
0.105238
0.104523
0.101011
0.0875131
0.0737057
0.0691284
0.0697249
0.0813785
0.12909
0.159981
0.167823
0.164353
0.136183
0.0821942
0.0525123
0.0422364
0.0403322
0.0408947
0.0501589
0.0633212
0.05635
0.0457218
0.040922
0.0634536
0.0753155
0.0334102
0.0121636
0.00559316
0.00338984
0.00254287
0.0025067
0.0028265
0.00402789
0.00744002
0.011752
0.0200905
0.0217309
0.0101936
0.00867266
0.0089574
0.0123133
0.0168496
0.0204632
0.0252978
0.0343534
0.0391119
0.0360548
0.0281158
0.0260081
0.0251268
0.0249321
0.027633
0.032663
0.0395767
0.0461209
0.0480063
0.0378425
0.0182918
0.0150351
0.0144654
0.0143579
0.0142774
0.0172841
0.0224222
0.0288843
0.0379218
0.0501692
0.067768
0.0870849
0.100345
0.105606
0.0934022
0.0575393
0.0454075
0.0431523
0.0437099
0.0478436
0.0497625
0.0505236
0.0511954
0.0533693
0.0582715
0.0671039
0.0764964
0.0824821
0.0969955
0.127691
0.131539
0.101796
0.0898455
0.0859124
0.078162
0.0716289
0.0712869
0.0694205
0.0679666
0.0684859
0.0782765
0.0891656
0.100855
0.116744
0.130678
0.145593
0.152887
0.155306
0.156765
0.163103
0.183227
0.208169
0.218471
0.190611
0.163352
0.153848
0.157673
0.174422
0.194107
0.221019
0.263293
0.41883
0.757587
0.970667
1.04998
1.09701
1.06797
0.832781
0.524971
0.323784
0.232912
0.174319
0.139308
0.124135
0.114451
0.110338
0.105456
0.0971105
0.0851725
0.0794362
0.077038
0.0764336
0.0754803
0.077664
0.0777902
0.0853466
0.0904855
0.101855
0.113526
0.129456
0.147868
0.162805
0.172377
0.174831
0.17661
0.182506
0.188839
0.192555
0.187046
0.173305
0.16457
0.164417
0.164329
0.157224
0.142076
0.132632
0.126895
0.124652
0.121003
0.114198
0.110343
0.105162
0.0965201
0.0915696
0.0918319
0.0937367
0.0929941
0.0859209
0.0810691
0.0806471
0.0829366
0.085408
0.0838077
0.080043
0.0805626
0.084724
0.0851303
0.0830093
0.0831657
0.0849033
0.0854324
0.0862301
0.0895096
0.0923205
0.0921588
0.0918948
0.0924151
0.0925562
0.0918933
0.0918896
0.0926357
0.0924608
0.0921379
0.0911504
0.0915319
0.092207
0.0912409
0.0795128
0.0723003
0.0737504
0.0874834
0.138497
0.163908
0.165248
0.155638
0.111972
0.0691641
0.0517203
0.04883
0.049545
0.052594
0.068419
0.0725413
0.0576325
0.0448802
0.0427107
0.0725674
0.076467
0.0258316
0.00918609
0.00432311
0.00273644
0.00216372
0.00211512
0.00235848
0.00333511
0.00644102
0.0117799
0.0204671
0.0191526
0.00907187
0.00812278
0.00901164
0.0129335
0.0183407
0.0246906
0.0297984
0.033576
0.0345931
0.0290899
0.0240083
0.0228145
0.0223108
0.0224593
0.0253708
0.0287338
0.0335093
0.0401702
0.0498569
0.0533602
0.0488839
0.0230749
0.0162135
0.0157246
0.0161736
0.0175862
0.0224391
0.0301608
0.0427639
0.0594467
0.0773717
0.0902203
0.0966619
0.0919467
0.0618155
0.0453353
0.0413285
0.0411012
0.0453028
0.0484794
0.0489953
0.0491224
0.0497682
0.0517108
0.0540403
0.0583508
0.0710189
0.0784639
0.0789965
0.0780477
0.094048
0.0981553
0.0733549
0.0491779
0.0465375
0.050966
0.0563837
0.0588146
0.0601878
0.062816
0.0710657
0.083055
0.0950853
0.10901
0.128618
0.149996
0.166182
0.172456
0.166742
0.161565
0.170505
0.198848
0.230774
0.24891
0.260357
0.25061
0.244074
0.260556
0.322617
0.445322
0.612136
0.76467
0.842436
0.890435
0.874343
0.765436
0.588888
0.408096
0.270159
0.192208
0.155707
0.134633
0.120845
0.115219
0.111539
0.106411
0.0982984
0.0880252
0.0804182
0.077934
0.0754126
0.0777031
0.0752219
0.0806695
0.0817705
0.0906604
0.0998873
0.11409
0.127888
0.143846
0.158347
0.172611
0.18557
0.191278
0.188911
0.182293
0.180343
0.182868
0.181754
0.169912
0.139313
0.122495
0.118159
0.114407
0.0992356
0.0825964
0.0734658
0.0714685
0.0673744
0.0584183
0.0562824
0.0572549
0.0564396
0.0469476
0.0417187
0.0424539
0.0467653
0.0472492
0.0419731
0.0367497
0.0362318
0.037939
0.041118
0.0404487
0.0389209
0.0397643
0.0430105
0.0429605
0.0430399
0.0437354
0.0459266
0.047164
0.0498558
0.0532573
0.0548691
0.0560411
0.0584063
0.0599098
0.0607215
0.0614444
0.0631638
0.0639295
0.0642579
0.0654248
0.068716
0.072965
0.0739748
0.075439
0.0816921
0.0872035
0.106096
0.147325
0.16058
0.157147
0.131528
0.0908029
0.0610187
0.0536869
0.0588953
0.0611915
0.0613693
0.0760416
0.0792186
0.0622905
0.0571389
0.0702108
0.107484
0.0700399
0.0213826
0.00790862
0.0038261
0.00250023
0.00203654
0.00186444
0.0021827
0.00329754
0.00656827
0.0123725
0.0201492
0.0163059
0.00756031
0.00684635
0.00831593
0.0120866
0.01927
0.027954
0.0310418
0.0321785
0.0294886
0.0246295
0.0218469
0.0208772
0.0205156
0.0209459
0.0238103
0.0271441
0.0315764
0.0349474
0.0369938
0.0413652
0.0509402
0.0530729
0.0375039
0.0260708
0.026368
0.0249136
0.0247635
0.0297302
0.0449368
0.0662926
0.0798408
0.0856624
0.0860823
0.072938
0.0477957
0.0403648
0.0390263
0.0411008
0.045397
0.0476294
0.0481686
0.0489698
0.050259
0.052261
0.0538465
0.0560637
0.058057
0.0710617
0.0807342
0.0671143
0.045841
0.0387114
0.0324031
0.0284942
0.0331759
0.0450464
0.0508402
0.0526693
0.0535188
0.0567577
0.0659913
0.0747759
0.0817087
0.0951224
0.113255
0.136991
0.168637
0.183149
0.187918
0.17523
0.167576
0.176371
0.202146
0.250061
0.294436
0.335111
0.382456
0.43502
0.492548
0.557579
0.616336
0.657039
0.644352
0.586256
0.513932
0.425453
0.317043
0.223171
0.174011
0.146678
0.129767
0.120992
0.116601
0.114556
0.109594
0.101815
0.0909305
0.085491
0.0786867
0.0796083
0.0742113
0.0787059
0.0765712
0.0824309
0.0892762
0.0984367
0.109848
0.125431
0.146738
0.163898
0.167095
0.175272
0.185868
0.194513
0.195077
0.187248
0.177771
0.165212
0.157164
0.148372
0.127175
0.103679
0.0897737
0.0777546
0.0637048
0.0508868
0.0405769
0.0350074
0.0308984
0.0246756
0.0200027
0.0186522
0.0177059
0.0161245
0.0132888
0.0126354
0.012912
0.0129545
0.0123113
0.0109595
0.0107791
0.0109065
0.0115886
0.011576
0.0114788
0.0119319
0.013061
0.0131107
0.0130348
0.013389
0.0146767
0.0156422
0.0169632
0.0203902
0.0223545
0.0236701
0.0262633
0.0294499
0.0304662
0.0316785
0.0344268
0.0375401
0.0382652
0.0395465
0.043797
0.0472232
0.0564618
0.0656033
0.0719235
0.0765782
0.0950306
0.150545
0.165066
0.158386
0.116373
0.0740383
0.0576783
0.0583431
0.0691412
0.0685653
0.0672147
0.0853928
0.0969009
0.106893
0.160759
0.205529
0.224911
0.0624025
0.0200027
0.00756985
0.00372124
0.00246342
0.00203287
0.00195628
0.00229976
0.00354517
0.00709968
0.0136392
0.0191062
0.0128179
0.00633585
0.00579312
0.00658154
0.00944045
0.0162294
0.0286784
0.0327424
0.0331535
0.0287981
0.0227278
0.0207513
0.0199949
0.0195587
0.0193957
0.0207652
0.0243556
0.0302255
0.0338357
0.0345754
0.031906
0.0310687
0.0375179
0.047197
0.0494348
0.0355993
0.0405352
0.0391982
0.0375682
0.0419395
0.0709121
0.0816632
0.0835981
0.0789721
0.0581698
0.0430299
0.0392367
0.0389503
0.0415099
0.0459858
0.0488604
0.050985
0.052479
0.0537007
0.0556842
0.0563322
0.0569844
0.0558325
0.0558017
0.0668109
0.0829004
0.0655534
0.0346508
0.0268296
0.0260858
0.0314317
0.0430538
0.047564
0.0477779
0.0480284
0.0520388
0.0584204
0.0638654
0.0702422
0.0777318
0.0880986
0.110276
0.150782
0.183398
0.19516
0.198545
0.182804
0.1737
0.176699
0.189048
0.224459
0.269068
0.315699
0.357581
0.391684
0.408502
0.41637
0.399235
0.382035
0.351115
0.308756
0.253022
0.196388
0.161251
0.143777
0.129513
0.122954
0.119451
0.116307
0.111477
0.105184
0.0964418
0.0874447
0.0878302
0.0742489
0.0817509
0.0755351
0.0765633
0.0836576
0.0838528
0.0902796
0.101847
0.122604
0.130477
0.150617
0.174662
0.184734
0.185668
0.184094
0.187682
0.188778
0.184655
0.177564
0.162857
0.152687
0.133683
0.115995
0.096723
0.0816518
0.0658471
0.0515868
0.0409904
0.0312158
0.0238397
0.0193485
0.0150435
0.011748
0.0100452
0.00882862
0.00757057
0.00626925
0.00574279
0.00567147
0.00562937
0.00554281
0.00525556
0.00515517
0.00513217
0.00533584
0.00558902
0.00571567
0.00590561
0.00592054
0.00576444
0.00565283
0.00570249
0.00598811
0.00646446
0.00680558
0.0075874
0.00887747
0.00963649
0.0103758
0.0122323
0.0139677
0.0146435
0.0160587
0.0178243
0.0212255
0.0232052
0.0257776
0.0292375
0.0364347
0.0466782
0.053827
0.0642544
0.0891284
0.150794
0.165267
0.150102
0.103885
0.0685837
0.0557379
0.0600115
0.0803188
0.0758185
0.0762137
0.113742
0.156923
0.212474
0.294593
0.350121
0.373368
0.0540803
0.0213108
0.00816495
0.004204
0.00284628
0.00234893
0.00223624
0.0026642
0.0042138
0.00837174
0.0153018
0.01768
0.0104415
0.00564144
0.00523372
0.00573462
0.00768029
0.0118425
0.0249264
0.0360124
0.0368959
0.0299355
0.022958
0.0208643
0.0197295
0.018905
0.0183955
0.018817
0.0211219
0.0245444
0.0307161
0.033224
0.0299888
0.0261138
0.024966
0.0268454
0.0368963
0.0456775
0.0406334
0.0486065
0.057445
0.0495271
0.0622965
0.083604
0.0866257
0.0802929
0.0567225
0.0432452
0.039414
0.0393675
0.042802
0.0486696
0.052295
0.0542582
0.0545541
0.0551396
0.0568265
0.0570863
0.0575871
0.0565724
0.0535466
0.0523648
0.0571144
0.0815138
0.0653598
0.0357534
0.0284934
0.0294775
0.0398803
0.0464876
0.0472159
0.046314
0.046631
0.0507447
0.0573021
0.0609196
0.0615488
0.0661324
0.0748484
0.108661
0.162478
0.192954
0.20497
0.20767
0.193945
0.180195
0.176984
0.182155
0.191178
0.209398
0.230872
0.24776
0.258347
0.263311
0.262424
0.250368
0.235671
0.209015
0.180184
0.159592
0.14247
0.132588
0.12777
0.123949
0.11888
0.113801
0.110365
0.0970868
0.0966925
0.0845912
0.0869346
0.0789084
0.0773915
0.0812283
0.0787937
0.0846713
0.0866156
0.0973501
0.103354
0.125343
0.145119
0.153419
0.166713
0.184919
0.188607
0.185481
0.182993
0.181061
0.174721
0.168745
0.159383
0.151956
0.130307
0.113064
0.0919842
0.0754417
0.05966
0.0438714
0.0348202
0.026387
0.0189243
0.0145817
0.0114331
0.00934479
0.00763387
0.00643248
0.00565422
0.00479552
0.00436499
0.00430753
0.00435946
0.00439299
0.00439072
0.00440709
0.00440403
0.00464493
0.00495713
0.00526601
0.00530719
0.00517191
0.00497645
0.00495649
0.00500833
0.00515073
0.00522735
0.00527651
0.00534727
0.00554214
0.00573938
0.00599213
0.00635546
0.00745137
0.00809406
0.00894396
0.0102837
0.0122287
0.0152608
0.0165938
0.019252
0.0221809
0.0329599
0.0467685
0.0542879
0.0738692
0.136398
0.162851
0.150851
0.0983782
0.0681912
0.0592673
0.0616478
0.0813224
0.0946662
0.105932
0.135524
0.174263
0.219489
0.271535
0.300072
0.38676
0.0497135
0.0249908
0.00973753
0.00512526
0.00355762
0.00299062
0.00285686
0.00348614
0.00559366
0.010685
0.01505
0.0153977
0.00772646
0.00510945
0.00498503
0.00578345
0.00787808
0.0101176
0.0163729
0.0337304
0.0411843
0.0382117
0.0251805
0.0213624
0.0201106
0.0192492
0.0186893
0.0191757
0.0200664
0.022106
0.0262366
0.0291017
0.0279091
0.0232761
0.0215904
0.0215555
0.0226607
0.0276253
0.0406095
0.0438305
0.0526202
0.0723637
0.0650891
0.0813274
0.0895729
0.0847165
0.0602701
0.0453023
0.0405425
0.0403922
0.0442911
0.0515146
0.0557149
0.0559871
0.0559919
0.0563534
0.0569882
0.0557897
0.0521318
0.0528431
0.0523041
0.0505236
0.0457052
0.0496406
0.0809796
0.0654995
0.0387588
0.0320395
0.035171
0.0432432
0.0461021
0.0430777
0.0414873
0.0427081
0.0462675
0.0481021
0.0508331
0.0515625
0.0557886
0.0759605
0.110432
0.159709
0.19818
0.213345
0.217424
0.213775
0.194938
0.185727
0.183357
0.184334
0.190539
0.196507
0.200324
0.20216
0.201335
0.198224
0.184357
0.176043
0.16033
0.145104
0.137554
0.134165
0.128707
0.120996
0.119936
0.108128
0.109731
0.0963591
0.0962027
0.0887023
0.0820868
0.0840921
0.079173
0.0835866
0.0838158
0.0868343
0.0884208
0.0990728
0.105868
0.120575
0.146642
0.169091
0.171533
0.179434
0.180975
0.18085
0.178285
0.177743
0.172799
0.166707
0.157222
0.148169
0.125633
0.104553
0.0839246
0.0623521
0.0468597
0.0345726
0.0273166
0.0206986
0.0153919
0.0121571
0.0100587
0.00851325
0.00693353
0.00589057
0.00515596
0.00446366
0.00416556
0.00413463
0.00424433
0.0042793
0.00431848
0.00456068
0.00472976
0.00492188
0.00526565
0.0062922
0.00712651
0.00719013
0.00688752
0.00694236
0.00719222
0.00724246
0.00705901
0.00677143
0.00614393
0.00578713
0.00575899
0.00577277
0.00596118
0.00659571
0.00750202
0.00806605
0.00933789
0.0101097
0.0121188
0.013348
0.0143189
0.0168264
0.0275151
0.0430504
0.0515812
0.0720972
0.131512
0.15543
0.15001
0.0996291
0.0671065
0.0627715
0.071905
0.0853486
0.102056
0.117199
0.135912
0.165629
0.173106
0.14023
0.135004
0.317586
0.0457344
0.0307915
0.0127413
0.0070452
0.0050354
0.00433833
0.00419974
0.00530561
0.00808151
0.0124889
0.0141765
0.0125225
0.00627596
0.00489466
0.00495943
0.00636652
0.00881469
0.00873404
0.0129796
0.0195804
0.0374629
0.0443837
0.0375803
0.026305
0.0220755
0.0204043
0.0196162
0.0191018
0.0194983
0.0212014
0.0247118
0.0268841
0.026071
0.022577
0.0193085
0.0190182
0.018699
0.0201925
0.0219962
0.0351435
0.0470852
0.0554268
0.0716944
0.0773078
0.0943335
0.0968713
0.072442
0.0512313
0.0440196
0.0430723
0.045852
0.0519569
0.0560814
0.0560688
0.0560173
0.0564112
0.0563237
0.053437
0.0481656
0.0449774
0.043998
0.0462766
0.0445042
0.0378878
0.0411037
0.0712494
0.0818046
0.0546529
0.040525
0.0430449
0.0441869
0.0415919
0.0379825
0.036251
0.0368315
0.0395353
0.0417197
0.0423786
0.0500832
0.0647932
0.0894535
0.114811
0.151957
0.196964
0.219437
0.227732
0.231564
0.224447
0.210542
0.203991
0.200805
0.198149
0.19586
0.194283
0.190503
0.184533
0.178728
0.167809
0.155545
0.14663
0.140002
0.132628
0.131973
0.120124
0.121381
0.108389
0.108281
0.100488
0.0911396
0.0910511
0.0850854
0.0873788
0.0853514
0.0870721
0.0873853
0.0889709
0.0925131
0.0985568
0.111888
0.127532
0.141701
0.163171
0.17136
0.18118
0.179991
0.17993
0.174554
0.173431
0.167796
0.162581
0.154171
0.142124
0.115924
0.0839494
0.0656973
0.0441873
0.0312272
0.0257588
0.0209777
0.0167003
0.0134532
0.0111754
0.00963869
0.00822047
0.00668973
0.00579121
0.00500218
0.0044672
0.00415789
0.00432731
0.00462591
0.00466522
0.00476258
0.00525702
0.00606427
0.00673583
0.00846142
0.0115656
0.0147467
0.0153675
0.0152503
0.0147959
0.0158477
0.0155343
0.0150038
0.0132983
0.0117187
0.0090601
0.00779678
0.00708998
0.00694198
0.00709622
0.00816728
0.00857456
0.00939751
0.0100208
0.0109709
0.0130707
0.0139734
0.0150478
0.0199907
0.0311061
0.0440237
0.0709535
0.132481
0.148711
0.141834
0.101299
0.0694899
0.0648024
0.077612
0.107204
0.110946
0.116402
0.12705
0.139661
0.132973
0.0899354
0.0831375
0.224342
0.0442274
0.0386771
0.0185325
0.0107702
0.00784656
0.00685626
0.00662576
0.00775411
0.0108391
0.0129084
0.0133647
0.0112564
0.00626796
0.00496515
0.0049843
0.00685144
0.00855647
0.00753097
0.00872044
0.0105393
0.019387
0.0369034
0.0398888
0.0375273
0.0318902
0.0271462
0.0248594
0.0230928
0.0232294
0.0236323
0.0244222
0.0240341
0.0226345
0.0200081
0.0184906
0.0178359
0.0168518
0.0167274
0.0178006
0.0213025
0.0351939
0.0493742
0.0563961
0.0695587
0.0879743
0.101636
0.0994637
0.0776473
0.0555578
0.0492925
0.0496145
0.0517676
0.054019
0.0542826
0.0556115
0.056159
0.0557685
0.0514827
0.0465965
0.0426927
0.0413639
0.0408751
0.0415687
0.0380104
0.0304843
0.0350796
0.0520205
0.0714632
0.0713127
0.0598646
0.0469794
0.0437796
0.0388857
0.034971
0.0335926
0.0332852
0.0335548
0.0376796
0.0489697
0.0618032
0.0830863
0.103233
0.128033
0.154647
0.193059
0.22177
0.238411
0.243796
0.245607
0.233758
0.223417
0.213176
0.209003
0.202301
0.1977
0.188374
0.1817
0.170767
0.159826
0.148947
0.149874
0.134156
0.137087
0.122083
0.121787
0.115682
0.104179
0.102325
0.0941147
0.0946914
0.0911838
0.0916612
0.0897129
0.0901782
0.0928788
0.0935252
0.0952144
0.0996985
0.109988
0.129003
0.155733
0.169659
0.173692
0.179997
0.179616
0.178756
0.172419
0.171171
0.16635
0.159538
0.145287
0.123512
0.0955553
0.0657524
0.0462154
0.0311939
0.0251469
0.022985
0.0191511
0.0156581
0.0130365
0.0111518
0.00970308
0.00798305
0.00658928
0.00571857
0.00499899
0.00465964
0.00459999
0.00508475
0.00561301
0.00583545
0.00618108
0.0076796
0.00977182
0.0121711
0.0186673
0.0250947
0.0297657
0.0297923
0.0289886
0.0274996
0.0272872
0.0266267
0.0249326
0.0232539
0.0202557
0.0164852
0.01289
0.0114732
0.0104346
0.0109169
0.0114225
0.0116439
0.0116483
0.0115631
0.0117934
0.0129134
0.0142189
0.0149388
0.0168654
0.0222251
0.0332898
0.070071
0.12502
0.14849
0.136477
0.0980963
0.0773922
0.0709454
0.0822843
0.113557
0.114288
0.111945
0.112909
0.124797
0.109833
0.0673464
0.0675003
0.197015
0.0432971
0.0450835
0.0320993
0.0192675
0.0132781
0.0113311
0.0108969
0.0116477
0.0131911
0.013622
0.0135456
0.0115736
0.00683378
0.00537054
0.00541433
0.00799817
0.00763136
0.00719379
0.00707936
0.00757277
0.0105871
0.0189886
0.0307614
0.0351741
0.03382
0.0318307
0.0297714
0.0277479
0.0263324
0.0245579
0.0238889
0.0213908
0.0198473
0.0176996
0.0169778
0.0164623
0.0162457
0.0153895
0.0145336
0.0155805
0.0199384
0.034993
0.0503541
0.0550339
0.0654777
0.086982
0.0983921
0.094964
0.0863245
0.0738536
0.0678312
0.0633045
0.0620752
0.0619291
0.0605158
0.0577411
0.0546445
0.0476083
0.0429047
0.0393952
0.0378574
0.0382464
0.0379635
0.0370485
0.033438
0.028396
0.0290326
0.0388526
0.0580513
0.0680495
0.0648089
0.0577421
0.0444966
0.0374988
0.0355245
0.0359619
0.0401289
0.0523835
0.0643619
0.0771731
0.0924136
0.106237
0.125975
0.146028
0.174446
0.19582
0.228358
0.245039
0.257149
0.252999
0.250332
0.237875
0.227527
0.222262
0.208591
0.201461
0.192142
0.172358
0.176114
0.154554
0.159205
0.139935
0.137635
0.131159
0.120239
0.117975
0.107868
0.107252
0.103991
0.102108
0.0964849
0.096647
0.0962298
0.0938632
0.0941599
0.0961187
0.0989461
0.107505
0.123828
0.140729
0.161451
0.174774
0.180077
0.179528
0.179582
0.178771
0.172154
0.167609
0.158428
0.149741
0.132293
0.101674
0.0703053
0.0477289
0.0338922
0.025073
0.0227942
0.0215959
0.0183868
0.0154365
0.0135864
0.0114333
0.00937706
0.00780305
0.00669039
0.0056963
0.00561647
0.00567299
0.00587465
0.00617363
0.00652987
0.00733218
0.0089226
0.0145618
0.0195901
0.0279051
0.0418796
0.0524365
0.0538515
0.0528527
0.0483782
0.0473048
0.0461263
0.0445771
0.0400014
0.0375743
0.0343488
0.0297201
0.0238468
0.0221346
0.0208972
0.0218953
0.0252386
0.0254232
0.0252405
0.0226783
0.0180536
0.0154691
0.0155865
0.0158103
0.0167738
0.0201991
0.0285276
0.0641343
0.121669
0.142236
0.138482
0.0982323
0.0809355
0.0832753
0.0969231
0.109541
0.108737
0.103495
0.106663
0.0975913
0.0700523
0.0510728
0.0585352
0.187808
0.0435982
0.0489633
0.050545
0.0471845
0.0275564
0.019713
0.0162181
0.015462
0.0155024
0.0151206
0.0141541
0.0126643
0.00870034
0.0070673
0.00764527
0.00835994
0.0073431
0.00753418
0.0078959
0.00814758
0.00977464
0.0161375
0.0237659
0.0285572
0.0316249
0.0310703
0.0292286
0.0272299
0.0253003
0.0230485
0.0218906
0.0198635
0.01873
0.0173661
0.0165641
0.0164451
0.01583
0.0151718
0.0135623
0.0130723
0.0138756
0.0170781
0.0300099
0.0475934
0.0559234
0.0620435
0.0762439
0.0876916
0.0865632
0.0838745
0.0782583
0.0736256
0.0687957
0.0657644
0.0612032
0.0558564
0.0467545
0.0424945
0.0393849
0.0367526
0.0363319
0.0362958
0.0344852
0.0329371
0.0317246
0.0293858
0.0267488
0.0271371
0.0300155
0.0403741
0.0595915
0.0663365
0.0638986
0.0577646
0.0571326
0.0606237
0.0730625
0.0797153
0.0844577
0.0919401
0.10462
0.122435
0.141708
0.16227
0.177086
0.192151
0.2194
0.228563
0.257277
0.249874
0.272863
0.250416
0.265967
0.228803
0.243293
0.207224
0.217351
0.182039
0.187598
0.171477
0.16186
0.155067
0.140722
0.137198
0.126198
0.125251
0.120193
0.112988
0.110599
0.107086
0.102802
0.0967178
0.096617
0.0968397
0.0979672
0.103107
0.108502
0.125489
0.144972
0.16689
0.173297
0.181902
0.182787
0.180328
0.178766
0.175691
0.166589
0.161282
0.149978
0.133635
0.104604
0.0685382
0.0458189
0.0331141
0.0245556
0.0219372
0.02163
0.0206927
0.0176445
0.0160068
0.0140723
0.0112278
0.00920188
0.00784936
0.00678524
0.00640973
0.00670796
0.00693628
0.00731406
0.00789383
0.0091468
0.0118748
0.0184331
0.0319838
0.047438
0.0675353
0.0943908
0.107631
0.108521
0.105809
0.103326
0.101259
0.0973945
0.0904147
0.0778084
0.0705683
0.0595681
0.0461175
0.0362452
0.0305992
0.0287201
0.0285227
0.0334807
0.0355398
0.0375477
0.038373
0.0368437
0.0308724
0.0218523
0.0195589
0.0187502
0.0206413
0.0267237
0.0493574
0.116016
0.135039
0.135118
0.102974
0.0825056
0.0909129
0.10781
0.10742
0.0942845
0.0964507
0.0995104
0.0808752
0.0548372
0.048962
0.0584065
0.183808
0.0403229
0.0405417
0.0628744
0.078088
0.0821414
0.0615557
0.0384427
0.0268572
0.0221944
0.0196262
0.0174062
0.0151335
0.0118829
0.0107847
0.0108141
0.0104547
0.00916696
0.00929056
0.0103179
0.0109887
0.0119907
0.016223
0.0211854
0.0253761
0.0281754
0.0291064
0.0284715
0.0271477
0.0250024
0.0235066
0.0218623
0.0210549
0.0205995
0.020758
0.0212823
0.023071
0.0229686
0.0223939
0.0193321
0.0183606
0.0170535
0.0181862
0.0212589
0.0291251
0.0388475
0.0489437
0.057631
0.0654848
0.0722226
0.073915
0.0724595
0.0689767
0.065058
0.0595364
0.0526161
0.0465482
0.0428347
0.0410842
0.0391308
0.0395676
0.0404201
0.0385967
0.036722
0.0337465
0.0304197
0.0295776
0.0278834
0.0271641
0.0276971
0.0297175
0.0369245
0.0494963
0.0564579
0.057881
0.059495
0.0618273
0.0656548
0.0682721
0.0728306
0.0846301
0.0949273
0.117426
0.137302
0.163455
0.188619
0.208963
0.231388
0.235645
0.260967
0.248382
0.272236
0.244785
0.266746
0.236875
0.248158
0.222
0.21976
0.209629
0.188108
0.184789
0.169809
0.164604
0.152381
0.149062
0.138839
0.128139
0.12479
0.118292
0.112477
0.102541
0.102512
0.101211
0.102333
0.104652
0.112074
0.120249
0.140431
0.157145
0.171359
0.179794
0.179882
0.182719
0.182325
0.177571
0.175008
0.168964
0.157275
0.147541
0.125484
0.0986699
0.0660503
0.0389185
0.028533
0.0228574
0.0203593
0.0207775
0.0206511
0.0189738
0.0172805
0.0163302
0.0137065
0.0111205
0.00960196
0.00858211
0.00801863
0.00799896
0.00821742
0.0086892
0.00952001
0.0116855
0.0160794
0.0245986
0.045389
0.0779128
0.119455
0.14983
0.163511
0.163229
0.161181
0.158109
0.154693
0.149357
0.143239
0.132997
0.12404
0.109787
0.0939489
0.0729354
0.0586547
0.0476566
0.0422965
0.0393421
0.040645
0.0425957
0.0425205
0.0430252
0.0424006
0.0413057
0.0350699
0.0288072
0.0249202
0.0237085
0.0278244
0.04613
0.104331
0.133229
0.127833
0.107339
0.0897277
0.0919906
0.109533
0.107025
0.0908048
0.0927561
0.0938403
0.0725323
0.0550122
0.0582319
0.0671139
0.183255
0.0458834
0.0395743
0.045165
0.0624135
0.116301
0.157031
0.156027
0.123265
0.0863866
0.0633321
0.0524775
0.0408035
0.0339399
0.0309736
0.0299553
0.0303968
0.0311375
0.0318159
0.0326249
0.0325485
0.031631
0.0330238
0.0374308
0.0380686
0.037749
0.0370625
0.0350366
0.0332554
0.031714
0.0322689
0.0341038
0.0378967
0.0418587
0.0484914
0.051479
0.0580765
0.0622677
0.0684293
0.0669287
0.0667004
0.0647656
0.0590191
0.0552374
0.0517665
0.0506939
0.0525063
0.0552078
0.0579037
0.0600724
0.0598771
0.0591775
0.0574917
0.0548525
0.0501042
0.0471391
0.0445542
0.0448443
0.0464488
0.050624
0.0560754
0.0615216
0.0654126
0.0631073
0.0601566
0.0574737
0.0547623
0.0497574
0.0458112
0.0419113
0.0409389
0.0419748
0.0471178
0.0543077
0.0590092
0.0616515
0.0652895
0.067995
0.0736307
0.0801343
0.0968037
0.121516
0.158262
0.193139
0.221632
0.254102
0.265493
0.282501
0.279993
0.284903
0.279381
0.283032
0.277671
0.274673
0.265819
0.2425
0.237545
0.21646
0.213366
0.194085
0.187196
0.173658
0.166706
0.154264
0.144171
0.138635
0.131119
0.121624
0.113852
0.112713
0.110087
0.110975
0.114278
0.122661
0.128169
0.143191
0.153538
0.171264
0.173122
0.180905
0.181504
0.18101
0.180115
0.178646
0.171778
0.165968
0.151802
0.1354
0.117093
0.0853529
0.0530917
0.0318822
0.0227624
0.0205257
0.0187612
0.0191068
0.0202095
0.0197324
0.0180774
0.0174145
0.0160862
0.0131355
0.0120764
0.0108498
0.0104625
0.0104709
0.0106299
0.011361
0.0126347
0.0150394
0.0211457
0.0341643
0.0594403
0.12208
0.168
0.186848
0.189449
0.183455
0.176055
0.169438
0.168166
0.163262
0.158073
0.149785
0.143208
0.138416
0.131436
0.119693
0.102034
0.0898803
0.0821158
0.0749601
0.0706257
0.0627111
0.0598983
0.0546593
0.0520064
0.0480727
0.0454476
0.0448899
0.0404778
0.0376403
0.030946
0.0315343
0.0474173
0.0951298
0.127116
0.126269
0.105627
0.0979382
0.0936976
0.102884
0.103445
0.0897518
0.090961
0.086888
0.0709712
0.0566291
0.0729417
0.11358
0.200661
0.25028
0.199204
0.18124
0.186953
0.206435
0.246479
0.291154
0.327781
0.333201
0.319948
0.288493
0.254366
0.221066
0.19858
0.184822
0.180509
0.179941
0.179901
0.178423
0.175276
0.168203
0.156783
0.149833
0.146087
0.1405
0.138823
0.135338
0.134732
0.136635
0.140717
0.149439
0.15612
0.167332
0.176579
0.186548
0.194486
0.203671
0.206057
0.213973
0.212154
0.212618
0.209075
0.201038
0.192263
0.171923
0.147858
0.127374
0.109281
0.0954238
0.0854904
0.0779015
0.0731948
0.0686033
0.0657299
0.0669206
0.0716664
0.0795864
0.0973216
0.107613
0.127825
0.143936
0.156916
0.160221
0.15985
0.153904
0.145535
0.133742
0.125701
0.11214
0.102869
0.0952077
0.0920782
0.0920547
0.0941345
0.0985725
0.107899
0.12004
0.139012
0.168916
0.199689
0.239458
0.262805
0.29908
0.309886
0.33155
0.339727
0.353474
0.368542
0.371233
0.374557
0.350833
0.334467
0.294454
0.280457
0.254531
0.251689
0.236443
0.227154
0.2119
0.196662
0.184031
0.170374
0.162755
0.152153
0.142345
0.13888
0.132357
0.131627
0.132145
0.137058
0.139204
0.149252
0.154318
0.162704
0.167332
0.173435
0.179805
0.178043
0.181717
0.179332
0.177507
0.172155
0.166968
0.154773
0.138894
0.118551
0.095097
0.059326
0.0364045
0.0240396
0.0177166
0.0169666
0.0172541
0.0174542
0.0193225
0.0196428
0.0190869
0.018361
0.0178447
0.0160109
0.0143867
0.0141584
0.01354
0.0132523
0.0138184
0.0144942
0.0167834
0.0193786
0.0258965
0.0441643
0.0838002
0.158425
0.201022
0.205072
0.202159
0.196387
0.17731
0.170053
0.16262
0.162817
0.160049
0.155587
0.149198
0.142805
0.13848
0.133451
0.126773
0.115451
0.105175
0.0997739
0.0995964
0.0988531
0.0959377
0.0884231
0.0835522
0.0725432
0.0648277
0.0570487
0.0570025
0.0548134
0.0438458
0.0389011
0.0365451
0.0463722
0.0932357
0.120397
0.12711
0.107828
0.0965153
0.0984022
0.0975291
0.0894674
0.0845409
0.0855373
0.0830144
0.0738649
0.0592732
0.0648094
0.115028
0.251963
3.11556
1.16959
0.735794
0.791447
1.43934
2.00983
3.30483
3.65042
3.1183
1.78176
0.765215
0.502934
0.573459
0.880303
1.08817
1.74171
2.18617
2.37045
2.29412
2.04101
0.887674
0.967398
1.09968
1.0005
1.51749
1.68227
2.58519
2.87339
2.51113
1.45845
1.06071
1.47807
1.4913
1.87467
2.18093
2.22625
2.45248
2.45167
2.37684
2.30998
0.159182
0.548303
1.02061
0.73986
0.836111
0.697524
0.915284
1.6412
1.86284
1.71651
1.249
1.75677
2.10777
2.08582
2.35523
2.18652
2.17658
2.20737
2.22474
2.12126
0.0955581
0.273968
0.774455
0.570668
0.543465
0.450374
0.444255
0.691942
1.22685
1.77798
1.5471
1.64601
2.15024
2.05658
2.12284
1.93923
1.76763
1.78054
1.95954
1.93509
0.0814981
0.21023
0.469973
0.381047
0.337784
0.394048
0.348386
0.409069
0.623346
1.48702
1.71165
1.64642
1.73274
1.67847
1.65548
1.46915
1.21
1.1728
1.38286
1.59076
0.102441
0.234383
0.328601
0.360382
0.308215
0.358196
0.320194
0.338329
0.409995
0.882708
1.58965
1.64723
1.62058
1.4212
1.2298
0.955283
0.693082
0.586097
0.666862
1.02517
0.0633059
0.305018
0.29969
0.362704
0.305092
0.281402
0.30124
0.296825
0.320795
0.454702
1.08445
1.46476
1.45793
1.31853
0.842945
0.572144
0.394929
0.27737
0.288211
0.466683
0.0461669
0.287275
0.222884
0.223371
0.200607
0.220046
0.295876
0.277262
0.285946
0.316143
0.563067
0.965078
0.932731
0.830847
0.466862
0.295425
0.219062
0.160566
0.15403
0.207003
0.0432003
0.158157
0.123087
0.124776
0.152408
0.215035
0.294493
0.278532
0.273386
0.267984
0.342661
0.53506
0.500329
0.41374
0.24688
0.178727
0.14364
0.12244
0.114184
0.125744
0.0435063
0.0834595
0.0807995
0.102562
0.152524
0.251983
0.336473
0.34121
0.302912
0.243367
0.25823
0.312616
0.291044
0.234068
0.175287
0.144447
0.125609
0.115066
0.106758
0.108124
0.0442562
0.0630375
0.0682246
0.111486
0.179851
0.328116
0.437838
0.458695
0.37635
0.26617
0.227924
0.220001
0.205393
0.172839
0.158844
0.13877
0.132261
0.132789
0.128667
0.126248
0.0450771
0.0605975
0.0709267
0.122782
0.229426
0.493528
0.605549
0.62976
0.502416
0.33877
0.235577
0.206068
0.197099
0.168632
0.173697
0.174003
0.174773
0.187681
0.189997
0.188773
0.047461
0.0590784
0.0793589
0.148023
0.406035
0.807137
0.885904
0.901055
0.695497
0.441741
0.272155
0.240511
0.210983
0.202782
0.233756
0.249221
0.258629
0.284661
0.296267
0.295934
0.0550869
0.0670051
0.102391
0.226759
0.879883
1.30771
1.35141
1.2839
0.843068
0.529598
0.391588
0.307694
0.270325
0.277942
0.35264
0.391491
0.425969
0.462648
0.469982
0.450403
0.070541
0.0866767
0.157173
0.52928
1.84481
2.07967
1.97142
1.48663
0.810426
0.647152
0.479407
0.374691
0.369129
0.40859
0.575386
0.713079
0.803658
0.800586
0.7751
0.640336
0.097991
0.143074
0.388956
1.75642
3.2522
2.82663
2.24368
1.21779
0.816405
0.741635
0.551854
0.521216
0.542643
0.708136
1.11936
1.32599
1.33347
1.27464
1.12924
0.806538
0.17187
0.465223
1.55835
4.4955
4.38433
3.02481
1.95317
1.02242
0.927904
0.790315
0.740285
0.77191
0.913361
1.52785
1.87075
1.91044
1.82909
1.62054
1.34042
1.07295
0.809443
2.84025
6.41969
6.45283
4.74921
2.51194
1.63221
1.12724
1.18957
1.04301
1.23918
1.44545
2.08142
2.49953
2.32638
2.21385
1.94538
1.77381
1.60298
1.53031
6.46585
10.4695
9.91993
7.06894
3.39837
2.09676
1.53236
1.38966
1.71846
1.80294
2.61319
2.97741
3.263
2.97475
2.41309
2.18455
1.82264
1.88288
1.849
1.94561
14.9794
13.3586
8.01468
4.35237
2.21399
1.61273
1.23963
1.10875
1.51031
2.10809
3.07859
3.27892
3.28113
2.4353
1.87244
1.44912
1.31664
1.41237
1.38678
1.64154
)
;

boundaryField
{
    inlet
    {
        type            fixedValue;
        value           uniform 2e-05;
    }
    outlet
    {
        type            inletOutlet;
        inletValue      uniform 0;
        value           nonuniform List<scalar> 
20
(
2.04101
2.30998
2.12126
1.93509
1.59076
1.02517
0.466683
0.207003
0.125744
0.108124
0.126248
0.188773
0.295934
0.450403
0.640336
0.806538
1.07295
1.53031
1.94561
1.64154
)
;
    }
    walls
    {
        type            fixedValue;
        value           uniform 0;
    }
    frontAndBack
    {
        type            empty;
    }
}


// ************************************************************************* //
