/*--------------------------------*- C++ -*----------------------------------*\
| =========                 |                                                 |
| \\      /  F ield         | OpenFOAM: The Open Source CFD Toolbox           |
|  \\    /   O peration     | Version:  2.4.0                                 |
|   \\  /    A nd           | Web:      www.OpenFOAM.org                      |
|    \\/     M anipulation  |                                                 |
\*---------------------------------------------------------------------------*/
FoamFile
{
    version     2.0;
    format      ascii;
    class       volScalarField;
    location    "1.83";
    object      pMean;
}
// * * * * * * * * * * * * * * * * * * * * * * * * * * * * * * * * * * * * * //

dimensions      [0 2 -2 0 0 0 0];

internalField   nonuniform List<scalar> 
8800
(
86.8112
74.3729
66.9694
63.4097
61.5181
60.0861
58.8777
57.7295
56.6998
55.669
54.7181
53.7316
52.8257
51.8832
51.041
50.1687
49.4047
48.6192
47.917
47.1366
83.7
74.0185
67.1379
63.5236
61.5781
60.1113
58.8853
57.7298
56.6978
55.6666
54.7152
53.7294
52.8232
51.8815
51.0393
50.1668
49.4067
48.6133
47.9178
47.0943
81.735
74.0943
67.7398
63.8992
61.7458
60.1904
58.9319
57.7625
56.7222
55.6836
54.7256
53.734
52.8247
51.8796
51.0385
50.1606
49.4116
48.6045
47.9674
47.1248
80.1996
74.1557
68.3264
64.3227
61.9297
60.2781
58.9946
57.8189
56.7709
55.7223
54.7534
53.7512
52.8361
51.8831
51.042
50.1551
49.4173
48.6091
48.0613
47.2844
78.9508
74.129
68.802
64.7283
62.0985
60.3453
59.0439
57.8764
56.8268
55.7739
54.789
53.7779
52.8493
51.8926
51.0418
50.1556
49.412
48.6306
48.0731
47.4979
77.9654
74.0321
69.1672
65.0743
62.2491
60.3877
59.0726
57.9206
56.8773
55.8233
54.8245
53.8044
52.861
51.9008
51.0381
50.154
49.3986
48.6457
48.1254
47.808
77.209
73.9154
69.4349
65.3538
62.3846
60.4132
59.0817
57.9517
56.9168
55.865
54.8536
53.8272
52.8681
51.9069
51.0302
50.1508
49.3784
48.6484
48.1985
48.183
76.6553
73.8153
69.6155
65.5665
62.5025
60.433
59.074
57.9759
56.9436
55.8992
54.8726
53.8485
52.8687
51.9151
51.0171
50.1535
49.3529
48.6424
48.134
48.5246
76.2949
73.745
69.7288
65.7114
62.5876
60.4467
59.0647
57.9921
56.9637
55.9238
54.8875
53.8637
52.8724
51.9215
51.0131
50.1549
49.3406
48.6532
48.2017
48.8499
76.1156
73.7129
69.7863
65.7885
62.6329
60.4565
59.0599
58.0026
56.9767
55.94
54.8975
53.8745
52.8777
51.9287
51.0156
50.1609
49.3471
48.673
48.2649
48.964
76.1087
73.7234
69.7867
65.7936
62.6325
60.4603
59.0572
58.0066
56.9767
55.9446
54.898
53.8799
52.8796
51.9364
51.0199
50.1715
49.3554
48.695
48.3009
49.0596
76.2779
73.7718
69.7307
65.7221
62.5879
60.4552
59.0596
58.0008
56.965
55.9345
54.8904
53.8779
52.8804
51.9416
51.0275
50.1829
49.37
48.7108
48.3244
49.0926
76.629
73.854
69.6154
65.5795
62.5015
60.4461
59.0649
57.9895
56.944
55.9155
54.8761
53.8719
52.8803
51.9488
51.0399
50.2005
49.3918
48.7309
48.328
49.0616
77.1753
73.9598
69.4332
65.3668
62.3781
60.4285
59.0683
57.9682
56.9135
55.8855
54.8542
53.8589
52.8778
51.9545
51.0544
50.2225
49.4216
48.7581
48.316
48.9507
77.929
74.0759
69.1677
65.0845
62.2391
60.3996
59.0611
57.9349
56.8733
55.8445
54.8255
53.8384
52.8724
51.9559
51.0698
50.2459
49.4607
48.7957
48.3151
48.7549
78.9111
74.1737
68.8046
64.7373
62.0862
60.3546
59.0351
57.8897
56.8241
55.7953
54.7923
53.813
52.8654
51.9535
51.0852
50.2675
49.5073
48.845
48.3442
48.4942
80.1579
74.2009
68.3317
64.3334
61.9166
60.2871
58.9876
57.8334
56.769
55.7449
54.759
53.788
52.8577
51.9488
51.0984
50.2838
49.5531
48.8924
48.4036
48.2194
81.6925
74.1377
67.7484
63.9115
61.733
60.1991
58.9261
57.7773
56.7218
55.7062
54.7343
53.771
52.8524
51.9467
51.1082
50.2962
49.5861
48.929
48.4628
48.0772
83.6568
74.059
67.1486
63.5373
61.5662
60.1196
58.8797
57.7449
56.6982
55.6894
54.7251
53.7669
52.8529
51.9499
51.1147
50.3059
49.6016
48.9504
48.4596
48.0007
86.7676
74.4115
66.9798
63.4239
61.5069
60.0942
58.8723
57.7448
56.7003
55.6924
54.7279
53.7696
52.8556
51.9523
51.1178
50.3093
49.6051
48.9561
48.4609
48.121
47.2121
47.146
46.9367
46.6932
46.478
46.3024
46.1708
46.0778
46.0184
45.9883
45.9824
45.9875
45.9958
45.999
45.993
45.9734
45.9392
45.885
45.8126
45.7184
45.6085
45.4892
45.3703
45.257
45.1584
45.0787
45.0206
44.9793
44.9503
44.9245
44.896
44.8598
44.8158
44.7634
44.7026
44.6303
44.5466
44.4459
44.3312
44.1997
44.0585
43.9074
43.7617
43.6267
43.5148
43.4249
43.3635
43.3248
43.3085
43.3038
43.3036
43.2933
43.2691
43.2214
43.1554
43.0616
42.9505
42.8188
42.6788
42.5229
42.3583
42.1788
41.9946
41.8054
41.6273
41.4682
41.343
41.2607
41.2302
41.2437
41.3028
41.3923
41.5106
41.6384
41.7783
41.9096
42.0381
42.1435
42.2339
42.2941
42.3343
42.3474
42.349
42.3298
42.3108
42.2855
42.2701
42.2646
42.2745
42.3024
42.3508
42.4201
42.51
42.6134
42.7309
42.8548
42.9905
43.1275
43.271
43.409
43.5464
43.6706
43.7907
43.8854
43.9767
44.0436
44.1084
44.1544
44.2035
44.2333
44.262
44.2721
44.2792
44.267
44.253
44.2256
44.2011
44.1674
44.141
44.1103
44.0938
44.0796
44.0873
44.096
44.1307
44.159
44.2205
44.2734
44.3623
44.4535
44.5782
44.7098
44.8647
45.0218
45.195
45.3659
45.5494
45.7259
45.9075
46.0805
46.2612
46.4387
46.6253
46.8095
47.0011
47.1872
47.3798
47.5705
47.7639
47.9529
48.1398
48.319
48.4958
48.6603
48.8227
48.9769
49.1374
49.2838
49.4413
49.5851
49.7482
49.8809
50.0408
50.1609
50.308
50.4135
50.5496
50.6379
50.7602
50.8202
50.9412
50.9757
51.112
51.1406
51.3076
51.3432
51.5505
51.5977
51.8504
51.9281
52.2184
52.3431
52.6749
52.871
53.2385
53.506
53.9029
54.2087
54.6271
54.9334
55.3346
55.564
55.8336
55.795
55.6671
54.8987
53.6657
50.4029
46.2258
25.8549
46.977
46.9508
46.8872
46.7338
46.5404
46.3556
46.2132
46.1178
46.0659
46.0446
46.0458
46.0549
46.0653
46.0681
46.0616
46.0404
46.0053
45.9522
45.8834
45.7966
45.6975
45.5897
45.4828
45.3807
45.2918
45.2177
45.162
45.1206
45.0919
45.0675
45.0432
45.0119
44.9735
44.9249
44.868
44.798
44.7172
44.6204
44.5116
44.3876
44.2558
44.1171
43.9828
43.8573
43.7506
43.6632
43.6002
43.5573
43.5336
43.5189
43.5098
43.4928
43.4663
43.419
43.3563
43.269
43.1657
43.0417
42.9073
42.7581
42.6011
42.4323
42.2592
42.0842
41.9186
41.7704
41.6522
41.57
41.5332
41.536
41.5804
41.6534
41.7545
41.8671
41.9896
42.107
42.2179
42.3091
42.3828
42.4303
42.4589
42.4634
42.4564
42.4349
42.4108
42.3849
42.3641
42.3545
42.3568
42.3757
42.4132
42.4707
42.5478
42.6392
42.7461
42.8616
42.9876
43.1151
43.2471
43.3747
43.5013
43.617
43.7253
43.8115
43.8915
43.9516
44.0061
44.0442
44.0803
44.1014
44.1177
44.1193
44.1136
44.092
44.0624
44.0247
43.9845
43.9408
43.9001
43.8581
43.8313
43.8081
43.8084
43.8108
43.8396
43.8663
43.9226
43.9761
44.0575
44.1435
44.2578
44.3797
44.5249
44.6721
44.836
44.9949
45.1673
45.3325
45.5015
45.6623
45.831
45.9955
46.168
46.3381
46.5181
46.6875
46.8713
47.0478
47.2354
47.4148
47.597
47.7692
47.9486
48.1085
48.2782
48.431
48.6032
48.7465
48.9134
49.0534
49.218
49.3402
49.4965
49.6047
49.7456
49.8372
49.9647
50.0283
50.1427
50.1679
50.2786
50.2734
50.3983
50.3839
50.5418
50.5356
50.7339
50.7459
50.9822
51.0368
51.296
51.404
51.6891
51.8609
52.1798
52.3933
52.7449
52.9597
53.3133
53.4783
53.7563
53.7571
53.8133
53.3765
52.8746
51.2535
49.5067
43.7883
37.9097
19.1284
46.9597
46.9612
46.9688
46.8676
46.6708
46.4445
46.2575
46.1357
46.0829
46.0746
46.0925
46.1147
46.1331
46.1377
46.1299
46.1048
46.0663
46.0114
45.9443
45.8632
45.7739
45.6779
45.5837
45.4932
45.4141
45.3465
45.2946
45.2545
45.2262
45.202
45.1798
45.1513
45.1173
45.0723
45.0192
44.9527
44.8757
44.7842
44.6827
44.5689
44.449
44.3243
44.2033
44.0895
43.9908
43.9079
43.845
43.7983
43.7681
43.7448
43.7269
43.7026
43.6716
43.6237
43.5622
43.4801
43.3826
43.2667
43.1388
42.9978
42.849
42.6921
42.5328
42.3739
42.224
42.0894
41.981
41.9024
41.8616
41.8561
41.8873
41.9462
42.0304
42.1275
42.2327
42.3338
42.4266
42.502
42.5583
42.5927
42.6083
42.6059
42.5904
42.5661
42.5364
42.5077
42.4823
42.4667
42.4603
42.4682
42.493
42.5374
42.6005
42.681
42.7778
42.8864
43.003
43.1223
43.244
43.3619
43.4772
43.5841
43.6805
43.759
43.83
43.886
43.9341
43.9691
43.9987
44.0169
44.0263
44.0247
44.0099
43.9813
43.9405
43.8941
43.843
43.7887
43.7387
43.6881
43.6586
43.6302
43.6288
43.6288
43.6567
43.6869
43.74
43.7959
43.8718
43.9562
44.0613
44.1753
44.311
44.4491
44.6029
44.7502
44.9088
45.0617
45.2167
45.3644
45.5209
45.673
45.8342
45.9939
46.1641
46.324
46.5018
46.6679
46.8497
47.0151
47.1899
47.3512
47.5293
47.6847
47.8632
48.0161
48.1979
48.3424
48.5191
48.6614
48.8241
48.941
49.0916
49.1855
49.3216
49.3905
49.511
49.5412
49.6498
49.6399
49.742
49.6987
49.8187
49.7648
49.9174
49.8777
50.0516
50.0453
50.2361
50.2786
50.4836
50.5693
50.8058
50.929
51.2085
51.3421
51.6478
51.7498
52.028
52.0219
52.1886
51.8998
51.8011
50.8241
50.196
47.449
45.5207
38.452
31.3934
18.5957
46.7732
46.8019
46.9914
46.9639
46.7574
46.485
46.2572
46.1202
46.0765
46.0917
46.1374
46.1832
46.2169
46.2275
46.2183
46.1877
46.1428
46.0832
46.0152
45.9375
45.8564
45.7713
45.6898
45.6117
45.5437
45.4843
45.4379
45.4001
45.3724
45.3478
45.3258
45.2987
45.2672
45.2252
45.1753
45.1129
45.041
44.9565
44.8639
44.7617
44.6555
44.5457
44.4393
44.3378
44.2482
44.17
44.108
44.0578
44.0211
43.9898
43.9634
43.9329
43.8974
43.8491
43.789
43.7121
43.6209
43.5139
43.395
43.265
43.1279
42.9849
42.8408
42.6987
42.5652
42.445
42.3467
42.273
42.2301
42.217
42.2356
42.2793
42.3456
42.4246
42.5105
42.5925
42.666
42.7245
42.7649
42.7873
42.7921
42.7823
42.7595
42.7305
42.6964
42.6636
42.6331
42.6091
42.5918
42.5866
42.5976
42.6287
42.6799
42.7506
42.8393
42.9401
43.0484
43.1587
43.2712
43.3792
43.4836
43.5797
43.6645
43.734
43.7982
43.8524
43.8992
43.9363
43.9656
43.9852
43.9938
43.9909
43.9708
43.9368
43.8909
43.8365
43.7809
43.7194
43.667
43.6153
43.5868
43.5573
43.5577
43.5594
43.5912
43.6241
43.678
43.7337
43.8101
43.8932
43.996
44.1053
44.2319
44.3623
44.5049
44.6415
44.787
44.9257
45.0659
45.1996
45.3449
45.4852
45.6394
45.7929
45.9574
46.1161
46.2903
46.4483
46.6225
46.7718
46.938
47.0855
47.2619
47.4095
47.5967
47.7524
47.9438
48.0933
48.2813
48.419
48.5814
48.688
48.8408
48.9059
49.0479
49.0792
49.2036
49.1916
49.3016
49.2513
49.3507
49.2728
49.3915
49.3161
49.4464
49.3974
49.5226
49.5108
49.6417
49.6642
49.8159
49.8646
50.0545
50.1123
50.3448
50.382
50.6382
50.5899
50.8359
50.5746
50.7257
50.0108
49.9288
48.2452
47.5997
43.9956
41.5363
34.8678
27.3749
18.8072
47.4919
47.4213
47.2332
46.9596
46.6457
46.3459
46.1388
46.0418
46.039
46.0939
46.1772
46.2542
46.3082
46.3282
46.3191
46.2834
46.2311
46.1653
46.0941
46.018
45.9431
45.8682
45.7989
45.7338
45.6777
45.6283
45.5888
45.5552
45.5291
45.505
45.4829
45.4569
45.4272
45.3888
45.3431
45.2868
45.2223
45.1472
45.0653
44.976
44.8836
44.7883
44.6954
44.6054
44.5238
44.4501
44.3882
44.3352
44.2925
44.255
44.2217
44.1863
44.147
44.0987
44.0403
43.9691
43.8857
43.7893
43.6823
43.5656
43.4426
43.3149
43.187
43.0611
42.9434
42.8369
42.7485
42.6801
42.6365
42.6169
42.6235
42.6519
42.6993
42.7581
42.8222
42.8836
42.9375
42.9794
43.0059
43.0173
43.0132
42.9962
42.968
42.9336
42.8944
42.8544
42.8155
42.7791
42.7476
42.7267
42.7239
42.7418
42.7835
42.8457
42.9286
43.0235
43.1258
43.2301
43.3352
43.4348
43.5295
43.6146
43.6892
43.7519
43.8123
43.8666
43.9145
43.9565
43.9877
44.0108
44.0209
44.0171
43.9952
43.9576
43.9103
43.8529
43.7985
43.737
43.6884
43.6429
43.6182
43.5961
43.601
43.6113
43.6465
43.6841
43.7404
43.7986
43.8797
43.9613
44.0672
44.1718
44.294
44.4148
44.5481
44.6725
44.8096
44.932
45.0626
45.1821
45.3187
45.4475
45.6
45.7491
45.9156
46.0758
46.2491
46.3983
46.5672
46.6982
46.8593
46.9908
47.1655
47.3058
47.499
47.6544
47.8577
48.0044
48.2076
48.3292
48.4993
48.5851
48.7447
48.778
48.9312
48.9168
49.0479
48.9925
49.104
49.0152
49.1056
49.0124
49.1181
49.0483
49.1461
49.0949
49.1811
49.1468
49.2335
49.2133
49.3291
49.3166
49.476
49.4376
49.6451
49.5352
49.7797
49.5105
49.7601
49.1776
49.3283
48.1842
48.0229
45.8817
44.8596
41.2246
38.0343
32.7193
25.6616
19.3306
48.089
47.9772
47.4913
46.96
46.494
46.1521
45.9787
45.9467
46.0092
46.1207
46.2468
46.3525
46.4215
46.4465
46.4349
46.3929
46.3323
46.2598
46.1843
46.1086
46.0378
45.9715
45.9128
45.8599
45.8151
45.7761
45.7442
45.7162
45.6929
45.6704
45.6488
45.6242
45.5963
45.5618
45.5212
45.4721
45.4159
45.3514
45.2811
45.2048
45.1256
45.0438
44.963
44.8838
44.8097
44.7411
44.6803
44.6261
44.5791
44.5365
44.497
44.4569
44.4138
44.3648
44.3082
44.2423
44.1665
44.0806
43.9856
43.8825
43.7739
43.6619
43.5501
43.4406
43.3384
43.2454
43.1669
43.1042
43.0612
43.0372
43.0342
43.0498
43.0802
43.1198
43.1628
43.2044
43.2397
43.2659
43.2798
43.2814
43.2694
43.2457
43.2113
43.169
43.1212
43.0706
43.0197
42.9683
42.9207
42.8824
42.8666
42.8735
42.9069
42.9637
43.0437
43.1353
43.2333
43.3341
43.4334
43.5268
43.6136
43.6918
43.7601
43.8209
43.8809
43.937
43.9885
44.0365
44.0724
44.0988
44.1108
44.1057
44.0829
44.0418
43.9959
43.9412
43.8916
43.839
43.7995
43.7658
43.7506
43.7437
43.7582
43.7826
43.8239
43.8705
43.9299
43.9968
44.0815
44.1701
44.279
44.3817
44.502
44.6123
44.7377
44.8491
44.9789
45.0874
45.2128
45.3219
45.4516
45.5732
45.7269
45.8739
46.0494
46.2114
46.3861
46.5295
46.6895
46.8054
46.9578
47.077
47.2468
47.3749
47.577
47.7221
47.94
48.0739
48.2908
48.3897
48.5798
48.6348
48.8125
48.8063
48.9731
48.9171
49.0529
48.9526
49.0641
48.938
49.0236
48.9231
49.0217
48.9522
49.0428
48.9684
49.0425
48.9638
49.029
48.9381
49.0398
48.9365
49.0744
48.9195
49.089
48.8362
49.0291
48.5881
48.7355
47.951
47.9076
46.5614
46.0682
43.9004
42.4011
39.2528
35.7862
31.7724
25.6845
20.4445
48.7318
48.5242
47.6594
46.8151
46.1852
45.8339
45.7473
45.8298
45.9921
46.1758
46.3448
46.4729
46.5482
46.5706
46.5503
46.4983
46.4276
46.348
46.2683
46.193
46.1258
46.0669
46.0172
45.9753
45.9408
45.9116
45.8872
45.8655
45.8459
45.8261
45.8058
45.7828
45.7567
45.7257
45.6897
45.6474
45.5993
45.545
45.4856
45.4215
45.3543
45.2849
45.2151
45.1459
45.0791
45.0158
44.9571
44.9032
44.8539
44.8081
44.7644
44.7209
44.6754
44.6264
44.5719
44.5111
44.4426
44.3666
44.283
44.1932
44.0988
44.0021
43.9054
43.8114
43.7228
43.6421
43.5723
43.5155
43.4741
43.4491
43.4405
43.4469
43.4646
43.4882
43.5131
43.5367
43.5556
43.5685
43.5715
43.5639
43.544
43.5129
43.4701
43.4173
43.3584
43.2958
43.2316
43.1646
43.1007
43.0461
43.0171
43.0157
43.045
43.1018
43.1827
43.2742
43.371
43.4698
43.5639
43.6536
43.7347
43.8093
43.8765
43.9421
44.004
44.0642
44.1221
44.1756
44.2164
44.245
44.2603
44.2549
44.232
44.1889
44.1444
44.0953
44.0542
44.0174
43.9913
43.9761
43.9787
43.994
44.026
44.0699
44.1239
44.1826
44.2486
44.3237
44.4135
44.5115
44.6212
44.7293
44.8447
44.9518
45.0686
45.1736
45.2943
45.3976
45.5165
45.6219
45.748
45.8705
46.0256
46.1746
46.3549
46.5238
46.6979
46.8401
46.9865
47.0915
47.2311
47.3422
47.5038
47.614
47.825
47.9568
48.1799
48.3132
48.5367
48.6116
48.8224
48.8549
49.0436
49.0122
49.1733
49.0955
49.2205
49.1027
49.1906
49.0483
49.1212
49.0343
49.1191
49.0572
49.1309
49.0522
49.1016
48.9929
49.0154
48.8762
48.9239
48.7528
48.8027
48.569
48.6297
48.2875
48.3552
47.8073
47.7772
46.9
46.6385
45.2366
44.4928
42.4706
40.7727
38.243
34.9177
31.7969
26.7453
22.0999
49.9811
49.5435
47.9088
46.553
45.7168
45.3824
45.4289
45.675
45.9739
46.2456
46.4582
46.6024
46.6772
46.6908
46.6569
46.5918
46.5101
46.4241
46.3418
46.2682
46.2054
46.1539
46.1126
46.0802
46.0547
46.0343
46.0168
46.0011
45.9854
45.9689
45.9503
45.9293
45.905
45.8771
45.8449
45.8083
45.7668
45.7209
45.6703
45.6162
45.5587
45.4993
45.4385
45.3778
45.3178
45.26
45.2044
45.1523
45.1027
45.056
45.0106
44.9662
44.9205
44.8733
44.8222
44.7673
44.7064
44.6403
44.5679
44.491
44.4096
44.3265
44.2428
44.1618
44.0847
44.0148
43.9532
43.9028
43.8641
43.8396
43.8272
43.8269
43.8339
43.8445
43.8542
43.8629
43.8677
43.8695
43.8634
43.8473
43.8193
43.7797
43.7271
43.6638
43.5942
43.5199
43.4442
43.3638
43.2855
43.2188
43.18
43.1752
43.2049
43.266
43.3486
43.4414
43.5376
43.6346
43.726
43.8131
43.8929
43.9702
44.0424
44.1169
44.1841
44.2524
44.3174
44.375
44.4188
44.4487
44.4658
44.4625
44.44
44.3993
44.3568
44.3167
44.2887
44.2719
44.2649
44.2752
44.303
44.3474
44.4031
44.4707
44.5414
44.6149
44.6929
44.7785
44.8766
44.9807
45.0917
45.2018
45.3124
45.4223
45.5352
45.6386
45.7545
45.858
45.9699
46.0798
46.201
46.3285
46.4896
46.6396
46.8299
47.0065
47.1787
47.3147
47.4612
47.547
47.6795
47.7815
47.9365
48.0369
48.2484
48.3697
48.5857
48.7164
48.9462
49.0059
49.2254
49.2473
49.4407
49.3973
49.5495
49.474
49.578
49.4515
49.508
49.3589
49.4107
49.3449
49.4238
49.3738
49.4314
49.3505
49.382
49.2356
49.2162
49.0319
49.0165
48.767
48.7198
48.3982
48.3582
47.9247
47.9037
47.2503
47.1073
46.1578
45.7708
44.3955
43.5479
41.7745
40.0513
38.0526
35.0326
32.3866
28.2018
23.9996
50.4856
49.9954
48.0859
46.4741
45.4957
45.1398
45.249
45.5937
45.9836
46.3227
46.5748
46.7357
46.8094
46.8114
46.7607
46.6806
46.5877
46.4959
46.412
46.3409
46.2829
46.2385
46.2051
46.1813
46.1636
46.1506
46.1392
46.1286
46.1165
46.1029
46.0863
46.0673
46.0447
46.0195
45.9903
45.9581
45.9217
45.8821
45.8382
45.7917
45.7418
45.6902
45.6367
45.583
45.5288
45.476
45.4239
45.3742
45.3257
45.2798
45.2348
45.1913
45.1472
45.1031
45.0564
45.0076
44.9544
44.8975
44.8353
44.7698
44.7003
44.6296
44.5578
44.4886
44.4224
44.3629
44.31
44.2664
44.2314
44.2078
44.193
44.1868
44.1837
44.1822
44.1778
44.1725
44.1652
44.1576
44.1436
44.1214
44.0877
44.042
43.9816
43.9093
43.8292
43.7446
43.6584
43.5661
43.4797
43.4051
43.3626
43.3585
43.3934
43.4597
43.5456
43.6389
43.7358
43.8317
43.9234
44.01
44.0943
44.1816
44.2669
44.3528
44.4303
44.5091
44.5805
44.6395
44.683
44.7129
44.732
44.7309
44.7117
44.6774
44.6435
44.6188
44.6085
44.613
44.6311
44.67
44.7286
44.8061
44.8898
44.9848
45.0757
45.1675
45.2605
45.3569
45.4642
45.5707
45.6839
45.7935
45.9016
46.0161
46.1267
46.2319
46.348
46.4487
46.5607
46.6741
46.7918
46.9295
47.1008
47.2545
47.4545
47.6432
47.8252
47.9377
48.1108
48.1587
48.3015
48.3882
48.5282
48.6328
48.839
48.9416
49.1667
49.2813
49.528
49.5498
49.8053
49.8036
50.011
49.9322
50.1063
50.0199
50.1406
49.9675
50.0149
49.8605
49.9156
49.8614
49.9342
49.8949
49.9443
49.8619
49.8814
49.6707
49.6344
49.3977
49.3228
48.9844
48.8774
48.4466
48.3306
47.8602
47.7599
47.0996
46.8999
45.8846
45.4428
44.1265
43.2344
41.7289
40.0415
38.3876
35.7012
33.2775
29.7398
25.9512
50.7338
50.2845
48.2981
46.5701
45.4946
45.0772
45.1802
45.5641
46.0072
46.3926
46.6753
46.8507
46.9245
46.9171
46.8529
46.7602
46.6581
46.5619
46.4775
46.4094
46.3565
46.3189
46.2929
46.2767
46.2658
46.2589
46.2523
46.2456
46.2365
46.2255
46.2108
46.1938
46.1731
46.1502
46.1239
46.0952
46.0629
46.0282
45.9898
45.9493
45.9057
45.8605
45.8131
45.7652
45.716
45.6678
45.6194
45.5729
45.527
45.4833
45.4402
45.3992
45.3581
45.3181
45.2766
45.2343
45.1886
45.1403
45.0874
45.0322
44.9734
44.9137
44.8528
44.7946
44.7388
44.689
44.6448
44.6085
44.5781
44.5566
44.5403
44.5278
44.5142
44.5008
44.4846
44.4673
44.4497
44.4351
44.4164
44.3911
44.3546
44.3056
44.2415
44.1645
44.077
43.982
43.886
43.7835
43.692
43.6126
43.5708
43.5692
43.6131
43.6867
43.7788
43.874
43.9746
44.0707
44.1636
44.2517
44.3456
44.4471
44.5506
44.651
44.7424
44.8297
44.9059
44.9659
45.0105
45.0417
45.0627
45.0634
45.0512
45.0281
45.0093
45.0056
45.0194
45.0504
45.0975
45.1675
45.2594
45.3704
45.487
45.6096
45.7239
45.8369
45.9458
46.0517
46.164
46.2702
46.384
46.4903
46.6012
46.7186
46.8318
46.9395
47.06
47.1591
47.2776
47.3926
47.5155
47.6602
47.8473
48.0077
48.2187
48.4154
48.6228
48.702
48.9188
48.9099
49.0785
49.1355
49.2829
49.3739
49.5828
49.6517
49.9069
49.9898
50.2791
50.23
50.5664
50.4938
50.7715
50.6026
50.8561
50.7405
50.9209
50.6514
50.7247
50.5303
50.6323
50.5726
50.6735
50.6143
50.673
50.5623
50.5895
50.2875
50.2684
49.9846
49.8493
49.3951
49.244
48.724
48.62
48.143
48.0308
47.2847
47.0853
45.9908
45.5318
44.2933
43.3748
42.0954
40.4937
39.0105
36.6298
34.325
31.2394
27.8395
50.888
50.4611
48.4501
46.6667
45.5419
45.0859
45.1801
45.5813
46.0524
46.463
46.7625
46.9452
47.0171
47.0016
46.9275
46.8267
46.72
46.6228
46.5404
46.4764
46.4291
46.398
46.3786
46.3686
46.3631
46.3605
46.3574
46.3534
46.3464
46.3372
46.3243
46.3091
46.2905
46.27
46.2463
46.2208
46.1921
46.1617
46.1279
46.0923
46.0538
46.014
45.9719
45.9292
45.885
45.8413
45.7971
45.7542
45.7119
45.6716
45.632
45.5944
45.5572
45.5215
45.4855
45.4497
45.4115
45.3716
45.3282
45.283
45.2347
45.1856
45.1359
45.0885
45.0425
45.0016
44.966
44.937
44.9113
44.8911
44.8722
44.8525
44.8292
44.8054
44.7784
44.7517
44.7272
44.7077
44.6872
44.6635
44.6296
44.5819
44.5184
44.44
44.3493
44.2469
44.1431
44.0329
43.9391
43.8576
43.8228
43.8235
43.8773
43.9576
44.0567
44.1535
44.2619
44.3608
44.4587
44.5494
44.6579
44.7752
44.8985
45.0123
45.1164
45.2088
45.2883
45.3494
45.3986
45.4336
45.4591
45.4656
45.4673
45.4587
45.4642
45.4847
45.5317
45.5906
45.6734
45.7755
45.9043
46.0453
46.197
46.3414
46.4855
46.6159
46.7431
46.8556
46.9713
47.0713
47.1846
47.2832
47.4017
47.5166
47.6408
47.7517
47.8789
47.9817
48.1094
48.2276
48.3656
48.5159
48.7239
48.8887
49.1135
49.3069
49.5458
49.6
49.8498
49.7834
49.9973
50.0028
50.1928
50.2355
50.4759
50.5088
50.7997
50.8418
51.1579
51.0458
51.4748
51.3233
51.6614
51.4346
51.7981
51.6305
51.8849
51.5115
51.6532
51.3848
51.5803
51.4598
51.6211
51.52
51.606
51.4703
51.5063
51.0878
51.0759
50.7439
50.5111
50.0348
49.8523
49.3368
49.279
48.696
48.557
47.7204
47.5757
46.4108
45.9224
44.7696
43.8413
42.7092
41.2437
39.8005
37.6524
35.4493
32.6794
29.6193
50.9456
50.5179
48.5041
46.7218
45.6032
45.1559
45.2617
45.6726
46.149
46.5587
46.8532
47.0277
47.0896
47.0644
46.9839
46.8802
46.7744
46.6803
46.6029
46.5447
46.5038
46.4787
46.4647
46.459
46.457
46.4569
46.4558
46.4534
46.448
46.4402
46.429
46.4157
46.3994
46.3812
46.3604
46.3379
46.3127
46.286
46.2565
46.2255
46.1918
46.1565
46.1191
46.0809
46.0414
46.0022
45.9626
45.9242
45.8865
45.8505
45.8153
45.7819
45.7495
45.7188
45.6883
45.6586
45.6278
45.5963
45.5625
45.5273
45.4895
45.451
45.4129
45.3765
45.3412
45.3099
45.2835
45.2609
45.2387
45.2178
45.1952
45.1685
45.1357
45.1001
45.0619
45.0269
44.9981
44.9782
44.9623
44.9455
44.9193
44.88
44.8236
44.749
44.6576
44.5508
44.4415
44.3287
44.2363
44.1602
44.1372
44.1408
44.2043
44.2857
44.3886
44.4825
44.5995
44.7027
44.8103
44.9088
45.0398
45.1751
45.3208
45.4454
45.5576
45.6444
45.7279
45.7858
45.8445
45.8857
45.9216
45.9378
45.9601
45.9729
46.0129
46.0621
46.149
46.2372
46.3616
46.4947
46.6623
46.831
47.0197
47.1853
47.3559
47.4989
47.6457
47.7618
47.8819
47.9776
48.0854
48.1787
48.3023
48.4143
48.5492
48.6694
48.8034
48.9169
49.055
49.1796
49.3312
49.4879
49.7081
49.8891
50.1177
50.3053
50.5684
50.6383
50.8373
50.7489
51.042
50.9587
51.2183
51.1907
51.4853
51.4979
51.8026
51.8474
52.1302
52.0009
52.4905
52.2938
52.6585
52.4356
52.8723
52.6803
52.9586
52.5271
52.7093
52.391
52.7109
52.5468
52.7535
52.6034
52.7146
52.5745
52.521
52.0785
52.0419
51.5891
51.3749
50.9233
50.7035
50.1766
50.0473
49.4259
49.2898
48.4699
48.1669
47.0772
46.5546
45.4891
44.6004
43.4894
42.152
40.6836
38.7201
36.6217
34.0808
31.2981
50.896
50.4597
48.4776
46.756
45.6989
45.3087
45.4466
45.8556
46.3085
46.6869
46.9513
47.0991
47.141
47.1045
47.0212
46.9206
46.8214
46.7353
46.6663
46.616
46.5822
46.5625
46.5526
46.5493
46.549
46.5497
46.5494
46.5476
46.5432
46.5366
46.5273
46.5159
46.5021
46.4865
46.4687
46.4494
46.4281
46.4051
46.38
46.3531
46.3239
46.293
46.2602
46.2265
46.192
46.1576
46.1235
46.0904
46.0581
46.027
45.997
45.9687
45.9418
45.9168
45.8928
45.8696
45.8461
45.8224
45.798
45.773
45.746
45.7181
45.6914
45.6663
45.6425
45.622
45.6048
45.5882
45.5693
45.5481
45.5212
45.4858
45.4429
45.3965
45.3502
45.3107
45.2809
45.263
45.2541
45.2477
45.234
45.209
45.1659
45.0995
45.0109
44.9056
44.796
44.6858
44.5965
44.5312
44.5204
44.5318
44.6022
44.6791
44.7781
44.8705
44.9994
45.1077
45.2279
45.3411
45.5023
45.6567
45.8257
45.9562
46.0727
46.15
46.2324
46.2876
46.3604
46.405
46.4551
46.4844
46.5348
46.5767
46.6571
46.7391
46.8685
46.9915
47.1605
47.3247
47.5311
47.7235
47.9419
48.1239
48.3196
48.4735
48.6392
48.7597
48.8868
48.9768
49.0846
49.1761
49.3028
49.4199
49.5673
49.6977
49.8407
49.9681
50.1116
50.2431
50.4104
50.5745
50.7977
50.9985
51.2251
51.4267
51.674
51.7962
51.8986
51.8288
52.1404
51.9886
52.3198
52.2735
52.6284
52.6263
52.9048
52.9785
53.2056
53.1171
53.5565
53.3682
53.8091
53.6421
54.0562
53.9381
54.1154
53.6852
53.9245
53.5395
53.9707
53.7641
54.0079
53.849
53.947
53.7676
53.6848
53.2364
53.1349
52.5986
52.4156
51.933
51.6649
51.2477
51.0023
50.5367
50.1053
49.3942
48.9075
47.9503
47.3992
46.3954
45.5664
44.4039
43.1723
41.6365
39.8334
37.8235
35.4591
32.9006
50.6927
50.252
48.3732
46.7948
45.8622
45.5691
45.7414
46.1239
46.5204
46.8372
47.0475
47.1521
47.167
47.1197
47.0384
46.9469
46.8602
46.7868
46.7295
46.6888
46.6622
46.6469
46.6392
46.6365
46.636
46.6361
46.6354
46.6334
46.6295
46.6239
46.6162
46.6068
46.5955
46.5827
46.5683
46.5526
46.5353
46.5165
46.4958
46.4734
46.4487
46.4222
46.3939
46.3649
46.3361
46.3079
46.2799
46.2525
46.2257
46.2004
46.1762
46.1535
46.1327
46.1141
46.0969
46.0811
46.0663
46.0525
46.0388
46.0233
46.0063
45.9896
45.9746
45.961
45.9492
45.9396
45.9308
45.92
45.9045
45.8829
45.8524
45.812
45.7624
45.7074
45.6537
45.611
45.5837
45.5734
45.5757
45.5831
45.5866
45.5797
45.5527
45.4981
45.4155
45.3175
45.2105
45.1076
45.0268
44.9791
44.9769
44.9924
45.063
45.1365
45.2306
45.334
45.4765
45.5966
45.7347
45.8739
46.0607
46.2293
46.4143
46.5501
46.6688
46.7374
46.8193
46.8755
46.9586
47.0104
47.0787
47.1251
47.2055
47.279
47.3984
47.5156
47.6861
47.8457
48.0557
48.253
48.4919
48.7081
48.9477
49.1445
49.3573
49.5207
49.7007
49.8318
49.9659
50.0566
50.1678
50.2633
50.3982
50.5233
50.6874
50.8318
50.9871
51.1274
51.2663
51.4082
51.5774
51.7565
51.978
52.2067
52.4171
52.6427
52.8636
53.0102
53.0327
53.0726
53.2897
53.1248
53.5091
53.4792
53.8547
53.8588
54.1128
54.2415
54.3612
54.4004
54.6774
54.5746
55.058
55.009
55.3555
55.2709
55.3854
55.022
55.2365
54.9756
55.3095
55.0809
55.3264
55.2019
55.2651
55.0647
54.8718
54.4211
54.2998
53.7396
53.5114
53.1044
52.7736
52.5154
52.044
51.7657
51.0457
50.5701
49.7817
49.0146
48.3804
47.4844
46.6885
45.4502
44.2866
42.6588
40.9824
39.0228
36.808
34.4269
50.2289
49.8128
48.1993
46.8923
46.1588
45.9715
46.1471
46.4624
46.7661
46.9938
47.1308
47.1839
47.1713
47.1168
47.0425
46.965
46.8947
46.8366
46.7922
46.7607
46.7398
46.7271
46.7198
46.7159
46.7137
46.7122
46.7104
46.708
46.7045
46.6998
46.6937
46.6863
46.6776
46.6677
46.6567
46.6446
46.6314
46.6169
46.6008
46.5829
46.5628
46.5412
46.5184
46.495
46.4717
46.4496
46.4288
46.4086
46.3884
46.3687
46.3501
46.3338
46.3204
46.3091
46.2994
46.2919
46.2864
46.2824
46.2793
46.2757
46.2709
46.2653
46.261
46.2585
46.2578
46.2574
46.2558
46.2504
46.2387
46.2188
46.1872
46.1429
46.0891
46.0295
45.9716
45.9293
45.9093
45.9108
45.9278
45.9521
45.9743
45.9854
45.9733
45.9306
45.8592
45.7738
45.6736
45.5878
45.519
45.4889
45.4945
45.5214
45.5892
45.6544
45.7466
45.8735
46.0319
46.1722
46.3297
46.5057
46.7069
46.8888
47.0794
47.2203
47.3371
47.4103
47.4882
47.5522
47.6429
47.7115
47.8001
47.8747
47.9829
48.0888
48.2383
48.3929
48.5912
48.789
49.0245
49.2576
49.5145
49.7551
50.0067
50.2224
50.4452
50.6218
50.8087
50.9514
51.0955
51.1918
51.3165
51.4236
51.5661
51.7084
51.8805
52.0365
52.2015
52.347
52.4838
52.6383
52.8102
53.0068
53.2348
53.4918
53.6858
53.9419
54.106
54.2337
54.2701
54.3898
54.4631
54.4886
54.7875
54.8157
55.1768
55.1781
55.3956
55.5576
55.6319
55.7703
55.8623
56.0298
56.4303
56.4261
56.6718
56.5986
56.6746
56.475
56.6506
56.5443
56.6838
56.5539
56.6643
56.5882
56.5411
56.3299
56.0986
55.7496
55.5096
55.0352
54.7443
54.4225
53.9913
53.838
53.2336
53.0278
52.0416
51.8111
50.7886
50.239
49.4634
48.7461
47.864
46.6078
45.473
43.7664
42.1618
40.2199
38.144
35.8961
49.4691
49.1465
48.0106
47.1027
46.6096
46.4988
46.6216
46.8212
47.0016
47.1257
47.1874
47.1942
47.1611
47.1053
47.0415
46.9799
46.926
46.8823
46.8486
46.8239
46.8063
46.794
46.7855
46.7797
46.7754
46.7722
46.7694
46.7667
46.7637
46.76
46.7554
46.7498
46.7433
46.736
46.7278
46.7193
46.7103
46.7004
46.6888
46.6754
46.6603
46.6436
46.6262
46.6091
46.5925
46.5767
46.5624
46.5498
46.5376
46.5249
46.5128
46.5041
46.4993
46.4969
46.4961
46.4974
46.5013
46.5072
46.5133
46.5182
46.5233
46.5298
46.5375
46.5456
46.5536
46.5602
46.5645
46.5635
46.5554
46.5379
46.5077
46.4653
46.412
46.3523
46.2979
46.2634
46.2555
46.271
46.3012
46.3386
46.3747
46.3992
46.3996
46.3704
46.3156
46.2506
46.163
46.1053
46.0574
46.048
46.0587
46.0987
46.1587
46.2298
46.3324
46.4784
46.6454
46.8139
46.9982
47.2088
47.413
47.6071
47.791
47.9404
48.0551
48.1439
48.2196
48.3015
48.3935
48.4892
48.5942
48.708
48.8385
48.9841
49.1525
49.3443
49.558
49.7875
50.0328
50.2923
50.5506
50.815
51.0655
51.2987
51.5212
51.7204
51.9099
52.0807
52.2266
52.3521
52.4809
52.6118
52.7564
52.9208
53.0876
53.2663
53.4297
53.5903
53.7316
53.9054
54.0798
54.3016
54.5294
54.7949
54.984
55.2835
55.3682
55.5226
55.5065
55.6863
55.7417
55.9547
56.1023
56.253
56.4659
56.5286
56.7311
56.9082
56.9077
57.1717
57.1931
57.6019
57.7262
57.8229
57.9315
57.9451
58.0077
58.0156
58.0568
58.0288
58.0117
58.0322
57.9682
57.9486
57.7857
57.6263
57.2679
57.1225
56.6696
56.4249
55.9962
55.7733
55.2781
55.2014
54.3662
54.1555
53.1134
53.0007
51.8212
51.5663
50.5756
50.0028
48.9459
47.8104
46.6227
44.8976
43.3098
41.3977
39.4373
37.2755
48.6347
48.4672
47.9141
47.4431
47.1625
47.0595
47.0703
47.1267
47.1821
47.2141
47.2156
47.1901
47.1462
47.0939
47.0411
46.993
46.9519
46.9182
46.8913
46.8701
46.8534
46.8404
46.8303
46.8226
46.8168
46.8125
46.8091
46.8063
46.8036
46.8007
46.7972
46.7928
46.788
46.7832
46.7782
46.7725
46.7666
46.7605
46.7537
46.7448
46.7342
46.7232
46.7121
46.7009
46.6903
46.6822
46.6763
46.6715
46.6668
46.6622
46.6595
46.6601
46.6639
46.6698
46.678
46.6885
46.7008
46.7146
46.7295
46.7439
46.7569
46.7697
46.7838
46.7991
46.8135
46.8245
46.8314
46.8336
46.8292
46.8153
46.7904
46.7558
46.7125
46.6648
46.6232
46.6019
46.6073
46.6346
46.6746
46.718
46.7588
46.7913
46.8037
46.7922
46.7586
46.7249
46.6662
46.6421
46.6142
46.6264
46.6467
46.7068
46.7606
46.849
46.9547
47.1158
47.2861
47.4934
47.6955
47.9251
48.1225
48.3323
48.5049
48.6699
48.7777
48.891
48.9698
49.0778
49.1781
49.3026
49.421
49.5729
49.7168
49.9032
50.0862
50.3137
50.5307
50.7875
51.032
51.3086
51.5616
51.8383
52.0773
52.323
52.5457
52.7686
52.9578
53.1613
53.3065
53.4683
53.5979
53.7581
53.8996
54.0874
54.2478
54.4462
54.6073
54.7881
54.9373
55.1353
55.3112
55.547
55.7718
56.0433
56.2174
56.5522
56.5559
56.7629
56.7264
57.0245
57.021
57.3597
57.3877
57.6482
57.6772
57.9279
58.0095
58.2517
58.2084
58.5948
58.5332
58.967
58.8652
59.2263
59.1169
59.3856
59.3678
59.4019
59.2969
59.4287
59.2584
59.3939
59.1911
59.2748
58.9195
58.8566
58.3822
58.4311
57.827
57.7554
57.1953
57.1113
56.4054
56.4069
55.333
55.3452
54.1479
54.1138
52.8469
52.8536
51.6716
51.1985
49.9685
48.9427
47.641
45.9921
44.3772
42.5244
40.6254
38.5311
47.9231
47.9298
47.9109
47.7954
47.6413
47.5047
47.4055
47.3427
47.3035
47.2699
47.2314
47.1861
47.1372
47.089
47.0444
47.0051
46.9714
46.9427
46.9185
46.8981
46.8811
46.8669
46.8555
46.8465
46.8398
46.8349
46.8313
46.8285
46.8259
46.8234
46.8207
46.8177
46.8143
46.8107
46.8076
46.805
46.8028
46.8002
46.7967
46.792
46.7861
46.7796
46.7732
46.7677
46.7649
46.7649
46.7664
46.7688
46.7718
46.7755
46.7816
46.7909
46.8025
46.8157
46.8312
46.8491
46.8684
46.8885
46.9082
46.9272
46.9458
46.9639
46.9811
46.9974
47.0123
47.0253
47.0353
47.0407
47.0401
47.0329
47.0193
46.9993
46.9733
46.9446
46.9223
46.9172
46.9334
46.9668
47.0099
47.059
47.1055
47.1387
47.1581
47.1643
47.1551
47.1521
47.1305
47.1448
47.1428
47.1831
47.207
47.2901
47.3401
47.4605
47.5696
47.7491
47.9108
48.1419
48.3343
48.5791
48.766
48.9909
49.1466
49.3425
49.4497
49.5978
49.678
49.8221
49.9217
50.0837
50.2095
50.4001
50.5461
50.7684
50.9522
51.2125
51.423
51.7058
51.9344
52.2297
52.4591
52.7454
52.9548
53.2256
53.4348
53.6878
53.8686
54.0996
54.2415
54.4408
54.5696
54.7642
54.9053
55.1162
55.2719
55.4911
55.6385
55.8401
55.9874
56.2059
56.3727
56.6379
56.8527
57.1418
57.2885
57.6478
57.5719
57.8769
57.8337
58.2812
58.1827
58.6398
58.5144
58.9284
58.8295
59.2474
59.1268
59.5265
59.3801
59.8566
59.7088
60.1991
59.9353
60.4709
60.1801
60.7015
60.484
60.7035
60.4619
60.6902
60.3281
60.5929
60.2443
60.442
59.9075
60.0413
59.3945
59.6579
58.8789
58.9831
58.2579
58.2978
57.3876
57.4582
56.2113
56.4728
55.0762
55.2788
53.8404
54.0517
52.6769
52.3097
50.9088
49.9273
48.4991
46.9668
45.2831
43.5076
41.637
39.6263
47.938
47.9519
47.9589
47.8998
47.7866
47.6593
47.5441
47.4481
47.3684
47.2996
47.2379
47.1815
47.1301
47.0841
47.0435
47.0081
46.9772
46.9502
46.9267
46.9064
46.8891
46.8746
46.8628
46.8536
46.8466
46.8416
46.8381
46.8357
46.8337
46.8317
46.8295
46.8272
46.8252
46.8236
46.8226
46.8221
46.8221
46.8223
46.8222
46.8212
46.8199
46.8183
46.8171
46.8174
46.8199
46.8244
46.8311
46.84
46.8507
46.8624
46.8756
46.8905
46.9067
46.925
46.9455
46.9678
46.9915
47.0153
47.0383
47.0602
47.0811
47.1015
47.1211
47.1395
47.156
47.17
47.1813
47.1895
47.1939
47.1944
47.192
47.1872
47.1798
47.1704
47.1658
47.1748
47.1998
47.2383
47.2838
47.3306
47.3719
47.4044
47.4331
47.4506
47.4536
47.4733
47.4878
47.5483
47.5763
47.6532
47.6892
47.7944
47.8406
47.9827
48.0872
48.2861
48.4374
48.6756
48.8558
49.1146
49.2943
49.5354
49.686
49.9003
50.0113
50.1864
50.2748
50.4516
50.556
50.7471
50.8746
51.0909
51.2391
51.4807
51.6642
51.9389
52.1395
52.4307
52.6419
52.9507
53.1526
53.4455
53.6319
53.9316
54.1267
54.4098
54.5809
54.8314
54.9667
55.1914
55.3163
55.5387
55.6763
55.9056
56.0557
56.2879
56.4255
56.6382
56.7842
57.0197
57.1859
57.4818
57.6642
57.9893
58.0913
58.4881
58.3642
58.8073
58.7416
59.3171
59.1021
59.661
59.4333
60.0156
59.7864
60.3488
60.0917
60.6141
60.3888
60.9812
60.6549
61.2571
60.8723
61.4973
61.1013
61.7609
61.3384
61.8042
61.3586
61.6961
61.2155
61.6168
61.0854
61.4229
60.7739
61.0765
60.2702
60.6946
59.7526
60.0534
59.1876
59.3499
58.278
58.4406
57.0842
57.5213
55.9117
56.4321
54.8249
55.1653
53.5481
53.3463
51.7049
50.7767
49.1729
47.7036
45.9401
44.2395
42.3745
40.5072
48.0853
48.0472
47.9842
47.9025
47.8046
47.6956
47.5848
47.481
47.3886
47.3087
47.2399
47.1805
47.1288
47.0835
47.0436
47.0084
46.9775
46.9503
46.9266
46.906
46.8885
46.8739
46.8621
46.8529
46.8461
46.8413
46.838
46.8358
46.8342
46.8328
46.8314
46.8301
46.8289
46.8283
46.8284
46.8293
46.8309
46.8329
46.8348
46.8362
46.8372
46.8384
46.8404
46.844
46.8493
46.8566
46.8661
46.8778
46.8913
46.9061
46.9221
46.9394
46.958
46.9785
47.0014
47.026
47.0515
47.0769
47.1018
47.1258
47.1493
47.1718
47.1929
47.2119
47.2283
47.2427
47.2548
47.2645
47.2717
47.2766
47.2799
47.2821
47.2831
47.2829
47.2864
47.3014
47.3311
47.374
47.4227
47.4691
47.5083
47.5407
47.5677
47.5836
47.5991
47.6391
47.6812
47.7752
47.8212
47.9252
47.9676
48.0803
48.1234
48.2687
48.3718
48.5878
48.7378
48.9826
49.1545
49.4202
49.5933
49.8484
49.9954
50.2167
50.3291
50.5134
50.6104
50.8076
50.912
51.1141
51.2365
51.4609
51.611
51.8613
52.0469
52.33
52.531
52.8252
53.0227
53.3271
53.5171
53.8201
54.0013
54.3178
54.5055
54.8054
54.9712
55.23
55.3592
55.5879
55.7066
55.9371
56.0718
56.3125
56.4584
56.6928
56.8259
57.0413
57.1883
57.4286
57.5905
57.9022
58.0806
58.4442
58.5454
58.9777
58.8567
59.4837
59.3264
59.9491
59.6547
60.2931
60.0007
60.6835
60.405
61.0534
60.7013
61.3714
61.0167
61.6962
61.2768
61.9803
61.5081
62.2447
61.7626
62.4886
61.9282
62.4931
61.8931
62.3767
61.78
62.2149
61.5991
62.1079
61.3381
61.8265
60.9022
61.3947
60.3388
60.8197
59.7789
60.0363
58.8925
59.1704
57.8105
58.3683
56.714
57.4821
55.6391
56.1912
54.3093
54.1595
52.2268
51.4383
49.5878
48.1096
46.2617
44.587
42.6913
40.8144
47.1753
47.1741
47.1769
47.1068
46.9632
46.7883
46.6136
46.4538
46.3101
46.1817
46.069
45.9779
45.9142
45.8732
45.8426
45.8261
45.8155
45.7946
45.7732
45.7566
45.747
45.7456
45.735
45.7122
45.677
45.6241
45.566
45.5161
45.4738
45.4191
45.3374
45.2395
45.1493
45.0863
45.0456
45.0061
44.9476
44.8647
44.7623
44.652
44.5562
44.5068
44.5006
44.5332
44.5909
44.6101
44.5705
44.4885
44.3815
44.2794
44.2104
44.1698
44.1436
44.1202
44.1029
44.0775
44.0223
43.9579
43.901
43.8567
43.8344
43.8264
43.8145
43.8267
43.859
43.899
43.9374
43.9839
44.0514
44.104
44.1676
44.2677
44.4124
44.5809
44.7269
44.8476
44.9387
45.0042
45.0726
45.1787
45.329
45.5305
45.7708
46.0317
46.284
46.5146
46.7538
47.0055
47.2559
47.4964
47.7415
47.9929
48.2396
48.4891
48.7297
48.9824
49.2706
49.5651
49.8604
50.1565
50.4581
50.7814
51.1351
51.5158
51.9046
52.2934
52.689
53.093
53.504
53.9268
54.3527
54.7604
55.1326
55.4681
55.786
56.0835
56.3591
56.6177
56.8678
57.1197
57.3742
57.6349
57.8975
58.1522
58.4015
58.645
58.8831
59.1327
59.3858
59.634
59.8777
60.1307
60.413
60.7049
60.9948
61.2893
61.5747
61.8306
62.0504
62.239
62.4239
62.6188
62.8319
63.0643
63.2988
63.516
63.7138
63.8925
64.0674
64.2555
64.463
64.6817
64.8986
65.1072
65.3081
65.5021
65.6949
65.8865
66.0755
66.2603
66.4431
66.6239
66.8022
66.9723
67.1288
67.269
67.3938
67.5064
67.6105
67.7063
67.7939
67.8754
67.9573
68.0449
68.1455
68.2654
68.4046
68.5517
68.7183
68.9136
69.1336
69.385
69.6426
69.9094
70.2103
70.5365
70.8634
71.1871
71.5265
71.8958
72.3166
72.8055
73.3643
73.9816
74.6388
75.2802
75.8417
76.2004
76.3929
76.5328
47.1484
47.1363
47.1232
47.0414
46.8903
46.7097
46.5295
46.3669
46.2243
46.0994
45.9912
45.9026
45.8378
45.7951
45.7612
45.7374
45.723
45.7076
45.6965
45.6888
45.6851
45.68
45.6539
45.6263
45.5879
45.5295
45.4612
45.3982
45.3462
45.281
45.1939
45.096
45.0023
44.9331
44.889
44.8427
44.7798
44.713
44.6336
44.5161
44.4098
44.348
44.3191
44.3251
44.3585
44.3659
44.3203
44.2403
44.1415
44.0451
43.9722
43.9242
43.892
43.8619
43.8335
43.7962
43.7286
43.6561
43.6011
43.5531
43.5248
43.5093
43.5146
43.5458
43.5647
43.581
43.6048
43.6405
43.6972
43.744
43.8061
43.8984
44.042
44.2195
44.3775
44.5146
44.6085
44.6651
44.725
44.8282
44.9745
45.1769
45.4259
45.6782
45.9197
46.1571
46.4157
46.6884
46.9582
47.2018
47.4367
47.6736
47.9005
48.1319
48.3529
48.5871
48.8655
49.1615
49.467
49.7837
50.1084
50.4454
50.8038
51.184
51.5718
51.9572
52.3536
52.7572
53.1716
53.607
54.0528
54.471
54.8449
55.1903
55.5196
55.8211
56.0964
56.3574
56.6101
56.86
57.1117
57.3711
57.6331
57.892
58.1499
58.3906
58.6259
58.8772
59.1337
59.3891
59.6431
59.8998
60.1811
60.4736
60.7597
61.0509
61.3313
61.5819
61.7991
61.989
62.1736
62.3688
62.5827
62.8186
63.0571
63.2775
63.4783
63.6595
63.8342
64.0181
64.2228
64.4437
64.6688
64.888
65.0979
65.3005
65.5022
65.7021
65.8984
66.0886
66.2754
66.4591
66.6394
66.811
66.9687
67.1101
67.237
67.3526
67.4594
67.5564
67.6433
67.7213
67.7966
67.8747
67.9641
68.0779
68.2148
68.3635
68.5342
68.7256
68.9443
69.197
69.457
69.7165
70.007
70.3258
70.6472
70.9686
71.3106
71.6881
72.1156
72.6031
73.1556
73.7639
74.4141
75.0545
75.619
75.9779
76.1943
76.3807
47.1345
47.0889
47.0316
46.9109
46.7352
46.5395
46.352
46.1895
46.0547
45.9407
45.8448
45.769
45.7119
45.6688
45.6334
45.6054
45.5863
45.5731
45.5658
45.5601
45.5512
45.5371
45.5133
45.4765
45.4188
45.3462
45.2654
45.1895
45.1206
45.0347
44.9346
44.8361
44.7478
44.68
44.629
44.5777
44.5149
44.4347
44.3437
44.2472
44.1527
44.0778
44.03
44.0064
44.0088
43.99
43.9342
43.8465
43.7409
43.6354
43.5495
43.4905
43.4569
43.4359
43.4059
43.3572
43.2732
43.1832
43.1163
43.0588
43.0264
43.0164
43.0394
43.0789
43.0966
43.1007
43.1035
43.1121
43.1278
43.1467
43.1993
43.2987
43.463
43.6587
43.8359
43.9863
44.086
44.1446
44.2017
44.2921
44.4313
44.615
44.8417
45.0913
45.3491
45.6127
45.8806
46.1478
46.411
46.6581
46.8912
47.113
47.322
47.5337
47.7349
47.9522
48.2165
48.5132
48.8439
49.1899
49.5434
49.8986
50.2629
50.6323
50.9992
51.3676
51.7532
52.1598
52.5961
53.055
53.5132
53.9461
54.3438
54.6977
55.0192
55.3093
55.5743
55.8274
56.0781
56.3322
56.5872
56.8525
57.1225
57.3957
57.6675
57.9146
58.1507
58.3964
58.6463
58.9001
59.1646
59.4358
59.7221
60.017
60.2963
60.5704
60.8282
61.0568
61.2628
61.4543
61.6404
61.8431
62.0697
62.3176
62.5676
62.7973
63.0045
63.1903
63.3685
63.5562
63.7636
63.9871
64.2189
64.45
64.6756
64.8973
65.1163
65.3278
65.5306
65.7256
65.9146
66.1001
66.2787
66.4474
66.6024
66.7427
66.8708
66.99
67.1009
67.2031
67.2939
67.3738
67.4459
67.5194
67.6034
67.7161
67.8543
68.01
68.1899
68.3915
68.6184
68.8635
69.1103
69.3686
69.6518
69.9547
70.2612
70.5822
70.9348
71.3257
71.7485
72.2227
72.7487
73.334
73.9679
74.6078
75.1924
75.6046
75.8935
76.1443
47.1216
47.0294
46.9115
46.7408
46.5323
46.3188
46.1238
45.9619
45.8353
45.7353
45.6575
45.5982
45.55
45.5091
45.4722
45.4427
45.4232
45.411
45.4066
45.4019
45.3913
45.3755
45.3434
45.2898
45.2161
45.1285
45.0397
44.9508
44.8604
44.7562
44.6472
44.5425
44.4497
44.3815
44.3228
44.2575
44.1815
44.0867
43.9872
43.8935
43.8074
43.7347
43.6879
43.6569
43.6407
43.6007
43.5246
43.4189
43.2945
43.1765
43.0826
43.0173
42.9847
42.9637
42.9264
42.8602
42.7617
42.66
42.5799
42.5097
42.469
42.4628
42.4942
42.5393
42.5615
42.5693
42.5656
42.542
42.5037
42.4724
42.4966
42.5959
42.7797
43.0035
43.2094
43.3841
43.5066
43.5824
43.6451
43.7194
43.8338
43.9997
44.2039
44.4388
44.6947
44.9598
45.2302
45.4973
45.7524
45.9925
46.2204
46.4298
46.6286
46.8228
47.0131
47.2261
47.4887
47.7902
48.1369
48.5105
48.8939
49.2661
49.6232
49.9709
50.3045
50.6418
51.0048
51.4056
51.8456
52.322
52.8141
53.2739
53.687
54.0521
54.3812
54.6631
54.9038
55.1296
55.3552
55.593
55.8488
56.1337
56.4312
56.7296
57.0171
57.2791
57.5203
57.7654
58.0117
58.2581
58.5263
58.8126
59.1125
59.41
59.6877
59.9455
60.1782
60.384
60.5737
60.7613
60.954
61.1676
61.4085
61.6687
61.9338
62.1783
62.3986
62.592
62.7741
62.9637
63.1729
63.3996
63.6383
63.8801
64.1201
64.3578
64.5925
64.8172
65.0265
65.2218
65.4069
65.5856
65.7584
65.9226
66.0735
66.209
66.3339
66.4517
66.5638
66.668
66.7629
66.8476
66.9268
67.0035
67.091
67.2078
67.3572
67.5288
67.7275
67.949
68.183
68.4203
68.6639
68.9222
69.2087
69.5176
69.843
70.181
70.5435
70.9232
71.3297
71.7685
72.2514
72.7926
73.403
74.0408
74.6748
75.1664
75.5402
75.8746
47.0852
46.9583
46.7776
46.5598
46.3189
46.0864
45.8812
45.7168
45.5949
45.5072
45.4486
45.4054
45.3662
45.3286
45.2909
45.2603
45.2411
45.233
45.2321
45.2302
45.2213
45.2043
45.167
45.1009
45.0106
44.909
44.8085
44.7056
44.5978
44.4819
44.3646
44.2491
44.1428
44.0608
43.9884
43.9107
43.816
43.7041
43.5925
43.4946
43.4177
43.3629
43.3283
43.2985
43.2668
43.2088
43.1194
43.0019
42.864
42.7388
42.6377
42.5665
42.5312
42.5031
42.4464
42.3556
42.2422
42.13
42.0322
41.9491
41.8975
41.883
41.9154
41.9683
42.005
42.0219
42.0081
41.9466
41.857
41.7785
41.7687
41.8537
42.0398
42.2753
42.5046
42.7079
42.8585
42.9594
43.0314
43.1012
43.2017
43.3477
43.529
43.7446
43.9875
44.2482
44.5113
44.7667
45.0108
45.2461
45.472
45.682
45.8756
46.064
46.2593
46.4742
46.7364
47.0435
47.3965
47.7776
48.1643
48.5369
48.8822
49.2075
49.5155
49.8301
50.1708
50.5573
50.9977
51.479
51.9762
52.4512
52.8858
53.2743
53.6157
53.8926
54.1126
54.311
54.508
54.7265
54.9802
55.2782
55.6005
55.9266
56.2318
56.5091
56.7668
57.0219
57.2684
57.5144
57.7842
58.0791
58.3878
58.6875
58.9624
59.2068
59.4183
59.6077
59.7902
59.9727
60.1658
60.3832
60.6322
60.9043
61.1815
61.4421
61.6776
61.8846
62.0775
62.2744
62.4846
62.7113
62.9522
63.2012
63.4523
63.704
63.951
64.1862
64.4019
64.599
64.7803
64.9516
65.1158
65.2734
65.4184
65.5509
65.6727
65.7888
65.8993
66.0039
66.1004
66.1903
66.2749
66.3583
66.4559
66.5879
66.7523
66.9458
67.164
67.4051
67.6507
67.8964
68.1495
68.4276
68.7295
69.0583
69.402
69.7579
70.1234
70.4943
70.87
71.2705
71.7056
72.2097
72.7934
73.4335
74.0996
74.6852
75.1656
75.6182
47.0195
46.875
46.6517
46.3982
46.1311
45.8824
45.6667
45.4972
45.3757
45.2964
45.2515
45.2188
45.1832
45.1433
45.104
45.0747
45.0577
45.0523
45.0559
45.0577
45.0495
45.029
44.9849
44.9087
44.8054
44.6919
44.5796
44.4637
44.3443
44.2212
44.0965
43.9711
43.8517
43.7492
43.6561
43.5616
43.4498
43.3247
43.2042
43.1052
43.0312
42.9865
42.9615
42.9403
42.9057
42.8397
42.744
42.6206
42.4866
42.3642
42.2646
42.186
42.131
42.0783
41.9964
41.8859
41.754
41.6234
41.5082
41.4155
41.3548
41.3312
41.3573
41.411
41.4573
41.471
41.4379
41.3459
41.2136
41.0972
41.0583
41.1252
41.2975
41.5318
41.7739
41.9962
42.1697
42.2935
42.3813
42.4571
42.5582
42.6936
42.8601
43.0588
43.2853
43.5319
43.7773
44.015
44.2471
44.4794
44.7072
44.9209
45.1198
45.3112
45.517
45.7447
46.0097
46.3147
46.6587
47.0291
47.406
47.7705
48.1091
48.419
48.7143
49.0157
49.3436
49.7155
50.1395
50.6078
51.0947
51.5712
52.0178
52.422
52.7691
53.0455
53.2588
53.4398
53.6161
53.8186
54.0669
54.3673
54.6997
55.0409
55.3644
55.6591
55.9327
56.1945
56.4444
56.696
56.9653
57.2585
57.5622
57.858
58.1244
58.3565
58.5594
58.7446
58.9259
59.108
59.3018
59.5217
59.7754
60.053
60.3378
60.6085
60.8608
61.089
61.2981
61.5036
61.7186
61.9477
62.1923
62.4459
62.7029
62.9597
63.2145
63.4593
63.6831
63.8836
64.0642
64.2301
64.3865
64.5371
64.6793
64.8097
64.9303
65.0426
65.1508
65.2522
65.3492
65.4421
65.5326
65.6251
65.7373
65.8846
66.0682
66.281
66.5158
66.7663
67.0262
67.2883
67.5665
67.8679
68.195
68.5458
68.9153
69.2891
69.664
70.0249
70.3861
70.7572
71.1707
71.6376
72.211
72.8457
73.5451
74.2003
74.8122
75.3427
46.9473
46.8003
46.5557
46.2787
45.9905
45.7267
45.4997
45.3239
45.2006
45.1241
45.0838
45.0542
45.0167
44.9715
44.929
44.8996
44.8848
44.882
44.8873
44.8855
44.8686
44.8378
44.7828
44.6986
44.5873
44.4654
44.3442
44.2207
44.0977
43.9723
43.8424
43.7099
43.583
43.4663
43.3553
43.2433
43.1163
42.9821
42.8588
42.7569
42.6824
42.638
42.6164
42.5974
42.5643
42.5032
42.4151
42.3022
42.1796
42.0662
41.9681
41.8789
41.7992
41.7165
41.6043
41.4667
41.3155
41.1656
41.0321
40.9272
40.8569
40.8269
40.8466
40.8959
40.9377
40.9326
40.8696
40.7432
40.5829
40.446
40.3943
40.4519
40.6116
40.839
41.091
41.326
41.5154
41.659
41.7701
41.8651
41.9729
42.1068
42.2655
42.4493
42.656
42.8772
43.0987
43.3177
43.5384
43.7636
43.9894
44.2019
44.4046
44.6076
44.8242
45.0641
45.3362
45.6387
45.9693
46.3231
46.6825
47.0329
47.3603
47.6597
47.952
48.2484
48.5672
48.9264
49.3315
49.777
50.2423
50.7061
51.1488
51.5521
51.8971
52.1736
52.3869
52.5623
52.7259
52.9156
53.1542
53.4481
53.7761
54.1166
54.4464
54.7505
55.0296
55.2952
55.5526
55.809
56.0763
56.3619
56.6537
56.9383
57.1962
57.4223
57.6212
57.8068
57.9933
58.1825
58.3833
58.609
58.8665
59.1434
59.4294
59.7057
59.9689
60.2148
60.443
60.6622
60.8892
61.1247
61.372
61.6285
61.8868
62.1441
62.4008
62.6496
62.8767
63.0813
63.265
63.4317
63.5862
63.7352
63.876
64.0045
64.122
64.2302
64.3336
64.4343
64.533
64.6325
64.7331
64.8399
64.9668
65.1294
65.326
65.5518
65.7959
66.0551
66.3259
66.6095
66.9101
67.2364
67.5876
67.9615
68.3489
68.7448
69.1288
69.5012
69.8602
70.2257
70.6273
71.0923
71.6667
72.3173
73.0381
73.7708
74.4506
75.0546
46.9026
46.7589
46.5041
46.2107
45.905
45.6261
45.387
45.2033
45.075
44.9962
44.9542
44.9214
44.8789
44.8283
44.7814
44.7494
44.7344
44.7316
44.7312
44.7153
44.6798
44.6324
44.5642
44.4726
44.3566
44.2324
44.1087
43.9862
43.8671
43.7443
43.6149
43.4844
43.3576
43.2358
43.1173
42.9954
42.8605
42.7204
42.5932
42.4861
42.4051
42.3533
42.3286
42.3055
42.272
42.2173
42.1401
42.0471
41.9512
41.8602
41.7671
41.6686
41.5649
41.4503
41.3117
41.1476
40.9701
40.7939
40.6395
40.5191
40.4383
40.4016
40.4116
40.4475
40.4681
40.4329
40.3377
40.1838
40.0146
39.88
39.8356
39.8957
40.0537
40.2795
40.5341
40.7768
40.9788
41.1368
41.2703
41.3905
41.5137
41.654
41.8061
41.974
42.161
42.3574
42.5545
42.7502
42.9499
43.155
43.3686
43.5813
43.7926
44.0096
44.2379
44.4864
44.7602
45.0576
45.3764
45.7108
46.047
46.3771
46.6926
46.9927
47.2849
47.5822
47.8968
48.239
48.6163
49.0303
49.4652
49.9014
50.3211
50.7077
51.0416
51.317
51.5342
51.7088
51.8676
52.0471
52.2716
52.5492
52.8612
53.1886
53.5079
53.8074
54.0869
54.3549
54.6174
54.8771
55.1422
55.4177
55.6943
55.9632
56.2129
56.4345
56.6332
56.8231
57.0163
57.2154
57.4307
57.6675
57.9295
58.2058
58.487
58.7631
59.0329
59.2905
59.5361
59.7681
60.0055
60.2486
60.4987
60.7559
61.0136
61.2701
61.526
61.7739
62.001
62.2061
62.3924
62.5609
62.7178
62.8681
63.0112
63.141
63.26
63.3695
63.4731
63.5753
63.6801
63.7852
63.8954
64.0144
64.1561
64.3322
64.5408
64.7725
65.0237
65.2884
65.5716
65.8729
66.1965
66.5443
66.9183
67.3078
67.7126
68.1225
68.5276
68.9124
69.2912
69.6686
70.1014
70.5906
71.1871
71.8508
72.6
73.3649
74.1153
74.7118
46.904
46.7628
46.5019
46.1948
45.873
45.5781
45.3252
45.1313
44.9954
44.9111
44.8629
44.8245
44.7776
44.7232
44.6729
44.6373
44.6178
44.6086
44.5936
44.5565
44.5013
44.4368
44.3528
44.2511
44.1307
44.0035
43.8808
43.7683
43.6611
43.5486
43.4286
43.3102
43.1955
43.0819
42.9675
42.8462
42.7128
42.5697
42.4346
42.316
42.2216
42.1572
42.1172
42.0813
42.0423
41.9916
41.9286
41.8601
41.7941
41.7303
41.6492
41.5476
41.4285
41.2891
41.1249
40.9367
40.7351
40.5336
40.3558
40.2168
40.1218
40.0731
40.0674
40.0804
40.0692
40.0032
39.8813
39.7213
39.5662
39.4604
39.443
39.5191
39.683
39.911
40.1637
40.4046
40.6131
40.7861
40.9389
41.0785
41.2175
41.3635
41.5118
41.6627
41.8229
41.987
42.153
42.3194
42.4923
42.6752
42.8735
43.0812
43.2989
43.5295
43.7701
44.028
44.3039
44.5951
44.9013
45.2162
45.5322
45.8424
46.1457
46.442
46.7362
47.0328
47.3414
47.6692
48.0185
48.3936
48.7868
49.1818
49.5632
49.9206
50.2361
50.4997
50.7143
50.8909
51.0494
51.2232
51.4341
51.689
51.9763
52.2783
52.5779
52.8638
53.1346
53.3987
53.6612
53.9193
54.1796
54.4424
54.7022
54.9545
55.195
55.4156
55.6199
55.8162
56.0211
56.2311
56.4633
56.7124
56.9788
57.2562
57.5317
57.8009
58.0721
58.337
58.5957
58.8381
59.0842
59.3336
59.5882
59.8448
60.1012
60.3524
60.601
60.8421
61.0668
61.2711
61.4587
61.6281
61.7873
61.9389
62.0854
62.2203
62.3436
62.46
62.5699
62.6779
62.7909
62.905
63.023
63.1536
63.3088
63.4978
63.7169
63.9569
64.2079
64.4803
64.7716
65.0844
65.4214
65.7799
66.1626
66.5697
66.989
67.4145
67.8376
68.2511
68.6659
69.0852
69.5671
70.1081
70.7391
71.45
72.2158
73.0257
73.7468
74.3662
46.9507
46.811
46.5447
46.2242
45.8854
45.5725
45.3042
45.0981
44.9534
44.8617
44.8051
44.7615
44.714
44.6609
44.6107
44.5711
44.5434
44.521
44.4866
44.4287
44.3553
44.2695
44.1658
44.0514
43.9268
43.7985
43.6817
43.5839
43.493
43.3984
43.2965
43.1985
43.1045
43.0094
42.9081
42.7974
42.6732
42.5325
42.3891
42.2543
42.1405
42.0557
41.9942
41.9399
41.8908
41.8405
41.7887
41.7438
41.7076
41.6703
41.6085
41.5128
41.3872
41.2317
41.0475
40.839
40.6178
40.3974
40.197
40.0364
39.9195
39.8496
39.8198
39.7994
39.7531
39.6612
39.5297
39.3838
39.2675
39.2104
39.2314
39.3328
39.5066
39.734
39.9841
40.224
40.4371
40.6202
40.787
40.9429
41.0947
41.2419
41.3805
41.509
41.6361
41.7614
41.8906
42.0246
42.1691
42.3284
42.5095
42.7085
42.9242
43.1594
43.4106
43.6774
43.9573
44.2452
44.5422
44.8399
45.136
45.4255
45.7165
46.0031
46.2929
46.5855
46.8851
47.1983
47.5219
47.8598
48.2092
48.5583
48.8954
49.2133
49.5004
49.748
49.9519
50.1251
50.2828
50.4508
50.6485
50.8778
51.1348
51.4045
51.6746
51.9375
52.1925
52.4424
52.6952
52.9451
53.1972
53.4473
53.6939
53.9333
54.164
54.3831
54.5935
54.8013
55.0201
55.2448
55.4895
55.7495
56.0168
56.2941
56.5641
56.8285
57.0986
57.3669
57.6311
57.8829
58.1346
58.3907
58.6487
58.9045
59.158
59.4032
59.6405
59.8695
60.087
60.2862
60.4712
60.6414
60.8006
60.9557
61.1056
61.2478
61.3798
61.5082
61.6302
61.7486
61.8722
61.9939
62.1185
62.2559
62.4191
62.6196
62.849
63.0961
63.3536
63.6269
63.9232
64.2383
64.577
64.9396
65.3308
65.7478
66.184
66.6222
67.0726
67.5118
67.9767
68.447
68.9974
69.596
70.2961
71.0501
71.8518
72.6624
73.4283
73.9837
47.0298
46.8859
46.6118
46.2779
45.9244
45.5951
45.313
45.0964
44.9451
44.8479
44.7841
44.7346
44.6873
44.6389
44.592
44.5506
44.516
44.4802
44.4264
44.3474
44.2555
44.1473
44.0221
43.8944
43.7684
43.6441
43.5394
43.4578
43.385
43.311
43.2324
43.1609
43.0925
43.0186
42.9343
42.8391
42.7246
42.5904
42.4428
42.2924
42.1563
42.0453
41.9578
41.8838
41.8204
41.7649
41.7201
41.6949
41.6846
41.672
41.6327
41.5515
41.4292
41.2676
41.0718
40.8521
40.62
40.3879
40.1696
39.9819
39.8338
39.7338
39.6703
39.6102
39.5325
39.4232
39.2965
39.1781
39.1069
39.1035
39.169
39.3012
39.4899
39.721
39.9711
40.2128
40.4317
40.6223
40.7927
40.9523
41.1077
41.2509
41.3776
41.4832
41.5758
41.6625
41.7554
41.8552
41.9698
42.1043
42.2647
42.4528
42.6604
42.8914
43.1449
43.4153
43.6973
43.9812
44.2715
44.5535
44.834
45.1045
45.3808
45.6555
45.9348
46.2173
46.5037
46.8
47.1009
47.4059
47.7149
48.0205
48.3144
48.5906
48.8413
49.0626
49.2498
49.4131
49.5643
49.7212
49.9011
50.1026
50.327
50.5606
50.7996
51.0339
51.2694
51.5
51.7382
51.9743
52.216
52.4541
52.6868
52.9152
53.1372
53.3553
53.5693
53.7867
54.0164
54.2526
54.5037
54.7694
55.0376
55.3146
55.5851
55.8486
56.1177
56.3866
56.6526
56.91
57.1662
57.4227
57.6823
57.9347
58.1847
58.421
58.6479
58.8612
59.0695
59.2605
59.4403
59.6093
59.7685
59.9271
60.0818
60.2315
60.3724
60.5135
60.6499
60.7795
60.9143
61.0456
61.1794
61.323
61.4948
61.702
61.9374
62.1888
62.4502
62.7271
63.021
63.3315
63.6677
64.0295
64.4262
64.8522
65.3035
65.7566
66.2355
66.7053
67.2218
67.7462
68.3587
69.0296
69.7882
70.6239
71.4693
72.341
73.0592
73.6794
47.1156
46.9641
46.6787
46.3332
45.9703
45.6314
45.3409
45.1179
44.9648
44.8676
44.8031
44.752
44.7065
44.6627
44.619
44.5781
44.54
44.4934
44.4221
44.3253
44.2156
44.0875
43.9433
43.803
43.6781
43.5643
43.4759
43.4119
43.3557
43.3013
43.2467
43.2012
43.1573
43.1041
43.0376
42.9561
42.8527
42.7266
42.5763
42.4133
42.2558
42.1172
42.0013
41.9036
41.8231
41.7589
41.716
41.7021
41.7095
41.7184
41.7042
41.6457
41.5388
41.3843
41.1872
40.9638
40.7271
40.4897
40.259
40.0472
39.8701
39.7355
39.6321
39.532
39.4269
39.307
39.1901
39.0996
39.0673
39.1096
39.2171
39.3805
39.5878
39.8247
40.0782
40.3221
40.5451
40.7395
40.9074
41.0604
41.2078
41.3405
41.4534
41.5386
41.6028
41.6587
41.7208
41.7902
41.8762
41.985
42.1228
42.2953
42.4899
42.7116
42.9623
43.2291
43.5078
43.7832
44.0672
44.3343
44.6002
44.853
45.1125
45.373
45.636
45.9028
46.171
46.446
46.7217
46.9949
47.2667
47.5308
47.7826
48.0177
48.2303
48.4217
48.5883
48.7375
48.8778
49.0195
49.1804
49.3545
49.5489
49.7449
49.9533
50.1571
50.3708
50.5815
50.8021
51.0244
51.2529
51.4792
51.6997
51.9185
52.1324
52.3461
52.5614
52.7833
53.0171
53.2589
53.5127
53.7786
54.0492
54.3246
54.5973
54.8612
55.1296
55.3978
55.6646
55.9224
56.1806
56.4314
56.6883
56.9317
57.1749
57.4021
57.6196
57.8235
58.0198
58.2026
58.3753
58.5447
58.7033
58.8635
59.0218
59.1791
59.3296
59.4787
59.6274
59.7713
59.9178
60.0607
60.2075
60.3583
60.5352
60.7456
60.9797
61.2309
61.4915
61.7654
62.0559
62.3639
62.6997
63.0615
63.4642
63.8872
64.3553
64.8166
65.3263
65.8249
66.3962
66.9724
67.6477
68.386
69.215
70.1135
71.04
71.9637
72.7724
73.2912
47.1898
47.0234
46.7214
46.3642
45.9979
45.659
45.3711
45.1514
45.0059
44.9169
44.8596
44.8134
44.7741
44.7388
44.702
44.6649
44.6256
44.5698
44.4842
44.3718
44.2461
44.1014
43.9416
43.7919
43.6691
43.5676
43.4961
43.4494
43.4097
43.3699
43.3322
43.3053
43.28
43.2466
43.1978
43.1283
43.0338
42.9122
42.7629
42.5927
42.4174
42.2545
42.1115
41.9902
41.8941
41.82
41.7739
41.7645
41.7825
41.8094
41.818
41.7831
41.6955
41.5539
41.3647
41.1461
40.9149
40.6798
40.4474
40.2223
40.022
39.8533
39.7075
39.568
39.4384
39.3101
39.2026
39.1349
39.1329
39.2074
39.3427
39.5284
39.7517
39.9935
40.2504
40.4955
40.7216
40.9157
41.0776
41.223
41.3612
41.4802
41.5743
41.6411
41.6827
41.7126
41.7491
41.7949
41.858
41.9458
42.0633
42.2155
42.3953
42.6019
42.8423
43.0964
43.3668
43.631
43.9054
44.1583
44.4097
44.6491
44.8895
45.1331
45.3796
45.6244
45.868
46.117
46.3632
46.6033
46.8368
47.0601
47.2722
47.4693
47.6462
47.8076
47.9523
48.0853
48.2147
48.342
48.4861
48.6327
48.7995
48.9589
49.1345
49.3098
49.499
49.6913
49.8936
50.1026
50.3147
50.5273
50.7339
50.9437
51.1492
51.3609
51.5767
51.8018
52.0366
52.2798
52.5334
52.7949
53.063
53.3348
53.6065
53.8702
54.1371
54.4029
54.6684
54.9222
55.1774
55.4193
55.6658
55.901
56.1342
56.3505
56.5586
56.7529
56.9386
57.1146
57.2834
57.4521
57.6124
57.7752
57.9381
58.0986
58.2579
58.4108
58.5693
58.7222
58.8793
59.035
59.1934
59.3536
59.5341
59.7439
59.9735
60.2177
60.476
60.7433
61.0333
61.3379
61.6785
62.0355
62.4437
62.86
63.3394
63.805
64.3408
64.868
65.4843
66.1161
66.8456
67.6562
68.5448
69.5325
70.5183
71.5291
72.2998
72.9879
47.2258
47.0428
46.722
46.3559
45.9934
45.6666
45.395
45.1938
45.0687
44.998
44.9558
44.921
44.8917
44.8663
44.84
44.808
44.7677
44.706
44.6109
44.4868
44.3506
44.1949
44.0254
43.8702
43.7482
43.6567
43.5991
43.564
43.5335
43.4995
43.4695
43.4527
43.4393
43.4192
43.3835
43.321
43.2342
43.1198
42.9759
42.7997
42.611
42.4307
42.2681
42.1275
42.0145
41.9289
41.8811
41.8752
41.8988
41.937
41.9642
41.9508
41.884
41.7578
41.5831
41.3773
41.1593
40.9341
40.7089
40.4773
40.2573
40.062
39.8826
39.7074
39.5536
39.4132
39.3115
39.2617
39.2828
39.3776
39.5279
39.7218
39.9521
40.1942
40.4507
40.6981
40.9229
41.1156
41.272
41.4107
41.5366
41.6379
41.7139
41.7632
41.7838
41.7922
41.8088
41.8364
41.8833
41.9561
42.0614
42.1939
42.3582
42.5457
42.7689
43.0025
43.258
43.5084
43.7705
44.0124
44.2486
44.4757
44.6997
44.924
45.1498
45.3704
45.5847
45.8019
46.0138
46.2172
46.414
46.5995
46.7747
46.936
47.0827
47.2157
47.3403
47.4546
47.5726
47.6811
47.8071
47.9272
48.0672
48.1992
48.3462
48.4961
48.662
48.8352
49.0187
49.2094
49.4028
49.5994
49.7919
49.9921
50.1931
50.4023
50.6196
50.8465
51.0843
51.3251
51.5758
51.8302
52.0941
52.3581
52.628
52.8889
53.1541
53.4126
53.6745
53.9208
54.169
54.4013
54.6345
54.8555
55.0767
55.2795
55.4782
55.6626
55.8429
56.0142
56.1829
56.3494
56.5136
56.6773
56.8424
57.0043
57.1692
57.3248
57.4887
57.6466
57.8093
57.9746
58.1453
58.316
58.5012
58.706
58.9299
59.1645
59.4196
59.6765
59.9647
60.2602
60.6038
60.9542
61.3677
61.7717
62.2574
62.7265
63.2877
63.8378
64.4911
65.1711
65.9466
66.8073
67.7574
68.8008
69.8692
70.9379
71.8608
72.4048
47.2195
47.0124
46.6724
46.304
45.9578
45.659
45.4212
45.2551
45.161
45.1148
45.0918
45.0729
45.0555
45.0389
45.0198
44.9909
44.9512
44.8885
44.7893
44.6594
44.5173
44.3562
44.1832
44.0262
43.9035
43.8176
43.7672
43.7364
43.7089
43.6764
43.6441
43.6251
43.6122
43.5975
43.5707
43.5145
43.4312
43.321
43.1823
43.01
42.8165
42.6233
42.4469
42.292
42.1674
42.0752
42.0272
42.0222
42.0497
42.0937
42.1301
42.1317
42.0847
41.9759
41.8177
41.6275
41.4268
41.2171
41.0027
40.773
40.5453
40.3312
40.1242
39.9202
39.7468
39.596
39.4953
39.4542
39.4926
39.5967
39.7497
39.938
40.1655
40.4059
40.656
40.903
41.1211
41.3098
41.4597
41.5883
41.7029
41.7877
41.8433
41.8701
41.8735
41.871
41.8757
41.8897
41.9286
41.9941
42.0921
42.2113
42.3619
42.5286
42.7298
42.9424
43.1758
43.4122
43.6589
43.8895
44.1097
44.3229
44.5319
44.7379
44.9396
45.1326
45.3151
45.4986
45.6752
45.8427
46.0052
46.1554
46.2964
46.4238
46.5433
46.6481
46.7528
46.8465
46.9476
47.0374
47.1429
47.2408
47.3552
47.4666
47.5877
47.7159
47.8587
48.014
48.177
48.3492
48.525
48.7051
48.8866
49.0779
49.2756
49.4824
49.7009
49.9277
50.1648
50.4021
50.6493
50.8962
51.1532
51.4091
51.6728
51.9303
52.1898
52.4396
52.6915
52.9305
53.1673
53.3902
53.6086
53.8151
54.021
54.2129
54.3985
54.5765
54.75
54.9215
55.0901
55.2581
55.4229
55.5886
55.7525
55.915
56.0783
56.2348
56.4003
56.5608
56.7247
56.8968
57.0704
57.2487
57.436
57.6367
57.8543
58.08
58.3288
58.5748
58.8606
59.145
59.4913
59.8261
60.2434
60.6344
61.1294
61.5979
62.1726
62.748
63.4213
64.1373
64.943
65.8392
66.8154
67.8995
68.9893
70.1259
70.9507
71.787
47.1614
46.9362
46.5895
46.2416
45.9298
45.6763
45.4864
45.3591
45.2904
45.2639
45.2598
45.2576
45.2501
45.2381
45.2225
45.1984
45.1607
45.0969
44.9965
44.8659
44.723
44.563
44.3935
44.2392
44.1155
44.0286
43.9783
43.9479
43.9233
43.8881
43.8487
43.8194
43.797
43.7748
43.746
43.6927
43.6099
43.5048
43.3743
43.2083
43.0185
42.8226
42.6423
42.4828
42.3536
42.2582
42.2083
42.2013
42.2274
42.2683
42.3093
42.3205
42.289
42.1988
42.0564
41.8807
41.6963
41.5041
41.3033
41.0848
40.8613
40.6394
40.4169
40.1959
40.0066
39.8452
39.743
39.7044
39.7404
39.8392
39.9909
40.1727
40.3884
40.6187
40.854
41.0908
41.3033
41.4839
41.6279
41.7437
41.843
41.9105
41.9529
41.9611
41.9508
41.9366
41.9312
41.9409
41.9793
42.0397
42.134
42.2456
42.3858
42.5372
42.716
42.9061
43.1168
43.3344
43.5618
43.7789
43.9846
44.1825
44.377
44.5643
44.741
44.9064
45.0609
45.212
45.3584
45.4921
45.6234
45.7387
45.8497
45.9443
46.0376
46.1162
46.1988
46.2685
46.3499
46.4201
46.5025
46.582
46.6713
46.7636
46.8628
46.9701
47.0907
47.2269
47.3705
47.5243
47.6881
47.8556
48.032
48.2152
48.4106
48.613
48.8304
49.0518
49.2859
49.5175
49.7597
49.9981
50.2481
50.4955
50.7518
51.002
51.2551
51.4951
51.7365
51.9655
52.1913
52.4019
52.6071
52.7978
52.9893
53.1678
53.3444
53.5133
53.6847
53.8553
54.0272
54.196
54.3634
54.5265
54.6892
54.8458
55.004
55.1555
55.3189
55.4768
55.6405
55.8114
55.9858
56.1619
56.3516
56.5434
56.7578
56.9675
57.2137
57.4429
57.7294
57.9957
58.3423
58.66
59.0803
59.463
59.9563
60.4271
61.0089
61.5907
62.2712
62.9962
63.8121
64.7026
65.6739
66.7179
67.7993
68.8774
69.8404
70.3833
47.1003
46.8643
46.5354
46.2261
45.9627
45.757
45.6074
45.5061
45.4524
45.4367
45.444
45.4542
45.4544
45.4443
45.43
45.4065
45.3663
45.3042
45.2119
45.0873
44.9458
44.7903
44.6292
44.4802
44.3564
44.2633
44.2058
44.1743
44.1512
44.1157
44.0719
44.0282
43.9921
43.9587
43.922
43.863
43.7802
43.6752
43.5538
43.4004
43.2184
43.0243
42.851
42.6975
42.5694
42.4721
42.4183
42.403
42.4245
42.459
42.4951
42.5068
42.4865
42.4136
42.2921
42.1335
41.9628
41.7871
41.6046
41.4019
41.1875
40.9678
40.7473
40.5213
40.3193
40.149
40.0401
39.9938
40.0195
40.1079
40.2476
40.4148
40.6129
40.8271
41.047
41.2659
41.4643
41.6301
41.7665
41.8684
41.9542
42.0081
42.0371
42.0345
42.0158
41.9931
41.9849
41.99
42.0255
42.0827
42.1762
42.2814
42.4132
42.5531
42.713
42.8853
43.0743
43.2699
43.4769
43.6783
43.8672
44.0485
44.2287
44.3951
44.5504
44.6904
44.8216
44.9454
45.0661
45.1699
45.2735
45.358
45.4415
45.5083
45.5782
45.6285
45.6867
45.733
45.7888
45.8402
45.8987
45.9575
46.0261
46.0974
46.1805
46.267
46.3696
46.4844
46.613
46.7489
46.9042
47.0606
47.237
47.4123
47.6081
47.804
48.0184
48.2315
48.4595
48.6822
48.9173
49.147
49.3884
49.6278
49.8764
50.1168
50.3608
50.5901
50.8203
51.039
51.2532
51.4524
51.6454
51.8248
52.0006
52.1674
52.334
52.4976
52.6654
52.835
53.0082
53.1771
53.3448
53.5049
53.6619
53.812
53.9633
54.1085
54.2649
54.4166
54.5731
54.7367
54.9053
55.0719
55.2588
55.437
55.6492
55.8373
56.0838
56.2897
56.5811
56.8241
57.1727
57.4753
57.8908
58.2654
58.755
59.2159
59.7915
60.3704
61.038
61.7434
62.5256
63.372
64.2749
65.2336
66.1812
67.1187
67.7173
68.5632
47.0636
46.8484
46.5487
46.2846
46.0653
45.8915
45.7637
45.6748
45.6259
45.6119
45.6204
45.6339
45.6388
45.6328
45.6197
45.5971
45.5622
45.5044
45.4161
45.294
45.1573
45.0107
44.8596
44.7152
44.5937
44.4995
44.4379
44.3993
44.3726
44.3403
44.2987
44.2503
44.2046
44.1546
44.1038
44.0407
43.9605
43.8545
43.7358
43.589
43.4206
43.2379
43.0691
42.9202
42.8001
42.706
42.6506
42.626
42.6387
42.6636
42.6945
42.7019
42.6816
42.6184
42.5168
42.3795
42.2273
42.0655
41.8975
41.7105
41.5106
41.2987
41.0841
40.8617
40.6602
40.4871
40.3703
40.313
40.3226
40.3892
40.5105
40.6597
40.8374
41.0289
41.2277
41.4218
41.6048
41.7559
41.885
41.9745
42.0477
42.0883
42.1095
42.1006
42.0818
42.0545
42.0444
42.0447
42.0786
42.1302
42.2174
42.3163
42.4392
42.5695
42.7157
42.8715
43.0424
43.2173
43.4052
43.586
43.7605
43.9255
44.0896
44.2371
44.3732
44.4887
44.6015
44.698
44.7987
44.8765
44.9582
45.0169
45.0782
45.1208
45.1662
45.1933
45.2267
45.248
45.2811
45.3076
45.3468
45.3817
45.4333
45.485
45.5518
45.6204
45.7083
45.8017
45.9194
46.0374
46.1874
46.3353
46.5118
46.6833
46.8773
47.0698
47.2771
47.4828
47.6996
47.9126
48.1341
48.3553
48.5841
48.8138
49.0505
49.2807
49.5113
49.7322
49.9502
50.1604
50.3638
50.5555
50.7388
50.9112
51.0775
51.2358
51.393
51.5536
51.7158
51.8824
52.0529
52.22
52.3849
52.5401
52.6909
52.8332
52.9768
53.1134
53.2613
53.4012
53.5501
53.694
53.8583
54.0027
54.1868
54.3362
54.5539
54.7081
54.9637
55.1367
55.428
55.6521
55.9955
56.2808
56.6946
57.0484
57.5294
57.9746
58.5301
59.084
59.7225
60.3735
61.0901
61.8246
62.5995
63.352
64.0658
64.6154
64.8406
64.4833
47.1162
46.9358
46.6731
46.4245
46.2166
46.0497
45.9321
45.8486
45.7952
45.7735
45.7729
45.7809
45.7877
45.7842
45.7726
45.7528
45.7187
45.6617
45.5813
45.4704
45.3428
45.2034
45.0619
44.9266
44.8143
44.7248
44.6599
44.616
44.5874
44.5586
44.5209
44.4745
44.4257
44.3698
44.3112
44.2416
44.1579
44.0519
43.9345
43.7948
43.6374
43.4639
43.3025
43.1596
43.041
42.9473
42.8894
42.8623
42.8661
42.8793
42.8965
42.8971
42.8767
42.8249
42.7406
42.6205
42.4831
42.3336
42.1795
42.0083
41.8213
41.6211
41.4157
41.2002
41.0046
40.831
40.7073
40.6384
40.6303
40.6742
40.7732
40.9037
41.0606
41.2281
41.4049
41.5745
41.7412
41.8761
41.9959
42.0753
42.1364
42.1677
42.1834
42.1687
42.1513
42.1227
42.1134
42.1112
42.1387
42.183
42.2557
42.3458
42.4586
42.5821
42.7181
42.8604
43.0181
43.1782
43.3491
43.5112
43.6717
43.8218
43.9702
44.0966
44.2164
44.31
44.4054
44.4805
44.5623
44.6199
44.6808
44.7208
44.7618
44.7833
44.8062
44.8113
44.8234
44.821
44.8343
44.8367
44.8563
44.8709
44.906
44.9402
44.9942
45.0457
45.1225
45.1959
45.3045
45.4087
45.5529
45.6957
45.8692
46.0384
46.2278
46.4157
46.6155
46.8123
47.0173
47.2173
47.4241
47.6309
47.8469
48.0622
48.2843
48.5023
48.7201
48.932
49.1419
49.3428
49.5414
49.7258
49.9058
50.0724
50.2359
50.3862
50.5414
50.6943
50.8544
51.012
51.1801
51.3385
51.5007
51.6464
51.7939
51.9247
52.0668
52.1899
52.3325
52.4507
52.5943
52.7076
52.8642
52.9753
53.1574
53.2699
53.4895
53.6159
53.864
54.0156
54.3014
54.4974
54.844
55.0993
55.5109
55.8416
56.3078
56.7221
57.2448
57.745
58.3288
58.8908
59.4969
60.06
60.602
61.0303
61.2669
61.1561
59.9995
57.9914
47.1187
47.0802
46.8313
46.5867
46.3801
46.21
46.0818
45.987
45.9222
45.8924
45.8882
45.8941
45.9022
45.9044
45.898
45.8795
45.846
45.7916
45.7157
45.6131
45.493
45.3636
45.2338
45.1096
45.0007
44.9127
44.8509
44.8111
44.7846
44.7573
44.7243
44.6824
44.6345
44.5787
44.5163
44.4433
44.3596
44.2559
44.1375
44.0006
43.8511
43.6892
43.5352
43.3946
43.2792
43.1879
43.1291
43.0953
43.0868
43.0904
43.0983
43.0941
43.0717
43.0226
42.9499
42.8457
42.7245
42.5852
42.4378
42.2747
42.1011
41.9118
41.7172
41.5147
41.3276
41.1595
41.0322
40.9545
40.9332
40.9607
41.038
41.1473
41.2836
41.4296
41.5874
41.7364
41.8845
42.003
42.1084
42.179
42.2299
42.2525
42.2611
42.2439
42.2273
42.1998
42.1887
42.1849
42.2031
42.2395
42.2994
42.3796
42.4808
42.5944
42.7217
42.8559
43.0022
43.1495
43.3045
43.4531
43.6013
43.7379
43.8716
43.9801
44.0846
44.162
44.2406
44.2986
44.3635
44.4057
44.4499
44.4734
44.496
44.4989
44.5025
44.4886
44.4821
44.4613
44.454
44.4377
44.4379
44.4359
44.4556
44.4742
44.5177
44.5551
44.6234
44.6833
44.7821
44.8781
45.0137
45.1511
45.3173
45.4816
45.6645
45.8452
46.0381
46.2245
46.4188
46.6043
46.7981
46.9887
47.1907
47.3893
47.5962
47.7997
48.0048
48.2066
48.4083
48.6017
48.7954
48.9761
49.1531
49.3186
49.4795
49.6305
49.7855
49.9341
50.0916
50.241
50.4059
50.5519
50.7119
50.8456
50.9933
51.1113
51.2525
51.36
51.493
51.585
51.7169
51.7949
51.9401
52.0132
52.1876
52.2646
52.4748
52.5699
52.8192
52.934
53.2276
53.3833
53.7356
53.9562
54.3593
54.6583
55.0983
55.4669
55.9424
56.3619
56.8661
57.2878
57.7462
58.0497
58.2879
58.1954
57.7604
56.563
54.2801
44.9808
-42.688
-4.55638
-8.02015
-2.95258
-4.02474
-2.04224
-1.65163
-0.437957
0.105592
0.79019
1.15424
1.49249
1.5522
1.68313
1.58477
1.58061
1.50746
1.19413
0.792361
0.653442
-29.515
-4.8621
-8.00631
-3.07994
-4.15391
-2.17255
-1.79572
-0.570172
-0.0258682
0.668838
1.03725
1.391
1.4552
1.59915
1.50386
1.50845
1.45514
1.13503
0.723731
0.60382
-19.262
-4.69903
-7.83606
-3.25105
-4.36168
-2.37529
-2.04326
-0.805569
-0.273659
0.43222
0.802851
1.18112
1.25263
1.42146
1.34038
1.35579
1.33326
1.00359
0.573912
0.502762
-10.2906
-3.81393
-7.06355
-3.37614
-4.47605
-2.59768
-2.29003
-1.08424
-0.561018
0.141115
0.516118
0.915285
0.994483
1.19214
1.13527
1.15297
1.16976
0.847802
0.388556
0.359336
-2.73915
-2.0685
-5.77086
-3.3739
-4.42836
-2.7941
-2.48453
-1.36792
-0.849699
-0.170567
0.206272
0.62541
0.713793
0.93438
0.912351
0.926012
0.972737
0.693527
0.204938
0.202893
3.4255
0.387915
-4.02943
-3.09129
-4.16908
-2.90435
-2.59725
-1.61787
-1.11307
-0.470515
-0.0999521
0.335886
0.437525
0.665313
0.680637
0.685948
0.740673
0.537971
0.0431769
0.0496304
8.4598
3.26586
-1.94739
-2.47016
-3.70362
-2.89086
-2.62328
-1.80461
-1.32989
-0.731589
-0.37532
0.0670442
0.184892
0.40211
0.445552
0.44406
0.481499
0.368327
-0.0938984
-0.0894163
12.6714
6.29471
0.349296
-1.5248
-3.05146
-2.72586
-2.54939
-1.89571
-1.46945
-0.919674
-0.585436
-0.15758
-0.0255869
0.16438
0.216901
0.21268
0.213652
0.176955
-0.209053
-0.204772
16.3038
9.29951
2.75971
-0.290211
-2.21239
-2.37559
-2.33643
-1.8465
-1.48631
-0.9965
-0.695777
-0.310924
-0.175139
-0.0258172
0.0131696
0.00404385
-0.0400964
-0.0264125
-0.307372
-0.291416
19.4858
12.1635
5.18875
1.18074
-1.19294
-1.82334
-1.95724
-1.63088
-1.35125
-0.939841
-0.686946
-0.369802
-0.248756
-0.150859
-0.144942
-0.168396
-0.253748
-0.215586
-0.396561
-0.352871
22.2829
14.8155
7.55333
2.80715
-0.0319449
-1.08507
-1.41618
-1.25513
-1.06675
-0.752259
-0.558931
-0.326605
-0.242274
-0.20746
-0.245699
-0.29319
-0.407873
-0.36538
-0.479245
-0.395449
24.7538
17.2304
9.79153
4.49503
1.2203
-0.203796
-0.741168
-0.749644
-0.662769
-0.460197
-0.338644
-0.204869
-0.177488
-0.211803
-0.289271
-0.360941
-0.487541
-0.453655
-0.540726
-0.418478
26.9602
19.4167
11.8664
6.17099
2.52182
0.769502
0.0231238
-0.160971
-0.190899
-0.111568
-0.0727573
-0.0413099
-0.0783443
-0.173897
-0.273685
-0.361628
-0.478503
-0.462366
-0.555317
-0.411909
28.9472
21.3785
13.7327
7.75847
3.81504
1.77017
0.810615
0.440895
0.283664
0.239699
0.196799
0.138908
0.0464611
-0.0884197
-0.191285
-0.288472
-0.377682
-0.385437
-0.504783
-0.368017
30.7652
23.116
15.3573
9.1915
5.02732
2.7207
1.54971
0.99624
0.715331
0.559843
0.448986
0.328762
0.201679
0.0517106
-0.0404777
-0.142406
-0.195515
-0.230229
-0.387331
-0.286569
32.4267
24.6016
16.7083
10.4198
6.08727
3.54812
2.17946
1.46194
1.07544
0.833086
0.67321
0.52108
0.381605
0.235381
0.159819
0.0563589
0.0373901
-0.0251887
-0.218853
-0.177885
33.9156
25.7988
17.7746
11.4196
6.9493
4.20813
2.66495
1.81553
1.35119
1.05073
0.862849
0.699837
0.561695
0.427963
0.364365
0.26002
0.265219
0.179766
-0.0371706
-0.0652616
35.1722
26.6425
18.5244
12.1471
7.56615
4.66317
2.98586
2.04802
1.53801
1.20811
1.00864
0.843274
0.708628
0.584113
0.523646
0.417605
0.434688
0.335116
0.113404
0.0245478
36.1401
27.1043
18.9267
12.5409
7.88409
4.88056
3.12695
2.14829
1.62322
1.28798
1.08708
0.921414
0.788061
0.667367
0.606279
0.49968
0.519918
0.418405
0.205491
0.0770758
36.3735
27.1471
19.0039
12.6261
7.94921
4.92433
3.15471
2.16948
1.64128
1.30336
1.10097
0.93475
0.802235
0.683859
0.62361
0.51959
0.54036
0.441157
0.242852
0.0997996
)
;

boundaryField
{
    inlet
    {
        type            calculated;
        value           nonuniform List<scalar> 
20
(
86.8112
83.7
81.735
80.1996
78.9508
77.9654
77.209
76.6553
76.2949
76.1156
76.1087
76.2779
76.629
77.1753
77.929
78.9111
80.1579
81.6925
83.6568
86.7676
)
;
    }
    outlet
    {
        type            calculated;
        value           uniform 0;
    }
    walls
    {
        type            calculated;
        value           nonuniform List<scalar> 
520
(
86.7676
74.4115
66.9798
63.4239
61.5069
60.0942
58.8723
57.7448
56.7003
55.6924
54.7279
53.7696
52.8556
51.9523
51.1178
50.3093
49.6051
48.9561
48.4609
48.121
48.0853
48.0472
47.9842
47.9025
47.8046
47.6956
47.5848
47.481
47.3886
47.3087
47.2399
47.1805
47.1288
47.0835
47.0436
47.0084
46.9775
46.9503
46.9266
46.906
46.8885
46.8739
46.8621
46.8529
46.8461
46.8413
46.838
46.8358
46.8342
46.8328
46.8314
46.8301
46.8289
46.8283
46.8284
46.8293
46.8309
46.8329
46.8348
46.8362
46.8372
46.8384
46.8404
46.844
46.8493
46.8566
46.8661
46.8778
46.8913
46.9061
46.9221
46.9394
46.958
46.9785
47.0014
47.026
47.0515
47.0769
47.1018
47.1258
47.1493
47.1718
47.1929
47.2119
47.2283
47.2427
47.2548
47.2645
47.2717
47.2766
47.2799
47.2821
47.2831
47.2829
47.2864
47.3014
47.3311
47.374
47.4227
47.4691
47.5083
47.5407
47.5677
47.5836
47.5991
47.6391
47.6812
47.7752
47.8212
47.9252
47.9676
48.0803
48.1234
48.2687
48.3718
48.5878
48.7378
48.9826
49.1545
49.4202
49.5933
49.8484
49.9954
50.2167
50.3291
50.5134
50.6104
50.8076
50.912
51.1141
51.2365
51.4609
51.611
51.8613
52.0469
52.33
52.531
52.8252
53.0227
53.3271
53.5171
53.8201
54.0013
54.3178
54.5055
54.8054
54.9712
55.23
55.3592
55.5879
55.7066
55.9371
56.0718
56.3125
56.4584
56.6928
56.8259
57.0413
57.1883
57.4286
57.5905
57.9022
58.0806
58.4442
58.5454
58.9777
58.8567
59.4837
59.3264
59.9491
59.6547
60.2931
60.0007
60.6835
60.405
61.0534
60.7013
61.3714
61.0167
61.6962
61.2768
61.9803
61.5081
62.2447
61.7626
62.4886
61.9282
62.4931
61.8931
62.3767
61.78
62.2149
61.5991
62.1079
61.3381
61.8265
60.9022
61.3947
60.3388
60.8197
59.7789
60.0363
58.8925
59.1704
57.8105
58.3683
56.714
57.4821
55.6391
56.1912
54.3093
54.1595
52.2268
51.4383
49.5878
48.1096
46.2617
44.587
42.6913
40.8144
36.3735
27.1471
19.0039
12.6261
7.94921
4.92433
3.15471
2.16948
1.64128
1.30336
1.10097
0.93475
0.802235
0.683859
0.62361
0.51959
0.54036
0.441157
0.242852
0.0997996
86.8112
74.3729
66.9694
63.4097
61.5181
60.0861
58.8777
57.7295
56.6998
55.669
54.7181
53.7316
52.8257
51.8832
51.041
50.1687
49.4047
48.6192
47.917
47.1366
47.1753
47.1484
47.1345
47.1216
47.0852
47.0195
46.9473
46.9026
46.904
46.9507
47.0298
47.1156
47.1898
47.2258
47.2195
47.1614
47.1003
47.0636
47.1162
47.1187
47.1753
47.1741
47.1769
47.1068
46.9632
46.7883
46.6136
46.4538
46.3101
46.1817
46.069
45.9779
45.9142
45.8732
45.8426
45.8261
45.8155
45.7946
45.7732
45.7566
45.747
45.7456
45.735
45.7122
45.677
45.6241
45.566
45.5161
45.4738
45.4191
45.3374
45.2395
45.1493
45.0863
45.0456
45.0061
44.9476
44.8647
44.7623
44.652
44.5562
44.5068
44.5006
44.5332
44.5909
44.6101
44.5705
44.4885
44.3815
44.2794
44.2104
44.1698
44.1436
44.1202
44.1029
44.0775
44.0223
43.9579
43.901
43.8567
43.8344
43.8264
43.8145
43.8267
43.859
43.899
43.9374
43.9839
44.0514
44.104
44.1676
44.2677
44.4124
44.5809
44.7269
44.8476
44.9387
45.0042
45.0726
45.1787
45.329
45.5305
45.7708
46.0317
46.284
46.5146
46.7538
47.0055
47.2559
47.4964
47.7415
47.9929
48.2396
48.4891
48.7297
48.9824
49.2706
49.5651
49.8604
50.1565
50.4581
50.7814
51.1351
51.5158
51.9046
52.2934
52.689
53.093
53.504
53.9268
54.3527
54.7604
55.1326
55.4681
55.786
56.0835
56.3591
56.6177
56.8678
57.1197
57.3742
57.6349
57.8975
58.1522
58.4015
58.645
58.8831
59.1327
59.3858
59.634
59.8777
60.1307
60.413
60.7049
60.9948
61.2893
61.5747
61.8306
62.0504
62.239
62.4239
62.6188
62.8319
63.0643
63.2988
63.516
63.7138
63.8925
64.0674
64.2555
64.463
64.6817
64.8986
65.1072
65.3081
65.5021
65.6949
65.8865
66.0755
66.2603
66.4431
66.6239
66.8022
66.9723
67.1288
67.269
67.3938
67.5064
67.6105
67.7063
67.7939
67.8754
67.9573
68.0449
68.1455
68.2654
68.4046
68.5517
68.7183
68.9136
69.1336
69.385
69.6426
69.9094
70.2103
70.5365
70.8634
71.1871
71.5265
71.8958
72.3166
72.8055
73.3643
73.9816
74.6388
75.2802
75.8417
76.2004
76.3929
76.5328
76.5328
76.3807
76.1443
75.8746
75.6182
75.3427
75.0546
74.7118
74.3662
73.9837
73.6794
73.2912
72.9879
72.4048
71.787
70.3833
68.5632
64.4833
57.9914
44.9808
-42.688
-4.55638
-8.02015
-2.95258
-4.02474
-2.04224
-1.65163
-0.437957
0.105592
0.79019
1.15424
1.49249
1.5522
1.68313
1.58477
1.58061
1.50746
1.19413
0.792361
0.653442
)
;
    }
    frontAndBack
    {
        type            empty;
    }
}


// ************************************************************************* //
