/*--------------------------------*- C++ -*----------------------------------*\
| =========                 |                                                 |
| \\      /  F ield         | OpenFOAM: The Open Source CFD Toolbox           |
|  \\    /   O peration     | Version:  2.4.0                                 |
|   \\  /    A nd           | Web:      www.OpenFOAM.org                      |
|    \\/     M anipulation  |                                                 |
\*---------------------------------------------------------------------------*/
FoamFile
{
    version     2.0;
    format      ascii;
    class       surfaceScalarField;
    location    "0.48";
    object      phi;
}
// * * * * * * * * * * * * * * * * * * * * * * * * * * * * * * * * * * * * * //

dimensions      [0 3 -1 0 0 0 0];

internalField   nonuniform List<scalar> 
8640
(
0.0498541
0.000145931
0.0488835
0.000970604
0.0489888
-0.000105347
0.0477637
0.00122509
0.0480942
-0.00033044
0.0469672
0.00112695
0.0469465
2.0728e-05
0.0462023
0.000744194
0.0460418
0.000160502
0.044252
0.00178982
0.0463232
-0.00207126
0.0408384
0.00548486
0.04406
-0.00322168
0.0375921
0.00646794
0.0382835
-0.000691354
0.0412818
-0.0029983
0.0288991
0.0123826
0.0468546
-0.0179555
0.0441692
0.00268544
0.0183449
0.0258243
0.0509169
-0.000770954
0.0497403
0.00214716
0.0505802
-0.000945228
0.0500551
0.00175022
0.0498661
-0.000141462
0.0507998
0.0001933
0.0497265
0.00109395
0.0501228
0.000347929
0.051503
-0.00121974
0.0475072
0.00578562
0.0526512
-0.00721521
0.0451329
0.0130032
0.0495433
-0.00763211
0.0450039
0.0110073
0.04235
0.00196252
0.0588245
-0.0194727
0.0357637
0.0354434
0.0445384
-0.0267302
0.0552324
-0.00800862
0.0267737
0.0468036
0.0502541
-0.00102508
0.0500205
0.00238079
0.0504282
-0.00135296
0.0500772
0.00210129
0.0504997
-0.000563978
0.0502676
0.000425369
0.0504929
0.000868668
0.0502716
0.000569182
0.0511424
-0.00209052
0.0489531
0.00797493
0.0533437
-0.0116058
0.0477107
0.0186362
0.0526027
-0.0125241
0.0565202
0.00708981
0.0452094
0.0132733
0.0580159
-0.0322793
0.0536139
0.0398454
0.0480017
-0.021118
0.0580104
-0.0180173
0.0352519
0.0495323
0.0503895
-0.00141458
0.050036
0.00273433
0.0503138
-0.00163081
0.0503221
0.00209304
0.050087
-0.000328859
0.0506396
-0.000127325
0.0502219
0.00128643
0.0503135
0.000477599
0.0510316
-0.00280862
0.049984
0.00902251
0.0516537
-0.0132756
0.0521053
0.0181847
0.0524954
-0.0129143
0.0569726
0.00261268
0.050758
0.0194879
0.0545982
-0.0361194
0.0587277
0.0357159
0.0521422
-0.0145325
0.0593331
-0.0252081
0.0328017
0.0617832
0.0500412
-0.00145579
0.0501159
0.00265968
0.0502634
-0.00177835
0.0501395
0.00221698
0.0505216
-0.000711016
0.050098
0.000296328
0.0506673
0.000717069
0.0503448
0.000800093
0.0504492
-0.00291295
0.0510508
0.00842087
0.0507964
-0.0130212
0.0523353
0.0166457
0.0517017
-0.0122806
0.0541982
0.000116175
0.0518599
0.0218262
0.0526352
-0.0368948
0.0576785
0.0306726
0.0507207
-0.00757475
0.054148
-0.0286355
0.0266041
0.0603456
0.0500657
-0.00152151
0.0501341
0.00259134
0.050114
-0.00175825
0.0503024
0.00202852
0.0501482
-0.000556809
0.0504047
3.97891e-05
0.0502907
0.000831114
0.0504572
0.000633596
0.0503339
-0.00278963
0.0510951
0.00765968
0.0497299
-0.011656
0.052296
0.0140797
0.0498042
-0.00978878
0.0514517
-0.00153139
0.0531001
0.0201778
0.0496476
-0.0334423
0.0547772
0.025543
0.0512239
-0.00402144
0.0521248
-0.0295364
0.025609
0.0531199
0.0499847
-0.00150626
0.0501052
0.00247087
0.0501762
-0.00182925
0.0501513
0.0020534
0.050404
-0.000809522
0.0501266
0.00031724
0.050517
0.000440726
0.0504133
0.000737292
0.0502385
-0.0026148
0.051225
0.00667313
0.0496037
-0.0100347
0.0518564
0.011827
0.0498146
-0.00774707
0.0506623
-0.00237905
0.0526291
0.0182111
0.0490767
-0.02989
0.0528787
0.0217411
0.0504034
-0.00154613
0.0498863
-0.0290193
0.022573
0.0529223
0.0499264
-0.00143269
0.050166
0.00223127
0.0500285
-0.0016917
0.0502888
0.00179306
0.0501925
-0.000713155
0.0502712
0.000238496
0.0504048
0.000307161
0.0503778
0.000764288
0.0503036
-0.00254058
0.0511134
0.0058633
0.0496161
-0.00853743
0.0519425
0.00950062
0.0497478
-0.00555236
0.0505517
-0.00318292
0.0526088
0.016154
0.0481307
-0.0254119
0.0514571
0.0184147
0.0510352
-0.00112422
0.0487758
-0.0267599
0.020715
0.0506338
0.0499392
-0.00137189
0.0501116
0.00205882
0.0500946
-0.0016747
0.0501947
0.001693
0.0502743
-0.000792701
0.0502243
0.000288501
0.0503463
0.000185083
0.0505126
0.000598017
0.0501327
-0.00216073
0.0511796
0.00481649
0.0495968
-0.00695472
0.0516943
0.00740321
0.0498118
-0.00366987
0.0506804
-0.00405159
0.0520162
0.0148182
0.048886
-0.0222817
0.0516987
0.0156019
0.0509477
-0.000373154
0.0491572
-0.0249694
0.0191677
0.0507046
0.0498946
-0.00126652
0.0501488
0.00180464
0.0500278
-0.00155368
0.0502472
0.00147362
0.0502289
-0.00077448
0.0502143
0.000303124
0.0504208
-2.14255e-05
0.0503973
0.00062158
0.0502474
-0.00201087
0.0510406
0.00402328
0.0497412
-0.00565534
0.0515215
0.00562295
0.0499607
-0.00210904
0.0506317
-0.00472266
0.0520654
0.0133846
0.0491762
-0.0193926
0.0518016
0.0129765
0.0516461
-0.000217641
0.0488941
-0.0222174
0.0174789
0.0505829
0.0499038
-0.00117034
0.0501305
0.00157801
0.0500397
-0.00146292
0.0502385
0.0012748
0.0501968
-0.000732724
0.0502908
0.000209097
0.0502953
-2.59831e-05
0.050506
0.000410968
0.0501912
-0.00169614
0.0509964
0.00321814
0.049866
-0.00452496
0.0514115
0.00407746
0.0501476
-0.000845118
0.050636
-0.00521114
0.0518697
0.0121509
0.0493375
-0.0168604
0.051933
0.0103811
0.0507044
0.00101091
0.0488307
-0.0203437
0.0144794
0.0518301
0.0498907
-0.00106104
0.0501366
0.00133213
0.0500339
-0.00136019
0.0502315
0.0010772
0.0502263
-0.000727566
0.0502282
0.000207215
0.0503749
-0.000172744
0.0504519
0.000334017
0.0502084
-0.00145262
0.0509718
0.00245474
0.0499295
-0.00348267
0.0512172
0.0027897
0.050346
2.6143e-05
0.0505206
-0.00538576
0.0518242
0.0108473
0.0494279
-0.0144642
0.0515255
0.00828347
0.0512962
0.00124026
0.0490523
-0.0180998
0.0129081
0.0506237
0.0498928
-0.000953817
0.0501378
0.00108713
0.0500318
-0.00125421
0.0502457
0.00086327
0.0501844
-0.000666213
0.0503018
8.97602e-05
0.0503027
-0.0001736
0.0504874
0.000149318
0.0502529
-0.00121812
0.0508675
0.0018401
0.0500523
-0.00266742
0.0511498
0.00169217
0.0504017
0.000774265
0.0504727
-0.00545679
0.0518267
0.00949332
0.0495677
-0.0122052
0.0514318
0.0064194
0.0509183
0.00175374
0.049119
-0.0163005
0.0107238
0.0513033
0.0498934
-0.000847224
0.0501405
0.000840014
0.0500396
-0.0011533
0.0502342
0.000668739
0.0502178
-0.000649899
0.0502603
4.73188e-05
0.0503492
-0.000262511
0.0504687
2.98166e-05
0.0502552
-0.00100462
0.0508512
0.00124415
0.0501475
-0.00196382
0.0509463
0.000893462
0.0506399
0.00108062
0.0503792
-0.00519612
0.0517369
0.00813561
0.0496996
-0.0101679
0.0512678
0.00485121
0.0511853
0.00183629
0.0488414
-0.0139567
0.00885451
0.0507108
0.0498983
-0.000745567
0.0501463
0.000592025
0.0500429
-0.00104988
0.0502436
0.000468024
0.0501976
-0.000603893
0.0503043
-5.93598e-05
0.0503252
-0.000283393
0.0504714
-0.000116388
0.0503232
-0.000856393
0.0507589
0.000808406
0.050244
-0.00144894
0.0508793
0.000258185
0.0507337
0.00122618
0.0502689
-0.00473127
0.0517826
0.0066219
0.0497965
-0.00818174
0.0510313
0.00361636
0.0511337
0.00173393
0.0490217
-0.0118447
0.00732775
0.0505484
0.0499056
-0.000651173
0.0501532
0.000344457
0.0500519
-0.000948562
0.0502397
0.000280196
0.0502239
-0.000588086
0.0502872
-0.000122693
0.050353
-0.000349143
0.0504672
-0.000230589
0.0503308
-0.000719983
0.0507406
0.000398566
0.0503362
-0.00104456
0.0507234
-0.000129016
0.0509065
0.0010431
0.0502383
-0.00406309
0.0516687
0.00519146
0.0499421
-0.00645514
0.0509839
0.00257461
0.0511631
0.00155474
0.0488894
-0.009571
0.00571279
0.0505044
0.049917
-0.000568157
0.050162
9.94736e-05
0.0500587
-0.000845299
0.0502474
9.15035e-05
0.0502256
-0.000566283
0.0503093
-0.000206385
0.0503572
-0.000397058
0.050461
-0.000334399
0.0503979
-0.000656848
0.0506693
0.000127136
0.0504175
-0.000792756
0.0506511
-0.000362654
0.0509891
0.000705115
0.0501571
-0.00323102
0.0516707
0.00367777
0.0500491
-0.00483349
0.0507777
0.00184596
0.0512843
0.00104824
0.0489639
-0.00725066
0.00442258
0.0502541
0.0499338
-0.000501933
0.0501713
-0.000138081
0.0500646
-0.000738604
0.0502533
-9.71366e-05
0.0502421
-0.000555111
0.0503137
-0.000277959
0.0503715
-0.00045484
0.0504647
-0.000427592
0.0504018
-0.00059396
0.0506591
-0.000130226
0.0504746
-0.000608255
0.0505631
-0.000451146
0.0510467
0.0002215
0.0501421
-0.00232638
0.0515738
0.00224609
0.0500981
-0.00335782
0.0507335
0.00121053
0.0512389
0.000542891
0.0488987
-0.0049105
0.00312288
0.0501984
0.0499705
-0.000472439
0.050172
-0.000339542
0.0500447
-0.000611289
0.0502356
-0.000288109
0.0501899
-0.000509421
0.0502723
-0.000360333
0.0502694
-0.000451892
0.0503166
-0.000474804
0.0502633
-0.000540646
0.0504181
-0.000285081
0.0502709
-0.000461024
0.0502836
-0.000463841
0.050657
-0.00015192
0.049706
-0.00137536
0.0511049
0.000847185
0.0495587
-0.0018116
0.0502899
0.000479325
0.0507293
0.000103432
0.0483489
-0.00253008
0.00162807
0.0498437
0.0495276
0.049188
0.0485767
0.0482886
0.0477792
0.0474189
0.046967
0.0464922
0.0459515
0.0456664
0.0452054
0.0447416
0.0445897
0.0432143
0.0440615
0.0422499
0.0427292
0.0428326
0.0403026
0.0419306
0.0332102
-0.0460998
0.0387139
0.0488818
-0.0421283
0.0264567
0.0565603
0.0229333
-0.0306118
0.0524656
0.0249324
-0.0208377
0.0459697
-0.0300858
0.0365817
0.0411784
-0.0772356
0.0820269
0.0358083
-0.0881038
0.0934739
0.0307611
-0.0759268
0.080974
0.0280833
-0.0581533
0.0608311
0.0269298
-0.0418564
0.04301
0.0263185
-0.0290812
0.0296925
0.0259105
-0.0197135
0.0201215
0.0256348
-0.0131796
0.0134553
0.0254608
-0.00876801
0.008942
0.0253561
-0.00581842
0.00592308
0.0252954
-0.00384854
0.00390928
0.0252613
-0.00253482
0.00256892
0.0252427
-0.0016619
0.00168056
0.0252326
-0.00108482
0.00109492
0.0252271
-0.000705283
0.000710764
0.0252241
-0.000456825
0.00045984
0.0252224
-0.000294879
0.000296569
0.0252214
-0.000189712
0.000190678
0.0252208
-0.000121658
0.000122222
0.0252205
-7.777e-05
7.81044e-05
0.0252203
-4.9558e-05
4.97591e-05
0.0252202
-3.14808e-05
3.16035e-05
0.0252201
-1.99337e-05
2.00089e-05
0.0252201
-1.25843e-05
1.26306e-05
0.02522
-7.91764e-06
7.9469e-06
0.02522
-4.96722e-06
4.98485e-06
0.02522
-3.1066e-06
3.1171e-06
0.02522
-1.9346e-06
1.94217e-06
0.02522
-1.20311e-06
1.20684e-06
0.02522
-7.4482e-07
7.4725e-07
0.02522
-4.59734e-07
4.61795e-07
0.02522
-2.83034e-07
2.84153e-07
0.02522
-1.72953e-07
1.7311e-07
0.02522
-1.05947e-07
1.06582e-07
0.02522
-6.39651e-08
6.48965e-08
0.02522
-3.9149e-08
3.92082e-08
0.02522
-2.49961e-08
2.47201e-08
0.02522
-1.36149e-08
1.32792e-08
0.02522
-9.9438e-09
9.83639e-09
0.02522
-4.71035e-09
5.11755e-09
0.02522
-2.8942e-09
2.91303e-09
0.02522
-2.62672e-09
2.54684e-09
0.02522
-1.1678e-09
1.5607e-09
0.02522
5.11727e-10
-4.66004e-10
0.02522
-1.6297e-09
1.19902e-09
0.02522
-8.17204e-10
5.22895e-10
0.02522
1.8574e-09
-2.05417e-09
0.02522
-2.64788e-09
2.68394e-09
0.02522
1.93152e-09
-1.48167e-09
0.02522
-6.59794e-10
6.12586e-10
0.02522
-1.03439e-09
5.95669e-10
0.02522
1.53371e-09
-1.61525e-09
0.02522
-1.42322e-09
1.65691e-09
0.02522
2.148e-09
-1.92865e-09
0.02522
-1.25303e-09
1.26149e-09
0.02522
-1.78351e-10
-4.81901e-11
0.02522
2.17545e-09
-2.29611e-09
0.02522
-2.66056e-09
2.96716e-09
0.02522
2.29218e-09
-1.78136e-09
0.02522
1.17552e-09
-1.06221e-09
0.02522
-3.11873e-09
2.87773e-09
0.02522
2.52323e-09
-2.8445e-09
0.02522
-1.50816e-10
-5.78249e-12
0.02522
-2.06898e-09
2.2609e-09
0.02522
3.00309e-09
-2.75382e-09
0.02522
-1.01916e-09
9.91694e-10
0.02522
-2.39931e-09
2.04899e-09
0.02522
3.27947e-09
-3.59786e-09
0.02522
-4.55846e-10
3.30072e-10
0.02522
-3.6163e-09
3.72198e-09
0.02522
3.23006e-09
-2.98508e-09
0.02522
2.51229e-09
-2.2343e-09
0.02522
-4.18021e-09
4.35745e-09
0.02522
-1.44941e-10
3.24734e-11
0.02522
4.01639e-09
-4.13125e-09
0.02522
-1.67081e-09
1.61859e-09
0.02522
-3.50871e-09
3.54559e-09
0.02522
1.28072e-09
-1.15971e-09
0.02522
1.17164e-09
-1.19031e-09
0.02522
-1.47036e-09
1.23765e-09
0.02522
-2.75392e-09
2.53027e-09
0.02522
-3.49094e-10
3.13522e-10
0.02522
1.33612e-09
-1.07391e-09
0.02522
2.01053e-09
-1.72198e-09
0.02522
-1.70686e-09
1.90419e-09
0.02522
-3.0203e-09
2.85616e-09
0.02522
3.17861e-10
-4.39649e-10
0.02522
3.41312e-09
-3.48337e-09
0.02522
1.74268e-09
-1.68503e-09
0.02522
-1.27392e-09
1.46953e-09
0.02522
-2.45851e-10
-1.4757e-10
0.02522
1.63211e-10
-3.84563e-10
0.02522
1.256e-09
-1.27093e-09
0.02522
-4.99298e-10
4.09907e-10
-4.21294e-10
4.86503e-10
0.0532084
-0.0525046
0.0562672
-0.0451871
0.0571585
0.022042
0.0528089
0.0292819
0.0465984
-0.0238753
0.0419305
-0.0725676
0.0375696
-0.0837429
0.0327027
-0.0710599
0.0292106
-0.0546612
0.0275394
-0.0401852
0.0267158
-0.0282577
0.0261901
-0.0191878
0.0258198
-0.0128093
0.0255777
-0.00852583
0.0254306
-0.00567139
0.025344
-0.00376189
0.0252932
-0.00248407
0.0252635
-0.00163222
0.0252461
-0.00106741
0.0252358
-0.000694997
0.0252297
-0.000450688
0.025226
-0.000291162
0.0252237
-0.000187439
0.0252223
-0.000120257
0.0252214
-7.68982e-05
0.0252209
-4.90138e-05
0.0252206
-3.1141e-05
0.0252204
-1.97216e-05
0.0252202
-1.24477e-05
0.0252201
-7.83371e-06
0.0252201
-4.91743e-06
0.02522
-3.07235e-06
0.02522
-1.91318e-06
0.02522
-1.18932e-06
0.02522
-7.36902e-07
0.02522
-4.5327e-07
0.02522
-2.7904e-07
0.02522
-1.72616e-07
0.02522
-1.03567e-07
0.02522
-6.0842e-08
0.02522
-4.01768e-08
0.02522
-2.67234e-08
0.02522
-1.59309e-08
0.02522
-8.49004e-09
0.02522
-2.24853e-09
0.02522
-4.13771e-09
0.02522
-3.89797e-09
0.02522
2.03315e-09
0.02522
-4.68378e-10
0.02522
-3.62067e-09
0.02522
-1.53705e-09
0.02522
-5.96331e-10
0.02522
7.74322e-10
0.02522
2.57169e-09
0.02522
-1.97545e-09
0.02522
-2.92962e-09
0.02522
1.72926e-09
0.02522
1.34157e-09
0.02522
1.05057e-09
0.02522
-4.84261e-10
0.02522
-2.16866e-09
0.02522
9.32102e-10
0.02522
3.05949e-09
0.02522
2.86431e-09
0.02522
3.94508e-10
0.02522
-3.00488e-09
0.02522
-2.07453e-09
0.02522
4.87502e-10
0.02522
1.67717e-09
0.02522
2.00036e-09
0.02522
-5.717e-10
0.02522
-3.04572e-09
0.02522
-1.85032e-09
0.02522
-3.4201e-10
0.02522
7.23674e-10
0.02522
2.41852e-09
0.02522
2.18547e-09
0.02522
2.27401e-10
0.02522
-1.04063e-09
0.02522
-1.58476e-09
0.02522
-8.22671e-10
0.02522
8.36176e-10
0.02522
1.02465e-09
0.02522
-8.7212e-10
0.02522
-2.68804e-09
0.02522
-2.50673e-09
0.02522
-6.21597e-10
0.02522
1.35001e-09
0.02522
1.33625e-09
0.02522
5.90372e-10
0.02522
-4.34871e-10
0.02522
5.37747e-11
0.02522
3.02755e-10
0.02522
8.34107e-10
0.02522
2.24298e-10
0.02522
-1.00985e-09
0.02522
-5.29606e-10
0.02522
2.53059e-10
0.02522
8.00058e-10
4.52248e-10
0.0450528
-0.0480251
0.0523601
-0.0524944
0.0560475
0.0183546
0.0532429
0.0320866
0.0483968
-0.0190293
0.0420175
-0.0661883
0.037326
-0.0790515
0.0336822
-0.0674161
0.0302584
-0.0512374
0.0281934
-0.0381201
0.0271099
-0.0271742
0.0264504
-0.0185283
0.026001
-0.0123599
0.0256987
-0.00822349
0.0255077
-0.00548044
0.0253927
-0.00364689
0.0253245
-0.00241586
0.0252838
-0.00159157
0.0252594
-0.00104292
0.0252444
-0.000680075
0.0252353
-0.000441506
0.0252296
-0.000285467
0.025226
-0.000183885
0.0252238
-0.000118028
0.0252224
-7.54966e-05
0.0252215
-4.81313e-05
0.0252209
-3.05843e-05
0.0252206
-1.93714e-05
0.0252204
-1.2227e-05
0.0252202
-7.69537e-06
0.0252201
-4.83084e-06
0.0252201
-3.01822e-06
0.02522
-1.87913e-06
0.02522
-1.16832e-06
0.02522
-7.24056e-07
0.02522
-4.45638e-07
0.02522
-2.73627e-07
0.02522
-1.6962e-07
0.02522
-1.01488e-07
0.02522
-5.95917e-08
0.02522
-3.99749e-08
0.02522
-2.62156e-08
0.02522
-1.55907e-08
0.02522
-8.49961e-09
0.02522
-1.87076e-09
0.02522
-4.05454e-09
0.02522
-4.18954e-09
0.02522
2.52759e-09
0.02522
-5.80842e-10
0.02522
-4.06431e-09
0.02522
-1.29178e-09
0.02522
-7.8648e-10
0.02522
7.35519e-10
0.02522
2.66582e-09
0.02522
-1.88442e-09
0.02522
-3.21171e-09
0.02522
1.8291e-09
0.02522
1.487e-09
0.02522
8.03909e-10
0.02522
-1.74875e-10
0.02522
-2.16913e-09
0.02522
6.36868e-10
0.02522
3.45455e-09
0.02522
2.90331e-09
0.02522
2.75061e-10
0.02522
-2.72422e-09
0.02522
-2.37621e-09
0.02522
3.99005e-10
0.02522
1.96813e-09
0.02522
1.72397e-09
0.02522
-5.74838e-10
0.02522
-2.9157e-09
0.02522
-2.25002e-09
0.02522
-3.29881e-10
0.02522
1.09731e-09
0.02522
2.17973e-09
0.02522
2.08993e-09
0.02522
7.64368e-10
0.02522
-1.0248e-09
0.02522
-1.99653e-09
0.02522
-7.58746e-10
0.02522
1.1664e-09
0.02522
9.39272e-10
0.02522
-1.21489e-09
0.02522
-2.85811e-09
0.02522
-2.33084e-09
0.02522
-4.37311e-10
0.02522
1.44117e-09
0.02522
1.30034e-09
0.02522
6.59129e-10
0.02522
-4.23621e-10
0.02522
-1.35224e-11
0.02522
6.67804e-11
0.02522
7.52388e-10
0.02522
6.86139e-10
0.02522
-1.19326e-09
0.02522
-5.86901e-10
0.02522
4.03361e-10
0.02522
4.64084e-10
2.55899e-10
0.0516908
-0.0379327
0.0491259
-0.0499295
0.0527199
0.0147606
0.0518843
0.0329221
0.0486307
-0.0157757
0.0418003
-0.0593579
0.0361827
-0.0734339
0.0334887
-0.0647221
0.0309327
-0.0486815
0.0288097
-0.0359971
0.0275245
-0.025889
0.0266986
-0.0177024
0.0261517
-0.011813
0.0258019
-0.00787372
0.0255806
-0.0052591
0.0254419
-0.00350825
0.0253565
-0.00233041
0.0253043
-0.00153943
0.0252725
-0.00101108
0.0252529
-0.000660459
0.0252407
-0.00042931
0.025233
-0.000277825
0.0252282
-0.000179073
0.0252252
-0.00011499
0.0252233
-7.35756e-05
0.0252221
-4.69166e-05
0.0252213
-2.98163e-05
0.0252208
-1.88864e-05
0.0252205
-1.19218e-05
0.0252203
-7.50358e-06
0.0252202
-4.71041e-06
0.0252201
-2.94258e-06
0.0252201
-1.83227e-06
0.02522
-1.13937e-06
0.02522
-7.05888e-07
0.02522
-4.34779e-07
0.02522
-2.66783e-07
0.02522
-1.64949e-07
0.02522
-9.87185e-08
0.02522
-5.86731e-08
0.02522
-3.96544e-08
0.02522
-2.48945e-08
0.02522
-1.4605e-08
0.02522
-8.64047e-09
0.02522
-1.98654e-09
0.02522
-3.73459e-09
0.02522
-4.07244e-09
0.02522
2.43066e-09
0.02522
-8.45541e-10
0.02522
-4.15308e-09
0.02522
-7.30882e-10
0.02522
-6.76684e-10
0.02522
3.11549e-10
0.02522
2.29347e-09
0.02522
-1.61645e-09
0.02522
-2.77773e-09
0.02522
1.66484e-09
0.02522
1.41897e-09
0.02522
3.73447e-10
0.02522
6.26735e-11
0.02522
-1.68348e-09
0.02522
5.17329e-10
0.02522
3.31165e-09
0.02522
2.57653e-09
0.02522
2.32659e-10
0.02522
-2.43125e-09
0.02522
-2.17491e-09
0.02522
5.12923e-10
0.02522
1.73722e-09
0.02522
1.34439e-09
0.02522
-5.51222e-10
0.02522
-2.71537e-09
0.02522
-2.11519e-09
0.02522
-1.74712e-10
0.02522
9.49997e-10
0.02522
1.94453e-09
0.02522
2.16422e-09
0.02522
7.55138e-10
0.02522
-1.04114e-09
0.02522
-1.77483e-09
0.02522
-6.13432e-10
0.02522
1.03766e-09
0.02522
7.23015e-10
0.02522
-1.34293e-09
0.02522
-2.82446e-09
0.02522
-2.18743e-09
0.02522
-2.06205e-10
0.02522
1.60242e-09
0.02522
1.27422e-09
0.02522
4.86356e-10
0.02522
-7.2195e-10
0.02522
-1.55258e-11
0.02522
1.1432e-10
0.02522
7.41223e-10
0.02522
1.04299e-09
0.02522
-1.38287e-09
0.02522
-4.53093e-10
0.02522
6.90402e-10
0.02522
-2.16321e-11
-6.62368e-11
0.0553786
-0.0329657
0.0472954
-0.0418463
0.0465133
0.0155427
0.0486109
0.0308245
0.0481576
-0.0153223
0.0433535
-0.0545538
0.036534
-0.0666144
0.0328832
-0.0610713
0.0311533
-0.0469516
0.0292974
-0.0341411
0.0279234
-0.024515
0.026996
-0.0167751
0.0263274
-0.0111444
0.0258922
-0.0074386
0.0256326
-0.00499947
0.0254778
-0.00335347
0.0253825
-0.00223507
0.0253226
-0.00147955
0.0252848
-0.000973303
0.025261
-0.000636627
0.025246
-0.000414262
0.0252364
-0.000268307
0.0252304
-0.000173042
0.0252266
-0.000111165
0.0252242
-7.11492e-05
0.0252226
-4.53784e-05
0.0252216
-2.88419e-05
0.025221
-1.82706e-05
0.0252206
-1.15339e-05
0.0252204
-7.2595e-06
0.0252202
-4.55703e-06
0.0252201
-2.84639e-06
0.0252201
-1.7726e-06
0.0252201
-1.10244e-06
0.02522
-6.82848e-07
0.02522
-4.20854e-07
0.02522
-2.57774e-07
0.02522
-1.59323e-07
0.02522
-9.57962e-08
0.02522
-5.71371e-08
0.02522
-3.86418e-08
0.02522
-2.35516e-08
0.02522
-1.35531e-08
0.02522
-8.6621e-09
0.02522
-1.94362e-09
0.02522
-3.49008e-09
0.02522
-4.22398e-09
0.02522
2.5191e-09
0.02522
-8.0024e-10
0.02522
-4.3493e-09
0.02522
-4.60573e-10
0.02522
-5.27808e-10
0.02522
-3.15608e-11
0.02522
2.15303e-09
0.02522
-1.31525e-09
0.02522
-2.75554e-09
0.02522
1.62855e-09
0.02522
1.37273e-09
0.02522
1.81036e-10
0.02522
2.02837e-10
0.02522
-1.39313e-09
0.02522
4.0163e-10
0.02522
3.09256e-09
0.02522
2.4895e-09
0.02522
2.06441e-10
0.02522
-2.20576e-09
0.02522
-1.99116e-09
0.02522
4.55e-10
0.02522
1.56494e-09
0.02522
1.16059e-09
0.02522
-5.61645e-10
0.02522
-2.52511e-09
0.02522
-1.98198e-09
0.02522
-1.69513e-10
0.02522
8.70401e-10
0.02522
1.81451e-09
0.02522
2.08883e-09
0.02522
8.15876e-10
0.02522
-9.52774e-10
0.02522
-1.66023e-09
0.02522
-5.6604e-10
0.02522
9.48649e-10
0.02522
6.04056e-10
0.02522
-1.42534e-09
0.02522
-2.81676e-09
0.02522
-2.00678e-09
0.02522
-3.68306e-11
0.02522
1.70781e-09
0.02522
1.20027e-09
0.02522
3.63265e-10
0.02522
-9.40431e-10
0.02522
4.02134e-11
0.02522
1.20738e-10
0.02522
7.16642e-10
0.02522
1.37569e-09
0.02522
-1.61145e-09
0.02522
-3.2971e-10
0.02522
9.28215e-10
0.02522
-4.89816e-10
-3.71765e-10
0.0469585
-0.0268042
0.0421386
-0.0370265
0.0430801
0.0146012
0.0477872
0.0261174
0.0479654
-0.0155005
0.0444711
-0.0510595
0.0380478
-0.0601911
0.0325719
-0.0555953
0.0306919
-0.0450716
0.0294998
-0.032949
0.0281338
-0.0231489
0.0271732
-0.0158145
0.0265264
-0.0104975
0.0260548
-0.00696704
0.0257334
-0.00467803
0.0255334
-0.00315355
0.0254136
-0.00211528
0.0253413
-0.00140725
0.0252968
-0.000928706
0.0252687
-0.000608624
0.025251
-0.00039651
0.0252397
-0.000257011
0.0252325
-0.000165848
0.0252279
-0.000106584
0.025225
-6.82358e-05
0.0252232
-4.35278e-05
0.025222
-2.76684e-05
0.0252212
-1.75283e-05
0.0252208
-1.1066e-05
0.0252205
-6.96495e-06
0.0252203
-4.37177e-06
0.0252202
-2.73024e-06
0.0252201
-1.7006e-06
0.0252201
-1.05794e-06
0.02522
-6.54995e-07
0.02522
-4.03734e-07
0.02522
-2.4701e-07
0.02522
-1.52788e-07
0.02522
-9.22424e-08
0.02522
-5.51456e-08
0.02522
-3.74035e-08
0.02522
-2.19574e-08
0.02522
-1.22502e-08
0.02522
-8.58787e-09
0.02522
-2.05628e-09
0.02522
-3.22984e-09
0.02522
-4.22686e-09
0.02522
2.49897e-09
0.02522
-8.31569e-10
0.02522
-4.50392e-09
0.02522
-8.70424e-11
0.02522
-3.1229e-10
0.02522
-3.99322e-10
0.02522
1.90682e-09
0.02522
-1.11342e-09
0.02522
-2.44721e-09
0.02522
1.49265e-09
0.02522
1.32964e-09
0.02522
-7.32949e-11
0.02522
2.66734e-10
0.02522
-9.87541e-10
0.02522
3.22277e-10
0.02522
2.89618e-09
0.02522
2.28619e-09
0.02522
1.30038e-10
0.02522
-1.98259e-09
0.02522
-1.77993e-09
0.02522
4.95813e-10
0.02522
1.39997e-09
0.02522
8.55892e-10
0.02522
-5.47939e-10
0.02522
-2.30003e-09
0.02522
-1.85495e-09
0.02522
-9.78487e-11
0.02522
7.88867e-10
0.02522
1.61833e-09
0.02522
2.08264e-09
0.02522
8.16214e-10
0.02522
-9.53156e-10
0.02522
-1.49364e-09
0.02522
-4.49024e-10
0.02522
8.54445e-10
0.02522
4.32233e-10
0.02522
-1.50715e-09
0.02522
-2.7361e-09
0.02522
-1.83396e-09
0.02522
1.47177e-10
0.02522
1.7824e-09
0.02522
1.11434e-09
0.02522
2.48425e-10
0.02522
-1.15999e-09
0.02522
9.52184e-11
0.02522
1.35397e-10
0.02522
6.7095e-10
0.02522
1.68499e-09
0.02522
-1.86238e-09
0.02522
-1.47693e-10
0.02522
1.23937e-09
0.02522
-9.91271e-10
-6.86915e-10
0.0487715
-0.0226535
0.0444283
-0.0326833
0.0463102
0.0127193
0.051191
0.0212366
0.0503281
-0.0146376
0.0461423
-0.0468737
0.0415338
-0.0555826
0.035312
-0.0493735
0.0309837
-0.0407434
0.0296538
-0.0316191
0.0285056
-0.0220008
0.0272343
-0.0145431
0.0264189
-0.00968219
0.0259921
-0.0065402
0.0257362
-0.0044221
0.0255604
-0.00297777
0.0254395
-0.00199443
0.0253599
-0.0013276
0.0253089
-0.000877681
0.0252765
-0.000576246
0.0252559
-0.000375961
0.0252429
-0.000243938
0.0252345
-0.000157516
0.0252292
-0.000101274
0.0252258
-6.48546e-05
0.0252237
-4.13776e-05
0.0252223
-2.63037e-05
0.0252215
-1.66647e-05
0.0252209
-1.05214e-05
0.0252206
-6.62192e-06
0.0252203
-4.15584e-06
0.0252202
-2.59507e-06
0.0252201
-1.6168e-06
0.0252201
-1.00606e-06
0.02522
-6.2247e-07
0.02522
-3.83635e-07
0.02522
-2.34555e-07
0.02522
-1.4531e-07
0.02522
-8.82333e-08
0.02522
-5.2729e-08
0.02522
-3.56114e-08
0.02522
-2.02301e-08
0.02522
-1.09235e-08
0.02522
-8.47302e-09
0.02522
-2.11826e-09
0.02522
-2.93524e-09
0.02522
-4.32077e-09
0.02522
2.48049e-09
0.02522
-6.78022e-10
0.02522
-4.62246e-09
0.02522
9.54214e-11
0.02522
-1.17343e-10
0.02522
-6.59812e-10
0.02522
1.70943e-09
0.02522
-8.12877e-10
0.02522
-2.37078e-09
0.02522
1.37621e-09
0.02522
1.33423e-09
0.02522
-2.23224e-10
0.02522
3.00407e-10
0.02522
-7.16682e-10
0.02522
2.61357e-10
0.02522
2.65069e-09
0.02522
2.17218e-09
0.02522
1.18886e-10
0.02522
-1.81074e-09
0.02522
-1.59841e-09
0.02522
4.84454e-10
0.02522
1.20502e-09
0.02522
6.94735e-10
0.02522
-5.16395e-10
0.02522
-2.10671e-09
0.02522
-1.73954e-09
0.02522
-8.60532e-11
0.02522
7.09593e-10
0.02522
1.49943e-09
0.02522
2.00218e-09
0.02522
8.30398e-10
0.02522
-8.94277e-10
0.02522
-1.38264e-09
0.02522
-3.78777e-10
0.02522
7.70928e-10
0.02522
3.14692e-10
0.02522
-1.52985e-09
0.02522
-2.65615e-09
0.02522
-1.64705e-09
0.02522
2.72668e-10
0.02522
1.80348e-09
0.02522
9.94321e-10
0.02522
1.92504e-10
0.02522
-1.33169e-09
0.02522
2.10692e-10
0.02522
1.13518e-10
0.02522
6.00956e-10
0.02522
1.99432e-09
0.02522
-2.17979e-09
0.02522
6.78881e-11
0.02522
1.51012e-09
0.02522
-1.51425e-09
-9.71173e-10
0.0491694
-0.021189
0.0472659
-0.0307798
0.0487936
0.0111916
0.0511061
0.0189241
0.04987
-0.0134014
0.044724
-0.0417278
0.0412168
-0.0520754
0.0384217
-0.0465784
0.0332675
-0.0355891
0.0298247
-0.0281763
0.0288628
-0.0210388
0.0280506
-0.0137309
0.027018
-0.00864964
0.0262503
-0.00577251
0.0258191
-0.0039909
0.0255885
-0.00274714
0.0254553
-0.00186117
0.025372
-0.00124429
0.0253181
-0.000823802
0.0252831
-0.000541224
0.0252604
-0.000353292
0.0252458
-0.00022934
0.0252364
-0.000148151
0.0252304
-9.52831e-05
0.0252266
-6.10315e-05
0.0252242
-3.89432e-05
0.0252226
-2.47576e-05
0.0252216
-1.56858e-05
0.025221
-9.9038e-06
0.0252206
-6.23271e-06
0.0252204
-3.91085e-06
0.0252202
-2.44183e-06
0.0252201
-1.52174e-06
0.0252201
-9.47162e-07
0.0252201
-5.85479e-07
0.02522
-3.60694e-07
0.02522
-2.20569e-07
0.02522
-1.36967e-07
0.02522
-8.36549e-08
0.02522
-4.97866e-08
0.02522
-3.3457e-08
0.02522
-1.84148e-08
0.02522
-9.53605e-09
0.02522
-8.27439e-09
0.02522
-2.22539e-09
0.02522
-2.618e-09
0.02522
-4.34144e-09
0.02522
2.42004e-09
0.02522
-5.38737e-10
0.02522
-4.71943e-09
0.02522
2.90844e-10
0.02522
1.47863e-10
0.02522
-9.42728e-10
0.02522
1.50787e-09
0.02522
-6.10451e-10
0.02522
-2.16043e-09
0.02522
1.24065e-09
0.02522
1.30648e-09
0.02522
-3.52113e-10
0.02522
2.68228e-10
0.02522
-4.17973e-10
0.02522
2.38355e-10
0.02522
2.41858e-09
0.02522
2.00949e-09
0.02522
6.35369e-11
0.02522
-1.65115e-09
0.02522
-1.39748e-09
0.02522
4.98482e-10
0.02522
1.05872e-09
0.02522
4.76637e-10
0.02522
-4.96311e-10
0.02522
-1.89119e-09
0.02522
-1.61015e-09
0.02522
-6.8418e-11
0.02522
6.64852e-10
0.02522
1.34629e-09
0.02522
1.93168e-09
0.02522
8.19876e-10
0.02522
-8.86975e-10
0.02522
-1.24795e-09
0.02522
-2.80343e-10
0.02522
6.93767e-10
0.02522
1.87604e-10
0.02522
-1.55883e-09
0.02522
-2.53e-09
0.02522
-1.4539e-09
0.02522
3.96488e-10
0.02522
1.79591e-09
0.02522
8.61661e-10
0.02522
1.41828e-10
0.02522
-1.4778e-09
0.02522
3.33421e-10
0.02522
6.44998e-11
0.02522
5.26482e-10
0.02522
2.28799e-09
0.02522
-2.53179e-09
0.02522
3.36578e-10
0.02522
1.84251e-09
0.02522
-2.06045e-09
-1.27079e-09
0.0491217
-0.0196062
0.045817
-0.0274751
0.0463701
0.0106385
0.0490537
0.0162405
0.0494133
-0.013761
0.0456343
-0.0379487
0.0393107
-0.0457518
0.0369036
-0.0441714
0.0356194
-0.0343049
0.0314147
-0.0239717
0.0279646
-0.0175887
0.026828
-0.0125943
0.0265188
-0.00834047
0.0262209
-0.00547454
0.0259061
-0.00367619
0.0256597
-0.00250072
0.0254961
-0.00169751
0.0253937
-0.00114197
0.0253302
-0.000760229
0.0252902
-0.000501269
0.0252648
-0.000327905
0.0252486
-0.000213119
0.0252382
-0.000137767
0.0252316
-8.8641e-05
0.0252273
-5.67907e-05
0.0252246
-3.62412e-05
0.0252229
-2.30407e-05
0.0252218
-1.45985e-05
0.0252211
-9.21736e-06
0.0252207
-5.80005e-06
0.0252204
-3.63858e-06
0.0252203
-2.27158e-06
0.0252202
-1.41609e-06
0.0252201
-8.81608e-07
0.0252201
-5.44251e-07
0.02522
-3.35151e-07
0.02522
-2.05152e-07
0.02522
-1.27765e-07
0.02522
-7.8464e-08
0.02522
-4.63798e-08
0.02522
-3.09373e-08
0.02522
-1.65334e-08
0.02522
-8.17813e-09
0.02522
-8.02211e-09
0.02522
-2.31625e-09
0.02522
-2.25254e-09
0.02522
-4.33553e-09
0.02522
2.29504e-09
0.02522
-3.09891e-10
0.02522
-4.74107e-09
0.02522
3.99764e-10
0.02522
3.57027e-10
0.02522
-1.12797e-09
0.02522
1.30233e-09
0.02522
-3.51731e-10
0.02522
-2.03773e-09
0.02522
1.07943e-09
0.02522
1.31454e-09
0.02522
-4.30613e-10
0.02522
2.29025e-10
0.02522
-2.08443e-10
0.02522
2.23451e-10
0.02522
2.16445e-09
0.02522
1.87047e-09
0.02522
5.77795e-11
0.02522
-1.50601e-09
0.02522
-1.23107e-09
0.02522
4.98579e-10
0.02522
8.81853e-10
0.02522
3.34225e-10
0.02522
-4.33097e-10
0.02522
-1.69171e-09
0.02522
-1.51153e-09
0.02522
-5.84439e-11
0.02522
5.98899e-10
0.02522
1.23487e-09
0.02522
1.83356e-09
0.02522
7.8976e-10
0.02522
-8.38124e-10
0.02522
-1.14109e-09
0.02522
-2.08631e-10
0.02522
6.2567e-10
0.02522
8.11818e-11
0.02522
-1.53083e-09
0.02522
-2.38256e-09
0.02522
-1.26371e-09
0.02522
4.67236e-10
0.02522
1.74776e-09
0.02522
7.02235e-10
0.02522
1.52912e-10
0.02522
-1.60387e-09
0.02522
5.04977e-10
0.02522
-8.49464e-12
0.02522
4.23566e-10
0.02522
2.59808e-09
0.02522
-2.9627e-09
0.02522
6.63897e-10
0.02522
2.15667e-09
0.02522
-2.66138e-09
-1.53336e-09
0.0488032
-0.0178265
0.0445288
-0.0232007
0.0454705
0.00969683
0.0474602
0.0142507
0.0461024
-0.0124032
0.0450235
-0.0368698
0.0403534
-0.0410816
0.0335669
-0.0373849
0.0326502
-0.0333882
0.0338234
-0.0251449
0.0317608
-0.0155261
0.0286654
-0.00949891
0.0268573
-0.0065324
0.0261224
-0.00473966
0.025806
-0.00335979
0.0256207
-0.00231538
0.0254912
-0.00156799
0.0253997
-0.00105049
0.0253372
-0.000697773
0.0252958
-0.0004598
0.0252687
-0.000300824
0.0252512
-0.000195594
0.0252399
-0.000126485
0.0252326
-8.14045e-05
0.025228
-5.21636e-05
0.0252251
-3.32907e-05
0.0252232
-2.11652e-05
0.025222
-1.34101e-05
0.0252213
-8.46677e-06
0.0252208
-5.32692e-06
0.0252205
-3.34096e-06
0.0252203
-2.08553e-06
0.0252202
-1.30054e-06
0.0252201
-8.09791e-07
0.0252201
-4.99115e-07
0.02522
-3.07219e-07
0.02522
-1.88417e-07
0.02522
-1.17728e-07
0.02522
-7.26252e-08
0.02522
-4.25124e-08
0.02522
-2.81204e-08
0.02522
-1.46549e-08
0.02522
-6.86776e-09
0.02522
-7.69381e-09
0.02522
-2.38698e-09
0.02522
-1.84729e-09
0.02522
-4.27823e-09
0.02522
2.14271e-09
0.02522
-8.9508e-11
0.02522
-4.70194e-09
0.02522
4.63046e-10
0.02522
6.09856e-10
0.02522
-1.30678e-09
0.02522
1.1075e-09
0.02522
-1.47762e-10
0.02522
-1.87458e-09
0.02522
9.324e-10
0.02522
1.28776e-09
0.02522
-4.7547e-10
0.02522
1.49622e-10
0.02522
-6.21099e-12
0.02522
2.3774e-10
0.02522
1.91925e-09
0.02522
1.70268e-09
0.02522
2.96249e-11
0.02522
-1.38112e-09
0.02522
-1.05015e-09
0.02522
5.06281e-10
0.02522
7.35885e-10
0.02522
1.88713e-10
0.02522
-3.91432e-10
0.02522
-1.49641e-09
0.02522
-1.38333e-09
0.02522
-5.70963e-11
0.02522
5.61644e-10
0.02522
1.1149e-09
0.02522
1.7204e-09
0.02522
7.47625e-10
0.02522
-8.2393e-10
0.02522
-1.01839e-09
0.02522
-1.19751e-10
0.02522
5.52007e-10
0.02522
-1.45516e-11
0.02522
-1.49881e-09
0.02522
-2.20458e-09
0.02522
-1.06813e-09
0.02522
5.26473e-10
0.02522
1.67093e-09
0.02522
5.36262e-10
0.02522
1.72564e-10
0.02522
-1.70822e-09
0.02522
7.03486e-10
0.02522
-1.32285e-10
0.02522
3.3117e-10
0.02522
2.90104e-09
0.02522
-3.4559e-09
0.02522
1.06534e-09
0.02522
2.51701e-09
0.02522
-3.29777e-09
-1.80276e-09
0.0482522
-0.0142486
0.0438003
-0.0187488
0.0457138
0.00778336
0.051079
0.00888552
0.0512423
-0.0125665
0.0453271
-0.0309546
0.0407616
-0.0365161
0.0354478
-0.0320711
0.0288117
-0.0267521
0.0263885
-0.0227218
0.0271609
-0.0162984
0.0276421
-0.00998008
0.0272267
-0.00611708
0.0265578
-0.00407075
0.0260427
-0.00284468
0.025723
-0.00199572
0.0255336
-0.00137855
0.0254189
-0.000935831
0.0253473
-0.000626182
0.0253017
-0.000414189
0.0252724
-0.00027151
0.0252536
-0.000176721
0.0252414
-0.000114347
0.0252336
-7.3616e-05
0.0252286
-4.71806e-05
0.0252255
-3.01118e-05
0.0252234
-1.91438e-05
0.0252222
-1.21289e-05
0.0252214
-7.65718e-06
0.0252208
-4.81659e-06
0.0252205
-3.02013e-06
0.0252203
-1.88498e-06
0.0252202
-1.17582e-06
0.0252201
-7.32171e-07
0.0252201
-4.50423e-07
0.02522
-2.77149e-07
0.02522
-1.70464e-07
0.02522
-1.06856e-07
0.02522
-6.61237e-08
0.02522
-3.82297e-08
0.02522
-2.50808e-08
0.02522
-1.28025e-08
0.02522
-5.64083e-09
0.02522
-7.285e-09
0.02522
-2.40851e-09
0.02522
-1.41935e-09
0.02522
-4.14976e-09
0.02522
1.92779e-09
0.02522
1.59952e-10
0.02522
-4.58538e-09
0.02522
4.92388e-10
0.02522
8.0467e-10
0.02522
-1.41151e-09
0.02522
9.09668e-10
0.02522
6.02266e-11
0.02522
-1.72569e-09
0.02522
7.6146e-10
0.02522
1.2738e-09
0.02522
-4.9076e-10
0.02522
7.2223e-11
0.02522
1.3087e-10
0.02522
2.57738e-10
0.02522
1.66361e-09
0.02522
1.53729e-09
0.02522
3.02689e-11
0.02522
-1.24948e-09
0.02522
-9.02239e-10
0.02522
5.0013e-10
0.02522
5.86245e-10
0.02522
8.09061e-11
0.02522
-3.14118e-10
0.02522
-1.30296e-09
0.02522
-1.28395e-09
0.02522
-5.62638e-11
0.02522
5.1341e-10
0.02522
1.01157e-09
0.02522
1.59361e-09
0.02522
6.8195e-10
0.02522
-7.80841e-10
0.02522
-9.06893e-10
0.02522
-5.52562e-11
0.02522
4.90443e-10
0.02522
-9.84454e-11
0.02522
-1.4229e-09
0.02522
-2.00177e-09
0.02522
-8.79675e-10
0.02522
5.38669e-10
0.02522
1.56641e-09
0.02522
3.52208e-10
0.02522
2.44539e-10
0.02522
-1.803e-09
0.02522
9.40289e-10
0.02522
-2.80777e-10
0.02522
2.16433e-10
0.02522
3.22853e-09
0.02522
-4.03857e-09
0.02522
1.54923e-09
0.02522
2.8719e-09
0.02522
-4.00512e-09
-2.03266e-09
0.0495597
-0.0131846
0.0469772
-0.0161662
0.0459123
0.00884825
0.0477527
0.00704506
0.0493956
-0.0142093
0.047037
-0.0285961
0.0428198
-0.0322989
0.0423512
-0.0316025
0.0411316
-0.0255325
0.0352494
-0.0168395
0.0296632
-0.0107122
0.0271843
-0.00750118
0.0264318
-0.00536457
0.0261179
-0.00375688
0.0258804
-0.0026072
0.0256826
-0.00179787
0.0255318
-0.00122779
0.0254255
-0.000829528
0.0253538
-0.000554475
0.0253065
-0.000366892
0.0252757
-0.000240666
0.0252557
-0.000156738
0.0252428
-0.000101459
0.0252345
-6.53335e-05
0.0252292
-4.18768e-05
0.0252258
-2.67266e-05
0.0252237
-1.69906e-05
0.0252223
-1.07637e-05
0.0252214
-6.79413e-06
0.0252209
-4.2726e-06
0.0252206
-2.67836e-06
0.0252203
-1.67134e-06
0.0252202
-1.04273e-06
0.0252201
-6.49258e-07
0.0252201
-3.98573e-07
0.02522
-2.45197e-07
0.02522
-1.51371e-07
0.02522
-9.51645e-08
0.02522
-5.89738e-08
0.02522
-3.35877e-08
0.02522
-2.18835e-08
0.02522
-1.10121e-08
0.02522
-4.50953e-09
0.02522
-6.77867e-09
0.02522
-2.37213e-09
0.02522
-9.6976e-10
0.02522
-3.95997e-09
0.02522
1.68897e-09
0.02522
3.82618e-10
0.02522
-4.38199e-09
0.02522
4.77608e-10
0.02522
9.91905e-10
0.02522
-1.47826e-09
0.02522
7.19889e-10
0.02522
2.32962e-10
0.02522
-1.56554e-09
0.02522
6.09303e-10
0.02522
1.22905e-09
0.02522
-4.81107e-10
0.02522
-1.67784e-11
0.02522
2.46574e-10
0.02522
2.88388e-10
0.02522
1.42084e-09
0.02522
1.35176e-09
0.02522
1.95699e-11
0.02522
-1.13316e-09
0.02522
-7.4625e-10
0.02522
4.9723e-10
0.02522
4.50418e-10
0.02522
-9.56938e-12
0.02522
-2.50125e-10
0.02522
-1.12501e-09
0.02522
-1.1635e-09
0.02522
-5.31115e-11
0.02522
4.76625e-10
0.02522
9.11637e-10
0.02522
1.44898e-09
0.02522
6.01598e-10
0.02522
-7.53437e-10
0.02522
-7.87271e-10
0.02522
2.0658e-11
0.02522
4.19266e-10
0.02522
-1.68178e-10
0.02522
-1.33276e-09
0.02522
-1.77516e-09
0.02522
-6.92431e-10
0.02522
5.31993e-10
0.02522
1.43875e-09
0.02522
1.61927e-10
0.02522
3.37375e-10
0.02522
-1.89172e-09
0.02522
1.22035e-09
0.02522
-4.93566e-10
0.02522
1.21582e-10
0.02522
3.55897e-09
0.02522
-4.71273e-09
0.02522
2.13756e-09
0.02522
3.26167e-09
0.02522
-4.77413e-09
-2.25024e-09
0.0479646
-0.00984594
0.0457644
-0.013966
0.049091
0.00552162
0.049192
0.00694409
0.0446354
-0.0096527
0.0429012
-0.026862
0.04042
-0.0298177
0.0342352
-0.0254177
0.0307116
-0.0220088
0.0304122
-0.0165402
0.0298982
-0.0101982
0.0286162
-0.00621914
0.0273737
-0.00412216
0.0265378
-0.00292098
0.0260389
-0.00210827
0.025741
-0.00149991
0.025556
-0.00104287
0.0254377
-0.000711223
0.025361
-0.000477736
0.0253111
-0.000316951
0.0252786
-0.000208215
0.0252576
-0.00013572
0.025244
-8.7895e-05
0.0252353
-5.6611e-05
0.0252297
-3.6288e-05
0.0252261
-2.31582e-05
0.0252239
-1.47203e-05
0.0252224
-9.32384e-06
0.0252215
-5.8836e-06
0.0252209
-3.69874e-06
0.0252206
-2.31801e-06
0.0252204
-1.44607e-06
0.0252202
-9.02143e-07
0.0252201
-5.61621e-07
0.0252201
-3.43986e-07
0.02522
-2.11618e-07
0.02522
-1.31214e-07
0.02522
-8.26772e-08
0.02522
-5.12123e-08
0.02522
-2.86559e-08
0.02522
-1.85989e-08
0.02522
-9.2941e-09
0.02522
-3.47669e-09
0.02522
-6.17071e-09
0.02522
-2.25558e-09
0.02522
-5.24889e-10
0.02522
-3.69783e-09
0.02522
1.41523e-09
0.02522
5.8927e-10
0.02522
-4.09574e-09
0.02522
4.45118e-10
0.02522
1.12307e-09
0.02522
-1.48571e-09
0.02522
5.35832e-10
0.02522
3.82327e-10
0.02522
-1.39861e-09
0.02522
4.52202e-10
0.02522
1.17961e-09
0.02522
-4.54514e-10
0.02522
-1.01957e-10
0.02522
3.20862e-10
0.02522
3.19098e-10
0.02522
1.17579e-09
0.02522
1.16083e-09
0.02522
2.34016e-11
0.02522
-1.0045e-09
0.02522
-6.1529e-10
0.02522
4.77674e-10
0.02522
3.24827e-10
0.02522
-7.31042e-11
0.02522
-1.6729e-10
0.02522
-9.48816e-10
0.02522
-1.05705e-09
0.02522
-5.51905e-11
0.02522
4.42615e-10
0.02522
8.14985e-10
0.02522
1.29067e-09
0.02522
5.05948e-10
0.02522
-7.09107e-10
0.02522
-6.68174e-10
0.02522
7.48397e-11
0.02522
3.56972e-10
0.02522
-2.25359e-10
0.02522
-1.20994e-09
0.02522
-1.52969e-09
0.02522
-5.13169e-10
0.02522
4.8853e-10
0.02522
1.29064e-09
0.02522
-3.71624e-11
0.02522
4.71229e-10
0.02522
-1.97929e-09
0.02522
1.53943e-09
0.02522
-7.46914e-10
0.02522
2.22742e-11
0.02522
3.91825e-09
0.02522
-5.49947e-09
0.02522
2.84744e-09
0.02522
3.64929e-09
0.02522
-5.63108e-09
-2.41929e-09
0.0494724
-0.00860759
0.0467926
-0.0112862
0.0467392
0.00557497
0.0503142
0.00336911
0.0510549
-0.0103934
0.0452956
-0.0211026
0.0407946
-0.0253166
0.038931
-0.0235541
0.035064
-0.0181418
0.0308463
-0.0123226
0.0285006
-0.00785242
0.0274304
-0.00514891
0.0268111
-0.00350289
0.0263484
-0.00245825
0.0259954
-0.00175533
0.0257402
-0.00124473
0.0255639
-0.000866493
0.0254452
-0.000592535
0.0253665
-0.00039906
0.0253148
-0.000265279
0.0252811
-0.000174497
0.0252592
-0.000113834
0.0252451
-7.37521e-05
0.025236
-4.75088e-05
0.0252301
-3.04525e-05
0.0252264
-1.9431e-05
0.025224
-1.23484e-05
0.0252225
-7.8191e-06
0.0252216
-4.93188e-06
0.025221
-3.09902e-06
0.0252206
-1.94158e-06
0.0252204
-1.21069e-06
0.0252202
-7.55011e-07
0.0252201
-4.69878e-07
0.0252201
-2.87095e-07
0.02522
-1.76658e-07
0.02522
-1.10075e-07
0.02522
-6.94354e-08
0.02522
-4.29e-08
0.02522
-2.35154e-08
0.02522
-1.52833e-08
0.02522
-7.64795e-09
0.02522
-2.53979e-09
0.02522
-5.45032e-09
0.02522
-2.05446e-09
0.02522
-1.00902e-10
0.02522
-3.36753e-09
0.02522
1.1295e-09
0.02522
7.51352e-10
0.02522
-3.71999e-09
0.02522
3.90158e-10
0.02522
1.20893e-09
0.02522
-1.44329e-09
0.02522
3.65468e-10
0.02522
4.9222e-10
0.02522
-1.22111e-09
0.02522
3.15254e-10
0.02522
1.10145e-09
0.02522
-4.15298e-10
0.02522
-1.7827e-10
0.02522
3.69543e-10
0.02522
3.48245e-10
0.02522
9.43091e-10
0.02522
9.57737e-10
0.02522
1.96689e-11
0.02522
-8.80166e-10
0.02522
-4.82711e-10
0.02522
4.54093e-10
0.02522
2.09267e-10
0.02522
-1.14662e-10
0.02522
-9.19239e-11
0.02522
-7.87766e-10
0.02522
-9.4107e-10
0.02522
-4.59032e-11
0.02522
4.09176e-10
0.02522
7.23615e-10
0.02522
1.11668e-09
0.02522
3.93822e-10
0.02522
-6.64523e-10
0.02522
-5.44864e-10
0.02522
1.30828e-10
0.02522
2.87372e-10
0.02522
-2.67595e-10
0.02522
-1.0692e-09
0.02522
-1.26777e-09
0.02522
-3.38616e-10
0.02522
4.22889e-10
0.02522
1.12715e-09
0.02522
-2.44994e-10
0.02522
6.37647e-10
0.02522
-2.07513e-09
0.02522
1.91128e-09
0.02522
-1.07531e-09
0.02522
-4.80387e-11
0.02522
4.29032e-09
0.02522
-6.4071e-09
0.02522
3.70111e-09
0.02522
4.05862e-09
0.02522
-6.57972e-09
-2.55221e-09
0.0485643
-0.00662351
0.0471208
-0.00984265
0.0482164
0.00447941
0.0475108
0.00407465
0.0464112
-0.00929378
0.0463558
-0.0210472
0.0433326
-0.0222935
0.0383402
-0.0185617
0.0345943
-0.0143959
0.031811
-0.00953926
0.0296451
-0.00568646
0.0281045
-0.00360835
0.0270987
-0.00249708
0.0264555
-0.00181505
0.0260367
-0.00133656
0.0257595
-0.000967536
0.025575
-0.00068198
0.0254524
-0.000469918
0.0253713
-0.000317985
0.025318
-0.000212001
0.0252832
-0.000139691
0.0252606
-9.1215e-05
0.025246
-5.9123e-05
0.0252366
-3.80878e-05
0.0252305
-2.441e-05
0.0252267
-1.55705e-05
0.0252242
-9.89104e-06
0.0252226
-6.25982e-06
0.0252216
-3.94559e-06
0.025221
-2.4776e-06
0.0252206
-1.5516e-06
0.0252204
-9.66795e-07
0.0252202
-6.02355e-07
0.0252201
-3.74691e-07
0.0252201
-2.28328e-07
0.0252201
-1.40555e-07
0.02522
-8.8047e-08
0.02522
-5.55068e-08
0.02522
-3.41199e-08
0.02522
-1.82462e-08
0.02522
-1.19833e-08
0.02522
-6.06027e-09
0.02522
-1.68613e-09
0.02522
-4.6188e-09
0.02522
-1.76283e-09
0.02522
2.83723e-10
0.02522
-2.97503e-09
0.02522
8.39634e-10
0.02522
8.66152e-10
0.02522
-3.26024e-09
0.02522
3.28217e-10
0.02522
1.2316e-09
0.02522
-1.34726e-09
0.02522
2.0853e-10
0.02522
5.67192e-10
0.02522
-1.03391e-09
0.02522
1.89185e-10
0.02522
1.00764e-09
0.02522
-3.70712e-10
0.02522
-2.43165e-10
0.02522
3.94158e-10
0.02522
3.67421e-10
0.02522
7.14788e-10
0.02522
7.50262e-10
0.02522
2.03622e-11
0.02522
-7.43838e-10
0.02522
-3.67065e-10
0.02522
4.14002e-10
0.02522
1.0879e-10
0.02522
-1.3424e-10
0.02522
-9.8682e-12
0.02522
-6.33263e-10
0.02522
-8.27589e-10
0.02522
-4.16776e-11
0.02522
3.83542e-10
0.02522
6.30667e-10
0.02522
9.27725e-10
0.02522
2.72987e-10
0.02522
-6.0824e-10
0.02522
-4.18628e-10
0.02522
1.69976e-10
0.02522
2.20201e-10
0.02522
-2.94198e-10
0.02522
-9.04096e-10
0.02522
-9.94634e-10
0.02522
-1.73972e-10
0.02522
3.31483e-10
0.02522
9.49443e-10
0.02522
-4.58365e-10
0.02522
8.39633e-10
0.02522
-2.17734e-09
0.02522
2.3289e-09
0.02522
-1.47346e-09
0.02522
-9.15418e-11
0.02522
4.69143e-09
0.02522
-7.45948e-09
0.02522
4.73171e-09
0.02522
4.45637e-09
0.02522
-7.64134e-09
-2.61556e-09
0.0490718
-0.00519097
0.0469233
-0.00769409
0.0478981
0.00350462
0.0492349
0.00273778
0.0472918
-0.00735065
0.0433956
-0.017151
0.0406096
-0.0195075
0.0378477
-0.0157998
0.0343364
-0.0108846
0.0313246
-0.00652742
0.029276
-0.00363787
0.027935
-0.0022674
0.0270494
-0.00161139
0.0264521
-0.00121778
0.0260452
-0.000929673
0.0257687
-0.000691089
0.0255824
-0.000495624
0.0254578
-0.000345288
0.025375
-0.000235272
0.0253206
-0.000157513
0.0252849
-0.000104035
0.0252617
-6.80161e-05
0.0252467
-4.41062e-05
0.025237
-2.84119e-05
0.0252308
-1.82016e-05
0.0252268
-1.16029e-05
0.0252243
-7.36503e-06
0.0252227
-4.65672e-06
0.0252217
-2.93163e-06
0.0252211
-1.83885e-06
0.0252207
-1.15073e-06
0.0252204
-7.16018e-07
0.0252202
-4.45284e-07
0.0252201
-2.76763e-07
0.0252201
-1.68112e-07
0.02522
-1.03541e-07
0.02522
-6.5235e-08
0.02522
-4.09838e-08
0.02522
-2.49736e-08
0.02522
-1.2929e-08
0.02522
-8.73045e-09
0.02522
-4.50313e-09
0.02522
-9.03332e-10
0.02522
-3.67745e-09
0.02522
-1.38525e-09
0.02522
6.06347e-10
0.02522
-2.51729e-09
0.02522
5.55496e-10
0.02522
9.22223e-10
0.02522
-2.71801e-09
0.02522
2.6088e-10
0.02522
1.1916e-09
0.02522
-1.20217e-09
0.02522
7.16517e-11
0.02522
5.99451e-10
0.02522
-8.38357e-10
0.02522
8.88337e-11
0.02522
8.86742e-10
0.02522
-3.25855e-10
0.02522
-2.86695e-10
0.02522
3.95634e-10
0.02522
3.76606e-10
0.02522
4.99956e-10
0.02522
5.35906e-10
0.02522
1.30358e-11
0.02522
-6.02355e-10
0.02522
-2.53225e-10
0.02522
3.62735e-10
0.02522
2.0182e-11
0.02522
-1.32274e-10
0.02522
6.40266e-11
0.02522
-4.90284e-10
0.02522
-7.09466e-10
0.02522
-2.55887e-11
0.02522
3.56169e-10
0.02522
5.39965e-10
0.02522
7.24668e-10
0.02522
1.39987e-10
0.02522
-5.43129e-10
0.02522
-2.90138e-10
0.02522
2.02156e-10
0.02522
1.51178e-10
0.02522
-3.07772e-10
0.02522
-7.21986e-10
0.02522
-7.12735e-10
0.02522
-1.55618e-11
0.02522
2.19559e-10
0.02522
7.62781e-10
0.02522
-6.81485e-10
0.02522
1.08326e-09
0.02522
-2.30296e-09
0.02522
2.80844e-09
0.02522
-1.96511e-09
0.02522
-8.99831e-11
0.02522
5.12041e-09
0.02522
-8.67332e-09
0.02522
5.95782e-09
0.02522
4.86283e-09
0.02522
-8.83179e-09
-2.6115e-09
0.0490181
-0.00395491
0.0473161
-0.00599214
0.0477742
0.00304656
0.0481013
0.00241065
0.0474633
-0.00671265
0.0454482
-0.0151359
0.0416621
-0.0157213
0.0374907
-0.0116285
0.0338869
-0.00728081
0.0310493
-0.00368973
0.0291082
-0.0016968
0.027846
-0.00100519
0.0270102
-0.000775571
0.0264399
-0.000647467
0.0260446
-0.000534448
0.025772
-0.00041843
0.0255861
-0.000309773
0.0254609
-0.000220046
0.0253773
-0.000151728
0.0253221
-0.000102297
0.0252859
-6.78268e-05
0.0252623
-4.44249e-05
0.025247
-2.88218e-05
0.0252372
-1.8558e-05
0.0252309
-1.18767e-05
0.0252268
-7.55998e-06
0.0252242
-4.79041e-06
0.0252226
-3.02262e-06
0.0252216
-1.89821e-06
0.0252209
-1.18792e-06
0.0252205
-7.42133e-07
0.0252203
-4.6031e-07
0.0252201
-2.85128e-07
0.02522
-1.7694e-07
0.0252199
-1.06912e-07
0.0252199
-6.58978e-08
0.0252199
-4.17972e-08
0.0252199
-2.60014e-08
0.0252199
-1.55745e-08
0.0252198
-7.64266e-09
0.0252198
-5.55141e-09
0.0252198
-2.94921e-09
0.0252198
-1.67283e-10
0.0252198
-2.64455e-09
0.0252198
-9.26295e-10
0.0252198
8.58092e-10
0.0252198
-2.01723e-09
0.0252198
2.93825e-10
0.0252198
9.24196e-10
0.0252198
-2.10939e-09
0.0252198
1.97835e-10
0.0252198
1.08768e-09
0.0252198
-1.01763e-09
0.0252198
-4.03047e-11
0.0252198
5.93865e-10
0.0252198
-6.37184e-10
0.0252198
8.70647e-12
0.0252198
7.47603e-10
0.0252198
-2.87333e-10
0.0252198
-3.11317e-10
0.0252198
3.88172e-10
0.0252198
3.64776e-10
0.0252198
2.92765e-10
0.0252198
3.23219e-10
0.0252198
3.40036e-12
0.0252198
-4.50116e-10
0.0252198
-1.49683e-10
0.0252198
2.95395e-10
0.0252198
-5.38544e-11
0.0252198
-1.09842e-10
0.0252198
1.34986e-10
0.0252198
-3.5591e-10
0.0252198
-5.89559e-10
0.0252198
-1.13774e-11
0.0252198
3.38008e-10
0.0252198
4.44439e-10
0.0252198
5.07066e-10
0.0252198
3.08642e-12
0.0252198
-4.67814e-10
0.0252198
-1.56836e-10
0.0252198
2.2205e-10
0.0252198
7.76276e-11
0.0252198
-3.05558e-10
0.0252198
-5.21017e-10
0.0252198
-4.23852e-10
0.0252198
1.30524e-10
0.0252198
8.66258e-11
0.0252198
5.68119e-10
0.0252198
-9.03877e-10
0.0252198
1.35947e-09
0.0252198
-2.44464e-09
0.0252198
3.33795e-09
0.0252198
-2.55303e-09
0.0252198
-2.01307e-11
0.0252198
5.56171e-09
0.0252198
-1.00578e-08
0.0252198
7.43248e-09
0.0252198
5.22215e-09
0.0252198
-1.01617e-08
-2.50215e-09
0.0490181
-0.00277459
0.047226
-0.0042001
0.0478449
0.00242768
0.0481867
0.00206888
0.0468771
-0.00540308
0.0439409
-0.0121997
0.040086
-0.0118665
0.0360165
-0.00755895
0.0325515
-0.00381589
0.0301461
-0.00128432
0.0285948
-0.000145455
0.0275637
2.58686e-05
0.0268565
-6.83265e-05
0.0263578
-0.000148782
0.0260006
-0.000177268
0.0257472
-0.000164993
0.0255707
-0.000133346
0.0254501
-9.93744e-05
0.0253688
-7.04103e-05
0.0253147
-4.81914e-05
0.025279
-3.21927e-05
0.0252557
-2.11436e-05
0.0252406
-1.37119e-05
0.0252309
-8.80673e-06
0.0252246
-5.61389e-06
0.0252206
-3.55553e-06
0.0252181
-2.23981e-06
0.0252164
-1.40379e-06
0.0252154
-8.74865e-07
0.0252148
-5.43486e-07
0.0252144
-3.37509e-07
0.0252141
-2.07095e-07
0.025214
-1.26675e-07
0.0252139
-7.82069e-08
0.0252138
-4.65332e-08
0.0252138
-2.86975e-08
0.0252137
-1.84287e-08
0.0252137
-1.10679e-08
0.0252137
-6.26054e-09
0.0252137
-2.57852e-09
0.0252137
-2.50589e-09
0.0252137
-1.41587e-09
0.0252137
4.94913e-10
0.0252137
-1.52793e-09
0.0252137
-4.35193e-10
0.0252137
1.01175e-09
0.0252137
-1.44305e-09
0.0252137
3.38449e-11
0.0252137
8.58429e-10
0.0252137
-1.41563e-09
0.0252137
1.21799e-10
0.0252137
9.1474e-10
0.0252137
-7.75389e-10
0.0252137
-1.38297e-10
0.0252137
5.42637e-10
0.0252137
-4.19739e-10
0.0252137
-4.83293e-11
0.0252137
5.74836e-10
0.0252137
-2.44144e-10
0.0252137
-3.08211e-10
0.0252137
3.53576e-10
0.0252137
3.39932e-10
0.0252137
1.03214e-10
0.0252137
1.0717e-10
0.0252137
-1.14778e-11
0.0252137
-2.86757e-10
0.0252137
-5.31974e-11
0.0252137
2.13657e-10
0.0252137
-1.09767e-10
0.0252137
-7.38516e-11
0.0252137
1.94211e-10
0.0252137
-2.27286e-10
0.0252137
-4.61331e-10
0.0252137
7.52106e-12
0.0252137
3.11185e-10
0.0252137
3.48361e-10
0.0252137
2.81779e-10
0.0252137
-1.33585e-10
0.0252137
-3.80883e-10
0.0252137
-2.90058e-11
0.0252137
2.32769e-10
0.0252137
1.01361e-11
0.0252137
-2.95051e-10
0.0252137
-3.07486e-10
0.0252137
-1.31943e-10
0.0252137
2.64201e-10
0.0252137
-6.934e-11
0.0252137
3.83089e-10
0.0252137
-1.13006e-09
0.0252137
1.68408e-09
0.0252137
-2.65155e-09
0.0252137
3.94946e-09
0.0252137
-3.24044e-09
0.0252137
9.17652e-11
0.0252137
6.08241e-09
0.0252137
-1.16749e-08
0.0252137
9.13208e-09
0.0252137
5.62235e-09
0.0252137
-1.16573e-08
-2.28195e-09
0.0485239
-0.00145482
0.0466753
-0.00235147
0.0474872
0.00161576
0.0481601
0.001396
0.0462889
-0.00353184
0.0415763
-0.0074871
0.0361391
-0.00642925
0.0318764
-0.00329629
0.029135
-0.00107444
0.0276344
0.000216274
0.0268845
0.000604425
0.0264335
0.000476869
0.0260963
0.000268821
0.0258196
0.000127926
0.0255947
4.762e-05
0.0254211
8.62821e-06
0.0252938
-6.01562e-06
0.0252038
-9.43909e-06
0.025142
-8.58819e-06
0.0251004
-6.56673e-06
0.0250728
-4.59637e-06
0.0250547
-3.05303e-06
0.025043
-1.95711e-06
0.0250354
-1.22286e-06
0.0250305
-7.48847e-07
0.0250274
-4.50503e-07
0.0250254
-2.66708e-07
0.0250242
-1.54753e-07
0.0250234
-8.79081e-08
0.0250229
-4.93714e-08
0.0250226
-2.79637e-08
0.0250224
-1.42322e-08
0.0250223
-6.48238e-09
0.0250222
-3.53599e-09
0.0250222
-1.18843e-09
0.0250221
-6.76697e-10
0.0250221
-6.90904e-10
0.0250221
1.57857e-10
0.0250221
5.62204e-10
0.0250221
9.28932e-10
0.0250221
-1.71866e-10
0.0250221
-3.46026e-10
0.0250221
7.63214e-10
0.0250221
-4.22275e-10
0.0250221
-1.5193e-10
0.0250221
9.2166e-10
0.0250221
-6.827e-10
0.0250221
-2.64879e-10
0.0250221
6.50301e-10
0.0250221
-6.00179e-10
0.0250221
-2.83786e-11
0.0250221
6.32652e-10
0.0250221
-4.09064e-10
0.0250221
-2.28475e-10
0.0250221
4.05913e-10
0.0250221
-1.58927e-10
0.0250221
-1.08513e-10
0.0250221
3.50684e-10
0.0250221
-1.45909e-10
0.0250221
-2.59715e-10
0.0250221
2.40525e-10
0.0250221
2.62294e-10
0.0250221
-2.242e-11
0.0250221
-6.64075e-11
0.0250221
-2.43899e-11
0.0250221
-1.13169e-10
0.0250221
6.33246e-12
0.0250221
1.16411e-10
0.0250221
-1.15196e-10
0.0250221
-4.47506e-11
0.0250221
2.04434e-10
0.0250221
-6.92642e-11
0.0250221
-2.97099e-10
0.0250221
-9.53634e-12
0.0250221
2.33614e-10
0.0250221
2.27737e-10
0.0250221
9.36829e-11
0.0250221
-1.95663e-10
0.0250221
-2.74329e-10
0.0250221
4.52317e-11
0.0250221
2.09212e-10
0.0250221
-2.12791e-11
0.0250221
-2.37541e-10
0.0250221
-1.0976e-10
0.0250221
9.14689e-11
0.0250221
3.47394e-10
0.0250221
-2.12479e-10
0.0250221
2.89588e-10
0.0250221
-1.31496e-09
0.0250221
1.95912e-09
0.0250221
-2.86852e-09
0.0250221
4.30265e-09
0.0250221
-3.43616e-09
0.0250221
-3.17743e-10
0.0250221
6.88537e-09
0.0250221
-1.2755e-08
0.0250221
9.58049e-09
0.0250221
6.48905e-09
0.0250221
-1.24077e-08
-2.06552e-09
0.0404758
0.0381243
0.0397401
0.0411361
0.0376043
0.0301172
0.0236879
0.0203916
0.0193172
0.0195335
0.0201379
0.0206148
0.0208836
0.0210115
0.0210591
0.0210677
0.0210617
0.0210523
0.0210437
0.0210371
0.0210325
0.0210295
0.0210275
0.0210263
0.0210256
0.0210251
0.0210248
0.0210247
0.0210246
0.0210245
0.0210245
0.0210245
0.0210245
0.0210245
0.0210245
0.0210245
0.0210245
0.0210245
0.0210245
0.0210245
0.0210245
0.0210245
0.0210245
0.0210245
0.0210245
0.0210245
0.0210245
0.0210245
0.0210245
0.0210245
0.0210245
0.0210245
0.0210245
0.0210245
0.0210245
0.0210245
0.0210245
0.0210245
0.0210245
0.0210245
0.0210245
0.0210245
0.0210245
0.0210245
0.0210245
0.0210245
0.0210245
0.0210245
0.0210245
0.0210245
0.0210245
0.0210245
0.0210245
0.0210245
0.0210245
0.0210245
0.0210245
0.0210245
0.0210245
0.0210245
0.0210245
0.0210245
0.0210245
0.0210245
0.0210245
0.0210245
0.0210245
0.0210245
0.0210245
0.0210245
0.0210245
0.0210245
0.0210245
0.0210245
0.0210245
0.0210245
0.0210245
0.0210245
0.0210245
-0.00665526
0.00665526
-0.0168629
0.0102076
-0.0254352
0.00857237
-0.0279449
0.00250965
-0.0216327
-0.00631216
-0.00981717
-0.0118155
-0.00152111
-0.00829606
0.00598687
-0.00750798
0.0114755
-0.00548865
0.0152149
-0.00373941
0.0176221
-0.00240717
0.0190944
-0.00147229
0.0199557
-0.00086132
0.020441
-0.000485255
0.020707
-0.000266073
0.0208508
-0.000143809
0.0209284
-7.75738e-05
0.0209706
-4.21832e-05
0.0209939
-2.32642e-05
0.0210069
-1.30395e-05
0.0210143
-7.4201e-06
0.0210186
-4.27351e-06
0.0210211
-2.48156e-06
0.0210225
-1.44679e-06
0.0210234
-8.4317e-07
0.0210239
-4.90018e-07
0.0210241
-2.82859e-07
0.0210243
-1.61603e-07
0.0210244
-9.13527e-08
0.0210244
-5.07017e-08
0.0210245
-2.77297e-08
0.0210245
-1.4678e-08
0.0210245
-7.32782e-09
0.0210245
-3.52553e-09
0.0210245
-1.48561e-09
0.0210245
-6.11711e-10
0.0210245
3.18984e-11
0.0210245
3.94667e-10
0.0210245
1.63845e-10
0.0210245
9.38449e-12
0.0210245
1.92562e-10
0.0210245
4.10524e-10
0.0210245
5.08798e-11
0.0210245
-2.89029e-10
0.0210245
-6.01308e-11
0.0210245
2.22564e-10
0.0210245
1.01228e-10
0.0210245
1.85899e-10
0.0210245
3.29199e-10
0.0210245
-1.22627e-10
0.0210245
-3.44664e-10
0.0210245
-8.60851e-11
0.0210245
-2.44051e-11
0.0210245
1.23124e-10
0.0210245
3.76435e-10
0.0210245
-1.32375e-10
0.0210245
-2.31739e-10
0.0210245
2.06123e-10
0.0210245
-6.15419e-11
0.0210245
-4.04815e-11
0.0210245
8.65878e-11
0.0210245
-1.8177e-10
0.0210245
-7.17138e-11
0.0210245
6.41069e-11
0.0210245
1.22422e-11
0.0210245
7.24554e-11
0.0210245
4.21581e-11
0.0210245
-6.38134e-11
0.0210245
-9.71849e-11
0.0210245
-1.9038e-11
0.0210245
1.06934e-10
0.0210245
1.11612e-10
0.0210245
7.69489e-11
0.0210245
3.55084e-11
0.0210245
-1.10074e-10
0.0210245
-1.38698e-10
0.0210245
2.58887e-11
0.0210245
8.63915e-11
0.0210245
2.61721e-11
0.0210245
-1.04345e-11
0.0210245
-7.42266e-11
0.0210245
-1.30428e-10
0.0210245
-7.34823e-11
0.0210245
1.31348e-11
0.0210245
1.37361e-10
0.0210245
2.69865e-11
0.0210245
3.11448e-10
0.0210245
-5.65641e-10
0.0210245
8.61363e-10
0.0210245
-2.22951e-09
0.0210245
2.96858e-09
0.0210245
-3.91204e-09
0.0210245
3.76803e-09
0.0210245
3.77679e-10
0.0210245
-7.04426e-09
0.0210245
1.25859e-08
0.0210245
-9.64834e-09
0.0210245
-6.33263e-09
0.0210245
1.25153e-08
2.01373e-09
-0.00750674
0.014162
-0.0185399
0.0212407
-0.0258246
0.0158571
-0.0280734
0.0047585
-0.0218863
-0.0124993
-0.0102268
-0.023475
-0.00109476
-0.0174281
0.00674082
-0.0153436
0.0126307
-0.0113785
0.0168185
-0.00792724
0.0196924
-0.00528109
0.0216128
-0.00339261
0.0228661
-0.00211466
0.0236676
-0.00128678
0.0241731
-0.0007715
0.0244895
-0.000460243
0.0246872
-0.000275313
0.024811
-0.000165938
0.0248887
-0.000100968
0.0249377
-6.20077e-05
0.0249686
-3.83764e-05
0.0249882
-2.38848e-05
0.0250007
-1.49197e-05
0.0250086
-9.33574e-06
0.0250136
-5.84266e-06
0.0250167
-3.65482e-06
0.0250187
-2.28168e-06
0.02502
-1.42098e-06
0.0250208
-8.83805e-07
0.0250213
-5.47311e-07
0.0250216
-3.37998e-07
0.0250218
-2.08541e-07
0.0250219
-1.27462e-07
0.025022
-7.7883e-08
0.025022
-4.76439e-08
0.025022
-2.88476e-08
0.0250221
-1.72218e-08
0.0250221
-1.02052e-08
0.0250221
-6.27983e-09
0.0250221
-3.9717e-09
0.0250221
-2.08098e-09
0.0250221
-8.01645e-10
0.0250221
-9.60872e-10
0.0250221
-1.2233e-09
0.0250221
-4.85243e-10
0.0250221
3.49741e-10
0.0250221
4.25562e-10
0.0250221
3.49498e-10
0.0250221
2.51253e-10
0.0250221
-3.12964e-10
0.0250221
-6.22198e-10
0.0250221
-2.35245e-10
0.0250221
1.50441e-10
0.0250221
3.05295e-10
0.0250221
5.05375e-10
0.0250221
-4.98392e-11
0.0250221
-3.47853e-10
0.0250221
1.19595e-10
0.0250221
-3.1198e-11
0.0250221
-4.57727e-11
0.0250221
6.92892e-11
0.0250221
-1.9257e-10
0.0250221
-1.81092e-10
0.0250221
-7.18628e-11
0.0250221
3.80159e-11
0.0250221
1.5106e-10
0.0250221
9.46013e-11
0.0250221
-1.19476e-13
0.0250221
-1.43496e-10
0.0250221
-8.07332e-11
0.0250221
2.26448e-10
0.0250221
2.70664e-10
0.0250221
1.71969e-10
0.0250221
1.05106e-10
0.0250221
-1.73695e-10
0.0250221
-3.09065e-10
0.0250221
-4.90281e-11
0.0250221
9.62648e-11
0.0250221
1.01519e-11
0.0250221
-2.95472e-11
0.0250221
-9.36623e-11
0.0250221
-1.85219e-10
0.0250221
-1.20133e-10
0.0250221
2.70557e-11
0.0250221
1.83855e-10
0.0250221
8.00902e-11
0.0250221
2.34677e-10
0.0250221
-6.69959e-10
0.0250221
5.14594e-10
0.0250221
-2.15406e-09
0.0250221
2.69723e-09
0.0250221
-3.41093e-09
0.0250221
3.77096e-09
0.0250221
1.07041e-10
0.0250221
-6.15903e-09
0.0250221
1.15878e-08
0.0250221
-9.09544e-09
0.0250221
-5.23061e-09
0.0250221
1.1681e-08
2.00694e-09
-0.0102314
0.0243934
-0.0188241
0.0298334
-0.0261556
0.0231887
-0.0255366
0.00413945
-0.0208647
-0.0171712
-0.0109897
-0.03335
-0.000815337
-0.0276025
0.00671965
-0.0228785
0.0125146
-0.0171735
0.0166538
-0.0120665
0.0195267
-0.00815393
0.0214812
-0.00534718
0.022789
-0.00342242
0.0236504
-0.00214817
0.0242107
-0.00133178
0.024572
-0.000821537
0.0248037
-0.000507059
0.0249519
-0.000314171
0.0250466
-0.000195677
0.0251071
-0.000122507
0.0251458
-7.70238e-05
0.0251705
-4.8568e-05
0.0251862
-3.06757e-05
0.0251963
-1.93823e-05
0.0252027
-1.22385e-05
0.0252067
-7.7198e-06
0.0252093
-4.85893e-06
0.0252109
-3.05079e-06
0.025212
-1.91273e-06
0.0252126
-1.19443e-06
0.025213
-7.43598e-07
0.0252133
-4.62751e-07
0.0252134
-2.85826e-07
0.0252135
-1.76153e-07
0.0252136
-1.08821e-07
0.0252136
-6.64931e-08
0.0252137
-4.034e-08
0.0252137
-2.44951e-08
0.0252137
-1.49615e-08
0.0252137
-9.25911e-09
0.0252137
-5.24185e-09
0.0252137
-2.61253e-09
0.0252137
-2.28385e-09
0.0252137
-2.26255e-09
0.0252137
-1.00396e-09
0.0252137
3.67294e-10
0.0252137
6.79227e-10
0.0252137
4.15639e-10
0.0252137
9.77146e-11
0.0252137
-4.40464e-10
0.0252137
-8.06585e-10
0.0252137
-3.84242e-10
0.0252137
3.15552e-10
0.0252137
4.39918e-10
0.0252137
5.60401e-10
0.0252137
9.80646e-11
0.0252137
-4.272e-10
0.0252137
-1.96766e-11
0.0252137
1.73436e-11
0.0252137
-3.72059e-11
0.0252137
3.92638e-11
0.0252137
-1.6876e-10
0.0252137
-2.93835e-10
0.0252137
-2.48917e-10
0.0252137
5.92408e-11
0.0252137
2.38669e-10
0.0252137
1.52437e-10
0.0252137
8.64186e-11
0.0252137
-1.81051e-10
0.0252137
-1.66975e-10
0.0252137
3.23114e-10
0.0252137
4.32831e-10
0.0252137
2.75145e-10
0.0252137
1.85253e-10
0.0252137
-2.12793e-10
0.0252137
-4.81658e-10
0.0252137
-1.51143e-10
0.0252137
9.50811e-11
0.0252137
5.26455e-13
0.0252137
-3.81408e-11
0.0252137
-9.50478e-11
0.0252137
-2.27839e-10
0.0252137
-1.73934e-10
0.0252137
1.88792e-11
0.0252137
2.13142e-10
0.0252137
1.19627e-10
0.0252137
1.65632e-10
0.0252137
-7.6618e-10
0.0252137
2.13838e-10
0.0252137
-2.04777e-09
0.0252137
2.34032e-09
0.0252137
-2.72925e-09
0.0252137
3.27965e-09
0.0252137
4.00154e-10
0.0252137
-5.50632e-09
0.0252137
1.00953e-08
0.0252137
-7.28938e-09
0.0252137
-4.63328e-09
0.0252137
1.00849e-08
2.00808e-09
-0.0117695
0.0361629
-0.0204482
0.0385121
-0.0266279
0.0293684
-0.0240303
0.00154183
-0.0184581
-0.0227435
-0.0102081
-0.0415999
-0.000126725
-0.0376839
0.00727934
-0.0302846
0.012875
-0.0227691
0.01689
-0.0160815
0.0196831
-0.0109471
0.0215822
-0.00724623
0.022851
-0.00469124
0.0236868
-0.00298402
0.0242318
-0.00187677
0.0245848
-0.00117449
0.0248124
-0.000734654
0.0249587
-0.000460536
0.0250527
-0.000289653
0.025113
-0.000182785
0.0251516
-0.000115657
0.0251764
-7.33045e-05
0.0251922
-4.64954e-05
0.0252023
-2.94838e-05
0.0252087
-1.86763e-05
0.0252128
-1.18147e-05
0.0252154
-7.45698e-06
0.0252171
-4.69459e-06
0.0252181
-2.95084e-06
0.0252188
-1.8477e-06
0.0252192
-1.15309e-06
0.0252194
-7.19414e-07
0.0252196
-4.4592e-07
0.0252197
-2.75487e-07
0.0252197
-1.70653e-07
0.0252198
-1.04586e-07
0.0252198
-6.37417e-08
0.0252198
-3.89915e-08
0.0252198
-2.37416e-08
0.0252198
-1.45952e-08
0.0252198
-8.44621e-09
0.0252198
-4.50593e-09
0.0252198
-3.63844e-09
0.0252198
-3.24641e-09
0.0252198
-1.44889e-09
0.0252198
3.74536e-10
0.0252198
8.39629e-10
0.0252198
4.0126e-10
0.0252198
-9.2957e-11
0.0252198
-5.34256e-10
0.0252198
-9.03678e-10
0.0252198
-4.87756e-10
0.0252198
4.6193e-10
0.0252198
5.4028e-10
0.0252198
5.77803e-10
0.0252198
2.31973e-10
0.0252198
-4.77896e-10
0.0252198
-1.58743e-10
0.0252198
6.35969e-11
0.0252198
-1.11713e-11
0.0252198
4.66945e-12
0.0252198
-1.47369e-10
0.0252198
-4.01019e-10
0.0252198
-4.33741e-10
0.0252198
8.61219e-11
0.0252198
3.34274e-10
0.0252198
2.09289e-10
0.0252198
1.71174e-10
0.0252198
-2.20655e-10
0.0252198
-2.60672e-10
0.0252198
4.13655e-10
0.0252198
5.93651e-10
0.0252198
3.78467e-10
0.0252198
2.63825e-10
0.0252198
-2.54049e-10
0.0252198
-6.48056e-10
0.0252198
-2.55034e-10
0.0252198
9.40823e-11
0.0252198
1.81489e-13
0.0252198
-4.20014e-11
0.0252198
-9.48137e-11
0.0252198
-2.67982e-10
0.0252198
-2.33489e-10
0.0252198
2.02182e-12
0.0252198
2.40762e-10
0.0252198
1.58929e-10
0.0252198
1.0707e-10
0.0252198
-8.59906e-10
0.0252198
-5.65582e-11
0.0252198
-1.97039e-09
0.0252198
2.03996e-09
0.0252198
-2.15063e-09
0.0252198
2.86477e-09
0.0252198
6.51561e-10
0.0252198
-4.92432e-09
0.0252198
8.84349e-09
0.0252198
-5.70549e-09
0.0252198
-4.08995e-09
0.0252198
8.64755e-09
1.90291e-09
-0.00243918
0.0386021
-0.0204779
0.0565508
-0.0285706
0.0374611
-0.0251193
-0.00190944
-0.0179781
-0.0298847
-0.00877344
-0.0508045
0.000814757
-0.0472721
0.00806679
-0.0375366
0.0133432
-0.0280454
0.0171467
-0.0198851
0.0198301
-0.0136304
0.0216739
-0.00909001
0.0229111
-0.00592845
0.0237264
-0.00379931
0.0242574
-0.00240776
0.0246009
-0.00151807
0.0248225
-0.000956183
0.024965
-0.000603088
0.0250566
-0.000381273
0.0251155
-0.000241621
0.0251532
-0.000153406
0.0251774
-9.74969e-05
0.0251929
-6.19787e-05
0.0252028
-3.93764e-05
0.0252091
-2.49837e-05
0.0252131
-1.5828e-05
0.0252157
-1.0004e-05
0.0252173
-6.30645e-06
0.0252183
-3.96877e-06
0.0252189
-2.4884e-06
0.0252193
-1.55473e-06
0.0252196
-9.71125e-07
0.0252197
-6.03021e-07
0.0252198
-3.7294e-07
0.0252199
-2.3129e-07
0.0252199
-1.42007e-07
0.02522
-8.67174e-08
0.02522
-5.32126e-08
0.02522
-3.23679e-08
0.02522
-1.98312e-08
0.02522
-1.16036e-08
0.02522
-6.38733e-09
0.02522
-4.97824e-09
0.02522
-4.14902e-09
0.02522
-1.80996e-09
0.02522
3.60342e-10
0.02522
8.9501e-10
0.02522
3.14754e-10
0.02522
-3.00026e-10
0.02522
-5.91436e-10
0.02522
-9.08954e-10
0.02522
-5.46812e-10
0.02522
5.75562e-10
0.02522
6.15364e-10
0.02522
5.61038e-10
0.02522
3.40209e-10
0.02522
-4.96688e-10
0.02522
-2.90258e-10
0.02522
1.03986e-10
0.02522
3.3317e-11
0.02522
-3.55365e-11
0.02522
-1.3239e-10
0.02522
-5.03807e-10
0.02522
-6.18577e-10
0.02522
1.15658e-10
0.02522
4.41439e-10
0.02522
2.6736e-10
0.02522
2.46596e-10
0.02522
-2.66013e-10
0.02522
-3.54043e-10
0.02522
4.97689e-10
0.02522
7.51876e-10
0.02522
4.86828e-10
0.02522
3.35233e-10
0.02522
-3.0157e-10
0.02522
-8.11796e-10
0.02522
-3.52654e-10
0.02522
9.59799e-11
0.02522
7.87248e-12
0.02522
-4.0662e-11
0.02522
-9.58745e-11
0.02522
-3.09449e-10
0.02522
-2.96794e-10
0.02522
-1.74517e-11
0.02522
2.67604e-10
0.02522
1.99374e-10
0.02522
5.12021e-11
0.02522
-9.45224e-10
0.02522
-3.10145e-10
0.02522
-1.90397e-09
0.02522
1.77066e-09
0.02522
-1.64259e-09
0.02522
2.51827e-09
0.02522
8.28197e-10
0.02522
-4.34115e-09
0.02522
7.76685e-09
0.02522
-4.36973e-09
0.02522
-3.51842e-09
0.02522
7.34418e-09
1.70285e-09
-0.0269844
0.0655865
-0.0221229
0.0516893
-0.0269359
0.0422741
-0.0262416
-0.00260371
-0.0178544
-0.0382719
-0.00807809
-0.0605808
0.00182237
-0.0571726
0.00908817
-0.0448024
0.0140884
-0.0330457
0.0175937
-0.0233904
0.0200801
-0.0161168
0.0218164
-0.0108263
0.0229964
-0.00710848
0.0237793
-0.00458221
0.0242906
-0.00291905
0.0246218
-0.00184924
0.0248355
-0.00116987
0.0249731
-0.000740724
0.0250617
-0.000469834
0.0251186
-0.000298557
0.0251552
-0.000189976
0.0251786
-0.000120955
0.0251937
-7.70029e-05
0.0252033
-4.89811e-05
0.0252094
-3.11104e-05
0.0252133
-1.97275e-05
0.0252158
-1.24796e-05
0.0252173
-7.87346e-06
0.0252183
-4.95831e-06
0.025219
-3.1113e-06
0.0252193
-1.94534e-06
0.0252196
-1.21587e-06
0.0252197
-7.55833e-07
0.0252198
-4.67717e-07
0.0252199
-2.90225e-07
0.0252199
-1.7847e-07
0.02522
-1.09083e-07
0.02522
-6.70228e-08
0.02522
-4.07709e-08
0.02522
-2.49355e-08
0.02522
-1.46901e-08
0.02522
-8.24556e-09
0.02522
-6.26313e-09
0.02522
-4.95864e-09
0.02522
-2.1017e-09
0.02522
3.11951e-10
0.02522
8.38559e-10
0.02522
1.55064e-10
0.02522
-5.0659e-10
0.02522
-5.98792e-10
0.02522
-8.22638e-10
0.02522
-5.65585e-10
0.02522
6.4985e-10
0.02522
6.55416e-10
0.02522
5.13274e-10
0.02522
4.30723e-10
0.02522
-4.81122e-10
0.02522
-4.13248e-10
0.02522
1.27426e-10
0.02522
9.75074e-11
0.02522
-7.20759e-11
0.02522
-1.25734e-10
0.02522
-5.98386e-10
0.02522
-8.09232e-10
0.02522
1.47038e-10
0.02522
5.59597e-10
0.02522
3.26541e-10
0.02522
3.18525e-10
0.02522
-3.16258e-10
0.02522
-4.55079e-10
0.02522
5.77167e-10
0.02522
9.06575e-10
0.02522
5.97182e-10
0.02522
4.04707e-10
0.02522
-3.55241e-10
0.02522
-9.67506e-10
0.02522
-4.50689e-10
0.02522
9.83187e-11
0.02522
2.56109e-11
0.02522
-3.34496e-11
0.02522
-9.67913e-11
0.02522
-3.50024e-10
0.02522
-3.62383e-10
0.02522
-4.98239e-11
0.02522
2.9059e-10
0.02522
2.44521e-10
0.02522
7.91522e-12
0.02522
-1.0239e-09
0.02522
-5.43256e-10
0.02522
-1.85386e-09
0.02522
1.53396e-09
0.02522
-1.20808e-09
0.02522
2.23418e-09
0.02522
9.50334e-10
0.02522
-3.78018e-09
0.02522
6.85997e-09
0.02522
-3.23651e-09
0.02522
-2.95615e-09
0.02522
6.16542e-09
1.43488e-09
-0.00131389
0.0669004
-0.0181842
0.0685596
-0.0264695
0.0505594
-0.0237054
-0.00536783
-0.0164997
-0.0454776
-0.00718153
-0.069899
0.00266635
-0.0670205
0.00999307
-0.0521292
0.0148905
-0.0379431
0.0181493
-0.0266492
0.0204116
-0.0183791
0.0220051
-0.0124198
0.0231058
-0.00820917
0.0238451
-0.00532157
0.0243312
-0.00340518
0.0246471
-0.00216512
0.0248513
-0.00137405
0.024983
-0.000872418
0.0250679
-0.000554687
0.0251225
-0.000353183
0.0251576
-0.000225103
0.0251802
-0.000143511
0.0251946
-9.14618e-05
0.0252039
-5.82305e-05
0.0252098
-3.70134e-05
0.0252135
-2.34859e-05
0.0252159
-1.48664e-05
0.0252174
-9.38467e-06
0.0252184
-5.91254e-06
0.025219
-3.71207e-06
0.0252194
-2.32221e-06
0.0252196
-1.45196e-06
0.0252198
-9.03278e-07
0.0252198
-5.59159e-07
0.0252199
-3.47041e-07
0.0252199
-2.13726e-07
0.02522
-1.3069e-07
0.02522
-8.03055e-08
0.02522
-4.88912e-08
0.02522
-2.98881e-08
0.02522
-1.76932e-08
0.02522
-1.00481e-08
0.02522
-7.46563e-09
0.02522
-5.67458e-09
0.02522
-2.34139e-09
0.02522
2.19338e-10
0.02522
6.60095e-10
0.02522
-6.05197e-11
0.02522
-6.95717e-10
0.02522
-5.46474e-10
0.02522
-6.51893e-10
0.02522
-5.56132e-10
0.02522
6.76887e-10
0.02522
6.62539e-10
0.02522
4.43874e-10
0.02522
5.03284e-10
0.02522
-4.34529e-10
0.02522
-5.30874e-10
0.02522
1.455e-10
0.02522
1.76028e-10
0.02522
-1.10418e-10
0.02522
-1.23022e-10
0.02522
-6.94718e-10
0.02522
-9.9827e-10
0.02522
1.85676e-10
0.02522
6.87358e-10
0.02522
3.89532e-10
0.02522
3.80208e-10
0.02522
-3.77655e-10
0.02522
-5.53663e-10
0.02522
6.51058e-10
0.02522
1.05908e-09
0.02522
7.11177e-10
0.02522
4.68034e-10
0.02522
-4.16945e-10
0.02522
-1.12344e-09
0.02522
-5.38714e-10
0.02522
1.03959e-10
0.02522
5.2306e-11
0.02522
-1.89501e-11
0.02522
-1.00192e-10
0.02522
-3.92602e-10
0.02522
-4.35467e-10
0.02522
-8.20436e-11
0.02522
3.15204e-10
0.02522
2.88014e-10
0.02522
-3.38642e-11
0.02522
-1.09177e-09
0.02522
-7.56801e-10
0.02522
-1.8155e-09
0.02522
1.3246e-09
0.02522
-8.36917e-10
0.02522
1.9962e-09
0.02522
1.03246e-09
0.02522
-3.23849e-09
0.02522
6.09696e-09
0.02522
-2.27123e-09
0.02522
-2.41253e-09
0.02522
5.09417e-09
1.11465e-09
-0.0140897
0.08099
-0.0180361
0.0725061
-0.0214751
0.0539984
-0.0218079
-0.00503501
-0.014138
-0.0531475
-0.00547153
-0.0785655
0.00383188
-0.0763239
0.0108929
-0.0591902
0.0156778
-0.042728
0.0187605
-0.0297319
0.0208135
-0.020432
0.0222435
-0.0138499
0.0232431
-0.00920877
0.0239256
-0.00600406
0.0243798
-0.00385935
0.024677
-0.00246233
0.0248699
-0.00156693
0.0249946
-0.000997135
0.0250751
-0.000635201
0.025127
-0.000405101
0.0251605
-0.000258538
0.025182
-0.000165006
0.0251958
-0.000105254
0.0252046
-6.70596e-05
0.0252102
-4.26516e-05
0.0252138
-2.70771e-05
0.0252161
-1.71477e-05
0.0252175
-1.08296e-05
0.0252185
-6.8249e-06
0.025219
-4.28656e-06
0.0252194
-2.68276e-06
0.0252196
-1.67773e-06
0.0252198
-1.04432e-06
0.0252199
-6.4664e-07
0.0252199
-4.01346e-07
0.0252199
-2.47519e-07
0.02522
-1.51391e-07
0.02522
-9.29622e-08
0.02522
-5.66727e-08
0.02522
-3.4664e-08
0.02522
-2.05888e-08
0.02522
-1.17742e-08
0.02522
-8.56305e-09
0.02522
-6.29586e-09
0.02522
-2.54793e-09
0.02522
6.54331e-11
0.02522
3.75323e-10
0.02522
-3.20809e-10
0.02522
-8.52274e-10
0.02522
-4.42106e-10
0.02522
-4.01367e-10
0.02522
-5.1921e-10
0.02522
6.49283e-10
0.02522
6.33361e-10
0.02522
3.56846e-10
0.02522
5.65051e-10
0.02522
-3.52414e-10
0.02522
-6.41399e-10
0.02522
1.37326e-10
0.02522
2.73581e-10
0.02522
-1.38303e-10
0.02522
-1.23479e-10
0.02522
-7.84884e-10
0.02522
-1.19445e-09
0.02522
2.22788e-10
0.02522
8.23508e-10
0.02522
4.59192e-10
0.02522
4.40816e-10
0.02522
-4.46782e-10
0.02522
-6.62659e-10
0.02522
7.2033e-10
0.02522
1.20369e-09
0.02522
8.3115e-10
0.02522
5.30721e-10
0.02522
-4.85156e-10
0.02522
-1.26774e-09
0.02522
-6.30105e-10
0.02522
1.07296e-10
0.02522
9.12989e-11
0.02522
3.13253e-12
0.02522
-1.04434e-10
0.02522
-4.347e-10
0.02522
-5.06754e-10
0.02522
-1.32581e-10
0.02522
3.30083e-10
0.02522
3.40848e-10
0.02522
-5.70906e-11
0.02522
-1.15056e-09
0.02522
-9.52261e-10
0.02522
-1.79049e-09
0.02522
1.13538e-09
0.02522
-5.23068e-10
0.02522
1.7983e-09
0.02522
1.0785e-09
0.02522
-2.71635e-09
0.02522
5.46473e-09
0.02522
-1.45822e-09
0.02522
-1.88032e-09
0.02522
4.11386e-09
7.54546e-10
7.26893e-05
0.0809174
-0.0104602
0.083039
-0.0172628
0.0608009
-0.0174517
-0.00484614
-0.011972
-0.0586272
-0.00323107
-0.0873064
0.00529407
-0.084849
0.0119128
-0.065809
0.0164417
-0.0472569
0.0193613
-0.0326515
0.0212429
-0.0223136
0.0225168
-0.0151238
0.0234056
-0.0100976
0.0240208
-0.00661926
0.0244365
-0.00427498
0.0247115
-0.00273733
0.0248912
-0.00174663
0.0250079
-0.00111384
0.0250834
-0.000710763
0.0251323
-0.000453936
0.0251638
-0.000290042
0.025184
-0.000185289
0.0251971
-0.000118282
0.0252054
-7.5407e-05
0.0252108
-4.79859e-05
0.0252141
-3.04762e-05
0.0252163
-1.93076e-05
0.0252177
-1.21981e-05
0.0252185
-7.68911e-06
0.0252191
-4.83084e-06
0.0252194
-3.02449e-06
0.0252196
-1.89163e-06
0.0252198
-1.17797e-06
0.0252199
-7.29569e-07
0.0252199
-4.52772e-07
0.0252199
-2.79599e-07
0.02522
-1.71041e-07
0.02522
-1.04906e-07
0.02522
-6.406e-08
0.02522
-3.92338e-08
0.02522
-2.33555e-08
0.02522
-1.34009e-08
0.02522
-9.53785e-09
0.02522
-6.82883e-09
0.02522
-2.74569e-09
0.02522
-1.44376e-10
0.02522
-1.52196e-11
0.02522
-6.01477e-10
0.02522
-9.66526e-10
0.02522
-2.78404e-10
0.02522
-8.86865e-11
0.02522
-4.69761e-10
0.02522
5.58519e-10
0.02522
5.79808e-10
0.02522
2.6415e-10
0.02522
6.16497e-10
0.02522
-2.46262e-10
0.02522
-7.51939e-10
0.02522
1.26078e-10
0.02522
3.82537e-10
0.02522
-1.6075e-10
0.02522
-1.30268e-10
0.02522
-8.85192e-10
0.02522
-1.3834e-09
0.02522
2.7051e-10
0.02522
9.70929e-10
0.02522
5.34531e-10
0.02522
4.86827e-10
0.02522
-5.31943e-10
0.02522
-7.66628e-10
0.02522
7.85342e-10
0.02522
1.34819e-09
0.02522
9.51881e-10
0.02522
5.88889e-10
0.02522
-5.64695e-10
0.02522
-1.41545e-09
0.02522
-7.09235e-10
0.02522
1.17511e-10
0.02522
1.42008e-10
0.02522
3.14453e-11
0.02522
-1.11861e-10
0.02522
-4.78823e-10
0.02522
-5.8923e-10
0.02522
-1.79638e-10
0.02522
3.484e-10
0.02522
3.8883e-10
0.02522
-7.81285e-11
0.02522
-1.19609e-09
0.02522
-1.13187e-09
0.02522
-1.77127e-09
0.02522
9.66124e-10
0.02522
-2.63671e-10
0.02522
1.62991e-09
0.02522
1.10469e-09
0.02522
-2.21487e-09
0.02522
4.94041e-09
0.02522
-7.53715e-10
0.02522
-1.39379e-09
0.02522
3.21658e-09
3.72754e-10
-0.012722
0.0936394
-0.0118935
0.0822105
-0.0113298
0.0602372
-0.0123405
-0.00383545
-0.00828939
-0.0626783
-0.000400971
-0.0951948
0.00704273
-0.0922927
0.01309
-0.0718563
0.0172423
-0.0514092
0.0199489
-0.0353582
0.0216732
-0.0240378
0.0228071
-0.0162577
0.0235864
-0.0108768
0.0241289
-0.00716176
0.0245008
-0.0046469
0.0247503
-0.00298685
0.024915
-0.00191132
0.0250227
-0.00122151
0.0250927
-0.000780784
0.0251381
-0.000499328
0.0251674
-0.000319393
0.0251864
-0.000204218
0.0251985
-0.000130456
0.0252063
-8.32149e-05
0.0252113
-5.29793e-05
0.0252145
-3.36598e-05
0.0252165
-2.13312e-05
0.0252178
-1.34808e-05
0.0252186
-8.49925e-06
0.0252191
-5.34116e-06
0.0252195
-3.34504e-06
0.0252197
-2.09217e-06
0.0252198
-1.30328e-06
0.0252199
-8.07381e-07
0.0252199
-5.00974e-07
0.0252199
-3.09726e-07
0.02522
-1.89499e-07
0.02522
-1.16057e-07
0.02522
-7.1001e-08
0.02522
-4.35686e-08
0.02522
-2.59646e-08
0.02522
-1.49104e-08
0.02522
-1.03786e-08
0.02522
-7.28506e-09
0.02522
-2.95016e-09
0.02522
-4.24922e-10
0.02522
-4.7148e-10
0.02522
-8.88203e-10
0.02522
-1.03433e-09
0.02522
-8.04328e-11
0.02522
2.84655e-10
0.02522
-4.0666e-10
0.02522
4.10607e-10
0.02522
4.85205e-10
0.02522
1.74753e-10
0.02522
6.65108e-10
0.02522
-1.05249e-10
0.02522
-8.62741e-10
0.02522
8.07167e-11
0.02522
5.07689e-10
0.02522
-1.64017e-10
0.02522
-1.29158e-10
0.02522
-9.83691e-10
0.02522
-1.58292e-09
0.02522
3.1317e-10
0.02522
1.12039e-09
0.02522
6.2573e-10
0.02522
5.35299e-10
0.02522
-6.28491e-10
0.02522
-8.81497e-10
0.02522
8.39391e-10
0.02522
1.48196e-09
0.02522
1.08676e-09
0.02522
6.41228e-10
0.02522
-6.44825e-10
0.02522
-1.54728e-09
0.02522
-7.96122e-10
0.02522
1.19919e-10
0.02522
2.07114e-10
0.02522
7.29419e-11
0.02522
-1.23873e-10
0.02522
-5.22006e-10
0.02522
-6.63929e-10
0.02522
-2.54242e-10
0.02522
3.50943e-10
0.02522
4.52532e-10
0.02522
-7.35427e-11
0.02522
-1.2296e-09
0.02522
-1.29361e-09
0.02522
-1.76707e-09
0.02522
8.11253e-10
0.02522
-5.25113e-11
0.02522
1.48e-09
0.02522
1.11233e-09
0.02522
-1.72894e-09
0.02522
4.51006e-09
0.02522
-1.5945e-10
0.02522
-9.11614e-10
0.02522
2.38284e-09
-3.48249e-11
-0.00244043
0.0960798
-0.000108465
0.0798785
-0.00317111
0.0632998
-0.00534838
-0.00165818
-0.00323483
-0.0647918
0.00288426
-0.101314
0.00917483
-0.0985833
0.0144168
-0.0770983
0.0180939
-0.0550863
0.0205321
-0.0377963
0.0220921
-0.0255979
0.0230988
-0.0172644
0.0237762
-0.0115542
0.024246
-0.00763156
0.0245715
-0.00497245
0.0247931
-0.00320844
0.0249412
-0.00205943
0.0250389
-0.00131921
0.0251029
-0.000844714
0.0251445
-0.000540946
0.0251715
-0.000346382
0.0251889
-0.000221661
0.0252001
-0.000141693
0.0252074
-9.04294e-05
0.025212
-5.75973e-05
0.0252149
-3.66059e-05
0.0252168
-2.32046e-05
0.025218
-1.46688e-05
0.0252187
-9.24975e-06
0.0252192
-5.81402e-06
0.0252195
-3.64217e-06
0.0252197
-2.27796e-06
0.0252198
-1.4194e-06
0.0252199
-8.79543e-07
0.0252199
-5.4563e-07
0.0252199
-3.37675e-07
0.02522
-2.06632e-07
0.02522
-1.26349e-07
0.02522
-7.74451e-08
0.02522
-4.76303e-08
0.02522
-2.83995e-08
0.02522
-1.62785e-08
0.02522
-1.10823e-08
0.02522
-7.6825e-09
0.02522
-3.18172e-09
0.02522
-7.47539e-10
0.02522
-9.95267e-10
0.02522
-1.15171e-09
0.02522
-1.04718e-09
0.02522
1.54438e-10
0.02522
6.88831e-10
0.02522
-3.47312e-10
0.02522
1.89162e-10
0.02522
3.89901e-10
0.02522
9.40798e-11
0.02522
7.10063e-10
0.02522
4.53489e-11
0.02522
-9.79524e-10
0.02522
3.81779e-11
0.02522
6.44831e-10
0.02522
-1.57662e-10
0.02522
-1.39909e-10
0.02522
-1.10162e-09
0.02522
-1.76702e-09
0.02522
3.72504e-10
0.02522
1.28386e-09
0.02522
7.21533e-10
0.02522
5.62827e-10
0.02522
-7.44166e-10
0.02522
-9.90455e-10
0.02522
8.95937e-10
0.02522
1.61433e-09
0.02522
1.21799e-09
0.02522
6.96417e-10
0.02522
-7.47079e-10
0.02522
-1.68396e-09
0.02522
-8.69356e-10
0.02522
1.37254e-10
0.02522
2.87299e-10
0.02522
1.12785e-10
0.02522
-1.33827e-10
0.02522
-5.68266e-10
0.02522
-7.56947e-10
0.02522
-3.1603e-10
0.02522
3.56745e-10
0.02522
5.06577e-10
0.02522
-6.41174e-11
0.02522
-1.25052e-09
0.02522
-1.44378e-09
0.02522
-1.75953e-09
0.02522
6.6417e-10
0.02522
1.17456e-10
0.02522
1.35005e-09
0.02522
1.10804e-09
0.02522
-1.25986e-09
0.02522
4.16911e-09
0.02522
3.51843e-10
0.02522
-4.92108e-10
0.02522
1.61565e-09
-4.41024e-10
-0.00663067
0.10271
-0.00157872
0.0748265
0.000463342
0.0612578
0.00228456
-0.0034794
0.00402784
-0.0665351
0.00724303
-0.104529
0.0117069
-0.103047
0.0159228
-0.0813142
0.019015
-0.0581785
0.0211269
-0.0399082
0.0225022
-0.0269732
0.0233848
-0.018147
0.0239677
-0.012137
0.024368
-0.00803184
0.0246468
-0.00525133
0.0248392
-0.0034008
0.0249695
-0.00218978
0.0250565
-0.00140616
0.0251138
-0.000902066
0.0251514
-0.000578489
0.0251758
-0.00037082
0.0251917
-0.000237498
0.0252019
-0.000151914
0.0252085
-9.70012e-05
0.0252127
-6.18084e-05
0.0252154
-3.92942e-05
0.0252171
-2.49148e-05
0.0252182
-1.57539e-05
0.0252188
-9.93548e-06
0.0252193
-6.24614e-06
0.0252195
-3.9138e-06
0.0252197
-2.44774e-06
0.0252198
-1.52551e-06
0.0252199
-9.45548e-07
0.0252199
-5.86444e-07
0.02522
-3.63241e-07
0.02522
-2.22313e-07
0.02522
-1.35715e-07
0.02522
-8.33501e-08
0.02522
-5.1385e-08
0.02522
-3.06248e-08
0.02522
-1.75032e-08
0.02522
-1.1647e-08
0.02522
-8.0358e-09
0.02522
-3.45117e-09
0.02522
-1.12727e-09
0.02522
-1.51146e-09
0.02522
-1.3875e-09
0.02522
-1.02816e-09
0.02522
3.93646e-10
0.02522
1.12784e-09
0.02522
-2.71397e-10
0.02522
-9.02102e-11
0.02522
2.44098e-10
0.02522
4.45572e-11
0.02522
7.66707e-10
0.02522
2.22463e-10
0.02522
-1.10928e-09
0.02522
-4.39353e-11
0.02522
7.91429e-10
0.02522
-1.15003e-10
0.02522
-1.29546e-10
0.02522
-1.22739e-09
0.02522
-1.96483e-09
0.02522
4.19846e-10
0.02522
1.44099e-09
0.02522
8.50393e-10
0.02522
5.95831e-10
0.02522
-8.79086e-10
0.02522
-1.10734e-09
0.02522
9.27871e-10
0.02522
1.73971e-09
0.02522
1.37247e-09
0.02522
7.33876e-10
0.02522
-8.34436e-10
0.02522
-1.80249e-09
0.02522
-9.57488e-10
0.02522
1.37485e-10
0.02522
3.87246e-10
0.02522
1.75713e-10
0.02522
-1.59587e-10
0.02522
-6.08314e-10
0.02522
-8.33876e-10
0.02522
-4.23523e-10
0.02522
3.45002e-10
0.02522
5.84891e-10
0.02522
-2.41045e-11
0.02522
-1.25057e-09
0.02522
-1.57954e-09
0.02522
-1.77041e-09
0.02522
5.31862e-10
0.02522
2.35528e-10
0.02522
1.22458e-09
0.02522
1.10111e-09
0.02522
-8.05342e-10
0.02522
3.88544e-09
0.02522
8.05232e-10
0.02522
-7.35477e-11
0.02522
8.85826e-10
-8.62832e-10
0.00620099
0.0965095
0.0123008
0.0687267
0.0108274
0.0627313
0.00928145
-0.00193347
0.0106733
-0.0679269
0.0120973
-0.105953
0.0146251
-0.105575
0.0175914
-0.0842806
0.0200056
-0.0605926
0.0217418
-0.0416445
0.0229096
-0.028141
0.0236644
-0.0189018
0.0241569
-0.0126295
0.0244914
-0.00836628
0.0247248
-0.00548474
0.0248876
-0.00356366
0.0249996
-0.00230172
0.0250752
-0.00148178
0.0251256
-0.000952441
0.0251588
-0.000611696
0.0251805
-0.000392541
0.0251946
-0.000251622
0.0252038
-0.000161052
0.0252096
-0.000102886
0.0252134
-6.55837e-05
0.0252158
-4.17064e-05
0.0252174
-2.64504e-05
0.0252183
-1.67287e-05
0.025219
-1.05517e-05
0.0252193
-6.63455e-06
0.0252196
-4.15803e-06
0.0252197
-2.60036e-06
0.0252198
-1.62089e-06
0.0252199
-1.00493e-06
0.0252199
-6.23142e-07
0.02522
-3.86238e-07
0.02522
-2.36436e-07
0.02522
-1.44094e-07
0.02522
-8.86654e-08
0.02522
-5.48019e-08
0.02522
-3.26276e-08
0.02522
-1.85575e-08
0.02522
-1.20831e-08
0.02522
-8.38586e-09
0.02522
-3.75131e-09
0.02522
-1.50575e-09
0.02522
-2.0569e-09
0.02522
-1.55625e-09
0.02522
-9.58934e-10
0.02522
6.38588e-10
0.02522
1.56341e-09
0.02522
-2.2783e-10
0.02522
-4.31002e-10
0.02522
1.34521e-10
0.02522
9.13904e-12
0.02522
8.18356e-10
0.02522
3.93136e-10
0.02522
-1.25281e-09
0.02522
-1.08638e-10
0.02522
9.55173e-10
0.02522
-6.92421e-11
0.02522
-1.37591e-10
0.02522
-1.38038e-09
0.02522
-2.13496e-09
0.02522
4.9158e-10
0.02522
1.61736e-09
0.02522
9.73775e-10
0.02522
6.00344e-10
0.02522
-1.02953e-09
0.02522
-1.21672e-09
0.02522
9.68552e-10
0.02522
1.85813e-09
0.02522
1.52253e-09
0.02522
7.81203e-10
0.02522
-9.60089e-10
0.02522
-1.92537e-09
0.02522
-1.02779e-09
0.02522
1.66541e-10
0.02522
4.96801e-10
0.02522
2.27029e-10
0.02522
-1.68008e-10
0.02522
-6.59615e-10
0.02522
-9.38496e-10
0.02522
-5.00233e-10
0.02522
3.32477e-10
0.02522
6.48303e-10
0.02522
2.33349e-11
0.02522
-1.24434e-09
0.02522
-1.70366e-09
0.02522
-1.77003e-09
0.02522
3.98007e-10
0.02522
3.2903e-10
0.02522
1.10453e-09
0.02522
1.08869e-09
0.02522
-3.52029e-10
0.02522
3.6697e-09
0.02522
1.17459e-09
0.02522
2.88021e-10
0.02522
2.07595e-10
-1.27529e-09
0.00338366
0.0931258
0.0115747
0.0605356
0.0142661
0.0600399
0.0145497
-0.00221714
0.0148141
-0.0681913
0.0155211
-0.10666
0.0174129
-0.107467
0.0193626
-0.0862302
0.0210591
-0.0622891
0.0223821
-0.0429675
0.0233206
-0.0290795
0.0239403
-0.0195216
0.0243432
-0.0130324
0.0246143
-0.00863744
0.0248038
-0.00567421
0.0249375
-0.00369736
0.0250308
-0.00239503
0.0250948
-0.00154575
0.0251379
-0.000995545
0.0251666
-0.000640356
0.0251854
-0.000411403
0.0251977
-0.000263939
0.0252057
-0.000169044
0.0252109
-0.000108044
0.0252142
-6.88978e-05
0.0252163
-4.38262e-05
0.0252177
-2.78007e-05
0.0252185
-1.75865e-05
0.0252191
-1.10943e-05
0.0252194
-6.97657e-06
0.0252196
-4.37311e-06
0.0252198
-2.7348e-06
0.0252199
-1.70492e-06
0.0252199
-1.05726e-06
0.0252199
-6.55496e-07
0.02522
-4.06495e-07
0.02522
-2.48889e-07
0.02522
-1.51449e-07
0.02522
-9.33433e-08
0.02522
-5.78387e-08
0.02522
-3.43907e-08
0.02522
-1.94557e-08
0.02522
-1.23832e-08
0.02522
-8.72378e-09
0.02522
-4.12975e-09
0.02522
-1.88305e-09
0.02522
-2.50074e-09
0.02522
-1.69755e-09
0.02522
-8.97896e-10
0.02522
8.49021e-10
0.02522
2.02588e-09
0.02522
-1.43379e-10
0.02522
-8.37589e-10
0.02522
-5.2725e-11
0.02522
4.33161e-11
0.02522
9.02853e-10
0.02522
5.84466e-10
0.02522
-1.43033e-09
0.02522
-2.24826e-10
0.02522
1.11996e-09
0.02522
4.44491e-11
0.02522
-1.09659e-10
0.02522
-1.55847e-09
0.02522
-2.32649e-09
0.02522
5.42381e-10
0.02522
1.77698e-09
0.02522
1.15943e-09
0.02522
6.12965e-10
0.02522
-1.20948e-09
0.02522
-1.33753e-09
0.02522
9.72161e-10
0.02522
1.97826e-09
0.02522
1.70445e-09
0.02522
8.01974e-10
0.02522
-1.05646e-09
0.02522
-2.02478e-09
0.02522
-1.12874e-09
0.02522
1.62675e-10
0.02522
6.47492e-10
0.02522
3.04603e-10
0.02522
-2.09144e-10
0.02522
-6.87505e-10
0.02522
-1.02418e-09
0.02522
-6.4656e-10
0.02522
3.06771e-10
0.02522
7.42239e-10
0.02522
1.07619e-10
0.02522
-1.20333e-09
0.02522
-1.81863e-09
0.02522
-1.79236e-09
0.02522
2.70063e-10
0.02522
3.65297e-10
0.02522
9.94723e-10
0.02522
1.07267e-09
0.02522
7.57582e-11
0.02522
3.50567e-09
0.02522
1.53831e-09
0.02522
6.28287e-10
0.02522
-4.45317e-10
-1.69374e-09
0.0101767
0.0829491
0.0217223
0.0489901
0.0266565
0.0551057
0.0226617
0.00177771
0.0187726
-0.0643022
0.0182714
-0.106159
0.0197048
-0.1089
0.0210761
-0.0876015
0.0221418
-0.0633548
0.0230447
-0.0438703
0.0237391
-0.0297738
0.0242158
-0.0199983
0.0245275
-0.0133441
0.0247365
-0.00884639
0.0248832
-0.00582089
0.0249882
-0.00380246
0.025063
-0.00246976
0.0251151
-0.00159787
0.0251507
-0.00103118
0.0251747
-0.00066431
0.0251906
-0.000427291
0.025201
-0.000274371
0.0252078
-0.00017584
0.0252122
-0.000112441
0.025215
-7.17284e-05
0.0252169
-4.56393e-05
0.025218
-2.89568e-05
0.0252187
-1.83213e-05
0.0252192
-1.15595e-05
0.0252195
-7.26989e-06
0.0252197
-4.55748e-06
0.0252198
-2.85012e-06
0.0252199
-1.77707e-06
0.0252199
-1.10212e-06
0.0252199
-6.83259e-07
0.02522
-4.23915e-07
0.02522
-2.59578e-07
0.02522
-1.57703e-07
0.02522
-9.73525e-08
0.02522
-6.05004e-08
0.02522
-3.5882e-08
0.02522
-2.01469e-08
0.02522
-1.26139e-08
0.02522
-9.11372e-09
0.02522
-4.48304e-09
0.02522
-2.22385e-09
0.02522
-2.93523e-09
0.02522
-1.73586e-09
0.02522
-8.09572e-10
0.02522
1.0474e-09
0.02522
2.43301e-09
0.02522
-1.29007e-10
0.02522
-1.27368e-09
0.02522
-1.35391e-10
0.02522
7.34683e-11
0.02522
9.74651e-10
0.02522
7.29269e-10
0.02522
-1.6107e-09
0.02522
-2.86722e-10
0.02522
1.29862e-09
0.02522
1.43392e-10
0.02522
-1.18114e-10
0.02522
-1.76249e-09
0.02522
-2.46607e-09
0.02522
6.28065e-10
0.02522
1.95823e-09
0.02522
1.31794e-09
0.02522
5.86196e-10
0.02522
-1.39616e-09
0.02522
-1.43933e-09
0.02522
9.86164e-10
0.02522
2.08736e-09
0.02522
1.87534e-09
0.02522
8.33526e-10
0.02522
-1.1962e-09
0.02522
-2.1404e-09
0.02522
-1.19311e-09
0.02522
2.1153e-10
0.02522
7.74006e-10
0.02522
3.73979e-10
0.02522
-2.10159e-10
0.02522
-7.49706e-10
0.02522
-1.14063e-09
0.02522
-7.43081e-10
0.02522
2.77257e-10
0.02522
8.21085e-10
0.02522
1.90799e-10
0.02522
-1.16771e-09
0.02522
-1.9131e-09
0.02522
-1.79217e-09
0.02522
1.37114e-10
0.02522
3.86842e-10
0.02522
8.66857e-10
0.02522
1.07336e-09
0.02522
5.1999e-10
0.02522
3.36704e-09
0.02522
1.81533e-09
0.02522
9.43421e-10
0.02522
-1.07851e-09
-2.09778e-09
0.00721407
0.075735
0.0220329
0.0341712
0.0300885
0.0470501
0.0277744
0.00409182
0.0244267
-0.0609546
0.0222537
-0.103986
0.0221006
-0.108747
0.0227114
-0.0882123
0.0232203
-0.0638638
0.0237204
-0.0443704
0.0241662
-0.0302196
0.0244933
-0.0203254
0.0247112
-0.013562
0.024858
-0.00899318
0.0249626
-0.00592544
0.0250394
-0.00387933
0.0250957
-0.00252601
0.0251359
-0.00163811
0.025164
-0.00105924
0.0251831
-0.000683444
0.0251959
-0.000440116
0.0252044
-0.000282855
0.02521
-0.000181395
0.0252136
-0.000116049
0.0252159
-7.40569e-05
0.0252174
-4.71335e-05
0.0252184
-2.99109e-05
0.025219
-1.89283e-05
0.0252193
-1.1944e-05
0.0252196
-7.51249e-06
0.0252197
-4.70994e-06
0.0252198
-2.94551e-06
0.0252199
-1.83684e-06
0.0252199
-1.13925e-06
0.02522
-7.06221e-07
0.02522
-4.3835e-07
0.02522
-2.68455e-07
0.02522
-1.62857e-07
0.02522
-1.00615e-07
0.02522
-6.26849e-08
0.02522
-3.71985e-08
0.02522
-2.06676e-08
0.02522
-1.26604e-08
0.02522
-9.55745e-09
0.02522
-4.95214e-09
0.02522
-2.45081e-09
0.02522
-3.18995e-09
0.02522
-1.79143e-09
0.02522
-7.99493e-10
0.02522
1.18339e-09
0.02522
2.91087e-09
0.02522
-3.15484e-11
0.02522
-1.81076e-09
0.02522
-3.58374e-10
0.02522
2.31549e-10
0.02522
1.10911e-09
0.02522
9.2052e-10
0.02522
-1.88325e-09
0.02522
-4.3013e-10
0.02522
1.48217e-09
0.02522
3.58759e-10
0.02522
-6.01446e-11
0.02522
-2.03023e-09
0.02522
-2.64241e-09
0.02522
6.64997e-10
0.02522
2.12876e-09
0.02522
1.58788e-09
0.02522
5.65947e-10
0.02522
-1.62767e-09
0.02522
-1.5595e-09
0.02522
9.41468e-10
0.02522
2.20818e-09
0.02522
2.10673e-09
0.02522
8.26371e-10
0.02522
-1.30077e-09
0.02522
-2.21015e-09
0.02522
-1.33314e-09
0.02522
2.07328e-10
0.02522
9.9786e-10
0.02522
4.48333e-10
0.02522
-2.61094e-10
0.02522
-7.54548e-10
0.02522
-1.24354e-09
0.02522
-9.34491e-10
0.02522
2.33371e-10
0.02522
9.3701e-10
0.02522
3.29706e-10
0.02522
-1.08193e-09
0.02522
-2.00792e-09
0.02522
-1.83213e-09
0.02522
-5.60805e-12
0.02522
3.6368e-10
0.02522
7.63266e-10
0.02522
1.04586e-09
0.02522
9.30374e-10
0.02522
3.30303e-09
0.02522
2.12425e-09
0.02522
1.20107e-09
0.02522
-1.67635e-09
-2.50429e-09
0.0135564
0.0621786
0.0323087
0.0154189
0.0406631
0.0386958
0.0374621
0.00729279
0.0314249
-0.0549174
0.0267685
-0.0993295
0.0247024
-0.106681
0.0243192
-0.0878292
0.0242795
-0.0638241
0.0243986
-0.0444896
0.0246
-0.030421
0.0247744
-0.0204998
0.0248953
-0.013683
0.0249791
-0.00907701
0.0250419
-0.00598816
0.0250909
-0.00392833
0.0251288
-0.00256391
0.0251571
-0.00166643
0.0251775
-0.00107964
0.0251917
-0.000697683
0.0252014
-0.000449815
0.0252079
-0.000289343
0.0252122
-0.000185676
0.025215
-0.000118845
0.0252168
-7.58682e-05
0.025218
-4.82991e-05
0.0252187
-3.06566e-05
0.0252192
-1.94032e-05
0.0252195
-1.22454e-05
0.0252197
-7.70258e-06
0.0252198
-4.82941e-06
0.0252199
-3.02041e-06
0.0252199
-1.88381e-06
0.0252199
-1.16833e-06
0.02522
-7.24235e-07
0.02522
-4.49779e-07
0.02522
-2.75414e-07
0.02522
-1.66745e-07
0.02522
-1.0329e-07
0.02522
-6.44408e-08
0.02522
-3.80948e-08
0.02522
-2.10085e-08
0.02522
-1.27738e-08
0.02522
-1.00387e-08
0.02522
-5.29546e-09
0.02522
-2.6431e-09
0.02522
-3.40172e-09
0.02522
-1.7322e-09
0.02522
-7.5306e-10
0.02522
1.29137e-09
0.02522
3.23571e-09
0.02522
-4.82162e-11
0.02522
-2.29168e-09
0.02522
-3.85883e-10
0.02522
3.39624e-10
0.02522
1.2019e-09
0.02522
9.81236e-10
0.02522
-2.08056e-09
0.02522
-4.71938e-10
0.02522
1.66928e-09
0.02522
5.18507e-10
0.02522
-8.73594e-11
0.02522
-2.28816e-09
0.02522
-2.73548e-09
0.02522
7.81721e-10
0.02522
2.29216e-09
0.02522
1.77621e-09
0.02522
5.10551e-10
0.02522
-1.84754e-09
0.02522
-1.65431e-09
0.02522
9.35069e-10
0.02522
2.30487e-09
0.02522
2.28951e-09
0.02522
8.4472e-10
0.02522
-1.44916e-09
0.02522
-2.32503e-09
0.02522
-1.38155e-09
0.02522
2.78576e-10
0.02522
1.12598e-09
0.02522
5.47319e-10
0.02522
-2.52745e-10
0.02522
-8.33531e-10
0.02522
-1.3756e-09
0.02522
-1.04609e-09
0.02522
1.91448e-10
0.02522
1.0252e-09
0.02522
4.46775e-10
0.02522
-1.01215e-09
0.02522
-2.0677e-09
0.02522
-1.81672e-09
0.02522
-1.59843e-10
0.02522
3.06665e-10
0.02522
6.36325e-10
0.02522
1.06481e-09
0.02522
1.36145e-09
0.02522
3.21913e-09
0.02522
2.34688e-09
0.02522
1.46885e-09
0.02522
-2.2915e-09
-2.89196e-09
0.0114789
0.0506998
0.0286405
-0.00174277
0.0388456
0.0284908
0.0386328
0.0075056
0.0350462
-0.0513308
0.0301817
-0.094465
0.0269491
-0.103448
0.0257942
-0.0866743
0.025294
-0.0633239
0.0250705
-0.0442661
0.0250356
-0.0303861
0.0250584
-0.0205227
0.0250808
-0.0137053
0.0251003
-0.00909647
0.0251209
-0.00600885
0.0251423
-0.00394967
0.025162
-0.00258363
0.0251785
-0.0016829
0.0251912
-0.00109236
0.0252005
-0.000706983
0.025207
-0.000456345
0.0252115
-0.000293801
0.0252145
-0.00018866
0.0252164
-0.000120812
0.0252177
-7.71506e-05
0.0252185
-4.91288e-05
0.0252191
-3.11889e-05
0.0252194
-1.97428e-05
0.0252196
-1.24615e-05
0.0252198
-7.83891e-06
0.0252198
-4.91503e-06
0.0252199
-3.07432e-06
0.0252199
-1.91763e-06
0.02522
-1.18931e-06
0.02522
-7.37059e-07
0.02522
-4.57989e-07
0.02522
-2.80657e-07
0.02522
-1.69415e-07
0.02522
-1.04891e-07
0.02522
-6.58672e-08
0.02522
-3.89978e-08
0.02522
-2.10315e-08
0.02522
-1.26031e-08
0.02522
-1.0727e-08
0.02522
-5.75872e-09
0.02522
-2.55917e-09
0.02522
-3.38323e-09
0.02522
-1.77651e-09
0.02522
-9.32075e-10
0.02522
1.37876e-09
0.02522
3.74456e-09
0.02522
5.7145e-11
0.02522
-2.97547e-09
0.02522
-6.22984e-10
0.02522
6.41832e-10
0.02522
1.416e-09
0.02522
1.14979e-09
0.02522
-2.50725e-09
0.02522
-6.01766e-10
0.02522
1.84091e-09
0.02522
8.92537e-10
0.02522
5.76772e-13
0.02522
-2.6862e-09
0.02522
-2.85788e-09
0.02522
7.55935e-10
0.02522
2.49231e-09
0.02522
2.16567e-09
0.02522
4.18381e-10
0.02522
-2.11123e-09
0.02522
-1.76377e-09
0.02522
7.93653e-10
0.02522
2.4535e-09
0.02522
2.57857e-09
0.02522
7.83169e-10
0.02522
-1.53886e-09
0.02522
-2.35413e-09
0.02522
-1.5827e-09
0.02522
2.77803e-10
0.02522
1.43456e-09
0.02522
6.08221e-10
0.02522
-3.13693e-10
0.02522
-8.09274e-10
0.02522
-1.48465e-09
0.02522
-1.28771e-09
0.02522
1.08618e-10
0.02522
1.1661e-09
0.02522
6.57655e-10
0.02522
-8.79448e-10
0.02522
-2.14391e-09
0.02522
-1.87868e-09
0.02522
-3.28209e-10
0.02522
2.51668e-10
0.02522
5.24749e-10
0.02522
1.02857e-09
0.02522
1.76518e-09
0.02522
3.2084e-09
0.02522
2.6214e-09
0.02522
1.64881e-09
0.02522
-2.84554e-09
-3.26816e-09
0.0518147
-0.0011149
0.0597243
-0.00965244
0.0545391
0.033676
0.0482827
0.013762
0.0411203
-0.0441683
0.0341015
-0.0874463
0.0292688
-0.0986156
0.0271313
-0.0845367
0.0262216
-0.0624141
0.0257235
-0.043768
0.0254698
-0.0301324
0.0253428
-0.0203956
0.0252671
-0.0136296
0.0252217
-0.00905112
0.0251999
-0.00598699
0.0251935
-0.00394333
0.0251952
-0.0025853
0.0251999
-0.00168759
0.025205
-0.00109744
0.0252093
-0.000711336
0.0252127
-0.000459687
0.0252151
-0.000296211
0.0252168
-0.00019033
0.0252179
-0.000121939
0.0252186
-7.78968e-05
0.0252191
-4.96169e-05
0.0252194
-3.15047e-05
0.0252196
-1.99449e-05
0.0252198
-1.2591e-05
0.0252199
-7.9203e-06
0.0252199
-4.96642e-06
0.0252199
-3.10713e-06
0.02522
-1.9377e-06
0.02522
-1.20185e-06
0.02522
-7.45243e-07
0.02522
-4.62569e-07
0.02522
-2.83659e-07
0.02522
-1.71213e-07
0.02522
-1.06119e-07
0.02522
-6.6255e-08
0.02522
-3.93181e-08
0.02522
-2.14266e-08
0.02522
-1.27222e-08
0.02522
-1.10818e-08
0.02522
-5.90119e-09
0.02522
-2.58622e-09
0.02522
-3.2756e-09
0.02522
-1.6825e-09
0.02522
-7.90062e-10
0.02522
1.15418e-09
0.02522
3.47972e-09
0.02522
2.18754e-10
0.02522
-3.32236e-09
0.02522
-3.6716e-10
0.02522
6.61629e-10
0.02522
1.29993e-09
0.02522
1.10861e-09
0.02522
-2.54324e-09
0.02522
-3.62224e-10
0.02522
1.70453e-09
0.02522
9.62187e-10
0.02522
1.37414e-10
0.02522
-2.94751e-09
0.02522
-2.45814e-09
0.02522
9.33784e-10
0.02522
2.10891e-09
0.02522
2.36249e-09
0.02522
3.38469e-10
0.02522
-2.34305e-09
0.02522
-1.41515e-09
0.02522
6.57745e-10
0.02522
2.06725e-09
0.02522
2.84131e-09
0.02522
6.89297e-10
0.02522
-1.87803e-09
0.02522
-1.94995e-09
0.02522
-1.28184e-09
0.02522
-4.95714e-11
0.02522
1.41637e-09
0.02522
1.00571e-09
0.02522
-3.97256e-10
0.02522
-1.14117e-09
0.02522
-1.38905e-09
0.02522
-1.12517e-09
0.02522
-6.99453e-11
0.02522
9.02497e-10
0.02522
6.73664e-10
0.02522
-5.58466e-10
0.02522
-1.88604e-09
0.02522
-1.83483e-09
0.02522
-6.80671e-10
0.02522
1.79267e-10
0.02522
6.19246e-10
0.02522
1.14256e-09
0.02522
1.86299e-09
0.02522
2.87283e-09
0.02522
2.58869e-09
0.02522
1.75979e-09
0.02522
-3.08648e-09
-3.34233e-09
0.037599
0.0544032
0.0574674
0.0503917
0.0428051
0.0373857
0.0322439
0.0286812
0.0270981
0.0263401
0.0259002
0.0256262
0.0254518
0.0253427
0.0252788
0.0252447
0.0252284
0.0252213
0.0252188
0.0252182
0.0252184
0.0252187
0.0252191
0.0252194
0.0252196
0.0252197
0.0252198
0.0252199
0.0252199
0.0252199
0.02522
0.02522
0.02522
0.02522
0.02522
0.02522
0.02522
0.02522
0.02522
0.02522
0.02522
0.02522
0.02522
0.02522
0.02522
0.02522
0.02522
0.02522
0.02522
0.02522
0.02522
0.02522
0.02522
0.02522
0.02522
0.02522
0.02522
0.02522
0.02522
0.02522
0.02522
0.02522
0.02522
0.02522
0.02522
0.02522
0.02522
0.02522
0.02522
0.02522
0.02522
0.02522
0.02522
0.02522
0.02522
0.02522
0.02522
0.02522
0.02522
0.02522
0.02522
0.02522
0.02522
0.02522
0.02522
0.02522
0.02522
0.02522
0.02522
0.02522
0.02522
0.02522
0.02522
0.02522
0.02522
0.02522
0.02522
0.02522
0.02522
)
;

boundaryField
{
    inlet
    {
        type            calculated;
        value           nonuniform List<scalar> 
20
(
-0.05
-0.05
-0.05
-0.05
-0.05
-0.05
-0.05
-0.05
-0.05
-0.05
-0.05
-0.05
-0.05
-0.05
-0.05
-0.05
-0.05
-0.05
-0.05
-0.05
)
;
    }
    outlet
    {
        type            calculated;
        value           nonuniform List<scalar> 
40
(
0.02522
0.02522
0.02522
0.02522
0.02522
0.02522
0.02522
0.02522
0.02522
0.02522
0.02522
0.02522
0.02522
0.02522
0.02522
0.02522
0.0252198
0.0252137
0.0250221
0.0210245
0.0210245
0.0250221
0.0252137
0.0252198
0.02522
0.02522
0.02522
0.02522
0.02522
0.02522
0.02522
0.02522
0.02522
0.02522
0.02522
0.02522
0.02522
0.02522
0.02522
0.02522
)
;
    }
    walls
    {
        type            calculated;
        value           uniform 0;
    }
    frontAndBack
    {
        type            empty;
        value           nonuniform 0();
    }
}


// ************************************************************************* //
