/*--------------------------------*- C++ -*----------------------------------*\
| =========                 |                                                 |
| \\      /  F ield         | OpenFOAM: The Open Source CFD Toolbox           |
|  \\    /   O peration     | Version:  2.4.0                                 |
|   \\  /    A nd           | Web:      www.OpenFOAM.org                      |
|    \\/     M anipulation  |                                                 |
\*---------------------------------------------------------------------------*/
FoamFile
{
    version     2.0;
    format      ascii;
    class       vectorField;
    location    "constant/polyMesh";
    object      points;
}
// * * * * * * * * * * * * * * * * * * * * * * * * * * * * * * * * * * * * * //


3402
(
(0 0.05 0)
(0.01 0.05 0)
(0.02 0.05 0)
(0.03 0.05 0)
(0.04 0.05 0)
(0.05 0.05 0)
(0.06 0.05 0)
(0.07 0.05 0)
(0.08 0.05 0)
(0.09 0.05 0)
(0.1 0.05 0)
(0.11 0.05 0)
(0.12 0.05 0)
(0.13 0.05 0)
(0.14 0.05 0)
(0.15 0.05 0)
(0.16 0.05 0)
(0.17 0.05 0)
(0.18 0.05 0)
(0.19 0.05 0)
(0.2 0.05 0)
(0 0.0525 0)
(0.01 0.0525 0)
(0.02 0.0525 0)
(0.03 0.0525 0)
(0.04 0.0525 0)
(0.05 0.0525 0)
(0.06 0.0525 0)
(0.07 0.0525 0)
(0.08 0.0525 0)
(0.09 0.0525 0)
(0.1 0.0525 0)
(0.11 0.0525 0)
(0.12 0.0525 0)
(0.13 0.0525 0)
(0.14 0.0525 0)
(0.15 0.0525 0)
(0.16 0.0525 0)
(0.17 0.0525 0)
(0.18 0.0525 0)
(0.19 0.0525 0)
(0.2 0.0525 0)
(0 0.055 0)
(0.01 0.055 0)
(0.02 0.055 0)
(0.03 0.055 0)
(0.04 0.055 0)
(0.05 0.055 0)
(0.06 0.055 0)
(0.07 0.055 0)
(0.08 0.055 0)
(0.09 0.055 0)
(0.1 0.055 0)
(0.11 0.055 0)
(0.12 0.055 0)
(0.13 0.055 0)
(0.14 0.055 0)
(0.15 0.055 0)
(0.16 0.055 0)
(0.17 0.055 0)
(0.18 0.055 0)
(0.19 0.055 0)
(0.2 0.055 0)
(0 0.0575 0)
(0.01 0.0575 0)
(0.02 0.0575 0)
(0.03 0.0575 0)
(0.04 0.0575 0)
(0.05 0.0575 0)
(0.06 0.0575 0)
(0.07 0.0575 0)
(0.08 0.0575 0)
(0.09 0.0575 0)
(0.1 0.0575 0)
(0.11 0.0575 0)
(0.12 0.0575 0)
(0.13 0.0575 0)
(0.14 0.0575 0)
(0.15 0.0575 0)
(0.16 0.0575 0)
(0.17 0.0575 0)
(0.18 0.0575 0)
(0.19 0.0575 0)
(0.2 0.0575 0)
(0 0.06 0)
(0.01 0.06 0)
(0.02 0.06 0)
(0.03 0.06 0)
(0.04 0.06 0)
(0.05 0.06 0)
(0.06 0.06 0)
(0.07 0.06 0)
(0.08 0.06 0)
(0.09 0.06 0)
(0.1 0.06 0)
(0.11 0.06 0)
(0.12 0.06 0)
(0.13 0.06 0)
(0.14 0.06 0)
(0.15 0.06 0)
(0.16 0.06 0)
(0.17 0.06 0)
(0.18 0.06 0)
(0.19 0.06 0)
(0.2 0.06 0)
(0 0.0625 0)
(0.01 0.0625 0)
(0.02 0.0625 0)
(0.03 0.0625 0)
(0.04 0.0625 0)
(0.05 0.0625 0)
(0.06 0.0625 0)
(0.07 0.0625 0)
(0.08 0.0625 0)
(0.09 0.0625 0)
(0.1 0.0625 0)
(0.11 0.0625 0)
(0.12 0.0625 0)
(0.13 0.0625 0)
(0.14 0.0625 0)
(0.15 0.0625 0)
(0.16 0.0625 0)
(0.17 0.0625 0)
(0.18 0.0625 0)
(0.19 0.0625 0)
(0.2 0.0625 0)
(0 0.065 0)
(0.01 0.065 0)
(0.02 0.065 0)
(0.03 0.065 0)
(0.04 0.065 0)
(0.05 0.065 0)
(0.06 0.065 0)
(0.07 0.065 0)
(0.08 0.065 0)
(0.09 0.065 0)
(0.1 0.065 0)
(0.11 0.065 0)
(0.12 0.065 0)
(0.13 0.065 0)
(0.14 0.065 0)
(0.15 0.065 0)
(0.16 0.065 0)
(0.17 0.065 0)
(0.18 0.065 0)
(0.19 0.065 0)
(0.2 0.065 0)
(0 0.0675 0)
(0.01 0.0675 0)
(0.02 0.0675 0)
(0.03 0.0675 0)
(0.04 0.0675 0)
(0.05 0.0675 0)
(0.06 0.0675 0)
(0.07 0.0675 0)
(0.08 0.0675 0)
(0.09 0.0675 0)
(0.1 0.0675 0)
(0.11 0.0675 0)
(0.12 0.0675 0)
(0.13 0.0675 0)
(0.14 0.0675 0)
(0.15 0.0675 0)
(0.16 0.0675 0)
(0.17 0.0675 0)
(0.18 0.0675 0)
(0.19 0.0675 0)
(0.2 0.0675 0)
(0 0.07 0)
(0.01 0.07 0)
(0.02 0.07 0)
(0.03 0.07 0)
(0.04 0.07 0)
(0.05 0.07 0)
(0.06 0.07 0)
(0.07 0.07 0)
(0.08 0.07 0)
(0.09 0.07 0)
(0.1 0.07 0)
(0.11 0.07 0)
(0.12 0.07 0)
(0.13 0.07 0)
(0.14 0.07 0)
(0.15 0.07 0)
(0.16 0.07 0)
(0.17 0.07 0)
(0.18 0.07 0)
(0.19 0.07 0)
(0.2 0.07 0)
(0 0.0725 0)
(0.01 0.0725 0)
(0.02 0.0725 0)
(0.03 0.0725 0)
(0.04 0.0725 0)
(0.05 0.0725 0)
(0.06 0.0725 0)
(0.07 0.0725 0)
(0.08 0.0725 0)
(0.09 0.0725 0)
(0.1 0.0725 0)
(0.11 0.0725 0)
(0.12 0.0725 0)
(0.13 0.0725 0)
(0.14 0.0725 0)
(0.15 0.0725 0)
(0.16 0.0725 0)
(0.17 0.0725 0)
(0.18 0.0725 0)
(0.19 0.0725 0)
(0.2 0.0725 0)
(0 0.075 0)
(0.01 0.075 0)
(0.02 0.075 0)
(0.03 0.075 0)
(0.04 0.075 0)
(0.05 0.075 0)
(0.06 0.075 0)
(0.07 0.075 0)
(0.08 0.075 0)
(0.09 0.075 0)
(0.1 0.075 0)
(0.11 0.075 0)
(0.12 0.075 0)
(0.13 0.075 0)
(0.14 0.075 0)
(0.15 0.075 0)
(0.16 0.075 0)
(0.17 0.075 0)
(0.18 0.075 0)
(0.19 0.075 0)
(0.2 0.075 0)
(0 0.0775 0)
(0.01 0.0775 0)
(0.02 0.0775 0)
(0.03 0.0775 0)
(0.04 0.0775 0)
(0.05 0.0775 0)
(0.06 0.0775 0)
(0.07 0.0775 0)
(0.08 0.0775 0)
(0.09 0.0775 0)
(0.1 0.0775 0)
(0.11 0.0775 0)
(0.12 0.0775 0)
(0.13 0.0775 0)
(0.14 0.0775 0)
(0.15 0.0775 0)
(0.16 0.0775 0)
(0.17 0.0775 0)
(0.18 0.0775 0)
(0.19 0.0775 0)
(0.2 0.0775 0)
(0 0.08 0)
(0.01 0.08 0)
(0.02 0.08 0)
(0.03 0.08 0)
(0.04 0.08 0)
(0.05 0.08 0)
(0.06 0.08 0)
(0.07 0.08 0)
(0.08 0.08 0)
(0.09 0.08 0)
(0.1 0.08 0)
(0.11 0.08 0)
(0.12 0.08 0)
(0.13 0.08 0)
(0.14 0.08 0)
(0.15 0.08 0)
(0.16 0.08 0)
(0.17 0.08 0)
(0.18 0.08 0)
(0.19 0.08 0)
(0.2 0.08 0)
(0 0.0825 0)
(0.01 0.0825 0)
(0.02 0.0825 0)
(0.03 0.0825 0)
(0.04 0.0825 0)
(0.05 0.0825 0)
(0.06 0.0825 0)
(0.07 0.0825 0)
(0.08 0.0825 0)
(0.09 0.0825 0)
(0.1 0.0825 0)
(0.11 0.0825 0)
(0.12 0.0825 0)
(0.13 0.0825 0)
(0.14 0.0825 0)
(0.15 0.0825 0)
(0.16 0.0825 0)
(0.17 0.0825 0)
(0.18 0.0825 0)
(0.19 0.0825 0)
(0.2 0.0825 0)
(0 0.085 0)
(0.01 0.085 0)
(0.02 0.085 0)
(0.03 0.085 0)
(0.04 0.085 0)
(0.05 0.085 0)
(0.06 0.085 0)
(0.07 0.085 0)
(0.08 0.085 0)
(0.09 0.085 0)
(0.1 0.085 0)
(0.11 0.085 0)
(0.12 0.085 0)
(0.13 0.085 0)
(0.14 0.085 0)
(0.15 0.085 0)
(0.16 0.085 0)
(0.17 0.085 0)
(0.18 0.085 0)
(0.19 0.085 0)
(0.2 0.085 0)
(0 0.0875 0)
(0.01 0.0875 0)
(0.02 0.0875 0)
(0.03 0.0875 0)
(0.04 0.0875 0)
(0.05 0.0875 0)
(0.06 0.0875 0)
(0.07 0.0875 0)
(0.08 0.0875 0)
(0.09 0.0875 0)
(0.1 0.0875 0)
(0.11 0.0875 0)
(0.12 0.0875 0)
(0.13 0.0875 0)
(0.14 0.0875 0)
(0.15 0.0875 0)
(0.16 0.0875 0)
(0.17 0.0875 0)
(0.18 0.0875 0)
(0.19 0.0875 0)
(0.2 0.0875 0)
(0 0.09 0)
(0.01 0.09 0)
(0.02 0.09 0)
(0.03 0.09 0)
(0.04 0.09 0)
(0.05 0.09 0)
(0.06 0.09 0)
(0.07 0.09 0)
(0.08 0.09 0)
(0.09 0.09 0)
(0.1 0.09 0)
(0.11 0.09 0)
(0.12 0.09 0)
(0.13 0.09 0)
(0.14 0.09 0)
(0.15 0.09 0)
(0.16 0.09 0)
(0.17 0.09 0)
(0.18 0.09 0)
(0.19 0.09 0)
(0.2 0.09 0)
(0 0.0925 0)
(0.01 0.0925 0)
(0.02 0.0925 0)
(0.03 0.0925 0)
(0.04 0.0925 0)
(0.05 0.0925 0)
(0.06 0.0925 0)
(0.07 0.0925 0)
(0.08 0.0925 0)
(0.09 0.0925 0)
(0.1 0.0925 0)
(0.11 0.0925 0)
(0.12 0.0925 0)
(0.13 0.0925 0)
(0.14 0.0925 0)
(0.15 0.0925 0)
(0.16 0.0925 0)
(0.17 0.0925 0)
(0.18 0.0925 0)
(0.19 0.0925 0)
(0.2 0.0925 0)
(0 0.095 0)
(0.01 0.095 0)
(0.02 0.095 0)
(0.03 0.095 0)
(0.04 0.095 0)
(0.05 0.095 0)
(0.06 0.095 0)
(0.07 0.095 0)
(0.08 0.095 0)
(0.09 0.095 0)
(0.1 0.095 0)
(0.11 0.095 0)
(0.12 0.095 0)
(0.13 0.095 0)
(0.14 0.095 0)
(0.15 0.095 0)
(0.16 0.095 0)
(0.17 0.095 0)
(0.18 0.095 0)
(0.19 0.095 0)
(0.2 0.095 0)
(0 0.0975 0)
(0.01 0.0975 0)
(0.02 0.0975 0)
(0.03 0.0975 0)
(0.04 0.0975 0)
(0.05 0.0975 0)
(0.06 0.0975 0)
(0.07 0.0975 0)
(0.08 0.0975 0)
(0.09 0.0975 0)
(0.1 0.0975 0)
(0.11 0.0975 0)
(0.12 0.0975 0)
(0.13 0.0975 0)
(0.14 0.0975 0)
(0.15 0.0975 0)
(0.16 0.0975 0)
(0.17 0.0975 0)
(0.18 0.0975 0)
(0.19 0.0975 0)
(0.2 0.0975 0)
(0 0.1 0)
(0.01 0.1 0)
(0.02 0.1 0)
(0.03 0.1 0)
(0.04 0.1 0)
(0.05 0.1 0)
(0.06 0.1 0)
(0.07 0.1 0)
(0.08 0.1 0)
(0.09 0.1 0)
(0.1 0.1 0)
(0.11 0.1 0)
(0.12 0.1 0)
(0.13 0.1 0)
(0.14 0.1 0)
(0.15 0.1 0)
(0.16 0.1 0)
(0.17 0.1 0)
(0.18 0.1 0)
(0.19 0.1 0)
(0.2 0.1 0)
(0 0.05 0.001)
(0.01 0.05 0.001)
(0.02 0.05 0.001)
(0.03 0.05 0.001)
(0.04 0.05 0.001)
(0.05 0.05 0.001)
(0.06 0.05 0.001)
(0.07 0.05 0.001)
(0.08 0.05 0.001)
(0.09 0.05 0.001)
(0.1 0.05 0.001)
(0.11 0.05 0.001)
(0.12 0.05 0.001)
(0.13 0.05 0.001)
(0.14 0.05 0.001)
(0.15 0.05 0.001)
(0.16 0.05 0.001)
(0.17 0.05 0.001)
(0.18 0.05 0.001)
(0.19 0.05 0.001)
(0.2 0.05 0.001)
(0 0.0525 0.001)
(0.01 0.0525 0.001)
(0.02 0.0525 0.001)
(0.03 0.0525 0.001)
(0.04 0.0525 0.001)
(0.05 0.0525 0.001)
(0.06 0.0525 0.001)
(0.07 0.0525 0.001)
(0.08 0.0525 0.001)
(0.09 0.0525 0.001)
(0.1 0.0525 0.001)
(0.11 0.0525 0.001)
(0.12 0.0525 0.001)
(0.13 0.0525 0.001)
(0.14 0.0525 0.001)
(0.15 0.0525 0.001)
(0.16 0.0525 0.001)
(0.17 0.0525 0.001)
(0.18 0.0525 0.001)
(0.19 0.0525 0.001)
(0.2 0.0525 0.001)
(0 0.055 0.001)
(0.01 0.055 0.001)
(0.02 0.055 0.001)
(0.03 0.055 0.001)
(0.04 0.055 0.001)
(0.05 0.055 0.001)
(0.06 0.055 0.001)
(0.07 0.055 0.001)
(0.08 0.055 0.001)
(0.09 0.055 0.001)
(0.1 0.055 0.001)
(0.11 0.055 0.001)
(0.12 0.055 0.001)
(0.13 0.055 0.001)
(0.14 0.055 0.001)
(0.15 0.055 0.001)
(0.16 0.055 0.001)
(0.17 0.055 0.001)
(0.18 0.055 0.001)
(0.19 0.055 0.001)
(0.2 0.055 0.001)
(0 0.0575 0.001)
(0.01 0.0575 0.001)
(0.02 0.0575 0.001)
(0.03 0.0575 0.001)
(0.04 0.0575 0.001)
(0.05 0.0575 0.001)
(0.06 0.0575 0.001)
(0.07 0.0575 0.001)
(0.08 0.0575 0.001)
(0.09 0.0575 0.001)
(0.1 0.0575 0.001)
(0.11 0.0575 0.001)
(0.12 0.0575 0.001)
(0.13 0.0575 0.001)
(0.14 0.0575 0.001)
(0.15 0.0575 0.001)
(0.16 0.0575 0.001)
(0.17 0.0575 0.001)
(0.18 0.0575 0.001)
(0.19 0.0575 0.001)
(0.2 0.0575 0.001)
(0 0.06 0.001)
(0.01 0.06 0.001)
(0.02 0.06 0.001)
(0.03 0.06 0.001)
(0.04 0.06 0.001)
(0.05 0.06 0.001)
(0.06 0.06 0.001)
(0.07 0.06 0.001)
(0.08 0.06 0.001)
(0.09 0.06 0.001)
(0.1 0.06 0.001)
(0.11 0.06 0.001)
(0.12 0.06 0.001)
(0.13 0.06 0.001)
(0.14 0.06 0.001)
(0.15 0.06 0.001)
(0.16 0.06 0.001)
(0.17 0.06 0.001)
(0.18 0.06 0.001)
(0.19 0.06 0.001)
(0.2 0.06 0.001)
(0 0.0625 0.001)
(0.01 0.0625 0.001)
(0.02 0.0625 0.001)
(0.03 0.0625 0.001)
(0.04 0.0625 0.001)
(0.05 0.0625 0.001)
(0.06 0.0625 0.001)
(0.07 0.0625 0.001)
(0.08 0.0625 0.001)
(0.09 0.0625 0.001)
(0.1 0.0625 0.001)
(0.11 0.0625 0.001)
(0.12 0.0625 0.001)
(0.13 0.0625 0.001)
(0.14 0.0625 0.001)
(0.15 0.0625 0.001)
(0.16 0.0625 0.001)
(0.17 0.0625 0.001)
(0.18 0.0625 0.001)
(0.19 0.0625 0.001)
(0.2 0.0625 0.001)
(0 0.065 0.001)
(0.01 0.065 0.001)
(0.02 0.065 0.001)
(0.03 0.065 0.001)
(0.04 0.065 0.001)
(0.05 0.065 0.001)
(0.06 0.065 0.001)
(0.07 0.065 0.001)
(0.08 0.065 0.001)
(0.09 0.065 0.001)
(0.1 0.065 0.001)
(0.11 0.065 0.001)
(0.12 0.065 0.001)
(0.13 0.065 0.001)
(0.14 0.065 0.001)
(0.15 0.065 0.001)
(0.16 0.065 0.001)
(0.17 0.065 0.001)
(0.18 0.065 0.001)
(0.19 0.065 0.001)
(0.2 0.065 0.001)
(0 0.0675 0.001)
(0.01 0.0675 0.001)
(0.02 0.0675 0.001)
(0.03 0.0675 0.001)
(0.04 0.0675 0.001)
(0.05 0.0675 0.001)
(0.06 0.0675 0.001)
(0.07 0.0675 0.001)
(0.08 0.0675 0.001)
(0.09 0.0675 0.001)
(0.1 0.0675 0.001)
(0.11 0.0675 0.001)
(0.12 0.0675 0.001)
(0.13 0.0675 0.001)
(0.14 0.0675 0.001)
(0.15 0.0675 0.001)
(0.16 0.0675 0.001)
(0.17 0.0675 0.001)
(0.18 0.0675 0.001)
(0.19 0.0675 0.001)
(0.2 0.0675 0.001)
(0 0.07 0.001)
(0.01 0.07 0.001)
(0.02 0.07 0.001)
(0.03 0.07 0.001)
(0.04 0.07 0.001)
(0.05 0.07 0.001)
(0.06 0.07 0.001)
(0.07 0.07 0.001)
(0.08 0.07 0.001)
(0.09 0.07 0.001)
(0.1 0.07 0.001)
(0.11 0.07 0.001)
(0.12 0.07 0.001)
(0.13 0.07 0.001)
(0.14 0.07 0.001)
(0.15 0.07 0.001)
(0.16 0.07 0.001)
(0.17 0.07 0.001)
(0.18 0.07 0.001)
(0.19 0.07 0.001)
(0.2 0.07 0.001)
(0 0.0725 0.001)
(0.01 0.0725 0.001)
(0.02 0.0725 0.001)
(0.03 0.0725 0.001)
(0.04 0.0725 0.001)
(0.05 0.0725 0.001)
(0.06 0.0725 0.001)
(0.07 0.0725 0.001)
(0.08 0.0725 0.001)
(0.09 0.0725 0.001)
(0.1 0.0725 0.001)
(0.11 0.0725 0.001)
(0.12 0.0725 0.001)
(0.13 0.0725 0.001)
(0.14 0.0725 0.001)
(0.15 0.0725 0.001)
(0.16 0.0725 0.001)
(0.17 0.0725 0.001)
(0.18 0.0725 0.001)
(0.19 0.0725 0.001)
(0.2 0.0725 0.001)
(0 0.075 0.001)
(0.01 0.075 0.001)
(0.02 0.075 0.001)
(0.03 0.075 0.001)
(0.04 0.075 0.001)
(0.05 0.075 0.001)
(0.06 0.075 0.001)
(0.07 0.075 0.001)
(0.08 0.075 0.001)
(0.09 0.075 0.001)
(0.1 0.075 0.001)
(0.11 0.075 0.001)
(0.12 0.075 0.001)
(0.13 0.075 0.001)
(0.14 0.075 0.001)
(0.15 0.075 0.001)
(0.16 0.075 0.001)
(0.17 0.075 0.001)
(0.18 0.075 0.001)
(0.19 0.075 0.001)
(0.2 0.075 0.001)
(0 0.0775 0.001)
(0.01 0.0775 0.001)
(0.02 0.0775 0.001)
(0.03 0.0775 0.001)
(0.04 0.0775 0.001)
(0.05 0.0775 0.001)
(0.06 0.0775 0.001)
(0.07 0.0775 0.001)
(0.08 0.0775 0.001)
(0.09 0.0775 0.001)
(0.1 0.0775 0.001)
(0.11 0.0775 0.001)
(0.12 0.0775 0.001)
(0.13 0.0775 0.001)
(0.14 0.0775 0.001)
(0.15 0.0775 0.001)
(0.16 0.0775 0.001)
(0.17 0.0775 0.001)
(0.18 0.0775 0.001)
(0.19 0.0775 0.001)
(0.2 0.0775 0.001)
(0 0.08 0.001)
(0.01 0.08 0.001)
(0.02 0.08 0.001)
(0.03 0.08 0.001)
(0.04 0.08 0.001)
(0.05 0.08 0.001)
(0.06 0.08 0.001)
(0.07 0.08 0.001)
(0.08 0.08 0.001)
(0.09 0.08 0.001)
(0.1 0.08 0.001)
(0.11 0.08 0.001)
(0.12 0.08 0.001)
(0.13 0.08 0.001)
(0.14 0.08 0.001)
(0.15 0.08 0.001)
(0.16 0.08 0.001)
(0.17 0.08 0.001)
(0.18 0.08 0.001)
(0.19 0.08 0.001)
(0.2 0.08 0.001)
(0 0.0825 0.001)
(0.01 0.0825 0.001)
(0.02 0.0825 0.001)
(0.03 0.0825 0.001)
(0.04 0.0825 0.001)
(0.05 0.0825 0.001)
(0.06 0.0825 0.001)
(0.07 0.0825 0.001)
(0.08 0.0825 0.001)
(0.09 0.0825 0.001)
(0.1 0.0825 0.001)
(0.11 0.0825 0.001)
(0.12 0.0825 0.001)
(0.13 0.0825 0.001)
(0.14 0.0825 0.001)
(0.15 0.0825 0.001)
(0.16 0.0825 0.001)
(0.17 0.0825 0.001)
(0.18 0.0825 0.001)
(0.19 0.0825 0.001)
(0.2 0.0825 0.001)
(0 0.085 0.001)
(0.01 0.085 0.001)
(0.02 0.085 0.001)
(0.03 0.085 0.001)
(0.04 0.085 0.001)
(0.05 0.085 0.001)
(0.06 0.085 0.001)
(0.07 0.085 0.001)
(0.08 0.085 0.001)
(0.09 0.085 0.001)
(0.1 0.085 0.001)
(0.11 0.085 0.001)
(0.12 0.085 0.001)
(0.13 0.085 0.001)
(0.14 0.085 0.001)
(0.15 0.085 0.001)
(0.16 0.085 0.001)
(0.17 0.085 0.001)
(0.18 0.085 0.001)
(0.19 0.085 0.001)
(0.2 0.085 0.001)
(0 0.0875 0.001)
(0.01 0.0875 0.001)
(0.02 0.0875 0.001)
(0.03 0.0875 0.001)
(0.04 0.0875 0.001)
(0.05 0.0875 0.001)
(0.06 0.0875 0.001)
(0.07 0.0875 0.001)
(0.08 0.0875 0.001)
(0.09 0.0875 0.001)
(0.1 0.0875 0.001)
(0.11 0.0875 0.001)
(0.12 0.0875 0.001)
(0.13 0.0875 0.001)
(0.14 0.0875 0.001)
(0.15 0.0875 0.001)
(0.16 0.0875 0.001)
(0.17 0.0875 0.001)
(0.18 0.0875 0.001)
(0.19 0.0875 0.001)
(0.2 0.0875 0.001)
(0 0.09 0.001)
(0.01 0.09 0.001)
(0.02 0.09 0.001)
(0.03 0.09 0.001)
(0.04 0.09 0.001)
(0.05 0.09 0.001)
(0.06 0.09 0.001)
(0.07 0.09 0.001)
(0.08 0.09 0.001)
(0.09 0.09 0.001)
(0.1 0.09 0.001)
(0.11 0.09 0.001)
(0.12 0.09 0.001)
(0.13 0.09 0.001)
(0.14 0.09 0.001)
(0.15 0.09 0.001)
(0.16 0.09 0.001)
(0.17 0.09 0.001)
(0.18 0.09 0.001)
(0.19 0.09 0.001)
(0.2 0.09 0.001)
(0 0.0925 0.001)
(0.01 0.0925 0.001)
(0.02 0.0925 0.001)
(0.03 0.0925 0.001)
(0.04 0.0925 0.001)
(0.05 0.0925 0.001)
(0.06 0.0925 0.001)
(0.07 0.0925 0.001)
(0.08 0.0925 0.001)
(0.09 0.0925 0.001)
(0.1 0.0925 0.001)
(0.11 0.0925 0.001)
(0.12 0.0925 0.001)
(0.13 0.0925 0.001)
(0.14 0.0925 0.001)
(0.15 0.0925 0.001)
(0.16 0.0925 0.001)
(0.17 0.0925 0.001)
(0.18 0.0925 0.001)
(0.19 0.0925 0.001)
(0.2 0.0925 0.001)
(0 0.095 0.001)
(0.01 0.095 0.001)
(0.02 0.095 0.001)
(0.03 0.095 0.001)
(0.04 0.095 0.001)
(0.05 0.095 0.001)
(0.06 0.095 0.001)
(0.07 0.095 0.001)
(0.08 0.095 0.001)
(0.09 0.095 0.001)
(0.1 0.095 0.001)
(0.11 0.095 0.001)
(0.12 0.095 0.001)
(0.13 0.095 0.001)
(0.14 0.095 0.001)
(0.15 0.095 0.001)
(0.16 0.095 0.001)
(0.17 0.095 0.001)
(0.18 0.095 0.001)
(0.19 0.095 0.001)
(0.2 0.095 0.001)
(0 0.0975 0.001)
(0.01 0.0975 0.001)
(0.02 0.0975 0.001)
(0.03 0.0975 0.001)
(0.04 0.0975 0.001)
(0.05 0.0975 0.001)
(0.06 0.0975 0.001)
(0.07 0.0975 0.001)
(0.08 0.0975 0.001)
(0.09 0.0975 0.001)
(0.1 0.0975 0.001)
(0.11 0.0975 0.001)
(0.12 0.0975 0.001)
(0.13 0.0975 0.001)
(0.14 0.0975 0.001)
(0.15 0.0975 0.001)
(0.16 0.0975 0.001)
(0.17 0.0975 0.001)
(0.18 0.0975 0.001)
(0.19 0.0975 0.001)
(0.2 0.0975 0.001)
(0 0.1 0.001)
(0.01 0.1 0.001)
(0.02 0.1 0.001)
(0.03 0.1 0.001)
(0.04 0.1 0.001)
(0.05 0.1 0.001)
(0.06 0.1 0.001)
(0.07 0.1 0.001)
(0.08 0.1 0.001)
(0.09 0.1 0.001)
(0.1 0.1 0.001)
(0.11 0.1 0.001)
(0.12 0.1 0.001)
(0.13 0.1 0.001)
(0.14 0.1 0.001)
(0.15 0.1 0.001)
(0.16 0.1 0.001)
(0.17 0.1 0.001)
(0.18 0.1 0.001)
(0.19 0.1 0.001)
(0.2 0.1 0.001)
(0.23 0.05 0)
(0.26 0.05 0)
(0.29 0.05 0)
(0.32 0.05 0)
(0.35 0.05 0)
(0.38 0.05 0)
(0.41 0.05 0)
(0.44 0.05 0)
(0.47 0.05 0)
(0.5 0.05 0)
(0.53 0.05 0)
(0.56 0.05 0)
(0.59 0.05 0)
(0.62 0.05 0)
(0.65 0.05 0)
(0.68 0.05 0)
(0.71 0.05 0)
(0.74 0.05 0)
(0.77 0.05 0)
(0.8 0.05 0)
(0.23 0.0525 0)
(0.26 0.0525 0)
(0.29 0.0525 0)
(0.32 0.0525 0)
(0.35 0.0525 0)
(0.38 0.0525 0)
(0.41 0.0525 0)
(0.44 0.0525 0)
(0.47 0.0525 0)
(0.5 0.0525 0)
(0.53 0.0525 0)
(0.56 0.0525 0)
(0.59 0.0525 0)
(0.62 0.0525 0)
(0.65 0.0525 0)
(0.68 0.0525 0)
(0.71 0.0525 0)
(0.74 0.0525 0)
(0.77 0.0525 0)
(0.8 0.0525 0)
(0.23 0.055 0)
(0.26 0.055 0)
(0.29 0.055 0)
(0.32 0.055 0)
(0.35 0.055 0)
(0.38 0.055 0)
(0.41 0.055 0)
(0.44 0.055 0)
(0.47 0.055 0)
(0.5 0.055 0)
(0.53 0.055 0)
(0.56 0.055 0)
(0.59 0.055 0)
(0.62 0.055 0)
(0.65 0.055 0)
(0.68 0.055 0)
(0.71 0.055 0)
(0.74 0.055 0)
(0.77 0.055 0)
(0.8 0.055 0)
(0.23 0.0575 0)
(0.26 0.0575 0)
(0.29 0.0575 0)
(0.32 0.0575 0)
(0.35 0.0575 0)
(0.38 0.0575 0)
(0.41 0.0575 0)
(0.44 0.0575 0)
(0.47 0.0575 0)
(0.5 0.0575 0)
(0.53 0.0575 0)
(0.56 0.0575 0)
(0.59 0.0575 0)
(0.62 0.0575 0)
(0.65 0.0575 0)
(0.68 0.0575 0)
(0.71 0.0575 0)
(0.74 0.0575 0)
(0.77 0.0575 0)
(0.8 0.0575 0)
(0.23 0.06 0)
(0.26 0.06 0)
(0.29 0.06 0)
(0.32 0.06 0)
(0.35 0.06 0)
(0.38 0.06 0)
(0.41 0.06 0)
(0.44 0.06 0)
(0.47 0.06 0)
(0.5 0.06 0)
(0.53 0.06 0)
(0.56 0.06 0)
(0.59 0.06 0)
(0.62 0.06 0)
(0.65 0.06 0)
(0.68 0.06 0)
(0.71 0.06 0)
(0.74 0.06 0)
(0.77 0.06 0)
(0.8 0.06 0)
(0.23 0.0625 0)
(0.26 0.0625 0)
(0.29 0.0625 0)
(0.32 0.0625 0)
(0.35 0.0625 0)
(0.38 0.0625 0)
(0.41 0.0625 0)
(0.44 0.0625 0)
(0.47 0.0625 0)
(0.5 0.0625 0)
(0.53 0.0625 0)
(0.56 0.0625 0)
(0.59 0.0625 0)
(0.62 0.0625 0)
(0.65 0.0625 0)
(0.68 0.0625 0)
(0.71 0.0625 0)
(0.74 0.0625 0)
(0.77 0.0625 0)
(0.8 0.0625 0)
(0.23 0.065 0)
(0.26 0.065 0)
(0.29 0.065 0)
(0.32 0.065 0)
(0.35 0.065 0)
(0.38 0.065 0)
(0.41 0.065 0)
(0.44 0.065 0)
(0.47 0.065 0)
(0.5 0.065 0)
(0.53 0.065 0)
(0.56 0.065 0)
(0.59 0.065 0)
(0.62 0.065 0)
(0.65 0.065 0)
(0.68 0.065 0)
(0.71 0.065 0)
(0.74 0.065 0)
(0.77 0.065 0)
(0.8 0.065 0)
(0.23 0.0675 0)
(0.26 0.0675 0)
(0.29 0.0675 0)
(0.32 0.0675 0)
(0.35 0.0675 0)
(0.38 0.0675 0)
(0.41 0.0675 0)
(0.44 0.0675 0)
(0.47 0.0675 0)
(0.5 0.0675 0)
(0.53 0.0675 0)
(0.56 0.0675 0)
(0.59 0.0675 0)
(0.62 0.0675 0)
(0.65 0.0675 0)
(0.68 0.0675 0)
(0.71 0.0675 0)
(0.74 0.0675 0)
(0.77 0.0675 0)
(0.8 0.0675 0)
(0.23 0.07 0)
(0.26 0.07 0)
(0.29 0.07 0)
(0.32 0.07 0)
(0.35 0.07 0)
(0.38 0.07 0)
(0.41 0.07 0)
(0.44 0.07 0)
(0.47 0.07 0)
(0.5 0.07 0)
(0.53 0.07 0)
(0.56 0.07 0)
(0.59 0.07 0)
(0.62 0.07 0)
(0.65 0.07 0)
(0.68 0.07 0)
(0.71 0.07 0)
(0.74 0.07 0)
(0.77 0.07 0)
(0.8 0.07 0)
(0.23 0.0725 0)
(0.26 0.0725 0)
(0.29 0.0725 0)
(0.32 0.0725 0)
(0.35 0.0725 0)
(0.38 0.0725 0)
(0.41 0.0725 0)
(0.44 0.0725 0)
(0.47 0.0725 0)
(0.5 0.0725 0)
(0.53 0.0725 0)
(0.56 0.0725 0)
(0.59 0.0725 0)
(0.62 0.0725 0)
(0.65 0.0725 0)
(0.68 0.0725 0)
(0.71 0.0725 0)
(0.74 0.0725 0)
(0.77 0.0725 0)
(0.8 0.0725 0)
(0.23 0.075 0)
(0.26 0.075 0)
(0.29 0.075 0)
(0.32 0.075 0)
(0.35 0.075 0)
(0.38 0.075 0)
(0.41 0.075 0)
(0.44 0.075 0)
(0.47 0.075 0)
(0.5 0.075 0)
(0.53 0.075 0)
(0.56 0.075 0)
(0.59 0.075 0)
(0.62 0.075 0)
(0.65 0.075 0)
(0.68 0.075 0)
(0.71 0.075 0)
(0.74 0.075 0)
(0.77 0.075 0)
(0.8 0.075 0)
(0.23 0.0775 0)
(0.26 0.0775 0)
(0.29 0.0775 0)
(0.32 0.0775 0)
(0.35 0.0775 0)
(0.38 0.0775 0)
(0.41 0.0775 0)
(0.44 0.0775 0)
(0.47 0.0775 0)
(0.5 0.0775 0)
(0.53 0.0775 0)
(0.56 0.0775 0)
(0.59 0.0775 0)
(0.62 0.0775 0)
(0.65 0.0775 0)
(0.68 0.0775 0)
(0.71 0.0775 0)
(0.74 0.0775 0)
(0.77 0.0775 0)
(0.8 0.0775 0)
(0.23 0.08 0)
(0.26 0.08 0)
(0.29 0.08 0)
(0.32 0.08 0)
(0.35 0.08 0)
(0.38 0.08 0)
(0.41 0.08 0)
(0.44 0.08 0)
(0.47 0.08 0)
(0.5 0.08 0)
(0.53 0.08 0)
(0.56 0.08 0)
(0.59 0.08 0)
(0.62 0.08 0)
(0.65 0.08 0)
(0.68 0.08 0)
(0.71 0.08 0)
(0.74 0.08 0)
(0.77 0.08 0)
(0.8 0.08 0)
(0.23 0.0825 0)
(0.26 0.0825 0)
(0.29 0.0825 0)
(0.32 0.0825 0)
(0.35 0.0825 0)
(0.38 0.0825 0)
(0.41 0.0825 0)
(0.44 0.0825 0)
(0.47 0.0825 0)
(0.5 0.0825 0)
(0.53 0.0825 0)
(0.56 0.0825 0)
(0.59 0.0825 0)
(0.62 0.0825 0)
(0.65 0.0825 0)
(0.68 0.0825 0)
(0.71 0.0825 0)
(0.74 0.0825 0)
(0.77 0.0825 0)
(0.8 0.0825 0)
(0.23 0.085 0)
(0.26 0.085 0)
(0.29 0.085 0)
(0.32 0.085 0)
(0.35 0.085 0)
(0.38 0.085 0)
(0.41 0.085 0)
(0.44 0.085 0)
(0.47 0.085 0)
(0.5 0.085 0)
(0.53 0.085 0)
(0.56 0.085 0)
(0.59 0.085 0)
(0.62 0.085 0)
(0.65 0.085 0)
(0.68 0.085 0)
(0.71 0.085 0)
(0.74 0.085 0)
(0.77 0.085 0)
(0.8 0.085 0)
(0.23 0.0875 0)
(0.26 0.0875 0)
(0.29 0.0875 0)
(0.32 0.0875 0)
(0.35 0.0875 0)
(0.38 0.0875 0)
(0.41 0.0875 0)
(0.44 0.0875 0)
(0.47 0.0875 0)
(0.5 0.0875 0)
(0.53 0.0875 0)
(0.56 0.0875 0)
(0.59 0.0875 0)
(0.62 0.0875 0)
(0.65 0.0875 0)
(0.68 0.0875 0)
(0.71 0.0875 0)
(0.74 0.0875 0)
(0.77 0.0875 0)
(0.8 0.0875 0)
(0.23 0.09 0)
(0.26 0.09 0)
(0.29 0.09 0)
(0.32 0.09 0)
(0.35 0.09 0)
(0.38 0.09 0)
(0.41 0.09 0)
(0.44 0.09 0)
(0.47 0.09 0)
(0.5 0.09 0)
(0.53 0.09 0)
(0.56 0.09 0)
(0.59 0.09 0)
(0.62 0.09 0)
(0.65 0.09 0)
(0.68 0.09 0)
(0.71 0.09 0)
(0.74 0.09 0)
(0.77 0.09 0)
(0.8 0.09 0)
(0.23 0.0925 0)
(0.26 0.0925 0)
(0.29 0.0925 0)
(0.32 0.0925 0)
(0.35 0.0925 0)
(0.38 0.0925 0)
(0.41 0.0925 0)
(0.44 0.0925 0)
(0.47 0.0925 0)
(0.5 0.0925 0)
(0.53 0.0925 0)
(0.56 0.0925 0)
(0.59 0.0925 0)
(0.62 0.0925 0)
(0.65 0.0925 0)
(0.68 0.0925 0)
(0.71 0.0925 0)
(0.74 0.0925 0)
(0.77 0.0925 0)
(0.8 0.0925 0)
(0.23 0.095 0)
(0.26 0.095 0)
(0.29 0.095 0)
(0.32 0.095 0)
(0.35 0.095 0)
(0.38 0.095 0)
(0.41 0.095 0)
(0.44 0.095 0)
(0.47 0.095 0)
(0.5 0.095 0)
(0.53 0.095 0)
(0.56 0.095 0)
(0.59 0.095 0)
(0.62 0.095 0)
(0.65 0.095 0)
(0.68 0.095 0)
(0.71 0.095 0)
(0.74 0.095 0)
(0.77 0.095 0)
(0.8 0.095 0)
(0.23 0.0975 0)
(0.26 0.0975 0)
(0.29 0.0975 0)
(0.32 0.0975 0)
(0.35 0.0975 0)
(0.38 0.0975 0)
(0.41 0.0975 0)
(0.44 0.0975 0)
(0.47 0.0975 0)
(0.5 0.0975 0)
(0.53 0.0975 0)
(0.56 0.0975 0)
(0.59 0.0975 0)
(0.62 0.0975 0)
(0.65 0.0975 0)
(0.68 0.0975 0)
(0.71 0.0975 0)
(0.74 0.0975 0)
(0.77 0.0975 0)
(0.8 0.0975 0)
(0.23 0.1 0)
(0.26 0.1 0)
(0.29 0.1 0)
(0.32 0.1 0)
(0.35 0.1 0)
(0.38 0.1 0)
(0.41 0.1 0)
(0.44 0.1 0)
(0.47 0.1 0)
(0.5 0.1 0)
(0.53 0.1 0)
(0.56 0.1 0)
(0.59 0.1 0)
(0.62 0.1 0)
(0.65 0.1 0)
(0.68 0.1 0)
(0.71 0.1 0)
(0.74 0.1 0)
(0.77 0.1 0)
(0.8 0.1 0)
(0.23 0.05 0.001)
(0.26 0.05 0.001)
(0.29 0.05 0.001)
(0.32 0.05 0.001)
(0.35 0.05 0.001)
(0.38 0.05 0.001)
(0.41 0.05 0.001)
(0.44 0.05 0.001)
(0.47 0.05 0.001)
(0.5 0.05 0.001)
(0.53 0.05 0.001)
(0.56 0.05 0.001)
(0.59 0.05 0.001)
(0.62 0.05 0.001)
(0.65 0.05 0.001)
(0.68 0.05 0.001)
(0.71 0.05 0.001)
(0.74 0.05 0.001)
(0.77 0.05 0.001)
(0.8 0.05 0.001)
(0.23 0.0525 0.001)
(0.26 0.0525 0.001)
(0.29 0.0525 0.001)
(0.32 0.0525 0.001)
(0.35 0.0525 0.001)
(0.38 0.0525 0.001)
(0.41 0.0525 0.001)
(0.44 0.0525 0.001)
(0.47 0.0525 0.001)
(0.5 0.0525 0.001)
(0.53 0.0525 0.001)
(0.56 0.0525 0.001)
(0.59 0.0525 0.001)
(0.62 0.0525 0.001)
(0.65 0.0525 0.001)
(0.68 0.0525 0.001)
(0.71 0.0525 0.001)
(0.74 0.0525 0.001)
(0.77 0.0525 0.001)
(0.8 0.0525 0.001)
(0.23 0.055 0.001)
(0.26 0.055 0.001)
(0.29 0.055 0.001)
(0.32 0.055 0.001)
(0.35 0.055 0.001)
(0.38 0.055 0.001)
(0.41 0.055 0.001)
(0.44 0.055 0.001)
(0.47 0.055 0.001)
(0.5 0.055 0.001)
(0.53 0.055 0.001)
(0.56 0.055 0.001)
(0.59 0.055 0.001)
(0.62 0.055 0.001)
(0.65 0.055 0.001)
(0.68 0.055 0.001)
(0.71 0.055 0.001)
(0.74 0.055 0.001)
(0.77 0.055 0.001)
(0.8 0.055 0.001)
(0.23 0.0575 0.001)
(0.26 0.0575 0.001)
(0.29 0.0575 0.001)
(0.32 0.0575 0.001)
(0.35 0.0575 0.001)
(0.38 0.0575 0.001)
(0.41 0.0575 0.001)
(0.44 0.0575 0.001)
(0.47 0.0575 0.001)
(0.5 0.0575 0.001)
(0.53 0.0575 0.001)
(0.56 0.0575 0.001)
(0.59 0.0575 0.001)
(0.62 0.0575 0.001)
(0.65 0.0575 0.001)
(0.68 0.0575 0.001)
(0.71 0.0575 0.001)
(0.74 0.0575 0.001)
(0.77 0.0575 0.001)
(0.8 0.0575 0.001)
(0.23 0.06 0.001)
(0.26 0.06 0.001)
(0.29 0.06 0.001)
(0.32 0.06 0.001)
(0.35 0.06 0.001)
(0.38 0.06 0.001)
(0.41 0.06 0.001)
(0.44 0.06 0.001)
(0.47 0.06 0.001)
(0.5 0.06 0.001)
(0.53 0.06 0.001)
(0.56 0.06 0.001)
(0.59 0.06 0.001)
(0.62 0.06 0.001)
(0.65 0.06 0.001)
(0.68 0.06 0.001)
(0.71 0.06 0.001)
(0.74 0.06 0.001)
(0.77 0.06 0.001)
(0.8 0.06 0.001)
(0.23 0.0625 0.001)
(0.26 0.0625 0.001)
(0.29 0.0625 0.001)
(0.32 0.0625 0.001)
(0.35 0.0625 0.001)
(0.38 0.0625 0.001)
(0.41 0.0625 0.001)
(0.44 0.0625 0.001)
(0.47 0.0625 0.001)
(0.5 0.0625 0.001)
(0.53 0.0625 0.001)
(0.56 0.0625 0.001)
(0.59 0.0625 0.001)
(0.62 0.0625 0.001)
(0.65 0.0625 0.001)
(0.68 0.0625 0.001)
(0.71 0.0625 0.001)
(0.74 0.0625 0.001)
(0.77 0.0625 0.001)
(0.8 0.0625 0.001)
(0.23 0.065 0.001)
(0.26 0.065 0.001)
(0.29 0.065 0.001)
(0.32 0.065 0.001)
(0.35 0.065 0.001)
(0.38 0.065 0.001)
(0.41 0.065 0.001)
(0.44 0.065 0.001)
(0.47 0.065 0.001)
(0.5 0.065 0.001)
(0.53 0.065 0.001)
(0.56 0.065 0.001)
(0.59 0.065 0.001)
(0.62 0.065 0.001)
(0.65 0.065 0.001)
(0.68 0.065 0.001)
(0.71 0.065 0.001)
(0.74 0.065 0.001)
(0.77 0.065 0.001)
(0.8 0.065 0.001)
(0.23 0.0675 0.001)
(0.26 0.0675 0.001)
(0.29 0.0675 0.001)
(0.32 0.0675 0.001)
(0.35 0.0675 0.001)
(0.38 0.0675 0.001)
(0.41 0.0675 0.001)
(0.44 0.0675 0.001)
(0.47 0.0675 0.001)
(0.5 0.0675 0.001)
(0.53 0.0675 0.001)
(0.56 0.0675 0.001)
(0.59 0.0675 0.001)
(0.62 0.0675 0.001)
(0.65 0.0675 0.001)
(0.68 0.0675 0.001)
(0.71 0.0675 0.001)
(0.74 0.0675 0.001)
(0.77 0.0675 0.001)
(0.8 0.0675 0.001)
(0.23 0.07 0.001)
(0.26 0.07 0.001)
(0.29 0.07 0.001)
(0.32 0.07 0.001)
(0.35 0.07 0.001)
(0.38 0.07 0.001)
(0.41 0.07 0.001)
(0.44 0.07 0.001)
(0.47 0.07 0.001)
(0.5 0.07 0.001)
(0.53 0.07 0.001)
(0.56 0.07 0.001)
(0.59 0.07 0.001)
(0.62 0.07 0.001)
(0.65 0.07 0.001)
(0.68 0.07 0.001)
(0.71 0.07 0.001)
(0.74 0.07 0.001)
(0.77 0.07 0.001)
(0.8 0.07 0.001)
(0.23 0.0725 0.001)
(0.26 0.0725 0.001)
(0.29 0.0725 0.001)
(0.32 0.0725 0.001)
(0.35 0.0725 0.001)
(0.38 0.0725 0.001)
(0.41 0.0725 0.001)
(0.44 0.0725 0.001)
(0.47 0.0725 0.001)
(0.5 0.0725 0.001)
(0.53 0.0725 0.001)
(0.56 0.0725 0.001)
(0.59 0.0725 0.001)
(0.62 0.0725 0.001)
(0.65 0.0725 0.001)
(0.68 0.0725 0.001)
(0.71 0.0725 0.001)
(0.74 0.0725 0.001)
(0.77 0.0725 0.001)
(0.8 0.0725 0.001)
(0.23 0.075 0.001)
(0.26 0.075 0.001)
(0.29 0.075 0.001)
(0.32 0.075 0.001)
(0.35 0.075 0.001)
(0.38 0.075 0.001)
(0.41 0.075 0.001)
(0.44 0.075 0.001)
(0.47 0.075 0.001)
(0.5 0.075 0.001)
(0.53 0.075 0.001)
(0.56 0.075 0.001)
(0.59 0.075 0.001)
(0.62 0.075 0.001)
(0.65 0.075 0.001)
(0.68 0.075 0.001)
(0.71 0.075 0.001)
(0.74 0.075 0.001)
(0.77 0.075 0.001)
(0.8 0.075 0.001)
(0.23 0.0775 0.001)
(0.26 0.0775 0.001)
(0.29 0.0775 0.001)
(0.32 0.0775 0.001)
(0.35 0.0775 0.001)
(0.38 0.0775 0.001)
(0.41 0.0775 0.001)
(0.44 0.0775 0.001)
(0.47 0.0775 0.001)
(0.5 0.0775 0.001)
(0.53 0.0775 0.001)
(0.56 0.0775 0.001)
(0.59 0.0775 0.001)
(0.62 0.0775 0.001)
(0.65 0.0775 0.001)
(0.68 0.0775 0.001)
(0.71 0.0775 0.001)
(0.74 0.0775 0.001)
(0.77 0.0775 0.001)
(0.8 0.0775 0.001)
(0.23 0.08 0.001)
(0.26 0.08 0.001)
(0.29 0.08 0.001)
(0.32 0.08 0.001)
(0.35 0.08 0.001)
(0.38 0.08 0.001)
(0.41 0.08 0.001)
(0.44 0.08 0.001)
(0.47 0.08 0.001)
(0.5 0.08 0.001)
(0.53 0.08 0.001)
(0.56 0.08 0.001)
(0.59 0.08 0.001)
(0.62 0.08 0.001)
(0.65 0.08 0.001)
(0.68 0.08 0.001)
(0.71 0.08 0.001)
(0.74 0.08 0.001)
(0.77 0.08 0.001)
(0.8 0.08 0.001)
(0.23 0.0825 0.001)
(0.26 0.0825 0.001)
(0.29 0.0825 0.001)
(0.32 0.0825 0.001)
(0.35 0.0825 0.001)
(0.38 0.0825 0.001)
(0.41 0.0825 0.001)
(0.44 0.0825 0.001)
(0.47 0.0825 0.001)
(0.5 0.0825 0.001)
(0.53 0.0825 0.001)
(0.56 0.0825 0.001)
(0.59 0.0825 0.001)
(0.62 0.0825 0.001)
(0.65 0.0825 0.001)
(0.68 0.0825 0.001)
(0.71 0.0825 0.001)
(0.74 0.0825 0.001)
(0.77 0.0825 0.001)
(0.8 0.0825 0.001)
(0.23 0.085 0.001)
(0.26 0.085 0.001)
(0.29 0.085 0.001)
(0.32 0.085 0.001)
(0.35 0.085 0.001)
(0.38 0.085 0.001)
(0.41 0.085 0.001)
(0.44 0.085 0.001)
(0.47 0.085 0.001)
(0.5 0.085 0.001)
(0.53 0.085 0.001)
(0.56 0.085 0.001)
(0.59 0.085 0.001)
(0.62 0.085 0.001)
(0.65 0.085 0.001)
(0.68 0.085 0.001)
(0.71 0.085 0.001)
(0.74 0.085 0.001)
(0.77 0.085 0.001)
(0.8 0.085 0.001)
(0.23 0.0875 0.001)
(0.26 0.0875 0.001)
(0.29 0.0875 0.001)
(0.32 0.0875 0.001)
(0.35 0.0875 0.001)
(0.38 0.0875 0.001)
(0.41 0.0875 0.001)
(0.44 0.0875 0.001)
(0.47 0.0875 0.001)
(0.5 0.0875 0.001)
(0.53 0.0875 0.001)
(0.56 0.0875 0.001)
(0.59 0.0875 0.001)
(0.62 0.0875 0.001)
(0.65 0.0875 0.001)
(0.68 0.0875 0.001)
(0.71 0.0875 0.001)
(0.74 0.0875 0.001)
(0.77 0.0875 0.001)
(0.8 0.0875 0.001)
(0.23 0.09 0.001)
(0.26 0.09 0.001)
(0.29 0.09 0.001)
(0.32 0.09 0.001)
(0.35 0.09 0.001)
(0.38 0.09 0.001)
(0.41 0.09 0.001)
(0.44 0.09 0.001)
(0.47 0.09 0.001)
(0.5 0.09 0.001)
(0.53 0.09 0.001)
(0.56 0.09 0.001)
(0.59 0.09 0.001)
(0.62 0.09 0.001)
(0.65 0.09 0.001)
(0.68 0.09 0.001)
(0.71 0.09 0.001)
(0.74 0.09 0.001)
(0.77 0.09 0.001)
(0.8 0.09 0.001)
(0.23 0.0925 0.001)
(0.26 0.0925 0.001)
(0.29 0.0925 0.001)
(0.32 0.0925 0.001)
(0.35 0.0925 0.001)
(0.38 0.0925 0.001)
(0.41 0.0925 0.001)
(0.44 0.0925 0.001)
(0.47 0.0925 0.001)
(0.5 0.0925 0.001)
(0.53 0.0925 0.001)
(0.56 0.0925 0.001)
(0.59 0.0925 0.001)
(0.62 0.0925 0.001)
(0.65 0.0925 0.001)
(0.68 0.0925 0.001)
(0.71 0.0925 0.001)
(0.74 0.0925 0.001)
(0.77 0.0925 0.001)
(0.8 0.0925 0.001)
(0.23 0.095 0.001)
(0.26 0.095 0.001)
(0.29 0.095 0.001)
(0.32 0.095 0.001)
(0.35 0.095 0.001)
(0.38 0.095 0.001)
(0.41 0.095 0.001)
(0.44 0.095 0.001)
(0.47 0.095 0.001)
(0.5 0.095 0.001)
(0.53 0.095 0.001)
(0.56 0.095 0.001)
(0.59 0.095 0.001)
(0.62 0.095 0.001)
(0.65 0.095 0.001)
(0.68 0.095 0.001)
(0.71 0.095 0.001)
(0.74 0.095 0.001)
(0.77 0.095 0.001)
(0.8 0.095 0.001)
(0.23 0.0975 0.001)
(0.26 0.0975 0.001)
(0.29 0.0975 0.001)
(0.32 0.0975 0.001)
(0.35 0.0975 0.001)
(0.38 0.0975 0.001)
(0.41 0.0975 0.001)
(0.44 0.0975 0.001)
(0.47 0.0975 0.001)
(0.5 0.0975 0.001)
(0.53 0.0975 0.001)
(0.56 0.0975 0.001)
(0.59 0.0975 0.001)
(0.62 0.0975 0.001)
(0.65 0.0975 0.001)
(0.68 0.0975 0.001)
(0.71 0.0975 0.001)
(0.74 0.0975 0.001)
(0.77 0.0975 0.001)
(0.8 0.0975 0.001)
(0.23 0.1 0.001)
(0.26 0.1 0.001)
(0.29 0.1 0.001)
(0.32 0.1 0.001)
(0.35 0.1 0.001)
(0.38 0.1 0.001)
(0.41 0.1 0.001)
(0.44 0.1 0.001)
(0.47 0.1 0.001)
(0.5 0.1 0.001)
(0.53 0.1 0.001)
(0.56 0.1 0.001)
(0.59 0.1 0.001)
(0.62 0.1 0.001)
(0.65 0.1 0.001)
(0.68 0.1 0.001)
(0.71 0.1 0.001)
(0.74 0.1 0.001)
(0.77 0.1 0.001)
(0.8 0.1 0.001)
(0.2 0 0)
(0.23 0 0)
(0.26 0 0)
(0.29 0 0)
(0.32 0 0)
(0.35 0 0)
(0.38 0 0)
(0.41 0 0)
(0.44 0 0)
(0.47 0 0)
(0.5 0 0)
(0.53 0 0)
(0.56 0 0)
(0.59 0 0)
(0.62 0 0)
(0.65 0 0)
(0.68 0 0)
(0.71 0 0)
(0.74 0 0)
(0.77 0 0)
(0.8 0 0)
(0.2 0.0025 0)
(0.23 0.0025 0)
(0.26 0.0025 0)
(0.29 0.0025 0)
(0.32 0.0025 0)
(0.35 0.0025 0)
(0.38 0.0025 0)
(0.41 0.0025 0)
(0.44 0.0025 0)
(0.47 0.0025 0)
(0.5 0.0025 0)
(0.53 0.0025 0)
(0.56 0.0025 0)
(0.59 0.0025 0)
(0.62 0.0025 0)
(0.65 0.0025 0)
(0.68 0.0025 0)
(0.71 0.0025 0)
(0.74 0.0025 0)
(0.77 0.0025 0)
(0.8 0.0025 0)
(0.2 0.005 0)
(0.23 0.005 0)
(0.26 0.005 0)
(0.29 0.005 0)
(0.32 0.005 0)
(0.35 0.005 0)
(0.38 0.005 0)
(0.41 0.005 0)
(0.44 0.005 0)
(0.47 0.005 0)
(0.5 0.005 0)
(0.53 0.005 0)
(0.56 0.005 0)
(0.59 0.005 0)
(0.62 0.005 0)
(0.65 0.005 0)
(0.68 0.005 0)
(0.71 0.005 0)
(0.74 0.005 0)
(0.77 0.005 0)
(0.8 0.005 0)
(0.2 0.0075 0)
(0.23 0.0075 0)
(0.26 0.0075 0)
(0.29 0.0075 0)
(0.32 0.0075 0)
(0.35 0.0075 0)
(0.38 0.0075 0)
(0.41 0.0075 0)
(0.44 0.0075 0)
(0.47 0.0075 0)
(0.5 0.0075 0)
(0.53 0.0075 0)
(0.56 0.0075 0)
(0.59 0.0075 0)
(0.62 0.0075 0)
(0.65 0.0075 0)
(0.68 0.0075 0)
(0.71 0.0075 0)
(0.74 0.0075 0)
(0.77 0.0075 0)
(0.8 0.0075 0)
(0.2 0.01 0)
(0.23 0.01 0)
(0.26 0.01 0)
(0.29 0.01 0)
(0.32 0.01 0)
(0.35 0.01 0)
(0.38 0.01 0)
(0.41 0.01 0)
(0.44 0.01 0)
(0.47 0.01 0)
(0.5 0.01 0)
(0.53 0.01 0)
(0.56 0.01 0)
(0.59 0.01 0)
(0.62 0.01 0)
(0.65 0.01 0)
(0.68 0.01 0)
(0.71 0.01 0)
(0.74 0.01 0)
(0.77 0.01 0)
(0.8 0.01 0)
(0.2 0.0125 0)
(0.23 0.0125 0)
(0.26 0.0125 0)
(0.29 0.0125 0)
(0.32 0.0125 0)
(0.35 0.0125 0)
(0.38 0.0125 0)
(0.41 0.0125 0)
(0.44 0.0125 0)
(0.47 0.0125 0)
(0.5 0.0125 0)
(0.53 0.0125 0)
(0.56 0.0125 0)
(0.59 0.0125 0)
(0.62 0.0125 0)
(0.65 0.0125 0)
(0.68 0.0125 0)
(0.71 0.0125 0)
(0.74 0.0125 0)
(0.77 0.0125 0)
(0.8 0.0125 0)
(0.2 0.015 0)
(0.23 0.015 0)
(0.26 0.015 0)
(0.29 0.015 0)
(0.32 0.015 0)
(0.35 0.015 0)
(0.38 0.015 0)
(0.41 0.015 0)
(0.44 0.015 0)
(0.47 0.015 0)
(0.5 0.015 0)
(0.53 0.015 0)
(0.56 0.015 0)
(0.59 0.015 0)
(0.62 0.015 0)
(0.65 0.015 0)
(0.68 0.015 0)
(0.71 0.015 0)
(0.74 0.015 0)
(0.77 0.015 0)
(0.8 0.015 0)
(0.2 0.0175 0)
(0.23 0.0175 0)
(0.26 0.0175 0)
(0.29 0.0175 0)
(0.32 0.0175 0)
(0.35 0.0175 0)
(0.38 0.0175 0)
(0.41 0.0175 0)
(0.44 0.0175 0)
(0.47 0.0175 0)
(0.5 0.0175 0)
(0.53 0.0175 0)
(0.56 0.0175 0)
(0.59 0.0175 0)
(0.62 0.0175 0)
(0.65 0.0175 0)
(0.68 0.0175 0)
(0.71 0.0175 0)
(0.74 0.0175 0)
(0.77 0.0175 0)
(0.8 0.0175 0)
(0.2 0.02 0)
(0.23 0.02 0)
(0.26 0.02 0)
(0.29 0.02 0)
(0.32 0.02 0)
(0.35 0.02 0)
(0.38 0.02 0)
(0.41 0.02 0)
(0.44 0.02 0)
(0.47 0.02 0)
(0.5 0.02 0)
(0.53 0.02 0)
(0.56 0.02 0)
(0.59 0.02 0)
(0.62 0.02 0)
(0.65 0.02 0)
(0.68 0.02 0)
(0.71 0.02 0)
(0.74 0.02 0)
(0.77 0.02 0)
(0.8 0.02 0)
(0.2 0.0225 0)
(0.23 0.0225 0)
(0.26 0.0225 0)
(0.29 0.0225 0)
(0.32 0.0225 0)
(0.35 0.0225 0)
(0.38 0.0225 0)
(0.41 0.0225 0)
(0.44 0.0225 0)
(0.47 0.0225 0)
(0.5 0.0225 0)
(0.53 0.0225 0)
(0.56 0.0225 0)
(0.59 0.0225 0)
(0.62 0.0225 0)
(0.65 0.0225 0)
(0.68 0.0225 0)
(0.71 0.0225 0)
(0.74 0.0225 0)
(0.77 0.0225 0)
(0.8 0.0225 0)
(0.2 0.025 0)
(0.23 0.025 0)
(0.26 0.025 0)
(0.29 0.025 0)
(0.32 0.025 0)
(0.35 0.025 0)
(0.38 0.025 0)
(0.41 0.025 0)
(0.44 0.025 0)
(0.47 0.025 0)
(0.5 0.025 0)
(0.53 0.025 0)
(0.56 0.025 0)
(0.59 0.025 0)
(0.62 0.025 0)
(0.65 0.025 0)
(0.68 0.025 0)
(0.71 0.025 0)
(0.74 0.025 0)
(0.77 0.025 0)
(0.8 0.025 0)
(0.2 0.0275 0)
(0.23 0.0275 0)
(0.26 0.0275 0)
(0.29 0.0275 0)
(0.32 0.0275 0)
(0.35 0.0275 0)
(0.38 0.0275 0)
(0.41 0.0275 0)
(0.44 0.0275 0)
(0.47 0.0275 0)
(0.5 0.0275 0)
(0.53 0.0275 0)
(0.56 0.0275 0)
(0.59 0.0275 0)
(0.62 0.0275 0)
(0.65 0.0275 0)
(0.68 0.0275 0)
(0.71 0.0275 0)
(0.74 0.0275 0)
(0.77 0.0275 0)
(0.8 0.0275 0)
(0.2 0.03 0)
(0.23 0.03 0)
(0.26 0.03 0)
(0.29 0.03 0)
(0.32 0.03 0)
(0.35 0.03 0)
(0.38 0.03 0)
(0.41 0.03 0)
(0.44 0.03 0)
(0.47 0.03 0)
(0.5 0.03 0)
(0.53 0.03 0)
(0.56 0.03 0)
(0.59 0.03 0)
(0.62 0.03 0)
(0.65 0.03 0)
(0.68 0.03 0)
(0.71 0.03 0)
(0.74 0.03 0)
(0.77 0.03 0)
(0.8 0.03 0)
(0.2 0.0325 0)
(0.23 0.0325 0)
(0.26 0.0325 0)
(0.29 0.0325 0)
(0.32 0.0325 0)
(0.35 0.0325 0)
(0.38 0.0325 0)
(0.41 0.0325 0)
(0.44 0.0325 0)
(0.47 0.0325 0)
(0.5 0.0325 0)
(0.53 0.0325 0)
(0.56 0.0325 0)
(0.59 0.0325 0)
(0.62 0.0325 0)
(0.65 0.0325 0)
(0.68 0.0325 0)
(0.71 0.0325 0)
(0.74 0.0325 0)
(0.77 0.0325 0)
(0.8 0.0325 0)
(0.2 0.035 0)
(0.23 0.035 0)
(0.26 0.035 0)
(0.29 0.035 0)
(0.32 0.035 0)
(0.35 0.035 0)
(0.38 0.035 0)
(0.41 0.035 0)
(0.44 0.035 0)
(0.47 0.035 0)
(0.5 0.035 0)
(0.53 0.035 0)
(0.56 0.035 0)
(0.59 0.035 0)
(0.62 0.035 0)
(0.65 0.035 0)
(0.68 0.035 0)
(0.71 0.035 0)
(0.74 0.035 0)
(0.77 0.035 0)
(0.8 0.035 0)
(0.2 0.0375 0)
(0.23 0.0375 0)
(0.26 0.0375 0)
(0.29 0.0375 0)
(0.32 0.0375 0)
(0.35 0.0375 0)
(0.38 0.0375 0)
(0.41 0.0375 0)
(0.44 0.0375 0)
(0.47 0.0375 0)
(0.5 0.0375 0)
(0.53 0.0375 0)
(0.56 0.0375 0)
(0.59 0.0375 0)
(0.62 0.0375 0)
(0.65 0.0375 0)
(0.68 0.0375 0)
(0.71 0.0375 0)
(0.74 0.0375 0)
(0.77 0.0375 0)
(0.8 0.0375 0)
(0.2 0.04 0)
(0.23 0.04 0)
(0.26 0.04 0)
(0.29 0.04 0)
(0.32 0.04 0)
(0.35 0.04 0)
(0.38 0.04 0)
(0.41 0.04 0)
(0.44 0.04 0)
(0.47 0.04 0)
(0.5 0.04 0)
(0.53 0.04 0)
(0.56 0.04 0)
(0.59 0.04 0)
(0.62 0.04 0)
(0.65 0.04 0)
(0.68 0.04 0)
(0.71 0.04 0)
(0.74 0.04 0)
(0.77 0.04 0)
(0.8 0.04 0)
(0.2 0.0425 0)
(0.23 0.0425 0)
(0.26 0.0425 0)
(0.29 0.0425 0)
(0.32 0.0425 0)
(0.35 0.0425 0)
(0.38 0.0425 0)
(0.41 0.0425 0)
(0.44 0.0425 0)
(0.47 0.0425 0)
(0.5 0.0425 0)
(0.53 0.0425 0)
(0.56 0.0425 0)
(0.59 0.0425 0)
(0.62 0.0425 0)
(0.65 0.0425 0)
(0.68 0.0425 0)
(0.71 0.0425 0)
(0.74 0.0425 0)
(0.77 0.0425 0)
(0.8 0.0425 0)
(0.2 0.045 0)
(0.23 0.045 0)
(0.26 0.045 0)
(0.29 0.045 0)
(0.32 0.045 0)
(0.35 0.045 0)
(0.38 0.045 0)
(0.41 0.045 0)
(0.44 0.045 0)
(0.47 0.045 0)
(0.5 0.045 0)
(0.53 0.045 0)
(0.56 0.045 0)
(0.59 0.045 0)
(0.62 0.045 0)
(0.65 0.045 0)
(0.68 0.045 0)
(0.71 0.045 0)
(0.74 0.045 0)
(0.77 0.045 0)
(0.8 0.045 0)
(0.2 0.0475 0)
(0.23 0.0475 0)
(0.26 0.0475 0)
(0.29 0.0475 0)
(0.32 0.0475 0)
(0.35 0.0475 0)
(0.38 0.0475 0)
(0.41 0.0475 0)
(0.44 0.0475 0)
(0.47 0.0475 0)
(0.5 0.0475 0)
(0.53 0.0475 0)
(0.56 0.0475 0)
(0.59 0.0475 0)
(0.62 0.0475 0)
(0.65 0.0475 0)
(0.68 0.0475 0)
(0.71 0.0475 0)
(0.74 0.0475 0)
(0.77 0.0475 0)
(0.8 0.0475 0)
(0.2 0 0.001)
(0.23 0 0.001)
(0.26 0 0.001)
(0.29 0 0.001)
(0.32 0 0.001)
(0.35 0 0.001)
(0.38 0 0.001)
(0.41 0 0.001)
(0.44 0 0.001)
(0.47 0 0.001)
(0.5 0 0.001)
(0.53 0 0.001)
(0.56 0 0.001)
(0.59 0 0.001)
(0.62 0 0.001)
(0.65 0 0.001)
(0.68 0 0.001)
(0.71 0 0.001)
(0.74 0 0.001)
(0.77 0 0.001)
(0.8 0 0.001)
(0.2 0.0025 0.001)
(0.23 0.0025 0.001)
(0.26 0.0025 0.001)
(0.29 0.0025 0.001)
(0.32 0.0025 0.001)
(0.35 0.0025 0.001)
(0.38 0.0025 0.001)
(0.41 0.0025 0.001)
(0.44 0.0025 0.001)
(0.47 0.0025 0.001)
(0.5 0.0025 0.001)
(0.53 0.0025 0.001)
(0.56 0.0025 0.001)
(0.59 0.0025 0.001)
(0.62 0.0025 0.001)
(0.65 0.0025 0.001)
(0.68 0.0025 0.001)
(0.71 0.0025 0.001)
(0.74 0.0025 0.001)
(0.77 0.0025 0.001)
(0.8 0.0025 0.001)
(0.2 0.005 0.001)
(0.23 0.005 0.001)
(0.26 0.005 0.001)
(0.29 0.005 0.001)
(0.32 0.005 0.001)
(0.35 0.005 0.001)
(0.38 0.005 0.001)
(0.41 0.005 0.001)
(0.44 0.005 0.001)
(0.47 0.005 0.001)
(0.5 0.005 0.001)
(0.53 0.005 0.001)
(0.56 0.005 0.001)
(0.59 0.005 0.001)
(0.62 0.005 0.001)
(0.65 0.005 0.001)
(0.68 0.005 0.001)
(0.71 0.005 0.001)
(0.74 0.005 0.001)
(0.77 0.005 0.001)
(0.8 0.005 0.001)
(0.2 0.0075 0.001)
(0.23 0.0075 0.001)
(0.26 0.0075 0.001)
(0.29 0.0075 0.001)
(0.32 0.0075 0.001)
(0.35 0.0075 0.001)
(0.38 0.0075 0.001)
(0.41 0.0075 0.001)
(0.44 0.0075 0.001)
(0.47 0.0075 0.001)
(0.5 0.0075 0.001)
(0.53 0.0075 0.001)
(0.56 0.0075 0.001)
(0.59 0.0075 0.001)
(0.62 0.0075 0.001)
(0.65 0.0075 0.001)
(0.68 0.0075 0.001)
(0.71 0.0075 0.001)
(0.74 0.0075 0.001)
(0.77 0.0075 0.001)
(0.8 0.0075 0.001)
(0.2 0.01 0.001)
(0.23 0.01 0.001)
(0.26 0.01 0.001)
(0.29 0.01 0.001)
(0.32 0.01 0.001)
(0.35 0.01 0.001)
(0.38 0.01 0.001)
(0.41 0.01 0.001)
(0.44 0.01 0.001)
(0.47 0.01 0.001)
(0.5 0.01 0.001)
(0.53 0.01 0.001)
(0.56 0.01 0.001)
(0.59 0.01 0.001)
(0.62 0.01 0.001)
(0.65 0.01 0.001)
(0.68 0.01 0.001)
(0.71 0.01 0.001)
(0.74 0.01 0.001)
(0.77 0.01 0.001)
(0.8 0.01 0.001)
(0.2 0.0125 0.001)
(0.23 0.0125 0.001)
(0.26 0.0125 0.001)
(0.29 0.0125 0.001)
(0.32 0.0125 0.001)
(0.35 0.0125 0.001)
(0.38 0.0125 0.001)
(0.41 0.0125 0.001)
(0.44 0.0125 0.001)
(0.47 0.0125 0.001)
(0.5 0.0125 0.001)
(0.53 0.0125 0.001)
(0.56 0.0125 0.001)
(0.59 0.0125 0.001)
(0.62 0.0125 0.001)
(0.65 0.0125 0.001)
(0.68 0.0125 0.001)
(0.71 0.0125 0.001)
(0.74 0.0125 0.001)
(0.77 0.0125 0.001)
(0.8 0.0125 0.001)
(0.2 0.015 0.001)
(0.23 0.015 0.001)
(0.26 0.015 0.001)
(0.29 0.015 0.001)
(0.32 0.015 0.001)
(0.35 0.015 0.001)
(0.38 0.015 0.001)
(0.41 0.015 0.001)
(0.44 0.015 0.001)
(0.47 0.015 0.001)
(0.5 0.015 0.001)
(0.53 0.015 0.001)
(0.56 0.015 0.001)
(0.59 0.015 0.001)
(0.62 0.015 0.001)
(0.65 0.015 0.001)
(0.68 0.015 0.001)
(0.71 0.015 0.001)
(0.74 0.015 0.001)
(0.77 0.015 0.001)
(0.8 0.015 0.001)
(0.2 0.0175 0.001)
(0.23 0.0175 0.001)
(0.26 0.0175 0.001)
(0.29 0.0175 0.001)
(0.32 0.0175 0.001)
(0.35 0.0175 0.001)
(0.38 0.0175 0.001)
(0.41 0.0175 0.001)
(0.44 0.0175 0.001)
(0.47 0.0175 0.001)
(0.5 0.0175 0.001)
(0.53 0.0175 0.001)
(0.56 0.0175 0.001)
(0.59 0.0175 0.001)
(0.62 0.0175 0.001)
(0.65 0.0175 0.001)
(0.68 0.0175 0.001)
(0.71 0.0175 0.001)
(0.74 0.0175 0.001)
(0.77 0.0175 0.001)
(0.8 0.0175 0.001)
(0.2 0.02 0.001)
(0.23 0.02 0.001)
(0.26 0.02 0.001)
(0.29 0.02 0.001)
(0.32 0.02 0.001)
(0.35 0.02 0.001)
(0.38 0.02 0.001)
(0.41 0.02 0.001)
(0.44 0.02 0.001)
(0.47 0.02 0.001)
(0.5 0.02 0.001)
(0.53 0.02 0.001)
(0.56 0.02 0.001)
(0.59 0.02 0.001)
(0.62 0.02 0.001)
(0.65 0.02 0.001)
(0.68 0.02 0.001)
(0.71 0.02 0.001)
(0.74 0.02 0.001)
(0.77 0.02 0.001)
(0.8 0.02 0.001)
(0.2 0.0225 0.001)
(0.23 0.0225 0.001)
(0.26 0.0225 0.001)
(0.29 0.0225 0.001)
(0.32 0.0225 0.001)
(0.35 0.0225 0.001)
(0.38 0.0225 0.001)
(0.41 0.0225 0.001)
(0.44 0.0225 0.001)
(0.47 0.0225 0.001)
(0.5 0.0225 0.001)
(0.53 0.0225 0.001)
(0.56 0.0225 0.001)
(0.59 0.0225 0.001)
(0.62 0.0225 0.001)
(0.65 0.0225 0.001)
(0.68 0.0225 0.001)
(0.71 0.0225 0.001)
(0.74 0.0225 0.001)
(0.77 0.0225 0.001)
(0.8 0.0225 0.001)
(0.2 0.025 0.001)
(0.23 0.025 0.001)
(0.26 0.025 0.001)
(0.29 0.025 0.001)
(0.32 0.025 0.001)
(0.35 0.025 0.001)
(0.38 0.025 0.001)
(0.41 0.025 0.001)
(0.44 0.025 0.001)
(0.47 0.025 0.001)
(0.5 0.025 0.001)
(0.53 0.025 0.001)
(0.56 0.025 0.001)
(0.59 0.025 0.001)
(0.62 0.025 0.001)
(0.65 0.025 0.001)
(0.68 0.025 0.001)
(0.71 0.025 0.001)
(0.74 0.025 0.001)
(0.77 0.025 0.001)
(0.8 0.025 0.001)
(0.2 0.0275 0.001)
(0.23 0.0275 0.001)
(0.26 0.0275 0.001)
(0.29 0.0275 0.001)
(0.32 0.0275 0.001)
(0.35 0.0275 0.001)
(0.38 0.0275 0.001)
(0.41 0.0275 0.001)
(0.44 0.0275 0.001)
(0.47 0.0275 0.001)
(0.5 0.0275 0.001)
(0.53 0.0275 0.001)
(0.56 0.0275 0.001)
(0.59 0.0275 0.001)
(0.62 0.0275 0.001)
(0.65 0.0275 0.001)
(0.68 0.0275 0.001)
(0.71 0.0275 0.001)
(0.74 0.0275 0.001)
(0.77 0.0275 0.001)
(0.8 0.0275 0.001)
(0.2 0.03 0.001)
(0.23 0.03 0.001)
(0.26 0.03 0.001)
(0.29 0.03 0.001)
(0.32 0.03 0.001)
(0.35 0.03 0.001)
(0.38 0.03 0.001)
(0.41 0.03 0.001)
(0.44 0.03 0.001)
(0.47 0.03 0.001)
(0.5 0.03 0.001)
(0.53 0.03 0.001)
(0.56 0.03 0.001)
(0.59 0.03 0.001)
(0.62 0.03 0.001)
(0.65 0.03 0.001)
(0.68 0.03 0.001)
(0.71 0.03 0.001)
(0.74 0.03 0.001)
(0.77 0.03 0.001)
(0.8 0.03 0.001)
(0.2 0.0325 0.001)
(0.23 0.0325 0.001)
(0.26 0.0325 0.001)
(0.29 0.0325 0.001)
(0.32 0.0325 0.001)
(0.35 0.0325 0.001)
(0.38 0.0325 0.001)
(0.41 0.0325 0.001)
(0.44 0.0325 0.001)
(0.47 0.0325 0.001)
(0.5 0.0325 0.001)
(0.53 0.0325 0.001)
(0.56 0.0325 0.001)
(0.59 0.0325 0.001)
(0.62 0.0325 0.001)
(0.65 0.0325 0.001)
(0.68 0.0325 0.001)
(0.71 0.0325 0.001)
(0.74 0.0325 0.001)
(0.77 0.0325 0.001)
(0.8 0.0325 0.001)
(0.2 0.035 0.001)
(0.23 0.035 0.001)
(0.26 0.035 0.001)
(0.29 0.035 0.001)
(0.32 0.035 0.001)
(0.35 0.035 0.001)
(0.38 0.035 0.001)
(0.41 0.035 0.001)
(0.44 0.035 0.001)
(0.47 0.035 0.001)
(0.5 0.035 0.001)
(0.53 0.035 0.001)
(0.56 0.035 0.001)
(0.59 0.035 0.001)
(0.62 0.035 0.001)
(0.65 0.035 0.001)
(0.68 0.035 0.001)
(0.71 0.035 0.001)
(0.74 0.035 0.001)
(0.77 0.035 0.001)
(0.8 0.035 0.001)
(0.2 0.0375 0.001)
(0.23 0.0375 0.001)
(0.26 0.0375 0.001)
(0.29 0.0375 0.001)
(0.32 0.0375 0.001)
(0.35 0.0375 0.001)
(0.38 0.0375 0.001)
(0.41 0.0375 0.001)
(0.44 0.0375 0.001)
(0.47 0.0375 0.001)
(0.5 0.0375 0.001)
(0.53 0.0375 0.001)
(0.56 0.0375 0.001)
(0.59 0.0375 0.001)
(0.62 0.0375 0.001)
(0.65 0.0375 0.001)
(0.68 0.0375 0.001)
(0.71 0.0375 0.001)
(0.74 0.0375 0.001)
(0.77 0.0375 0.001)
(0.8 0.0375 0.001)
(0.2 0.04 0.001)
(0.23 0.04 0.001)
(0.26 0.04 0.001)
(0.29 0.04 0.001)
(0.32 0.04 0.001)
(0.35 0.04 0.001)
(0.38 0.04 0.001)
(0.41 0.04 0.001)
(0.44 0.04 0.001)
(0.47 0.04 0.001)
(0.5 0.04 0.001)
(0.53 0.04 0.001)
(0.56 0.04 0.001)
(0.59 0.04 0.001)
(0.62 0.04 0.001)
(0.65 0.04 0.001)
(0.68 0.04 0.001)
(0.71 0.04 0.001)
(0.74 0.04 0.001)
(0.77 0.04 0.001)
(0.8 0.04 0.001)
(0.2 0.0425 0.001)
(0.23 0.0425 0.001)
(0.26 0.0425 0.001)
(0.29 0.0425 0.001)
(0.32 0.0425 0.001)
(0.35 0.0425 0.001)
(0.38 0.0425 0.001)
(0.41 0.0425 0.001)
(0.44 0.0425 0.001)
(0.47 0.0425 0.001)
(0.5 0.0425 0.001)
(0.53 0.0425 0.001)
(0.56 0.0425 0.001)
(0.59 0.0425 0.001)
(0.62 0.0425 0.001)
(0.65 0.0425 0.001)
(0.68 0.0425 0.001)
(0.71 0.0425 0.001)
(0.74 0.0425 0.001)
(0.77 0.0425 0.001)
(0.8 0.0425 0.001)
(0.2 0.045 0.001)
(0.23 0.045 0.001)
(0.26 0.045 0.001)
(0.29 0.045 0.001)
(0.32 0.045 0.001)
(0.35 0.045 0.001)
(0.38 0.045 0.001)
(0.41 0.045 0.001)
(0.44 0.045 0.001)
(0.47 0.045 0.001)
(0.5 0.045 0.001)
(0.53 0.045 0.001)
(0.56 0.045 0.001)
(0.59 0.045 0.001)
(0.62 0.045 0.001)
(0.65 0.045 0.001)
(0.68 0.045 0.001)
(0.71 0.045 0.001)
(0.74 0.045 0.001)
(0.77 0.045 0.001)
(0.8 0.045 0.001)
(0.2 0.0475 0.001)
(0.23 0.0475 0.001)
(0.26 0.0475 0.001)
(0.29 0.0475 0.001)
(0.32 0.0475 0.001)
(0.35 0.0475 0.001)
(0.38 0.0475 0.001)
(0.41 0.0475 0.001)
(0.44 0.0475 0.001)
(0.47 0.0475 0.001)
(0.5 0.0475 0.001)
(0.53 0.0475 0.001)
(0.56 0.0475 0.001)
(0.59 0.0475 0.001)
(0.62 0.0475 0.001)
(0.65 0.0475 0.001)
(0.68 0.0475 0.001)
(0.71 0.0475 0.001)
(0.74 0.0475 0.001)
(0.77 0.0475 0.001)
(0.8 0.0475 0.001)
(0.81 0.05 0)
(0.82 0.05 0)
(0.83 0.05 0)
(0.84 0.05 0)
(0.85 0.05 0)
(0.86 0.05 0)
(0.87 0.05 0)
(0.88 0.05 0)
(0.89 0.05 0)
(0.9 0.05 0)
(0.91 0.05 0)
(0.92 0.05 0)
(0.93 0.05 0)
(0.94 0.05 0)
(0.95 0.05 0)
(0.96 0.05 0)
(0.97 0.05 0)
(0.98 0.05 0)
(0.99 0.05 0)
(1 0.05 0)
(0.81 0.0525 0)
(0.82 0.0525 0)
(0.83 0.0525 0)
(0.84 0.0525 0)
(0.85 0.0525 0)
(0.86 0.0525 0)
(0.87 0.0525 0)
(0.88 0.0525 0)
(0.89 0.0525 0)
(0.9 0.0525 0)
(0.91 0.0525 0)
(0.92 0.0525 0)
(0.93 0.0525 0)
(0.94 0.0525 0)
(0.95 0.0525 0)
(0.96 0.0525 0)
(0.97 0.0525 0)
(0.98 0.0525 0)
(0.99 0.0525 0)
(1 0.0525 0)
(0.81 0.055 0)
(0.82 0.055 0)
(0.83 0.055 0)
(0.84 0.055 0)
(0.85 0.055 0)
(0.86 0.055 0)
(0.87 0.055 0)
(0.88 0.055 0)
(0.89 0.055 0)
(0.9 0.055 0)
(0.91 0.055 0)
(0.92 0.055 0)
(0.93 0.055 0)
(0.94 0.055 0)
(0.95 0.055 0)
(0.96 0.055 0)
(0.97 0.055 0)
(0.98 0.055 0)
(0.99 0.055 0)
(1 0.055 0)
(0.81 0.0575 0)
(0.82 0.0575 0)
(0.83 0.0575 0)
(0.84 0.0575 0)
(0.85 0.0575 0)
(0.86 0.0575 0)
(0.87 0.0575 0)
(0.88 0.0575 0)
(0.89 0.0575 0)
(0.9 0.0575 0)
(0.91 0.0575 0)
(0.92 0.0575 0)
(0.93 0.0575 0)
(0.94 0.0575 0)
(0.95 0.0575 0)
(0.96 0.0575 0)
(0.97 0.0575 0)
(0.98 0.0575 0)
(0.99 0.0575 0)
(1 0.0575 0)
(0.81 0.06 0)
(0.82 0.06 0)
(0.83 0.06 0)
(0.84 0.06 0)
(0.85 0.06 0)
(0.86 0.06 0)
(0.87 0.06 0)
(0.88 0.06 0)
(0.89 0.06 0)
(0.9 0.06 0)
(0.91 0.06 0)
(0.92 0.06 0)
(0.93 0.06 0)
(0.94 0.06 0)
(0.95 0.06 0)
(0.96 0.06 0)
(0.97 0.06 0)
(0.98 0.06 0)
(0.99 0.06 0)
(1 0.06 0)
(0.81 0.0625 0)
(0.82 0.0625 0)
(0.83 0.0625 0)
(0.84 0.0625 0)
(0.85 0.0625 0)
(0.86 0.0625 0)
(0.87 0.0625 0)
(0.88 0.0625 0)
(0.89 0.0625 0)
(0.9 0.0625 0)
(0.91 0.0625 0)
(0.92 0.0625 0)
(0.93 0.0625 0)
(0.94 0.0625 0)
(0.95 0.0625 0)
(0.96 0.0625 0)
(0.97 0.0625 0)
(0.98 0.0625 0)
(0.99 0.0625 0)
(1 0.0625 0)
(0.81 0.065 0)
(0.82 0.065 0)
(0.83 0.065 0)
(0.84 0.065 0)
(0.85 0.065 0)
(0.86 0.065 0)
(0.87 0.065 0)
(0.88 0.065 0)
(0.89 0.065 0)
(0.9 0.065 0)
(0.91 0.065 0)
(0.92 0.065 0)
(0.93 0.065 0)
(0.94 0.065 0)
(0.95 0.065 0)
(0.96 0.065 0)
(0.97 0.065 0)
(0.98 0.065 0)
(0.99 0.065 0)
(1 0.065 0)
(0.81 0.0675 0)
(0.82 0.0675 0)
(0.83 0.0675 0)
(0.84 0.0675 0)
(0.85 0.0675 0)
(0.86 0.0675 0)
(0.87 0.0675 0)
(0.88 0.0675 0)
(0.89 0.0675 0)
(0.9 0.0675 0)
(0.91 0.0675 0)
(0.92 0.0675 0)
(0.93 0.0675 0)
(0.94 0.0675 0)
(0.95 0.0675 0)
(0.96 0.0675 0)
(0.97 0.0675 0)
(0.98 0.0675 0)
(0.99 0.0675 0)
(1 0.0675 0)
(0.81 0.07 0)
(0.82 0.07 0)
(0.83 0.07 0)
(0.84 0.07 0)
(0.85 0.07 0)
(0.86 0.07 0)
(0.87 0.07 0)
(0.88 0.07 0)
(0.89 0.07 0)
(0.9 0.07 0)
(0.91 0.07 0)
(0.92 0.07 0)
(0.93 0.07 0)
(0.94 0.07 0)
(0.95 0.07 0)
(0.96 0.07 0)
(0.97 0.07 0)
(0.98 0.07 0)
(0.99 0.07 0)
(1 0.07 0)
(0.81 0.0725 0)
(0.82 0.0725 0)
(0.83 0.0725 0)
(0.84 0.0725 0)
(0.85 0.0725 0)
(0.86 0.0725 0)
(0.87 0.0725 0)
(0.88 0.0725 0)
(0.89 0.0725 0)
(0.9 0.0725 0)
(0.91 0.0725 0)
(0.92 0.0725 0)
(0.93 0.0725 0)
(0.94 0.0725 0)
(0.95 0.0725 0)
(0.96 0.0725 0)
(0.97 0.0725 0)
(0.98 0.0725 0)
(0.99 0.0725 0)
(1 0.0725 0)
(0.81 0.075 0)
(0.82 0.075 0)
(0.83 0.075 0)
(0.84 0.075 0)
(0.85 0.075 0)
(0.86 0.075 0)
(0.87 0.075 0)
(0.88 0.075 0)
(0.89 0.075 0)
(0.9 0.075 0)
(0.91 0.075 0)
(0.92 0.075 0)
(0.93 0.075 0)
(0.94 0.075 0)
(0.95 0.075 0)
(0.96 0.075 0)
(0.97 0.075 0)
(0.98 0.075 0)
(0.99 0.075 0)
(1 0.075 0)
(0.81 0.0775 0)
(0.82 0.0775 0)
(0.83 0.0775 0)
(0.84 0.0775 0)
(0.85 0.0775 0)
(0.86 0.0775 0)
(0.87 0.0775 0)
(0.88 0.0775 0)
(0.89 0.0775 0)
(0.9 0.0775 0)
(0.91 0.0775 0)
(0.92 0.0775 0)
(0.93 0.0775 0)
(0.94 0.0775 0)
(0.95 0.0775 0)
(0.96 0.0775 0)
(0.97 0.0775 0)
(0.98 0.0775 0)
(0.99 0.0775 0)
(1 0.0775 0)
(0.81 0.08 0)
(0.82 0.08 0)
(0.83 0.08 0)
(0.84 0.08 0)
(0.85 0.08 0)
(0.86 0.08 0)
(0.87 0.08 0)
(0.88 0.08 0)
(0.89 0.08 0)
(0.9 0.08 0)
(0.91 0.08 0)
(0.92 0.08 0)
(0.93 0.08 0)
(0.94 0.08 0)
(0.95 0.08 0)
(0.96 0.08 0)
(0.97 0.08 0)
(0.98 0.08 0)
(0.99 0.08 0)
(1 0.08 0)
(0.81 0.0825 0)
(0.82 0.0825 0)
(0.83 0.0825 0)
(0.84 0.0825 0)
(0.85 0.0825 0)
(0.86 0.0825 0)
(0.87 0.0825 0)
(0.88 0.0825 0)
(0.89 0.0825 0)
(0.9 0.0825 0)
(0.91 0.0825 0)
(0.92 0.0825 0)
(0.93 0.0825 0)
(0.94 0.0825 0)
(0.95 0.0825 0)
(0.96 0.0825 0)
(0.97 0.0825 0)
(0.98 0.0825 0)
(0.99 0.0825 0)
(1 0.0825 0)
(0.81 0.085 0)
(0.82 0.085 0)
(0.83 0.085 0)
(0.84 0.085 0)
(0.85 0.085 0)
(0.86 0.085 0)
(0.87 0.085 0)
(0.88 0.085 0)
(0.89 0.085 0)
(0.9 0.085 0)
(0.91 0.085 0)
(0.92 0.085 0)
(0.93 0.085 0)
(0.94 0.085 0)
(0.95 0.085 0)
(0.96 0.085 0)
(0.97 0.085 0)
(0.98 0.085 0)
(0.99 0.085 0)
(1 0.085 0)
(0.81 0.0875 0)
(0.82 0.0875 0)
(0.83 0.0875 0)
(0.84 0.0875 0)
(0.85 0.0875 0)
(0.86 0.0875 0)
(0.87 0.0875 0)
(0.88 0.0875 0)
(0.89 0.0875 0)
(0.9 0.0875 0)
(0.91 0.0875 0)
(0.92 0.0875 0)
(0.93 0.0875 0)
(0.94 0.0875 0)
(0.95 0.0875 0)
(0.96 0.0875 0)
(0.97 0.0875 0)
(0.98 0.0875 0)
(0.99 0.0875 0)
(1 0.0875 0)
(0.81 0.09 0)
(0.82 0.09 0)
(0.83 0.09 0)
(0.84 0.09 0)
(0.85 0.09 0)
(0.86 0.09 0)
(0.87 0.09 0)
(0.88 0.09 0)
(0.89 0.09 0)
(0.9 0.09 0)
(0.91 0.09 0)
(0.92 0.09 0)
(0.93 0.09 0)
(0.94 0.09 0)
(0.95 0.09 0)
(0.96 0.09 0)
(0.97 0.09 0)
(0.98 0.09 0)
(0.99 0.09 0)
(1 0.09 0)
(0.81 0.0925 0)
(0.82 0.0925 0)
(0.83 0.0925 0)
(0.84 0.0925 0)
(0.85 0.0925 0)
(0.86 0.0925 0)
(0.87 0.0925 0)
(0.88 0.0925 0)
(0.89 0.0925 0)
(0.9 0.0925 0)
(0.91 0.0925 0)
(0.92 0.0925 0)
(0.93 0.0925 0)
(0.94 0.0925 0)
(0.95 0.0925 0)
(0.96 0.0925 0)
(0.97 0.0925 0)
(0.98 0.0925 0)
(0.99 0.0925 0)
(1 0.0925 0)
(0.81 0.095 0)
(0.82 0.095 0)
(0.83 0.095 0)
(0.84 0.095 0)
(0.85 0.095 0)
(0.86 0.095 0)
(0.87 0.095 0)
(0.88 0.095 0)
(0.89 0.095 0)
(0.9 0.095 0)
(0.91 0.095 0)
(0.92 0.095 0)
(0.93 0.095 0)
(0.94 0.095 0)
(0.95 0.095 0)
(0.96 0.095 0)
(0.97 0.095 0)
(0.98 0.095 0)
(0.99 0.095 0)
(1 0.095 0)
(0.81 0.0975 0)
(0.82 0.0975 0)
(0.83 0.0975 0)
(0.84 0.0975 0)
(0.85 0.0975 0)
(0.86 0.0975 0)
(0.87 0.0975 0)
(0.88 0.0975 0)
(0.89 0.0975 0)
(0.9 0.0975 0)
(0.91 0.0975 0)
(0.92 0.0975 0)
(0.93 0.0975 0)
(0.94 0.0975 0)
(0.95 0.0975 0)
(0.96 0.0975 0)
(0.97 0.0975 0)
(0.98 0.0975 0)
(0.99 0.0975 0)
(1 0.0975 0)
(0.81 0.1 0)
(0.82 0.1 0)
(0.83 0.1 0)
(0.84 0.1 0)
(0.85 0.1 0)
(0.86 0.1 0)
(0.87 0.1 0)
(0.88 0.1 0)
(0.89 0.1 0)
(0.9 0.1 0)
(0.91 0.1 0)
(0.92 0.1 0)
(0.93 0.1 0)
(0.94 0.1 0)
(0.95 0.1 0)
(0.96 0.1 0)
(0.97 0.1 0)
(0.98 0.1 0)
(0.99 0.1 0)
(1 0.1 0)
(0.81 0.05 0.001)
(0.82 0.05 0.001)
(0.83 0.05 0.001)
(0.84 0.05 0.001)
(0.85 0.05 0.001)
(0.86 0.05 0.001)
(0.87 0.05 0.001)
(0.88 0.05 0.001)
(0.89 0.05 0.001)
(0.9 0.05 0.001)
(0.91 0.05 0.001)
(0.92 0.05 0.001)
(0.93 0.05 0.001)
(0.94 0.05 0.001)
(0.95 0.05 0.001)
(0.96 0.05 0.001)
(0.97 0.05 0.001)
(0.98 0.05 0.001)
(0.99 0.05 0.001)
(1 0.05 0.001)
(0.81 0.0525 0.001)
(0.82 0.0525 0.001)
(0.83 0.0525 0.001)
(0.84 0.0525 0.001)
(0.85 0.0525 0.001)
(0.86 0.0525 0.001)
(0.87 0.0525 0.001)
(0.88 0.0525 0.001)
(0.89 0.0525 0.001)
(0.9 0.0525 0.001)
(0.91 0.0525 0.001)
(0.92 0.0525 0.001)
(0.93 0.0525 0.001)
(0.94 0.0525 0.001)
(0.95 0.0525 0.001)
(0.96 0.0525 0.001)
(0.97 0.0525 0.001)
(0.98 0.0525 0.001)
(0.99 0.0525 0.001)
(1 0.0525 0.001)
(0.81 0.055 0.001)
(0.82 0.055 0.001)
(0.83 0.055 0.001)
(0.84 0.055 0.001)
(0.85 0.055 0.001)
(0.86 0.055 0.001)
(0.87 0.055 0.001)
(0.88 0.055 0.001)
(0.89 0.055 0.001)
(0.9 0.055 0.001)
(0.91 0.055 0.001)
(0.92 0.055 0.001)
(0.93 0.055 0.001)
(0.94 0.055 0.001)
(0.95 0.055 0.001)
(0.96 0.055 0.001)
(0.97 0.055 0.001)
(0.98 0.055 0.001)
(0.99 0.055 0.001)
(1 0.055 0.001)
(0.81 0.0575 0.001)
(0.82 0.0575 0.001)
(0.83 0.0575 0.001)
(0.84 0.0575 0.001)
(0.85 0.0575 0.001)
(0.86 0.0575 0.001)
(0.87 0.0575 0.001)
(0.88 0.0575 0.001)
(0.89 0.0575 0.001)
(0.9 0.0575 0.001)
(0.91 0.0575 0.001)
(0.92 0.0575 0.001)
(0.93 0.0575 0.001)
(0.94 0.0575 0.001)
(0.95 0.0575 0.001)
(0.96 0.0575 0.001)
(0.97 0.0575 0.001)
(0.98 0.0575 0.001)
(0.99 0.0575 0.001)
(1 0.0575 0.001)
(0.81 0.06 0.001)
(0.82 0.06 0.001)
(0.83 0.06 0.001)
(0.84 0.06 0.001)
(0.85 0.06 0.001)
(0.86 0.06 0.001)
(0.87 0.06 0.001)
(0.88 0.06 0.001)
(0.89 0.06 0.001)
(0.9 0.06 0.001)
(0.91 0.06 0.001)
(0.92 0.06 0.001)
(0.93 0.06 0.001)
(0.94 0.06 0.001)
(0.95 0.06 0.001)
(0.96 0.06 0.001)
(0.97 0.06 0.001)
(0.98 0.06 0.001)
(0.99 0.06 0.001)
(1 0.06 0.001)
(0.81 0.0625 0.001)
(0.82 0.0625 0.001)
(0.83 0.0625 0.001)
(0.84 0.0625 0.001)
(0.85 0.0625 0.001)
(0.86 0.0625 0.001)
(0.87 0.0625 0.001)
(0.88 0.0625 0.001)
(0.89 0.0625 0.001)
(0.9 0.0625 0.001)
(0.91 0.0625 0.001)
(0.92 0.0625 0.001)
(0.93 0.0625 0.001)
(0.94 0.0625 0.001)
(0.95 0.0625 0.001)
(0.96 0.0625 0.001)
(0.97 0.0625 0.001)
(0.98 0.0625 0.001)
(0.99 0.0625 0.001)
(1 0.0625 0.001)
(0.81 0.065 0.001)
(0.82 0.065 0.001)
(0.83 0.065 0.001)
(0.84 0.065 0.001)
(0.85 0.065 0.001)
(0.86 0.065 0.001)
(0.87 0.065 0.001)
(0.88 0.065 0.001)
(0.89 0.065 0.001)
(0.9 0.065 0.001)
(0.91 0.065 0.001)
(0.92 0.065 0.001)
(0.93 0.065 0.001)
(0.94 0.065 0.001)
(0.95 0.065 0.001)
(0.96 0.065 0.001)
(0.97 0.065 0.001)
(0.98 0.065 0.001)
(0.99 0.065 0.001)
(1 0.065 0.001)
(0.81 0.0675 0.001)
(0.82 0.0675 0.001)
(0.83 0.0675 0.001)
(0.84 0.0675 0.001)
(0.85 0.0675 0.001)
(0.86 0.0675 0.001)
(0.87 0.0675 0.001)
(0.88 0.0675 0.001)
(0.89 0.0675 0.001)
(0.9 0.0675 0.001)
(0.91 0.0675 0.001)
(0.92 0.0675 0.001)
(0.93 0.0675 0.001)
(0.94 0.0675 0.001)
(0.95 0.0675 0.001)
(0.96 0.0675 0.001)
(0.97 0.0675 0.001)
(0.98 0.0675 0.001)
(0.99 0.0675 0.001)
(1 0.0675 0.001)
(0.81 0.07 0.001)
(0.82 0.07 0.001)
(0.83 0.07 0.001)
(0.84 0.07 0.001)
(0.85 0.07 0.001)
(0.86 0.07 0.001)
(0.87 0.07 0.001)
(0.88 0.07 0.001)
(0.89 0.07 0.001)
(0.9 0.07 0.001)
(0.91 0.07 0.001)
(0.92 0.07 0.001)
(0.93 0.07 0.001)
(0.94 0.07 0.001)
(0.95 0.07 0.001)
(0.96 0.07 0.001)
(0.97 0.07 0.001)
(0.98 0.07 0.001)
(0.99 0.07 0.001)
(1 0.07 0.001)
(0.81 0.0725 0.001)
(0.82 0.0725 0.001)
(0.83 0.0725 0.001)
(0.84 0.0725 0.001)
(0.85 0.0725 0.001)
(0.86 0.0725 0.001)
(0.87 0.0725 0.001)
(0.88 0.0725 0.001)
(0.89 0.0725 0.001)
(0.9 0.0725 0.001)
(0.91 0.0725 0.001)
(0.92 0.0725 0.001)
(0.93 0.0725 0.001)
(0.94 0.0725 0.001)
(0.95 0.0725 0.001)
(0.96 0.0725 0.001)
(0.97 0.0725 0.001)
(0.98 0.0725 0.001)
(0.99 0.0725 0.001)
(1 0.0725 0.001)
(0.81 0.075 0.001)
(0.82 0.075 0.001)
(0.83 0.075 0.001)
(0.84 0.075 0.001)
(0.85 0.075 0.001)
(0.86 0.075 0.001)
(0.87 0.075 0.001)
(0.88 0.075 0.001)
(0.89 0.075 0.001)
(0.9 0.075 0.001)
(0.91 0.075 0.001)
(0.92 0.075 0.001)
(0.93 0.075 0.001)
(0.94 0.075 0.001)
(0.95 0.075 0.001)
(0.96 0.075 0.001)
(0.97 0.075 0.001)
(0.98 0.075 0.001)
(0.99 0.075 0.001)
(1 0.075 0.001)
(0.81 0.0775 0.001)
(0.82 0.0775 0.001)
(0.83 0.0775 0.001)
(0.84 0.0775 0.001)
(0.85 0.0775 0.001)
(0.86 0.0775 0.001)
(0.87 0.0775 0.001)
(0.88 0.0775 0.001)
(0.89 0.0775 0.001)
(0.9 0.0775 0.001)
(0.91 0.0775 0.001)
(0.92 0.0775 0.001)
(0.93 0.0775 0.001)
(0.94 0.0775 0.001)
(0.95 0.0775 0.001)
(0.96 0.0775 0.001)
(0.97 0.0775 0.001)
(0.98 0.0775 0.001)
(0.99 0.0775 0.001)
(1 0.0775 0.001)
(0.81 0.08 0.001)
(0.82 0.08 0.001)
(0.83 0.08 0.001)
(0.84 0.08 0.001)
(0.85 0.08 0.001)
(0.86 0.08 0.001)
(0.87 0.08 0.001)
(0.88 0.08 0.001)
(0.89 0.08 0.001)
(0.9 0.08 0.001)
(0.91 0.08 0.001)
(0.92 0.08 0.001)
(0.93 0.08 0.001)
(0.94 0.08 0.001)
(0.95 0.08 0.001)
(0.96 0.08 0.001)
(0.97 0.08 0.001)
(0.98 0.08 0.001)
(0.99 0.08 0.001)
(1 0.08 0.001)
(0.81 0.0825 0.001)
(0.82 0.0825 0.001)
(0.83 0.0825 0.001)
(0.84 0.0825 0.001)
(0.85 0.0825 0.001)
(0.86 0.0825 0.001)
(0.87 0.0825 0.001)
(0.88 0.0825 0.001)
(0.89 0.0825 0.001)
(0.9 0.0825 0.001)
(0.91 0.0825 0.001)
(0.92 0.0825 0.001)
(0.93 0.0825 0.001)
(0.94 0.0825 0.001)
(0.95 0.0825 0.001)
(0.96 0.0825 0.001)
(0.97 0.0825 0.001)
(0.98 0.0825 0.001)
(0.99 0.0825 0.001)
(1 0.0825 0.001)
(0.81 0.085 0.001)
(0.82 0.085 0.001)
(0.83 0.085 0.001)
(0.84 0.085 0.001)
(0.85 0.085 0.001)
(0.86 0.085 0.001)
(0.87 0.085 0.001)
(0.88 0.085 0.001)
(0.89 0.085 0.001)
(0.9 0.085 0.001)
(0.91 0.085 0.001)
(0.92 0.085 0.001)
(0.93 0.085 0.001)
(0.94 0.085 0.001)
(0.95 0.085 0.001)
(0.96 0.085 0.001)
(0.97 0.085 0.001)
(0.98 0.085 0.001)
(0.99 0.085 0.001)
(1 0.085 0.001)
(0.81 0.0875 0.001)
(0.82 0.0875 0.001)
(0.83 0.0875 0.001)
(0.84 0.0875 0.001)
(0.85 0.0875 0.001)
(0.86 0.0875 0.001)
(0.87 0.0875 0.001)
(0.88 0.0875 0.001)
(0.89 0.0875 0.001)
(0.9 0.0875 0.001)
(0.91 0.0875 0.001)
(0.92 0.0875 0.001)
(0.93 0.0875 0.001)
(0.94 0.0875 0.001)
(0.95 0.0875 0.001)
(0.96 0.0875 0.001)
(0.97 0.0875 0.001)
(0.98 0.0875 0.001)
(0.99 0.0875 0.001)
(1 0.0875 0.001)
(0.81 0.09 0.001)
(0.82 0.09 0.001)
(0.83 0.09 0.001)
(0.84 0.09 0.001)
(0.85 0.09 0.001)
(0.86 0.09 0.001)
(0.87 0.09 0.001)
(0.88 0.09 0.001)
(0.89 0.09 0.001)
(0.9 0.09 0.001)
(0.91 0.09 0.001)
(0.92 0.09 0.001)
(0.93 0.09 0.001)
(0.94 0.09 0.001)
(0.95 0.09 0.001)
(0.96 0.09 0.001)
(0.97 0.09 0.001)
(0.98 0.09 0.001)
(0.99 0.09 0.001)
(1 0.09 0.001)
(0.81 0.0925 0.001)
(0.82 0.0925 0.001)
(0.83 0.0925 0.001)
(0.84 0.0925 0.001)
(0.85 0.0925 0.001)
(0.86 0.0925 0.001)
(0.87 0.0925 0.001)
(0.88 0.0925 0.001)
(0.89 0.0925 0.001)
(0.9 0.0925 0.001)
(0.91 0.0925 0.001)
(0.92 0.0925 0.001)
(0.93 0.0925 0.001)
(0.94 0.0925 0.001)
(0.95 0.0925 0.001)
(0.96 0.0925 0.001)
(0.97 0.0925 0.001)
(0.98 0.0925 0.001)
(0.99 0.0925 0.001)
(1 0.0925 0.001)
(0.81 0.095 0.001)
(0.82 0.095 0.001)
(0.83 0.095 0.001)
(0.84 0.095 0.001)
(0.85 0.095 0.001)
(0.86 0.095 0.001)
(0.87 0.095 0.001)
(0.88 0.095 0.001)
(0.89 0.095 0.001)
(0.9 0.095 0.001)
(0.91 0.095 0.001)
(0.92 0.095 0.001)
(0.93 0.095 0.001)
(0.94 0.095 0.001)
(0.95 0.095 0.001)
(0.96 0.095 0.001)
(0.97 0.095 0.001)
(0.98 0.095 0.001)
(0.99 0.095 0.001)
(1 0.095 0.001)
(0.81 0.0975 0.001)
(0.82 0.0975 0.001)
(0.83 0.0975 0.001)
(0.84 0.0975 0.001)
(0.85 0.0975 0.001)
(0.86 0.0975 0.001)
(0.87 0.0975 0.001)
(0.88 0.0975 0.001)
(0.89 0.0975 0.001)
(0.9 0.0975 0.001)
(0.91 0.0975 0.001)
(0.92 0.0975 0.001)
(0.93 0.0975 0.001)
(0.94 0.0975 0.001)
(0.95 0.0975 0.001)
(0.96 0.0975 0.001)
(0.97 0.0975 0.001)
(0.98 0.0975 0.001)
(0.99 0.0975 0.001)
(1 0.0975 0.001)
(0.81 0.1 0.001)
(0.82 0.1 0.001)
(0.83 0.1 0.001)
(0.84 0.1 0.001)
(0.85 0.1 0.001)
(0.86 0.1 0.001)
(0.87 0.1 0.001)
(0.88 0.1 0.001)
(0.89 0.1 0.001)
(0.9 0.1 0.001)
(0.91 0.1 0.001)
(0.92 0.1 0.001)
(0.93 0.1 0.001)
(0.94 0.1 0.001)
(0.95 0.1 0.001)
(0.96 0.1 0.001)
(0.97 0.1 0.001)
(0.98 0.1 0.001)
(0.99 0.1 0.001)
(1 0.1 0.001)
)


// ************************************************************************* //
