/*--------------------------------*- C++ -*----------------------------------*\
| =========                 |                                                 |
| \\      /  F ield         | OpenFOAM: The Open Source CFD Toolbox           |
|  \\    /   O peration     | Version:  2.4.0                                 |
|   \\  /    A nd           | Web:      www.OpenFOAM.org                      |
|    \\/     M anipulation  |                                                 |
\*---------------------------------------------------------------------------*/
FoamFile
{
    version     2.0;
    format      ascii;
    class       volScalarField;
    location    "0.75";
    object      pMean;
}
// * * * * * * * * * * * * * * * * * * * * * * * * * * * * * * * * * * * * * //

dimensions      [0 2 -2 0 0 0 0];

internalField   nonuniform List<scalar> 
8800
(
90.2122
77.7407
70.2947
66.6995
64.7693
63.3008
62.0504
60.8631
59.7885
58.7161
57.7192
56.6907
55.7386
54.753
53.8647
52.9502
52.1478
51.3318
50.6199
49.8151
87.1053
77.3869
70.4628
66.813
64.8288
63.3261
62.0578
60.8634
59.7864
58.7136
57.7164
56.6885
55.7361
54.7513
53.8626
52.9477
52.1489
51.3283
50.624
49.7908
85.1426
77.4629
71.0623
67.1878
64.9955
63.4053
62.1042
60.8958
59.8103
58.7306
57.7263
56.6933
55.7373
54.7493
53.8603
52.9396
52.1482
51.3158
50.6868
49.8431
83.6092
77.5246
71.6464
67.6101
65.1782
63.4933
62.1662
60.9526
59.8583
58.7696
57.753
56.7114
55.7471
54.754
53.8597
52.9328
52.1368
51.3037
50.7435
50.0811
82.3627
77.4982
72.1201
68.0149
65.3461
63.5613
62.2146
61.0112
59.9135
58.8219
57.7875
56.7401
55.7588
54.7659
53.8548
52.9325
52.1096
51.292
50.6648
50.4175
81.3804
77.4018
72.4839
68.3612
65.4965
63.6061
62.2423
61.0577
59.963
58.8726
57.8219
56.7692
55.7693
54.7767
53.8479
52.9302
52.0834
51.2852
50.6777
50.8835
80.6253
77.287
72.7503
68.6409
65.6319
63.6339
62.2507
61.0909
60.0021
58.9144
57.851
56.7927
55.7775
54.7826
53.841
52.9243
52.068
51.2927
50.7637
51.201
80.0744
77.1847
72.9328
68.8516
65.7514
63.6512
62.2468
61.1123
60.0312
58.9463
57.8729
56.8101
55.7822
54.7859
53.8347
52.9225
52.0632
51.3162
50.847
51.4316
79.715
77.1112
73.0483
68.9948
65.8361
63.6624
62.2405
61.1256
60.0516
58.9697
57.8884
56.8228
55.7858
54.7898
53.8326
52.9265
52.0688
51.3452
50.9207
51.603
79.535
77.0753
73.1057
69.0693
65.88
63.6697
62.2359
61.1337
60.0629
58.9843
57.8975
56.8318
55.7894
54.7962
53.836
52.9368
52.0816
51.3753
50.9789
51.719
79.5291
77.0815
73.1061
69.0722
65.8798
63.6714
62.2342
61.1359
60.0632
58.9874
57.8985
56.8358
55.7922
54.803
53.8435
52.9499
52.0986
51.4023
51.0202
51.7844
79.6991
77.1282
73.0502
69.0022
65.8357
63.6671
62.2364
61.1317
60.0529
58.9785
57.8919
56.8345
55.7945
54.8101
53.8552
52.9659
52.1204
51.4262
51.0442
51.8016
80.0524
77.2083
72.9354
68.8604
65.7499
63.6571
62.2413
61.1202
60.0328
58.959
57.8778
56.8277
55.7953
54.8176
53.8701
52.9861
52.1472
51.4509
51.0463
51.7624
80.5995
77.3127
72.7523
68.6482
65.6273
63.6393
62.2435
61.0986
60.0025
58.9286
57.856
56.8143
55.7931
54.8239
53.8862
53.0106
52.1801
51.4826
51.0328
51.6476
81.3535
77.428
72.4864
68.367
65.4894
63.6104
62.2355
61.0652
59.9624
58.8877
57.8275
56.7943
55.7882
54.8266
53.9028
53.0369
52.2214
51.5248
51.0307
51.4502
82.335
77.526
72.1229
68.021
65.3376
63.5658
62.2089
61.0198
59.9132
58.8387
57.7946
56.7697
55.7818
54.8256
53.9193
53.0612
52.2697
51.5771
51.0589
51.1902
83.5806
77.5538
71.6502
67.6183
65.1689
63.4988
62.1611
60.9634
59.8581
58.789
57.7616
56.7456
55.7744
54.8223
53.9334
53.0798
52.3168
51.6268
51.117
50.9181
85.1135
77.492
71.0676
67.1976
64.9859
63.4114
62.0995
60.9074
59.8111
58.7508
57.7372
56.7292
55.7694
54.8212
53.9438
53.0938
52.3506
51.6648
51.1749
50.7755
87.075
77.4148
70.4689
66.8243
64.8195
63.3323
62.0533
60.8753
59.7877
58.7344
57.7282
56.7255
55.7701
54.8248
53.9507
53.1043
52.3666
51.6869
51.1728
50.6977
90.1811
77.7675
70.3007
66.7111
64.7603
63.307
62.046
60.8752
59.7898
58.7372
57.731
56.7281
55.7728
54.8273
53.9539
53.1078
52.3703
51.6929
51.1746
50.8166
49.7212
49.4979
49.0779
48.6597
48.3281
48.0859
47.9215
47.8083
47.7202
47.6483
47.5854
47.5216
47.4551
47.3859
47.3109
47.2291
47.1381
47.0304
46.9085
46.7708
46.6279
46.4955
46.3828
46.2934
46.2308
46.1927
46.1718
46.1522
46.1196
46.0605
45.9758
45.8734
45.7701
45.6814
45.6156
45.5714
45.5442
45.5201
45.4946
45.4656
45.4356
45.4029
45.3763
45.358
45.3555
45.3642
45.3902
45.4272
45.4753
45.5243
45.5647
45.5841
45.576
45.536
45.4693
45.3805
45.288
45.1998
45.1285
45.0654
45.012
44.9538
44.8909
44.8158
44.7341
44.6525
44.5853
44.5483
44.5462
44.5725
44.6202
44.6822
44.7525
44.8272
44.9035
44.9767
45.0433
45.0933
45.1233
45.1238
45.1004
45.0518
44.9971
44.9258
44.8702
44.8193
44.7884
44.7839
44.8039
44.865
44.9679
45.129
45.3436
45.6052
45.9056
46.2331
46.5795
46.9319
47.2816
47.6192
47.9382
48.2313
48.4908
48.6933
48.863
48.9813
49.0829
49.1505
49.224
49.2659
49.3057
49.3245
49.3356
49.3323
49.3183
49.2984
49.2719
49.2425
49.2074
49.1625
49.1124
49.0468
48.9865
48.9113
48.8572
48.776
48.7382
48.6674
48.6563
48.6356
48.6776
48.7215
48.8145
48.9152
49.0587
49.2102
49.3962
49.5841
49.7951
50.0023
50.2281
50.4579
50.7058
50.96
51.2316
51.4985
51.7778
52.058
52.3462
52.6365
52.9167
53.1895
53.4558
53.7085
53.9467
54.1728
54.3971
54.5973
54.8009
54.9813
55.1676
55.3078
55.4645
55.5619
55.6762
55.7259
55.7966
55.8028
55.835
55.8035
55.8183
55.7727
55.7912
55.7398
55.7843
55.7445
55.8419
55.8194
55.9782
55.9932
56.2069
56.275
56.5339
56.6661
56.953
57.147
57.453
57.6684
57.9806
58.171
58.4427
58.532
58.6331
58.4032
58.0573
57.0553
55.5618
52.056
47.7037
27.022
49.5321
49.4079
49.1691
48.8158
48.4626
48.1854
48.0047
47.8993
47.837
47.7891
47.7427
47.6878
47.6258
47.5569
47.4829
47.4003
47.3093
47.2061
47.093
46.9691
46.8418
46.7218
46.6191
46.5357
46.4751
46.4325
46.4035
46.3765
46.3431
46.2922
46.2229
46.1381
46.0505
45.9699
45.9056
45.8565
45.8216
45.7921
45.7652
45.7347
45.7038
45.6712
45.6442
45.6237
45.616
45.6188
45.6355
45.6619
45.6953
45.728
45.7534
45.762
45.7497
45.7105
45.6507
45.5701
45.4836
45.3946
45.3158
45.2431
45.1776
45.1113
45.0412
44.9642
44.8817
44.8005
44.7291
44.6795
44.6583
44.664
44.6923
44.7359
44.792
44.8545
44.9197
44.981
45.0331
45.068
45.083
45.0706
45.0382
44.9831
44.9231
44.8562
44.7979
44.7529
44.7224
44.7214
44.742
44.8003
44.8978
45.0491
45.2496
45.4944
45.7763
46.0867
46.4166
46.7521
47.0891
47.4148
47.7262
48.0103
48.262
48.4578
48.627
48.7486
48.854
48.9263
48.9965
49.043
49.0794
49.099
49.1032
49.0898
49.0584
49.0184
48.967
48.9133
48.854
48.7843
48.7172
48.6297
48.5591
48.4664
48.4058
48.3148
48.2689
48.197
48.1813
48.1598
48.1988
48.2408
48.3327
48.4323
48.5789
48.7308
48.923
49.1167
49.3364
49.5507
49.7903
50.0291
50.29
50.5511
50.834
51.1037
51.3939
51.679
51.9773
52.2691
52.552
52.8242
53.095
53.3395
53.5831
53.8055
54.0429
54.2376
54.4597
54.638
54.8384
54.9787
55.1444
55.2341
55.3457
55.3828
55.443
55.4294
55.4503
55.3865
55.3887
55.2965
55.2989
55.1886
55.2119
55.1117
55.181
55.1056
55.2312
55.2055
55.3764
55.4058
55.6108
55.7027
55.9341
56.0597
56.3186
56.4393
56.6872
56.7422
56.8919
56.7645
56.6744
56.0746
55.3948
53.5742
51.6704
45.6864
39.8363
20.7401
49.5182
49.4654
49.3689
49.0719
48.6663
48.3033
48.0667
47.951
47.9136
47.9006
47.883
47.8455
47.7913
47.7225
47.6459
47.5604
47.4691
47.3692
47.2634
47.1511
47.0388
46.9319
46.8396
46.7627
46.7047
46.6608
46.6286
46.5991
46.5672
46.5239
46.4687
46.4006
46.3285
46.2581
46.1979
46.147
46.1069
46.0723
46.0424
46.012
45.9821
45.9523
45.9264
45.9069
45.8966
45.8954
45.9036
45.9185
45.9376
45.9543
45.9646
45.9603
45.9399
45.8977
45.8387
45.7617
45.6769
45.5876
45.5019
45.4213
45.3443
45.2701
45.194
45.1155
45.0347
44.9559
44.8856
44.8312
44.7979
44.7878
44.8004
44.8293
44.8736
44.9254
44.9815
45.032
45.0716
45.0928
45.0929
45.0684
45.0256
44.9677
44.9021
44.8382
44.778
44.7334
44.7036
44.6998
44.7149
44.7629
44.8489
44.985
45.166
45.3909
45.6528
45.9453
46.2568
46.5767
46.9009
47.2157
47.52
47.7983
48.045
48.2415
48.4158
48.548
48.6621
48.7458
48.8207
48.8778
48.9197
48.9457
48.9481
48.9269
48.8829
48.8252
48.7577
48.6781
48.6014
48.5041
48.4256
48.3158
48.2395
48.1317
48.0665
47.9734
47.9206
47.8543
47.834
47.8177
47.8517
47.893
47.983
48.084
48.2313
48.3858
48.5811
48.7803
49.0069
49.2284
49.4807
49.7329
50.0095
50.2834
50.5761
50.8555
51.1554
51.4493
51.7561
52.042
52.323
52.5889
52.8585
53.0922
53.341
53.5609
53.7986
53.9935
54.2267
54.4114
54.6136
54.7622
54.9264
55.0088
55.117
55.1344
55.1899
55.146
55.1635
55.0659
55.058
54.9191
54.9048
54.7412
54.7429
54.5906
54.6182
54.5019
54.5746
54.5119
54.6213
54.61
54.7574
54.7898
54.9738
55.0116
55.2118
55.2198
55.3893
55.2887
55.3364
54.9298
54.7127
53.5708
52.8491
49.8467
47.9322
40.5347
33.4893
20.4602
49.6881
49.6033
49.4376
49.0542
48.6002
48.2343
48.025
47.9555
47.9725
48.0112
48.0348
48.0246
47.9837
47.9173
47.8365
47.7454
47.6503
47.551
47.4509
47.3486
47.2495
47.1556
47.0742
47.0055
46.9522
46.91
46.8778
46.8486
46.8193
46.783
46.7391
46.6854
46.6268
46.5661
46.51
46.4591
46.4164
46.3787
46.3468
46.317
46.2897
46.2633
46.2403
46.2208
46.2078
46.1999
46.1987
46.2
46.2034
46.2028
46.1966
46.1791
46.1491
46.1025
46.0421
45.9669
45.8834
45.795
45.7059
45.6203
45.5367
45.4567
45.3775
45.2987
45.2208
45.1465
45.0794
45.0244
44.9851
44.9641
44.9645
44.981
45.0144
45.0559
45.1017
45.1405
45.1677
45.1757
45.1629
45.1292
45.078
45.0164
44.9456
44.8799
44.8181
44.7706
44.7366
44.7219
44.723
44.7533
44.8219
44.9382
45.0985
45.3018
45.5453
45.8182
46.1134
46.4175
46.7329
47.0387
47.3388
47.6129
47.8584
48.0577
48.2393
48.3852
48.5122
48.613
48.7014
48.7728
48.8275
48.8594
48.8613
48.8332
48.7822
48.7086
48.6342
48.5338
48.4474
48.3282
48.2391
48.1094
48.0276
47.9091
47.8436
47.7488
47.697
47.6307
47.6133
47.6012
47.6376
47.6847
47.7754
47.8815
48.0306
48.1903
48.3891
48.5934
48.8265
49.0563
49.3208
49.5825
49.8733
50.1567
50.4608
50.7508
51.0639
51.3623
51.6778
51.9514
52.2372
52.4874
52.7559
52.9745
53.2301
53.4436
53.6835
53.8759
54.1208
54.2965
54.5066
54.6427
54.8151
54.8705
54.9892
54.974
55.0428
54.959
54.9805
54.8405
54.8276
54.6487
54.6166
54.4158
54.3816
54.1938
54.1672
54.0203
54.0302
53.9297
53.9781
53.9228
54.0132
53.9767
54.1014
54.0345
54.183
54.019
54.1907
53.8002
53.9277
53.0308
52.9624
51.0136
50.3749
46.4668
43.993
37.0552
29.4294
20.748
51.1498
50.7746
49.6786
48.7537
48.1533
47.8637
47.8077
47.8812
48.0043
48.1175
48.1925
48.2162
48.1935
48.1332
48.0502
47.9538
47.8539
47.7531
47.6559
47.5619
47.4745
47.394
47.3248
47.2662
47.2199
47.1824
47.1529
47.126
47.0998
47.0695
47.0341
46.9913
46.9437
46.8927
46.843
46.7956
46.7535
46.7151
46.6818
46.6516
46.6244
46.5983
46.5744
46.5518
46.5329
46.5155
46.5018
46.4884
46.4758
46.4603
46.4398
46.4113
46.3727
46.3221
46.2602
46.1874
46.1064
46.0213
45.9335
45.8474
45.7627
45.6804
45.601
45.5234
45.4496
45.38
45.3177
45.2652
45.2257
45.2001
45.1931
45.2018
45.2257
45.2572
45.2901
45.3154
45.3288
45.3245
45.3018
45.261
45.2034
45.1358
45.0603
44.9876
44.9193
44.8614
44.8145
44.7804
44.7608
44.768
44.8156
44.9091
45.05
45.2332
45.4612
45.718
46.0001
46.2954
46.6031
46.9043
47.2026
47.4755
47.7228
47.9281
48.1191
48.2797
48.4202
48.5405
48.6428
48.7286
48.7942
48.8292
48.8325
48.7974
48.745
48.6625
48.5862
48.4751
48.3794
48.2487
48.1474
48.0132
47.9259
47.8127
47.7441
47.654
47.6021
47.5386
47.5308
47.5201
47.5694
47.62
47.7223
47.8318
47.9903
48.1534
48.3646
48.571
48.8177
49.05
49.327
49.587
49.8923
50.1766
50.4977
50.7929
51.1237
51.4195
51.746
52.0026
52.299
52.5268
52.7989
53.001
53.2651
53.4565
53.7114
53.8889
54.1502
54.2988
54.5242
54.6282
54.8116
54.8321
54.9643
54.912
54.995
54.8772
54.8995
54.7231
54.6992
54.4924
54.4406
54.2145
54.1497
53.9221
53.8626
53.6669
53.6394
53.4802
53.5017
53.3643
53.4434
53.2731
53.4135
53.1246
53.3309
52.8413
53.1255
52.3085
52.5401
51.1673
51.0188
48.6694
47.5299
43.7146
40.3628
34.9051
27.6338
21.2605
52.1428
51.6364
49.978
48.6258
47.82
47.5245
47.5761
47.7843
48.0234
48.2231
48.3581
48.4211
48.4203
48.3689
48.2852
48.1835
48.0768
47.9718
47.8745
47.7856
47.7071
47.6384
47.5809
47.5331
47.4953
47.4643
47.439
47.4158
47.3929
47.3672
47.3378
47.3032
47.2643
47.222
47.1792
47.1365
47.0965
47.0588
47.0246
46.9931
46.9637
46.9354
46.9078
46.88
46.8535
46.8268
46.8013
46.7751
46.7482
46.7193
46.6863
46.6477
46.6018
46.5471
46.4843
46.4139
46.3368
46.2564
46.1728
46.089
46.0063
45.9259
45.8492
45.776
45.7079
45.6448
45.5894
45.5425
45.5073
45.4834
45.4761
45.4841
45.5033
45.5269
45.5479
45.5612
45.562
45.5467
45.5148
45.467
45.4019
45.3256
45.2408
45.1545
45.0714
44.9965
44.9316
44.8752
44.8319
44.81
44.8355
44.9066
45.0288
45.196
45.4128
45.6588
45.9303
46.2208
46.524
46.8242
47.1222
47.4
47.6515
47.8667
48.0678
48.2402
48.395
48.532
48.6488
48.7446
48.8188
48.8538
48.8589
48.8157
48.7667
48.6812
48.6035
48.4893
48.3853
48.2532
48.146
48.0232
47.9361
47.8388
47.7687
47.6898
47.6361
47.589
47.5895
47.5968
47.6599
47.7166
47.8343
47.9446
48.1154
48.28
48.5047
48.7127
48.973
49.2077
49.4918
49.7523
50.0704
50.3521
50.693
50.9922
51.3424
51.6373
51.9676
52.2141
52.5086
52.7175
52.9915
53.1693
53.4456
53.6061
53.8748
54.0305
54.3039
54.4162
54.6657
54.7172
54.9183
54.89
55.042
54.9488
55.0494
54.8885
54.9248
54.7115
54.6987
54.4484
54.4045
54.1221
54.0794
53.7657
53.7201
53.4362
53.4193
53.156
53.201
52.9327
53.034
52.6989
52.8421
52.3588
52.5243
51.8498
52.0023
51.0433
50.9681
49.5258
48.8588
46.6213
44.9115
41.6609
37.9983
33.9329
27.6361
22.3373
52.7538
52.2409
50.3229
48.7019
47.7099
47.3369
47.4148
47.706
48.0373
48.3172
48.5135
48.6204
48.6454
48.6048
48.5205
48.4123
48.2973
48.1864
48.0864
48
47.9277
47.8685
47.8215
47.7845
47.7558
47.7327
47.7134
47.6952
47.6763
47.6549
47.6298
47.6004
47.5672
47.5309
47.4931
47.4546
47.4172
47.3809
47.3464
47.3133
47.2813
47.2496
47.2175
47.1845
47.1507
47.1157
47.0801
47.0437
47.0055
46.9656
46.9221
46.8748
46.8225
46.7648
46.7018
46.6341
46.5616
46.4865
46.409
46.3308
46.2537
46.1788
46.1072
46.0404
45.9788
45.9233
45.8749
45.8355
45.8078
45.793
45.7928
45.8057
45.8265
45.8459
45.8579
45.8599
45.85
45.8269
45.7874
45.7309
45.657
45.57
45.4718
45.3669
45.2652
45.1714
45.0873
45.0063
44.9368
44.8859
44.8868
44.9389
45.0485
45.2074
45.4184
45.6581
45.9255
46.2136
46.5125
46.8154
47.1143
47.397
47.6537
47.8826
48.0871
48.2674
48.4345
48.5824
48.7114
48.8136
48.8973
48.9337
48.9399
48.8917
48.8407
48.7548
48.6752
48.5663
48.4598
48.3399
48.2392
48.1395
48.0635
47.9862
47.9222
47.8565
47.8077
47.7788
47.7913
47.8251
47.8975
47.976
48.0962
48.2194
48.3937
48.5681
48.8002
49.0211
49.291
49.5349
49.8236
50.094
50.4165
50.7029
51.0527
51.3646
51.7279
52.0247
52.3513
52.5907
52.8732
53.072
53.3366
53.4857
53.7625
53.8984
54.1565
54.3014
54.5765
54.6547
54.9271
54.9346
55.1283
55.0679
55.2155
55.113
55.2065
55.0397
55.0625
54.8452
54.8334
54.5639
54.5106
54.1975
54.1395
53.7866
53.7094
53.38
53.3235
53.009
52.9853
52.659
52.6534
52.2569
52.2391
51.6974
51.6475
50.9444
50.814
49.901
49.502
48.0877
47.1747
45.0455
43.2058
40.5947
37.1117
33.9597
28.7445
24.003
53.1218
52.6425
50.6339
48.8707
47.7527
47.2842
47.3338
47.6604
48.0536
48.3974
48.6472
48.7955
48.8467
48.8187
48.7356
48.6231
48.5015
48.3855
48.283
48.198
48.1304
48.0791
48.0412
48.014
47.9944
47.9795
47.9667
47.954
47.9394
47.922
47.9005
47.8751
47.8458
47.8137
47.7794
47.7441
47.7084
47.6729
47.6375
47.6024
47.5671
47.5314
47.4945
47.4563
47.4162
47.3747
47.3312
47.2866
47.2394
47.1909
47.1397
47.0864
47.0304
46.972
46.9105
46.8469
46.7803
46.7124
46.6427
46.5727
46.5028
46.4346
46.369
46.3089
46.254
46.207
46.168
46.1392
46.122
46.1188
46.1275
46.147
46.1695
46.1865
46.1917
46.186
46.1685
46.1409
46.0973
46.0341
45.9513
45.8519
45.7375
45.6127
45.4924
45.3779
45.277
45.1743
45.0808
45.0073
44.9882
45.0277
45.1302
45.2874
45.4925
45.7272
45.991
46.2758
46.575
46.8808
47.1863
47.4776
47.7394
47.9754
48.1787
48.3671
48.5405
48.6907
48.8245
48.9288
49.0191
49.0626
49.0686
49.0215
48.9644
48.8853
48.8085
48.714
48.6183
48.5226
48.4409
48.3722
48.3167
48.2648
48.215
48.167
48.132
48.1245
48.1544
48.2088
48.2931
48.3839
48.5042
48.6455
48.8224
49.0125
49.2514
49.4932
49.7738
50.0374
50.3295
50.6137
50.9367
51.2298
51.587
51.9093
52.2847
52.5776
52.9069
53.1235
53.3968
53.591
53.8402
53.9656
54.2312
54.3323
54.577
54.7011
54.9802
55.029
55.2937
55.2947
55.4595
55.4019
55.5325
55.4388
55.5063
55.3552
55.3559
55.1448
55.1096
54.8381
54.7594
54.4472
54.3607
53.9886
53.8764
53.525
53.408
53.0614
52.9359
52.5602
52.4282
51.9612
51.7846
51.1649
50.942
50.2189
49.9343
49.0551
48.5373
47.1266
46.1739
44.2271
42.399
40.3356
37.1924
34.513
30.2038
25.8805
53.3584
52.9104
50.8775
49.043
47.8497
47.3105
47.3233
47.6607
48.0916
48.4813
48.7719
48.9534
49.0276
49.0121
48.9318
48.8175
48.6918
48.5729
48.4692
48.3857
48.3218
48.2768
48.2463
48.2274
48.2154
48.2079
48.2011
48.1936
48.183
48.1691
48.1506
48.1283
48.1019
48.0727
48.0407
48.0074
47.9721
47.9363
47.8991
47.8614
47.8224
47.7824
47.7406
47.6974
47.6518
47.6046
47.5546
47.5032
47.4494
47.3951
47.3393
47.2833
47.2264
47.1697
47.1117
47.0539
46.9944
46.9345
46.873
46.8117
46.7503
46.6908
46.6334
46.5818
46.5364
46.5005
46.4736
46.4577
46.4521
46.4597
46.4773
46.5023
46.5247
46.5392
46.5395
46.5277
46.5067
46.4777
46.4317
46.3648
46.2767
46.1675
46.0378
45.8933
45.7505
45.6155
45.4969
45.3735
45.2682
45.1795
45.1513
45.186
45.2892
45.4449
45.6442
45.8693
46.1302
46.4139
46.7197
47.0295
47.3452
47.6509
47.9232
48.1613
48.3659
48.5565
48.7268
48.8709
48.9992
49.1045
49.2012
49.2496
49.26
49.2216
49.1686
49.1016
49.036
48.9592
48.8854
48.8184
48.7673
48.733
48.7051
48.6844
48.6561
48.6305
48.6182
48.6302
48.6785
48.7475
48.8453
48.9427
49.0728
49.228
49.4097
49.6127
49.8654
50.1171
50.4152
50.6957
51.0009
51.3038
51.6275
51.9312
52.292
52.6262
53.01
53.2906
53.6388
53.8134
54.0792
54.2608
54.4845
54.5903
54.8513
54.8922
55.1475
55.2335
55.5285
55.5434
55.7996
55.7745
55.9353
55.8708
56.0125
55.9316
55.9724
55.8121
55.8099
55.6101
55.5553
55.2853
55.1672
54.8647
54.7523
54.3724
54.2215
53.8783
53.6979
53.3429
53.12
52.7079
52.4538
51.9375
51.6268
50.9666
50.6273
49.9978
49.6481
48.8135
48.2364
46.8228
45.8148
44.0871
42.2587
40.5803
37.8306
35.3403
31.69
27.7715
53.5267
53.0939
51.0509
49.1855
47.958
47.3859
47.3799
47.7223
48.1745
48.5903
48.9043
49.1045
49.1919
49.1836
49.1054
48.9906
48.8639
48.745
48.6427
48.562
48.5024
48.4628
48.4386
48.4264
48.421
48.4194
48.4178
48.4147
48.4077
48.3969
48.381
48.3611
48.3367
48.3092
48.2784
48.2456
48.2101
48.1731
48.1338
48.0932
48.0504
48.0062
47.9597
47.9115
47.8607
47.8086
47.754
47.6986
47.6412
47.5839
47.5261
47.4697
47.4144
47.3613
47.3093
47.259
47.2082
47.1571
47.1047
47.053
47.0014
46.9517
46.9043
46.8637
46.83
46.8065
46.7935
46.7918
46.7994
46.8195
46.8468
46.8751
46.8959
46.9081
46.9066
46.8908
46.8663
46.8372
46.7926
46.7268
46.6365
46.5185
46.3767
46.2174
46.0549
45.8959
45.7591
45.6176
45.5067
45.4102
45.3828
45.4165
45.5295
45.6866
45.8842
46.101
46.3642
46.6488
46.958
47.2712
47.6026
47.9245
48.2109
48.4489
48.6515
48.8341
48.9943
49.1287
49.2511
49.359
49.4624
49.5185
49.5396
49.5139
49.4727
49.424
49.3776
49.3254
49.2792
49.2431
49.2293
49.2297
49.2397
49.252
49.2535
49.2553
49.2698
49.2961
49.3608
49.436
49.5452
49.6442
49.7896
49.949
50.1488
50.3567
50.6302
50.8863
51.2164
51.5083
51.8372
52.1544
52.4964
52.8065
53.1819
53.5126
53.9143
54.1637
54.5282
54.6429
54.9103
55.0605
55.2808
55.3434
55.6008
55.5659
55.866
55.9002
56.2258
56.1699
56.4761
56.3799
56.6032
56.4886
56.6704
56.5788
56.6376
56.4359
56.466
56.2389
56.203
55.9202
55.8204
55.4832
55.3655
54.9696
54.8116
54.4521
54.2525
53.8682
53.6099
53.1537
52.8222
52.2295
51.83
51.1659
50.8
50.2536
49.894
49.0667
48.3748
46.9813
45.8308
44.3382
42.6056
41.1207
38.7019
36.2929
33.0936
29.5737
53.6246
53.1974
51.1548
49.2907
48.0667
47.4987
47.4986
47.8473
48.3065
48.7276
49.0454
49.2478
49.3366
49.3287
49.2518
49.1391
49.0162
48.9019
48.805
48.7297
48.6759
48.6419
48.6234
48.6165
48.616
48.6187
48.6207
48.6205
48.6161
48.6074
48.5937
48.5755
48.5527
48.5264
48.4964
48.4636
48.4275
48.3892
48.348
48.3046
48.2586
48.2106
48.1602
48.1081
48.0537
47.9981
47.9408
47.8828
47.8245
47.7671
47.7105
47.6562
47.6041
47.5557
47.5104
47.4685
47.4275
47.3871
47.3465
47.3069
47.2673
47.2298
47.1962
47.1694
47.1484
47.1375
47.1396
47.1535
47.1746
47.2052
47.2394
47.2688
47.2884
47.2988
47.295
47.2783
47.2547
47.2272
47.1862
47.1257
47.037
46.9148
46.7638
46.5899
46.4116
46.2322
46.0798
45.9261
45.8151
45.7164
45.7044
45.7391
45.8672
46.0266
46.2273
46.4363
46.7091
46.9944
47.3092
47.6212
47.9714
48.3048
48.6036
48.8367
49.0318
49.1953
49.3413
49.4645
49.589
49.7035
49.8148
49.88
49.921
49.9099
49.8961
49.8684
49.8561
49.8236
49.8182
49.8124
49.8425
49.8721
49.9265
49.9648
50.0135
50.0407
50.0916
50.1281
50.2065
50.2744
50.3948
50.4839
50.6453
50.7963
51.0178
51.2288
51.5309
51.7898
52.1596
52.463
52.8315
53.1613
53.5376
53.8377
54.2456
54.5435
54.9831
55.1746
55.575
55.5769
55.8865
55.973
56.2192
56.1992
56.474
56.3857
56.7477
56.7149
57.0816
56.9267
57.3006
57.1264
57.451
57.3005
57.5459
57.4018
57.5205
57.251
57.3677
57.0919
57.1216
56.733
56.6991
56.3284
56.2239
55.7846
55.6614
55.2621
55.085
54.6303
54.3688
53.8738
53.4765
52.8967
52.4718
51.7931
51.4175
50.9173
50.4835
49.6124
48.6994
47.3766
46.1396
44.8447
43.3115
41.844
39.6375
37.3032
34.4204
31.2559
53.6439
53.2147
51.1878
49.3606
48.1783
47.6517
47.6821
48.0402
48.4924
48.8978
49.1995
49.3877
49.4658
49.4522
49.3757
49.2681
49.1534
49.0483
48.9605
48.8935
48.8469
48.8188
48.8051
48.8017
48.8041
48.8088
48.8127
48.814
48.8112
48.804
48.7918
48.775
48.7535
48.7279
48.6983
48.6653
48.6288
48.5895
48.5472
48.5023
48.4545
48.404
48.3511
48.2962
48.2394
48.1819
48.1238
48.0661
48.0095
47.9545
47.9011
47.8506
47.8038
47.7618
47.7239
47.6903
47.6597
47.6318
47.6053
47.5798
47.5546
47.5319
47.5148
47.504
47.4988
47.5031
47.5211
47.5488
47.5797
47.6157
47.6529
47.6826
47.7
47.7045
47.694
47.6756
47.6551
47.6341
47.603
47.553
47.4716
47.3539
47.2007
47.0181
46.8258
46.6311
46.4648
46.3072
46.2
46.1128
46.126
46.1638
46.3092
46.4669
46.6715
46.8682
47.1542
47.4395
47.7631
48.0722
48.4456
48.7865
49.1015
49.3262
49.5105
49.6382
49.7769
49.881
50.0171
50.1369
50.2623
50.3372
50.4056
50.4142
50.4425
50.4373
50.4721
50.465
50.514
50.5356
50.6149
50.6695
50.7749
50.8361
50.9261
50.9739
51.0647
51.1096
51.2051
51.2691
51.388
51.4699
51.6408
51.786
52.0219
52.2461
52.5597
52.8454
53.2457
53.5632
53.9732
54.3115
54.7202
55.021
55.4448
55.6991
56.1486
56.3038
56.6667
56.5999
56.991
56.9508
57.2385
57.108
57.4134
57.3067
57.7093
57.6513
58.022
57.8303
58.2796
58.0541
58.4458
58.2774
58.5469
58.3983
58.5334
58.2466
58.4125
58.1402
58.2061
57.8071
57.7899
57.3823
57.2983
56.8291
56.739
56.302
56.1077
55.6059
55.3193
54.8237
54.4069
53.8943
53.3509
52.7674
52.3647
51.809
51.1826
50.2635
49.165
47.9403
46.7654
45.5445
44.1775
42.6521
40.5768
38.3389
35.697
32.8253
53.5727
53.1342
51.1498
49.4039
48.3061
47.8603
47.941
48.3042
48.7302
49.0975
49.3626
49.5196
49.5751
49.5508
49.475
49.3759
49.2739
49.1824
49.1074
49.0514
49.0137
48.9919
48.9824
48.9815
48.985
48.9902
48.9945
48.9961
48.994
48.9876
48.9765
48.9606
48.9401
48.9153
48.8863
48.8538
48.8177
48.7786
48.7362
48.6907
48.6418
48.59
48.5355
48.4796
48.4226
48.3658
48.3098
48.2554
48.2024
48.1513
48.1031
48.0584
48.0185
47.9845
47.9561
47.9325
47.9128
47.897
47.885
47.8759
47.8671
47.8601
47.8596
47.8656
47.8779
47.9004
47.9342
47.9729
48.0122
48.053
48.0906
48.1163
48.127
48.1229
48.1064
48.0876
48.0702
48.0553
48.0365
48.0004
47.932
47.8262
47.68
47.497
47.2971
47.0991
46.9274
46.7733
46.6692
46.6039
46.641
46.692
46.85
47.0009
47.2007
47.3938
47.7001
47.9816
48.3109
48.62
49.0223
49.3662
49.7017
49.9144
50.0896
50.1818
50.3112
50.3994
50.5569
50.6752
50.8224
50.9033
50.9998
51.0329
51.1095
51.1321
51.2207
51.2533
51.3666
51.4242
51.5606
51.6393
51.7853
51.8614
51.9914
52.0514
52.1784
52.2323
52.3465
52.3992
52.5168
52.5902
52.7644
52.9147
53.17
53.4142
53.7424
54.0663
54.4718
54.8197
55.255
55.5969
56.0198
56.3237
56.7434
56.9763
57.3666
57.5403
57.7998
57.7088
58.1218
57.9936
58.2734
58.1287
58.4673
58.3607
58.7329
58.7141
59.0025
58.841
59.3167
59.1259
59.5594
59.4135
59.6808
59.5848
59.6786
59.3912
59.5975
59.2959
59.3834
58.9827
58.961
58.6111
58.5345
58.0699
57.9399
57.519
57.2997
56.7578
56.4295
55.946
55.4978
55.0176
54.5097
53.9628
53.4104
52.8114
51.9104
50.9792
49.8114
48.6952
47.6484
46.4031
45.1198
43.4988
41.5306
39.3891
36.9441
34.3049
53.3622
52.919
51.0439
49.4537
48.4948
48.1626
48.2928
48.6395
49.0125
49.3177
49.5262
49.637
49.6625
49.6263
49.5537
49.4672
49.3821
49.3078
49.2485
49.2054
49.1771
49.1613
49.1548
49.1546
49.1576
49.1616
49.1647
49.1655
49.1628
49.1562
49.1451
49.1296
49.1094
49.0852
49.0574
49.0262
48.9916
48.9539
48.913
48.8685
48.8202
48.7687
48.7142
48.6588
48.6048
48.5525
48.5012
48.451
48.4028
48.3577
48.3158
48.2783
48.2468
48.2223
48.2041
48.1921
48.1866
48.1877
48.1933
48.199
48.2049
48.2152
48.2322
48.2552
48.2863
48.3262
48.3729
48.4206
48.4668
48.5117
48.5496
48.5729
48.5779
48.5638
48.5384
48.517
48.5033
48.4978
48.4926
48.4736
48.4256
48.3399
48.2083
48.0358
47.8381
47.6473
47.4736
47.3312
47.2367
47.2019
47.2484
47.3054
47.4644
47.6105
47.8049
48.0268
48.3586
48.6461
48.978
49.3007
49.7155
50.0519
50.3942
50.5998
50.7717
50.8411
50.9646
51.0466
51.22
51.3414
51.5052
51.5869
51.7087
51.7689
51.8905
51.9527
52.0996
52.1833
52.3586
52.4647
52.6508
52.7617
52.9381
53.0299
53.1869
53.2585
53.4089
53.4762
53.6001
53.6483
53.7608
53.8305
54.0077
54.1659
54.4458
54.7193
55.0703
55.4332
55.8295
56.2063
56.6363
56.9967
57.4053
57.7292
58.0813
58.3057
58.6415
58.7985
58.9595
58.9828
59.2775
59.1264
59.3308
59.2814
59.57
59.5504
59.7949
59.9037
60.005
59.9642
60.4127
60.2498
60.7467
60.7052
60.9424
60.8818
60.9268
60.6777
60.8298
60.6065
60.5592
60.1743
60.2008
59.937
59.8354
59.3993
59.2379
58.7807
58.5092
57.9974
57.624
57.1679
56.6983
56.2782
55.7016
55.1423
54.4662
53.8776
52.6622
51.8291
50.5867
49.6424
48.6734
47.3667
46.091
44.3777
42.4971
40.4341
38.1423
35.6763
52.8997
52.4825
50.8745
49.5614
48.8105
48.5966
48.7431
49.0339
49.321
49.54
49.6755
49.7327
49.7281
49.683
49.6171
49.5462
49.4801
49.4243
49.3808
49.3495
49.329
49.3171
49.3116
49.3102
49.3111
49.3126
49.3134
49.3123
49.3084
49.301
49.2895
49.274
49.2544
49.2312
49.2047
49.1754
49.1433
49.1083
49.0704
49.0285
48.9825
48.9337
48.8833
48.8321
48.7821
48.7354
48.6926
48.6516
48.6111
48.5721
48.5368
48.5082
48.488
48.475
48.4686
48.4706
48.4808
48.4982
48.5218
48.5479
48.5743
48.6018
48.6345
48.674
48.7207
48.7729
48.8291
48.885
48.9381
48.9867
49.0245
49.0444
49.0432
49.021
48.987
48.9599
48.9494
48.9543
48.965
48.9663
48.9438
48.8853
48.7767
48.6232
48.4418
48.2715
48.1019
47.9831
47.899
47.8869
47.934
48.0065
48.1592
48.2957
48.4921
48.7668
49.117
49.4174
49.7471
50.1052
50.5067
50.8368
51.1658
51.3733
51.5415
51.6206
51.7263
51.816
51.9912
52.1248
52.2958
52.3943
52.5296
52.6204
52.7739
52.898
53.0894
53.2459
53.4601
53.631
53.839
53.9923
54.1809
54.2976
54.4673
54.5607
54.7152
54.797
54.935
54.9804
55.101
55.1822
55.3596
55.547
55.8377
56.1356
56.5014
56.8812
57.266
57.671
58.0765
58.4362
58.8346
59.1734
59.4521
59.6722
59.9319
60.0619
60.1988
60.304
60.4026
60.3854
60.4692
60.5462
60.712
60.8113
60.9167
61.0777
61.0828
61.2119
61.4665
61.5955
62.0045
61.972
62.2221
62.1412
62.1422
62.0029
62.0816
61.9506
61.7605
61.4799
61.4397
61.3003
61.0578
60.7474
60.5001
60.0381
59.7688
59.3162
58.8621
58.4523
57.9459
57.5016
56.8919
56.3405
55.4902
54.9268
53.433
52.7714
51.5131
50.7656
49.7673
48.4107
47.0925
45.3156
43.5031
41.4886
39.3098
36.9742
52.1488
51.8253
50.6906
49.778
49.2743
49.1482
49.2544
49.4398
49.6104
49.7292
49.7902
49.8001
49.7732
49.725
49.6689
49.6139
49.5653
49.5253
49.4942
49.4713
49.4553
49.4448
49.4384
49.4348
49.4329
49.4317
49.4302
49.4275
49.4225
49.4144
49.4025
49.3868
49.3677
49.3455
49.3206
49.294
49.2664
49.2364
49.2026
49.165
49.124
49.0799
49.0351
48.9918
48.9505
48.9119
48.8779
48.8484
48.8207
48.7924
48.7667
48.7505
48.7456
48.7487
48.758
48.7755
48.8022
48.8371
48.876
48.9153
48.9573
49.0039
49.0549
49.1106
49.1705
49.2316
49.293
49.3529
49.4098
49.4608
49.4975
49.5147
49.509
49.4818
49.443
49.4124
49.4052
49.4185
49.4399
49.4558
49.4536
49.4217
49.3429
49.2183
49.0638
48.9246
48.7649
48.6876
48.6222
48.631
48.6743
48.7771
48.913
49.064
49.2791
49.5841
49.9215
50.2451
50.5906
50.9844
51.3559
51.692
51.9917
52.2135
52.3662
52.4723
52.5604
52.6799
52.8352
52.9953
53.1558
53.2946
53.4335
53.5817
53.752
53.9469
54.163
54.3923
54.6263
54.8573
55.0594
55.2588
55.4306
55.5793
55.7373
55.8675
56.009
56.14
56.2642
56.3535
56.4625
56.5928
56.7586
56.9931
57.2672
57.6033
57.9535
58.3493
58.7165
59.1381
59.4983
59.8697
60.2142
60.5359
60.7694
61.0464
61.172
61.3487
61.3992
61.5337
61.5367
61.6575
61.6606
61.8336
61.8556
62.0123
62.0202
62.2512
62.1252
62.5026
62.6266
63.0598
63.1278
63.2343
63.3967
63.3204
63.3106
63.3215
63.2912
63.2128
62.8894
62.8239
62.6572
62.5282
62.2326
62.0339
61.6148
61.3765
60.9175
60.557
60.1125
59.7303
59.178
58.7447
58.0575
57.4297
56.4384
55.8637
54.3469
53.8886
52.5655
51.9623
50.7936
49.4851
48.1032
46.3066
44.5423
42.5501
40.4617
38.2203
51.3246
51.1537
50.5964
50.1202
49.8342
49.7255
49.7303
49.7808
49.8315
49.8609
49.8626
49.8398
49.8007
49.7544
49.7079
49.6657
49.6297
49.6001
49.5764
49.5577
49.5432
49.5322
49.5242
49.5185
49.5145
49.5113
49.5079
49.5036
49.4976
49.4889
49.4766
49.4606
49.442
49.4221
49.401
49.3775
49.3528
49.3278
49.301
49.2696
49.2344
49.199
49.1645
49.1301
49.0982
49.0732
49.0546
49.0392
49.025
49.0118
49.0041
49.0061
49.0174
49.0361
49.0627
49.0978
49.14
49.1881
49.2411
49.2962
49.3507
49.4056
49.4643
49.5277
49.5933
49.6581
49.7216
49.7829
49.8399
49.8874
49.9201
49.9371
49.9362
49.9153
49.8806
49.8517
49.8454
49.8599
49.8873
49.913
49.9258
49.9145
49.862
49.77
49.6539
49.5663
49.4419
49.4067
49.3556
49.3938
49.4463
49.5892
49.705
49.891
50.0978
50.4105
50.7198
51.0987
51.4495
51.8591
52.1934
52.554
52.8173
53.0709
53.2014
53.3572
53.4371
53.5939
53.7341
53.9249
54.0737
54.2602
54.3934
54.606
54.783
55.0481
55.2665
55.5571
55.7882
56.0636
56.2542
56.4856
56.6279
56.8023
56.9466
57.1155
57.2388
57.4314
57.5368
57.6912
57.7882
57.9792
58.1251
58.4073
58.6556
59.024
59.3457
59.749
60.0805
60.501
60.8051
61.165
61.4448
61.757
61.9226
62.2702
62.2791
62.5618
62.4807
62.7428
62.6546
62.8941
62.8372
63.07
62.9542
63.2392
63.1227
63.4002
63.2891
63.8334
63.738
64.1899
64.0136
64.4492
64.3979
64.5246
64.446
64.5218
64.3238
64.4191
64.0371
64.0805
63.7914
63.7469
63.3568
63.1759
62.6658
62.6108
62.0457
61.7674
61.301
60.9189
60.2525
59.886
59.0132
58.5268
57.3462
56.8496
55.2582
55.0167
53.7197
53.1228
51.7804
50.5843
49.0808
47.3084
45.5558
43.5869
41.5588
39.3866
50.6296
50.6286
50.5957
50.472
50.3156
50.1795
50.0818
50.0188
49.9782
49.9438
49.906
49.8633
49.8182
49.7747
49.7351
49.7007
49.6715
49.6467
49.6258
49.6082
49.5934
49.5813
49.5717
49.5643
49.5588
49.5545
49.5503
49.5451
49.538
49.5286
49.5165
49.5019
49.4848
49.4658
49.4469
49.4287
49.4108
49.3916
49.3702
49.3463
49.3196
49.2923
49.266
49.2425
49.2267
49.2185
49.2148
49.2141
49.2157
49.22
49.231
49.2513
49.2786
49.3119
49.3529
49.4021
49.4575
49.5169
49.5779
49.639
49.6998
49.7601
49.82
49.8804
49.9422
50.0053
50.068
50.127
50.1801
50.2247
50.2587
50.2813
50.2878
50.2766
50.2543
50.2369
50.2377
50.2563
50.2828
50.3141
50.336
50.3285
50.2937
50.24
50.1691
50.1309
50.061
50.0828
50.0646
50.1476
50.1863
50.3628
50.4488
50.6895
50.878
51.2129
51.482
51.9019
52.2134
52.6426
52.9311
53.3145
53.5297
53.8496
53.9682
54.201
54.274
54.5031
54.6171
54.8603
54.9787
55.2154
55.3221
55.5965
55.7566
56.0854
56.2788
56.6278
56.8204
57.1458
57.2927
57.57
57.66
57.9008
57.9992
58.2238
58.3097
58.5536
58.6302
58.8511
58.9414
59.1987
59.3332
59.6599
59.8786
60.2757
60.538
60.9437
61.2112
61.6234
61.8514
62.2259
62.4347
62.7793
62.8803
63.2832
63.192
63.588
63.4416
63.8693
63.6456
64.0787
63.8741
64.2528
64.0121
64.4272
64.1602
64.563
64.3995
64.8867
64.6605
65.2126
64.9137
65.4801
65.2451
65.6085
65.3557
65.6317
65.2714
65.4988
64.9652
65.1466
64.7584
64.8343
64.307
64.2677
63.6116
63.7003
62.9233
62.8018
62.2842
61.9859
61.204
60.8714
59.8586
59.542
58.0456
57.7929
56.2084
56.2374
54.8281
54.203
52.683
51.5465
49.9163
48.2052
46.4163
44.4826
42.5066
40.4051
50.6301
50.6414
50.6461
50.5859
50.4729
50.3457
50.2302
50.1338
50.0539
49.9857
49.9254
49.8713
49.823
49.7806
49.744
49.7124
49.6853
49.6619
49.6417
49.6242
49.6093
49.5969
49.587
49.5792
49.5732
49.5683
49.564
49.5592
49.5527
49.5437
49.532
49.5183
49.5035
49.4884
49.4738
49.4596
49.4458
49.4323
49.418
49.402
49.3852
49.3686
49.3536
49.343
49.3387
49.3401
49.3475
49.3613
49.38
49.4023
49.4292
49.4613
49.4985
49.5422
49.5934
49.6509
49.7133
49.7779
49.8427
49.9062
49.9686
50.0303
50.0918
50.1527
50.213
50.2724
50.3294
50.3835
50.4333
50.4769
50.5128
50.5393
50.5527
50.5506
50.5403
50.5365
50.5464
50.5696
50.5961
50.6171
50.6249
50.6198
50.6167
50.5978
50.5529
50.5534
50.5438
50.6467
50.6676
50.8045
50.8373
51.0345
51.0814
51.3526
51.5142
51.8869
52.1238
52.5539
52.8255
53.2754
53.5309
53.9392
54.1316
54.4897
54.6116
54.9044
54.99
55.287
55.3928
55.6755
55.759
56.024
56.1113
56.4196
56.5646
56.9231
57.091
57.4694
57.6274
57.9895
58.0848
58.404
58.4593
58.7803
58.8368
59.1204
59.1696
59.4543
59.4983
59.7613
59.8298
60.1312
60.2494
60.6119
60.8057
61.2125
61.4209
61.8102
62.0327
62.4326
62.6033
63.0175
63.1464
63.5707
63.6064
64.0821
63.9292
64.47
64.2384
64.8646
64.5002
65.0596
64.7198
65.2813
64.8934
65.4274
65.0602
65.5426
65.292
65.7979
65.4571
66.0705
65.6682
66.2701
65.9323
66.4705
65.9786
66.5653
65.998
66.3298
65.7305
66.1239
65.5548
65.6865
65.0732
65.1312
64.3808
64.5055
63.6842
63.7714
63.0806
62.9474
62.0531
61.7323
60.5953
60.2649
58.6132
58.8343
57.1508
57.3351
55.7495
55.2259
53.5012
52.3449
50.534
48.8752
47.022
45.1483
43.2004
41.2268
50.7785
50.7393
50.6751
50.5923
50.4932
50.3834
50.2722
50.1685
50.0769
49.9981
49.9311
49.8739
49.8249
49.7827
49.7463
49.7147
49.6873
49.6634
49.6425
49.6244
49.609
49.5962
49.5859
49.5781
49.5722
49.5677
49.5636
49.5592
49.5534
49.5458
49.536
49.5243
49.5115
49.4985
49.4863
49.4753
49.4654
49.4559
49.4463
49.4357
49.4246
49.4146
49.407
49.4042
49.4066
49.4144
49.4285
49.4487
49.4738
49.503
49.5361
49.5734
49.6152
49.6634
49.7188
49.7803
49.8455
49.9124
49.9793
50.0455
50.111
50.1753
50.2374
50.2967
50.3535
50.4085
50.4612
50.5113
50.558
50.5999
50.635
50.661
50.6756
50.6774
50.673
50.6742
50.6873
50.7124
50.7396
50.758
50.7641
50.7644
50.7631
50.7439
50.7279
50.7706
50.8152
50.9839
51.0289
51.2099
51.2373
51.4359
51.4632
51.7316
51.8786
52.2823
52.5074
52.9474
53.194
53.6563
53.8872
54.3194
54.4946
54.8643
54.9844
55.2949
55.3995
55.7441
55.8431
56.1413
56.1983
56.469
56.5478
56.87
57.0147
57.3874
57.5487
57.9322
58.0663
58.4384
58.5198
58.8734
58.9228
59.2869
59.3212
59.6394
59.6693
59.9723
59.9928
60.2662
60.314
60.6222
60.7299
61.1073
61.2878
61.6884
61.8761
62.2539
62.4587
62.847
62.9974
63.4502
63.552
64.0489
64.0416
64.6221
64.418
65.1329
64.7564
65.5143
65.0032
65.6566
65.2277
65.8468
65.4248
66.0128
65.5743
66.1226
65.7768
66.3176
65.9493
66.6201
66.1574
66.8342
66.4086
67.0067
66.45
67.123
66.4313
66.9879
66.3037
66.7134
66.0183
66.2657
65.5702
65.6612
64.8471
65.0748
64.1932
64.4594
63.5593
63.5368
62.5404
62.3693
61.2092
60.7978
59.2878
59.7132
57.9163
58.5015
56.5451
56.1229
54.0606
52.8841
50.8985
49.2307
47.3027
45.4526
43.479
41.4916
49.5644
49.5607
49.5858
49.4699
49.2018
48.8631
48.5184
48.2019
47.929
47.7046
47.5188
47.378
47.2905
47.2426
47.201
47.1831
47.1888
47.1889
47.1887
47.1964
47.2143
47.24
47.2251
47.1659
47.0743
46.949
46.8319
46.7638
46.7429
46.7197
46.6499
46.5441
46.4321
46.3513
46.3196
46.3245
46.3403
46.3614
46.3866
46.4008
46.4118
46.4533
46.4925
46.5365
46.6104
46.6417
46.625
46.6014
46.5973
46.6409
46.7599
46.9293
47.1097
47.2688
47.4027
47.5012
47.5523
47.5636
47.5798
47.6219
47.7159
47.8431
47.9614
48.0747
48.1768
48.2799
48.3802
48.5059
48.6852
48.9042
49.1712
49.4542
49.7336
49.9918
50.2104
50.4006
50.5687
50.7169
50.8535
51.0067
51.1987
51.4232
51.6493
51.8797
52.1127
52.3381
52.5687
52.8154
53.0791
53.3532
53.6378
53.9028
54.1175
54.3047
54.4905
54.6648
54.8629
55.1227
55.4685
55.8712
56.2946
56.732
57.1878
57.6604
58.1399
58.6102
59.0598
59.4908
59.9157
60.3551
60.792
61.2111
61.6025
61.9407
62.2318
62.4682
62.6563
62.815
62.9757
63.1565
63.3466
63.5335
63.691
63.8191
63.9458
64.0747
64.1842
64.2898
64.3811
64.4624
64.5494
64.6664
64.8515
65.0596
65.2514
65.4469
65.6197
65.7448
65.8242
65.8809
65.9406
66.0181
66.1313
66.2883
66.485
66.7065
66.9406
67.1747
67.4045
67.6316
67.8538
68.0597
68.2426
68.4047
68.5509
68.6838
68.8165
68.954
69.0931
69.2247
69.3409
69.4363
69.5119
69.568
69.6102
69.6483
69.6935
69.7522
69.8263
69.913
70.0117
70.1177
70.23
70.352
70.481
70.6121
70.7495
70.894
71.0528
71.2436
71.4747
71.7381
72.0113
72.2746
72.5376
72.8167
73.1143
73.4204
73.7229
74.0385
74.3822
74.7563
75.1656
75.6214
76.132
76.6791
77.2403
77.6956
78.013
78.1599
49.5076
49.4881
49.4819
49.3415
49.0556
48.7024
48.3452
48.0224
47.75
47.5278
47.3521
47.2237
47.1413
47.0978
47.0589
47.031
47.0247
47.0224
47.0342
47.0639
47.1
47.1231
47.078
47.0099
46.9091
46.7695
46.6321
46.5421
46.5093
46.4711
46.3961
46.304
46.2043
46.1233
46.0894
46.0806
46.0899
46.1514
46.2305
46.2238
46.2059
46.2343
46.2539
46.2645
46.3019
46.3052
46.2716
46.252
46.2692
46.3391
46.4749
46.6559
46.8447
47.0061
47.1329
47.22
47.2546
47.2578
47.2798
47.3249
47.4095
47.5112
47.63
47.7562
47.8613
47.9479
48.0337
48.1525
48.3278
48.5448
48.8059
49.0924
49.3929
49.6824
49.9223
50.1272
50.3023
50.4395
50.5691
50.7235
50.925
51.1572
51.3859
51.6202
51.8491
52.0735
52.3177
52.5837
52.8603
53.1276
53.3902
53.6418
53.8359
54.0008
54.1766
54.3545
54.5634
54.8378
55.1937
55.6083
56.0492
56.5036
56.969
57.4423
57.9174
58.3811
58.831
59.2687
59.7027
60.151
60.5993
61.0277
61.423
61.7585
62.0413
62.2633
62.4328
62.5847
62.7481
62.9288
63.117
63.3069
63.4753
63.618
63.7596
63.8834
63.9889
64.0946
64.1881
64.2736
64.3679
64.4825
64.6686
64.8871
65.0835
65.2728
65.436
65.5468
65.6146
65.6632
65.7149
65.7896
65.9067
66.0716
66.2766
66.5075
66.7514
66.9926
67.2237
67.4435
67.6541
67.852
68.0352
68.2015
68.3524
68.4936
68.6372
68.7844
68.9303
69.0648
69.1811
69.2737
69.3445
69.3962
69.4351
69.4708
69.5156
69.5759
69.6524
69.7402
69.8376
69.9401
70.0499
70.1716
70.3023
70.4349
70.5727
70.7167
70.8753
71.0672
71.2985
71.5597
71.8324
72.0923
72.3605
72.6583
72.9659
73.2665
73.5685
73.8823
74.2228
74.59
74.9898
75.4303
75.9253
76.4709
77.0337
77.4979
77.8348
78.0377
49.4831
49.4022
49.3082
49.0851
48.7446
48.3558
47.98
47.6555
47.3948
47.191
47.0413
46.9455
46.8905
46.8575
46.8271
46.7962
46.7755
46.7709
46.7898
46.8222
46.8526
46.8631
46.8236
46.7328
46.5854
46.4168
46.2617
46.1565
46.1033
46.0381
45.9608
45.89
45.8185
45.7588
45.7242
45.7157
45.733
45.7662
45.8191
45.8712
45.8993
45.9098
45.897
45.8622
45.8473
45.7932
45.7226
45.6875
45.7165
45.8119
45.9791
46.1978
46.4203
46.617
46.7559
46.8183
46.8139
46.7774
46.7559
46.7753
46.8486
46.9539
47.106
47.2618
47.3711
47.4486
47.5248
47.61
47.7395
47.9353
48.2017
48.5172
48.8622
49.1828
49.443
49.6665
49.8364
49.9591
50.0818
50.2416
50.4533
50.7028
50.9546
51.2043
51.4461
51.6756
51.9068
52.1512
52.4148
52.6883
52.9457
53.1722
53.3542
53.5058
53.6551
53.8135
54.0164
54.3001
54.6758
55.1254
55.6142
56.1109
56.5981
57.0724
57.5387
57.9912
58.4336
58.8732
59.3276
59.7925
60.2465
60.6694
61.0479
61.3675
61.6323
61.8298
61.9669
62.0969
62.2559
62.4426
62.6411
62.8554
63.0627
63.2505
63.4183
63.5358
63.6288
63.7301
63.822
63.8948
63.9906
64.116
64.3037
64.5303
64.731
64.9087
65.0505
65.1374
65.1833
65.2145
65.2548
65.3291
65.4573
65.6403
65.8662
66.1206
66.3875
66.6438
66.8743
67.0793
67.2678
67.4467
67.6202
67.7849
67.939
68.0933
68.2529
68.4124
68.5671
68.7094
68.831
68.9269
68.9936
69.0361
69.0632
69.0883
69.1252
69.1803
69.2527
69.34
69.4373
69.5441
69.6604
69.79
69.9286
70.0685
70.2085
70.3547
70.516
70.7085
70.9341
71.1909
71.4682
71.7526
72.0457
72.3552
72.6625
72.9745
73.2965
73.6242
73.9521
74.2932
74.6543
75.063
75.5445
76.0927
76.6588
77.1529
77.5448
77.8306
49.4646
49.2898
49.0729
48.7448
48.3327
47.9034
47.5081
47.1817
46.9345
46.7548
46.6394
46.5799
46.5514
46.5329
46.5101
46.4856
46.469
46.4678
46.4911
46.5282
46.5601
46.568
46.5119
46.3837
46.2029
46.0095
45.8506
45.7322
45.6475
45.5611
45.4863
45.4239
45.3654
45.3279
45.298
45.2762
45.2778
45.2921
45.3362
45.4026
45.4567
45.4768
45.4744
45.4355
45.3897
45.2935
45.1764
45.1014
45.11
45.2214
45.4288
45.6904
45.9547
46.1748
46.309
46.3397
46.2915
46.2171
46.1541
46.1356
46.1868
46.3076
46.4864
46.6594
46.7835
46.8934
46.9951
47.0661
47.1545
47.3087
47.557
47.8819
48.2608
48.6211
48.9056
49.1263
49.2816
49.3998
49.5196
49.6785
49.899
50.1641
50.4377
50.7004
50.9355
51.1391
51.3438
51.5734
51.8274
52.0924
52.3449
52.562
52.7383
52.8809
53.015
53.1683
53.3739
53.6637
54.0504
54.5202
55.0403
55.5724
56.0856
56.5763
57.0404
57.4777
57.9062
58.3325
58.7694
59.2305
59.7009
60.1427
60.5287
60.8333
61.0726
61.2333
61.3291
61.4265
61.5623
61.7445
61.9655
62.2245
62.4878
62.7311
62.9355
63.0765
63.1725
63.2723
63.3583
63.414
63.5021
63.6323
63.8196
64.0374
64.2349
64.4014
64.5238
64.5893
64.6157
64.6288
64.6592
64.737
64.8793
65.0833
65.3359
65.6158
65.9036
66.168
66.3944
66.5867
66.7597
66.9252
67.0892
67.2469
67.4012
67.5637
67.7383
67.9119
68.0743
68.2171
68.3347
68.4247
68.4864
68.522
68.5375
68.5461
68.5657
68.6054
68.667
68.7461
68.8405
68.9504
69.0783
69.2195
69.3721
69.5297
69.6879
69.8481
70.0189
70.2147
70.4387
70.6888
70.9673
71.2659
71.5947
71.9442
72.2986
72.6472
72.9829
73.3027
73.6164
73.922
74.2337
74.5981
75.0667
75.6119
76.2225
76.7646
77.2074
77.5483
49.3957
49.1517
48.805
48.3795
47.8995
47.4293
47.0094
46.673
46.4309
46.2723
46.1926
46.1654
46.1601
46.1563
46.1412
46.1223
46.1148
46.1293
46.1625
46.2055
46.2413
46.2475
46.1825
46.0325
45.8257
45.6183
45.4531
45.3197
45.2065
45.1044
45.0222
44.9491
44.8804
44.8353
44.7976
44.7705
44.7529
44.7533
44.7894
44.8606
44.9416
45.0024
45.0329
45.0026
44.9328
44.8053
44.6603
44.5569
44.5415
44.6519
44.8834
45.1736
45.4661
45.6978
45.8112
45.8005
45.7097
45.6023
45.4998
45.4462
45.483
45.6167
45.8221
46.0284
46.195
46.3476
46.4723
46.5428
46.6078
46.7276
46.943
47.2481
47.622
47.984
48.2741
48.495
48.6438
48.7598
48.8779
49.0393
49.2693
49.5462
49.8277
50.09
50.3143
50.5048
50.6897
50.8932
51.124
51.3735
51.6179
51.8304
52.0089
52.159
52.3021
52.4628
52.6808
52.9807
53.3747
53.8511
54.3797
54.9271
55.4539
55.9528
56.4185
56.8519
57.2617
57.669
58.0922
58.5408
59.0055
59.4494
59.8415
60.1498
60.3779
60.512
60.5749
60.6452
60.7543
60.9244
61.1583
61.4481
61.7588
62.0542
62.2944
62.47
62.6025
62.7261
62.8119
62.8622
62.9348
63.055
63.2261
63.4272
63.6165
63.775
63.8845
63.9412
63.9597
63.9626
63.9832
64.0614
64.2119
64.4321
64.7034
65
65.2982
65.5664
65.7901
65.9806
66.1498
66.3098
66.4667
66.6234
66.7806
66.9471
67.1249
67.3023
67.4655
67.6079
67.7195
67.8028
67.8557
67.8809
67.8831
67.8791
67.8824
67.9066
67.953
68.0208
68.1089
68.2204
68.3549
68.5092
68.6782
68.8611
69.0474
69.2357
69.4312
69.6473
69.8776
70.1242
70.4041
70.7289
71.0853
71.47
71.8637
72.2484
72.6067
72.938
73.2326
73.506
73.7762
74.1115
74.5659
75.125
75.7553
76.351
76.8394
77.2316
49.2593
48.9819
48.5495
48.0536
47.5231
47.0214
46.5785
46.2266
45.9786
45.8315
45.7741
45.7647
45.7664
45.7613
45.749
45.7415
45.7499
45.7777
45.8218
45.8699
45.9044
45.9021
45.8278
45.6683
45.455
45.2476
45.0789
44.9299
44.7928
44.6706
44.5676
44.4735
44.3858
44.3136
44.2535
44.2134
44.1883
44.191
44.2318
44.3141
44.4107
44.5032
44.5647
44.5643
44.4934
44.3554
44.1928
44.0736
44.0598
44.172
44.4062
44.7026
44.9875
45.1932
45.2747
45.2343
45.1096
44.9712
44.8503
44.791
44.8345
44.9828
45.2021
45.4332
45.6403
45.8284
45.9698
46.0473
46.1023
46.1998
46.3794
46.6453
46.9767
47.3035
47.5748
47.7822
47.9241
48.0434
48.1681
48.3406
48.5851
48.8717
49.1575
49.4145
49.6332
49.8174
49.9873
50.1683
50.3729
50.5959
50.8193
51.028
51.2113
51.373
51.5463
51.7464
51.9955
52.312
52.7071
53.1748
53.6929
54.2354
54.7686
55.272
55.743
56.1723
56.5716
56.9592
57.356
57.781
58.2297
58.6649
59.0541
59.3653
59.5872
59.7176
59.7754
59.832
59.921
60.0757
60.3055
60.6
60.9288
61.2516
61.533
61.7537
61.9251
62.0648
62.1588
62.2183
62.2812
62.384
62.5335
62.7128
62.8894
63.0373
63.1397
63.1987
63.2263
63.2378
63.2632
63.343
63.4989
63.7227
63.9987
64.2948
64.5924
64.8599
65.0827
65.2736
65.4455
65.6066
65.7653
65.9282
66.0941
66.2618
66.4379
66.6124
66.7729
66.9107
67.0163
67.0904
67.1321
67.1462
67.1416
67.1301
67.1252
67.1349
67.1686
67.2224
67.3021
67.4104
67.5492
67.7144
67.9044
68.1129
68.3313
68.5514
68.7745
69.0048
69.2424
69.4948
69.7887
70.1267
70.5084
70.9242
71.3503
71.7691
72.1663
72.507
72.7956
73.0491
73.3179
73.6314
74.0989
74.6657
75.3322
75.9674
76.5247
76.9496
49.1026
48.8235
48.353
47.8151
47.2482
46.7203
46.2552
45.8866
45.6276
45.4775
45.4204
45.4099
45.4024
45.3868
45.3717
45.3734
45.3968
45.4372
45.4858
45.5213
45.5319
45.5073
45.4215
45.2671
45.0653
44.8688
44.7031
44.5455
44.3942
44.2505
44.1157
43.9916
43.885
43.7934
43.7179
43.668
43.6417
43.6543
43.7101
43.8006
43.9115
44.0231
44.1076
44.129
44.0757
43.9585
43.8135
43.7029
43.6916
43.8015
44.0188
44.2861
44.5343
44.704
44.7505
44.6813
44.5471
44.4006
44.2745
44.2188
44.2747
44.435
44.6644
44.909
45.138
45.3358
45.4781
45.5571
45.6092
45.6952
45.846
46.0685
46.3419
46.6142
46.8589
47.0498
47.1844
47.3093
47.4532
47.6407
47.8885
48.174
48.463
48.7212
48.9386
49.1199
49.2835
49.4467
49.6229
49.8096
49.9995
50.1897
50.3825
50.5791
50.7934
51.0402
51.3366
51.6859
52.0878
52.546
53.0452
53.5652
54.0857
54.5784
55.0448
55.4654
55.8532
56.2319
56.6167
57.0221
57.4458
57.8595
58.234
58.5369
58.7539
58.8911
58.9604
59.0143
59.0902
59.2305
59.4441
59.7287
60.0537
60.3826
60.6836
60.9357
61.1358
61.2906
61.3996
61.4688
61.5272
61.6134
61.7435
61.903
62.0642
62.2
62.2988
62.3669
62.4127
62.4468
62.4944
62.5903
62.7536
62.9727
63.2377
63.5187
63.8018
64.0614
64.2804
64.4744
64.6528
64.8216
64.988
65.1613
65.3376
65.5092
65.6846
65.8586
66.0146
66.1474
66.2478
66.3169
66.354
66.3649
66.3567
66.3407
66.3298
66.3295
66.3492
66.392
66.462
66.5665
66.7076
66.8848
67.0915
67.3257
67.5703
67.8159
68.0591
68.3001
68.5472
68.8149
69.1168
69.4662
69.8627
70.2917
70.7383
71.1968
71.6193
71.983
72.2926
72.5642
72.8418
73.176
73.6661
74.2676
74.9608
75.6607
76.2392
76.7296
49.0033
48.7331
48.248
47.6854
47.0923
46.541
46.054
45.6662
45.3883
45.2221
45.1496
45.1212
45.0934
45.0609
45.0371
45.0402
45.0727
45.1187
45.1554
45.1577
45.125
45.071
44.975
44.833
44.6548
44.4838
44.3337
44.1821
44.0247
43.8607
43.6963
43.5521
43.4347
43.3392
43.2655
43.2174
43.1964
43.2173
43.2834
43.3784
43.492
43.6065
43.7067
43.7441
43.7159
43.6284
43.5127
43.4299
43.44
43.5543
43.7427
43.9665
44.1607
44.2839
44.3054
44.2255
44.0885
43.9416
43.8246
43.7812
43.8502
44.0164
44.2448
44.4873
44.7115
44.8968
45.0243
45.095
45.1487
45.2309
45.3656
45.5502
45.7742
46.0042
46.2176
46.3924
46.5271
46.66
46.818
47.0154
47.2588
47.5374
47.8168
48.0678
48.2819
48.4581
48.6141
48.7597
48.9041
49.0533
49.2142
49.3924
49.5933
49.824
50.0868
50.3868
50.7297
51.1144
51.5343
51.9897
52.4653
52.9478
53.4359
53.9061
54.3517
54.7692
55.1546
55.522
55.8942
56.2819
56.6822
57.0677
57.4168
57.7061
57.9163
58.0565
58.1374
58.1964
58.2684
58.3952
58.5887
58.8525
59.157
59.4753
59.7768
60.0371
60.2477
60.4124
60.5319
60.6106
60.6715
60.749
60.8611
61.0017
61.1474
61.2754
61.375
61.4587
61.5283
61.594
61.6759
61.7968
61.9731
62.1856
62.4291
62.6852
62.9426
63.1909
63.4063
63.6039
63.793
63.9762
64.1548
64.3389
64.5243
64.7044
64.8852
65.0603
65.2123
65.34
65.4373
65.5033
65.5415
65.5586
65.5576
65.5432
65.5296
65.5222
65.5299
65.5612
65.6238
65.7186
65.8525
66.0293
66.2472
66.4976
66.7644
67.03
67.2918
67.5468
67.8078
68.0875
68.4011
68.7568
69.1618
69.6007
70.0635
70.5335
70.9824
71.3743
71.7257
72.0407
72.3794
72.7745
73.2998
73.9192
74.6401
75.3796
76.0437
76.5562
49.0015
48.7391
48.2485
47.6688
47.0551
46.4813
45.9707
45.5598
45.256
45.0638
44.9633
44.908
44.8566
44.8043
44.7668
44.7639
44.793
44.8313
44.8402
44.7988
44.7248
44.6452
44.5397
44.4098
44.2571
44.1088
43.9781
43.8499
43.7024
43.5289
43.3477
43.1992
43.0887
43.0082
42.95
42.9148
42.9063
42.9335
42.9979
43.0836
43.1839
43.29
43.3837
43.4265
43.4195
43.3653
43.2896
43.2435
43.2778
43.3986
43.5655
43.7456
43.8911
43.9734
43.9726
43.8917
43.764
43.6265
43.5229
43.493
43.5667
43.7258
43.9383
44.1676
44.3735
44.5355
44.6448
44.7114
44.7752
44.8654
44.9943
45.154
45.3452
45.5475
45.7331
45.8896
46.0277
46.1706
46.3375
46.5327
46.7619
47.0176
47.2757
47.5054
47.7002
47.8601
47.9965
48.1179
48.2335
48.3535
48.4939
48.6681
48.8852
49.1488
49.4517
49.8016
50.1901
50.6049
51.0407
51.4934
51.9504
52.3994
52.8509
53.29
53.7119
54.1134
54.4892
54.8484
55.2089
55.5743
55.9437
56.2968
56.6125
56.8807
57.0853
57.2288
57.3193
57.3846
57.4586
57.5747
57.75
57.9851
58.2607
58.5537
58.8363
59.0858
59.2916
59.4552
59.5767
59.6611
59.7295
59.8024
59.9015
60.0238
60.1566
60.2811
60.3903
60.4904
60.5891
60.6882
60.8113
60.9604
61.1523
61.3602
61.5794
61.8041
62.0353
62.2706
62.4883
62.6875
62.8876
63.0836
63.2798
63.4788
63.6773
63.8636
64.0463
64.2165
64.3666
64.4931
64.5934
64.6611
64.707
64.734
64.7445
64.7344
64.7172
64.7079
64.712
64.7368
64.7913
64.8752
64.9946
65.1602
65.3791
65.6393
65.9212
66.206
66.48
66.753
67.0284
67.3221
67.6462
68.0036
68.4047
68.8474
69.3141
69.7882
70.2522
70.6808
71.0888
71.4753
71.9057
72.3823
72.9623
73.6438
74.394
75.1885
75.811
76.3471
49.0997
48.8409
48.3463
47.7521
47.1191
46.5213
45.9867
45.55
45.2173
44.9922
44.8544
44.7672
44.6948
44.6283
44.5796
44.5633
44.575
44.5888
44.563
44.482
44.3777
44.2732
44.1575
44.0358
43.9069
43.7793
43.6718
43.573
43.4463
43.2827
43.1023
42.9621
42.8702
42.8122
42.7742
42.7556
42.7621
42.7934
42.8478
42.9139
42.9933
43.0818
43.1613
43.2037
43.2117
43.1881
43.1489
43.1406
43.2002
43.3263
43.4822
43.6318
43.7405
43.7895
43.7716
43.6936
43.5809
43.4596
43.3703
43.353
43.4193
43.5564
43.7425
43.9419
44.1186
44.2564
44.3565
44.4299
44.5143
44.6215
44.7524
44.9024
45.0704
45.2472
45.4141
45.5615
45.7016
45.8511
46.02
46.2076
46.4193
46.6416
46.8579
47.047
47.2055
47.334
47.4438
47.5377
47.6296
47.73
47.8649
48.0433
48.2745
48.5653
48.9037
49.2892
49.7124
50.1536
50.6041
51.0524
51.4939
51.9152
52.3331
52.738
53.1323
53.5109
53.8686
54.2121
54.551
54.8913
55.2263
55.5445
55.829
56.0738
56.2671
56.4121
56.5099
56.5849
56.6637
56.7737
56.9305
57.1361
57.3749
57.631
57.8799
58.1047
58.293
58.4454
58.5613
58.6463
58.7191
58.7925
58.8822
58.9939
59.116
59.2389
59.3554
59.4758
59.6042
59.7389
59.8956
60.0721
60.2748
60.4865
60.6911
60.8947
61.1079
61.3291
61.5443
61.7467
61.9522
62.1652
62.379
62.5962
62.8064
63.0027
63.1838
63.3479
63.4948
63.6217
63.7245
63.8001
63.8515
63.8863
63.9055
63.9056
63.8949
63.8934
63.9017
63.9279
63.9756
64.047
64.1455
64.296
64.5052
64.7702
65.0633
65.3608
65.651
65.9352
66.2254
66.5268
66.8538
67.2084
67.6011
68.0365
68.5057
68.9753
69.455
69.9142
70.3816
70.8438
71.3752
71.9383
72.6014
73.3326
74.1089
74.8962
75.6105
76.1199
49.2658
49.0006
48.4988
47.893
47.2473
46.6331
46.0817
45.6257
45.2712
45.0167
44.8388
44.7105
44.6107
44.5304
44.4705
44.4384
44.4298
44.4154
44.3538
44.2394
44.1158
43.9918
43.8658
43.7507
43.6443
43.5381
43.4592
43.3895
43.2881
43.1462
42.9836
42.8665
42.7988
42.7593
42.7346
42.7248
42.7354
42.7645
42.8103
42.8601
42.9207
42.9908
43.0567
43.101
43.1193
43.1152
43.1039
43.1274
43.211
43.3444
43.496
43.6264
43.7089
43.732
43.6997
43.6278
43.5315
43.43
43.3547
43.3367
43.3846
43.4934
43.6444
43.8055
43.9474
44.0597
44.1534
44.241
44.3478
44.4761
44.6173
44.7678
44.9253
45.0855
45.2378
45.3819
45.5277
45.6828
45.846
46.0177
46.2008
46.3797
46.5454
46.6861
46.8013
46.8918
46.9727
47.0374
47.1073
47.1953
47.3253
47.5138
47.7606
48.0714
48.435
48.844
49.2871
49.7405
50.199
50.6391
51.0667
51.4659
51.8581
52.2368
52.6056
52.957
53.2871
53.6067
53.92
54.2296
54.5256
54.8054
55.0576
55.2763
55.4544
55.5975
55.704
55.7905
55.8756
55.9809
56.1208
56.2965
56.4977
56.7108
56.9218
57.1156
57.2819
57.4152
57.5223
57.6034
57.6764
57.7491
57.8305
57.9321
58.0474
58.1695
58.2953
58.4314
58.5831
58.7458
58.9274
59.1223
59.3368
59.553
59.7574
59.9549
60.1614
60.3711
60.5848
60.7923
61.0068
61.2326
61.4628
61.6933
61.9173
62.1213
62.3053
62.4629
62.6117
62.7366
62.8403
62.9185
62.9766
63.0205
63.0539
63.0656
63.064
63.0712
63.0892
63.1142
63.1596
63.2218
63.3077
63.4421
63.6448
63.9049
64.2043
64.5082
64.8048
65.1006
65.3982
65.7035
66.0289
66.3736
66.7588
67.1822
67.6456
68.1124
68.6075
69.0956
69.6226
70.1446
70.7563
71.4074
72.1381
72.9584
73.7826
74.6215
75.273
75.8582
49.4552
49.1725
48.6526
48.0361
47.3897
46.7758
46.225
45.7654
45.406
45.1364
44.9287
44.7621
44.6312
44.5302
44.453
44.4037
44.3759
44.3359
44.2436
44.1085
43.975
43.8404
43.7055
43.5921
43.5045
43.4224
43.3702
43.3288
43.2533
43.1369
43.0037
42.9167
42.8708
42.8429
42.8257
42.8147
42.8229
42.8464
42.8799
42.9155
42.9628
43.0195
43.0761
43.1196
43.1444
43.1519
43.1588
43.2027
43.3024
43.4426
43.5932
43.7125
43.777
43.7831
43.7396
43.6718
43.5907
43.5098
43.4462
43.4221
43.4517
43.5275
43.6345
43.7467
43.8463
43.9298
44.0183
44.1194
44.244
44.3932
44.5535
44.7161
44.8735
45.024
45.168
45.3122
45.4619
45.6186
45.7676
45.9163
46.0652
46.1985
46.3162
46.409
46.4816
46.5346
46.5838
46.6236
46.6741
46.7522
46.8805
47.0797
47.3368
47.6566
48.0337
48.4525
48.904
49.3582
49.8175
50.2467
50.6593
51.0433
51.4151
51.7722
52.1179
52.4389
52.7373
53.0285
53.3079
53.5784
53.834
54.0731
54.2898
54.482
54.6423
54.7822
54.8978
54.9985
55.0922
55.1944
55.3205
55.4682
55.6349
55.8077
55.9792
56.1375
56.2777
56.3911
56.4857
56.563
56.6354
56.7064
56.7837
56.8755
56.9806
57.0962
57.2274
57.3723
57.5387
57.7193
57.9183
58.1262
58.3501
58.5729
58.7827
58.9817
59.1893
59.3985
59.6144
59.8313
60.0553
60.2916
60.5341
60.772
61.0017
61.2133
61.402
61.5643
61.7121
61.8384
61.9419
62.0283
62.091
62.1402
62.1811
62.2072
62.2183
62.2366
62.2626
62.2951
62.3413
62.4029
62.4854
62.6113
62.8009
63.0511
63.3406
63.6423
63.9397
64.2371
64.538
64.848
65.1751
65.5148
65.8947
66.2943
66.7528
67.2133
67.7203
68.2286
68.8119
69.3932
70.0647
70.7881
71.572
72.4384
73.3206
74.2067
74.9816
75.4618
49.61
49.3019
48.7563
48.1298
47.4944
46.9014
46.3769
45.9393
45.5992
45.3337
45.1135
44.9206
44.7655
44.6493
44.56
44.4983
44.4547
44.3912
44.2747
44.1243
43.9834
43.8416
43.6976
43.5825
43.5074
43.4488
43.4249
43.4107
43.3594
43.2642
43.1541
43.0873
43.0545
43.0367
43.0293
43.0179
43.0169
43.0288
43.0485
43.0728
43.1058
43.1475
43.1923
43.2318
43.2649
43.2847
43.3048
43.3627
43.4727
43.6182
43.7653
43.8766
43.9274
43.9178
43.8627
43.7935
43.7246
43.6633
43.6172
43.5899
43.594
43.6286
43.6833
43.7412
43.7979
43.8531
43.9333
44.0398
44.1775
44.3441
44.5212
44.6946
44.8561
45.0059
45.1487
45.2933
45.4463
45.5989
45.7323
45.8589
45.9786
46.0682
46.1391
46.1915
46.2274
46.2452
46.2636
46.2825
46.315
46.3899
46.5211
46.7225
46.9871
47.3073
47.6881
48.102
48.5514
48.9976
49.4486
49.8669
50.2697
50.6436
50.9982
51.3339
51.6573
51.9465
52.2099
52.467
52.7079
52.9399
53.1515
53.3497
53.534
53.7036
53.8481
53.9841
54.1046
54.2165
54.3209
54.4236
54.5383
54.662
54.7962
54.9265
55.0558
55.1772
55.2867
55.3801
55.4609
55.5345
55.6032
55.6725
55.746
55.8309
55.9264
56.0363
56.1667
56.3197
56.4925
56.6852
56.8934
57.1105
57.3356
57.566
57.7826
57.9916
58.2029
58.4203
58.6408
58.8671
59.099
59.3408
59.5872
59.8297
60.062
60.2795
60.4743
60.641
60.7897
60.9186
61.0271
61.1197
61.1895
61.2464
61.2966
61.3323
61.355
61.3818
61.416
61.4554
61.5086
61.5782
61.6659
61.7871
61.9641
62.1959
62.4708
62.758
63.0535
63.3441
63.655
63.9613
64.2923
64.6156
64.9937
65.3786
65.8314
66.278
66.8014
67.326
67.9471
68.5753
69.2818
70.0624
70.8804
71.8139
72.7396
73.6763
74.3613
75.03
49.6913
49.3459
48.7645
48.1278
47.5169
46.9708
46.5036
46.1214
45.8282
45.5903
45.3789
45.1785
45.0127
44.8892
44.7982
44.7278
44.6691
44.5875
44.4542
44.2926
44.1483
44.0027
43.853
43.7358
43.6673
43.6318
43.6342
43.6382
43.6007
43.5135
43.4098
43.3477
43.3212
43.3094
43.308
43.3006
43.295
43.3004
43.3106
43.3157
43.3252
43.3497
43.3845
43.4213
43.4576
43.486
43.5244
43.5989
43.7155
43.8596
43.9988
44.101
44.1392
44.1116
44.0409
43.966
43.9044
43.8548
43.8165
43.7815
43.7611
43.7613
43.7688
43.7742
43.7889
43.8167
43.8825
43.9886
44.1351
44.3155
44.5035
44.6833
44.8478
44.9971
45.1402
45.2864
45.4408
45.5877
45.7101
45.8152
45.9052
45.9598
45.9921
46.0054
46.0039
45.9898
45.9812
45.9839
46.0088
46.0833
46.2193
46.4188
46.6888
47.0036
47.3818
47.7829
48.2232
48.6557
49.0936
49.5034
49.8968
50.2598
50.6016
50.9154
51.2127
51.4739
51.6998
51.9233
52.1251
52.3151
52.4882
52.6509
52.8067
52.9545
53.0882
53.2156
53.3378
53.4538
53.5655
53.6648
53.7689
53.8687
53.9718
54.0658
54.1563
54.2385
54.3162
54.3856
54.4509
54.5128
54.5761
54.6404
54.7119
54.7926
54.8865
54.9934
55.126
55.282
55.4611
55.6579
55.8721
56.0935
56.3217
56.5541
56.7839
57.0031
57.2245
57.4466
57.6769
57.9067
58.1486
58.3896
58.639
58.8806
59.1163
59.3327
59.5338
59.7039
59.8577
59.9886
60.1068
60.2047
60.2864
60.3503
60.4089
60.4513
60.487
60.5233
60.5667
60.6145
60.6746
60.7501
60.8478
60.9706
61.1374
61.3492
61.6017
61.8678
62.1546
62.432
62.7403
63.0365
63.3697
63.6886
64.0631
64.4287
64.8722
65.3121
65.8533
66.385
67.0206
67.681
68.4008
69.2014
70.0514
70.9978
71.9644
72.9426
73.7905
74.2811
49.6709
49.2789
48.6554
48.0173
47.4505
46.9818
46.6038
46.3101
46.0851
45.8921
45.7056
45.5183
45.3535
45.2273
45.1343
45.0558
44.9849
44.8927
44.751
44.5831
44.4359
44.288
44.1387
44.026
43.965
43.9476
43.9671
43.9816
43.9506
43.8616
43.7469
43.6712
43.6333
43.6195
43.6293
43.6314
43.6215
43.6166
43.6195
43.6148
43.6077
43.6109
43.6314
43.664
43.7029
43.7406
43.7932
43.8746
43.9945
44.1359
44.2658
44.3537
44.3787
44.3357
44.2461
44.1558
44.0874
44.0394
44.0031
43.9651
43.9303
43.9022
43.8744
43.842
43.822
43.8269
43.8786
43.9769
44.1218
44.3035
44.4905
44.6661
44.8271
44.9758
45.1204
45.2695
45.4201
45.5588
45.6717
45.7593
45.8267
45.8564
45.8531
45.8294
45.7982
45.7582
45.7278
45.7175
45.7397
45.8147
45.9559
46.1546
46.4243
46.7306
47.102
47.4903
47.9154
48.3377
48.7588
49.1601
49.5447
49.8935
50.2212
50.5201
50.7866
51.0188
51.211
51.4015
51.5664
51.7181
51.8592
51.9925
52.1221
52.2487
52.372
52.488
52.606
52.7148
52.8237
52.9165
53.0062
53.0848
53.1582
53.2186
53.2727
53.3193
53.367
53.4149
53.4629
53.5107
53.5649
53.6238
53.6936
53.7756
53.8724
53.984
54.1199
54.2803
54.4598
54.66
54.8758
55.1025
55.3317
55.5677
55.8047
56.0384
56.2669
56.4955
56.7296
56.9662
57.2117
57.4592
57.7052
57.9463
58.1779
58.396
58.596
58.775
58.9315
59.0709
59.1947
59.3056
59.3965
59.4751
59.5398
59.5939
59.6375
59.6848
59.734
59.7921
59.8564
59.938
60.0364
60.1601
60.3161
60.5069
60.738
60.9794
61.2479
61.5075
61.806
62.0922
62.4266
62.7325
63.1053
63.4494
63.8942
64.3217
64.8618
65.403
66.0301
66.7022
67.4223
68.2235
69.0678
70.0103
70.9491
71.9469
72.6059
73.3879
49.5408
49.0969
48.4511
47.8507
47.3598
46.9948
46.7292
46.5301
46.369
46.2218
46.0706
45.9116
45.7585
45.6317
45.5349
45.4501
45.3667
45.2655
45.1199
44.9501
44.8011
44.655
44.5137
44.4107
44.3571
44.3498
44.3788
44.4007
44.3745
44.2786
44.1451
44.0389
43.9737
43.9465
43.9571
43.9688
43.9598
43.9472
43.9449
43.9362
43.9188
43.904
43.9121
43.9403
43.9783
44.0206
44.08
44.1664
44.2844
44.414
44.5311
44.6068
44.6218
44.565
44.46
44.3505
44.2666
44.2126
44.1734
44.1325
44.0925
44.0533
44.0097
43.9525
43.9049
43.8867
43.9235
44.007
44.1351
44.3032
44.4798
44.6468
44.802
44.9465
45.0866
45.2318
45.3753
45.5041
45.6087
45.6815
45.7287
45.733
45.709
45.6602
45.6064
45.55
45.5036
45.484
45.508
45.5821
45.7254
45.9185
46.1859
46.4856
46.8459
47.2247
47.6327
48.0443
48.4478
48.8392
49.214
49.5494
49.8625
50.1449
50.3848
50.591
50.7553
50.9151
51.0511
51.1708
51.2824
51.3876
51.4959
51.5996
51.711
51.8105
51.9186
52.0117
52.1084
52.1855
52.256
52.3118
52.3546
52.3861
52.4093
52.4247
52.4453
52.4733
52.503
52.5367
52.5827
52.6394
52.711
52.7969
52.899
53.0179
53.1583
53.3222
53.5042
53.7069
53.9221
54.1492
54.3819
54.6198
54.8627
55.1045
55.3442
55.5784
55.8188
56.0614
56.3127
56.561
56.8069
57.0428
57.2727
57.4864
57.6887
57.869
58.0362
58.1839
58.3213
58.4421
58.5492
58.6385
58.7154
58.7748
58.8287
58.8778
58.9336
58.9905
59.0611
59.137
59.2388
59.3522
59.5046
59.6707
59.8815
60.0944
60.3441
60.5798
60.864
61.1319
61.4557
61.7507
62.1197
62.4578
62.8935
63.3094
63.8399
64.3688
64.9721
65.6172
66.3153
67.0656
67.8692
68.7205
69.6046
70.4819
71.2559
71.6668
49.3783
48.9153
48.2945
47.7678
47.3699
47.1027
46.9238
46.7881
46.6718
46.5605
46.4465
46.3234
46.1912
46.067
45.9653
45.8745
45.7806
45.6717
45.526
45.3576
45.2057
45.0626
44.9316
44.8381
44.7907
44.7856
44.8119
44.8355
44.8112
44.7175
44.5762
44.4368
44.3424
44.2953
44.2892
44.2967
44.2919
44.2741
44.269
44.2579
44.2305
44.2056
44.2081
44.23
44.2642
44.3067
44.3636
44.4449
44.5565
44.6743
44.7795
44.8442
44.8525
44.7917
44.6807
44.5542
44.4548
44.3915
44.3472
44.2997
44.2579
44.217
44.1674
44.0974
44.0316
43.993
44.0098
44.0748
44.1792
44.3232
44.4824
44.6326
44.7737
44.9097
45.0426
45.1768
45.3105
45.4254
45.5173
45.5746
45.6015
45.5914
45.5523
45.4893
45.4242
45.3589
45.308
45.2848
45.3082
45.377
45.5237
45.7104
45.9702
46.263
46.6076
46.9792
47.3725
47.774
48.1649
48.5448
48.9049
49.2322
49.5316
49.7969
50.0136
50.1952
50.3396
50.474
50.5882
50.6802
50.7687
50.8475
50.9349
51.0159
51.1111
51.1875
51.279
51.3495
51.4245
51.4814
51.5263
51.5556
51.5724
51.576
51.5776
51.5681
51.5671
51.5737
51.5874
51.6069
51.6461
51.6994
51.7764
51.8657
51.9782
52.1035
52.2531
52.42
52.608
52.8091
53.026
53.2481
53.4843
53.7239
53.9743
54.2215
54.4716
54.7136
54.962
55.2112
55.4674
55.7167
55.9639
56.1984
56.426
56.6364
56.839
57.0244
57.1988
57.3581
57.5075
57.639
57.7576
57.859
57.9434
58.012
58.0708
58.1223
58.1786
58.233
58.2997
58.3672
58.459
58.5581
58.6955
58.8371
59.0252
59.2069
59.4353
59.6468
59.9131
60.1608
60.4733
60.7519
61.1168
61.4382
61.8707
62.2676
62.7682
63.2785
63.8399
64.4265
65.0587
65.7242
66.4247
67.1477
67.844
68.5211
68.8593
69.5499
49.297
48.8478
48.2775
47.8316
47.513
47.3026
47.1643
47.0585
46.9658
46.8819
46.7977
46.7057
46.5986
46.486
46.3862
46.2979
46.2035
46.0923
45.9508
45.7833
45.6264
45.4838
45.3571
45.262
45.2127
45.2013
45.2182
45.2361
45.2149
45.1343
45.0025
44.8527
44.7343
44.6532
44.6185
44.6201
44.6236
44.6048
44.5909
44.5757
44.548
44.5129
44.4974
44.5127
44.547
44.5854
44.638
44.7091
44.8081
44.9098
45.003
45.0564
45.0598
45.0028
44.898
44.772
44.6626
44.5833
44.5284
44.481
44.4394
44.3926
44.3407
44.2703
44.1956
44.1407
44.1365
44.179
44.2562
44.3654
44.4949
44.6247
44.7516
44.873
44.9924
45.1113
45.2323
45.3318
45.4093
45.4516
45.4629
45.436
45.3913
45.3225
45.2548
45.1895
45.1431
45.1152
45.1427
45.2047
45.3452
45.526
45.7724
46.0637
46.3953
46.7579
47.1392
47.5287
47.9079
48.2775
48.6241
48.944
49.2329
49.4815
49.68
49.8393
49.9681
50.0778
50.1753
50.2462
50.3181
50.3736
50.444
50.4989
50.571
50.6223
50.6861
50.7326
50.7807
50.8115
50.8296
50.8316
50.8252
50.8075
50.7876
50.7613
50.7439
50.7303
50.7332
50.7384
50.7763
50.8252
50.91
51.0017
51.1253
51.2581
51.4171
51.5881
51.7793
51.9794
52.1928
52.4134
52.6497
52.8935
53.1475
53.4043
53.6583
53.9146
54.1692
54.4292
54.6892
54.9448
55.1931
55.4332
55.6606
55.8732
56.0754
56.2683
56.447
56.6159
56.7742
56.9153
57.0426
57.1516
57.2428
57.3173
57.3789
57.4287
57.4828
57.526
57.5878
57.6336
57.7203
57.7883
57.9093
58.0147
58.1791
58.3225
58.528
58.7051
58.956
59.1723
59.4785
59.7256
60.093
60.3907
60.7994
61.1799
61.6385
62.1058
62.6253
63.1299
63.6719
64.1971
64.7422
65.2242
65.6461
65.8941
65.7966
65.1423
49.3712
49.0177
48.5159
48.0896
47.7759
47.5646
47.4394
47.3485
47.2617
47.1873
47.1099
47.0296
46.9444
46.8516
46.7616
46.6808
46.5912
46.4799
46.3428
46.179
46.0186
45.8745
45.7494
45.6561
45.6077
45.5902
45.5912
45.5932
45.5659
45.4956
45.3831
45.2455
45.1211
45.0288
44.9769
44.9576
44.9491
44.9265
44.9066
44.8887
44.8628
44.8263
44.8048
44.8055
44.8195
44.8474
44.8951
44.962
45.0462
45.1279
45.2005
45.2418
45.2424
45.1923
45.101
44.9858
44.8779
44.7914
44.7305
44.6802
44.635
44.5863
44.5321
44.4604
44.3828
44.3117
44.2818
44.2961
44.3459
44.4229
44.5245
44.6324
44.7409
44.8438
44.9487
45.0492
45.1515
45.237
45.299
45.3273
45.3221
45.29
45.2401
45.1677
45.1074
45.04
45.0052
44.979
45.0049
45.0656
45.1902
45.3674
45.6019
45.8846
46.2065
46.5598
46.9321
47.3112
47.6815
48.038
48.3736
48.6885
48.9677
49.1989
49.3828
49.5224
49.6379
49.7252
49.8121
49.8645
49.9257
49.9609
50.0122
50.0436
50.0848
50.1121
50.1434
50.1665
50.1855
50.1919
50.1836
50.1636
50.1337
50.0996
50.0614
50.0222
49.9909
49.9579
49.954
49.9459
49.9862
50.03
50.1219
50.216
50.3491
50.4896
50.6584
50.8325
51.0288
51.226
51.4384
51.6572
51.8963
52.143
52.4015
52.6648
52.9267
53.192
53.4602
53.7282
53.9999
54.2595
54.517
54.7592
54.9938
55.2061
55.4158
55.6081
55.7968
55.9686
56.1384
56.281
56.4179
56.5276
56.627
56.6963
56.7678
56.8037
56.8638
56.8802
56.9383
56.9549
57.0241
57.0606
57.153
57.2244
57.3561
57.4607
57.6397
57.773
58.009
58.18
58.485
58.6981
59.0481
59.3286
59.7102
60.0469
60.4669
60.8577
61.3197
61.7235
62.1476
62.4927
62.7865
62.9347
62.8527
62.4064
60.8693
58.4763
49.471
49.3119
48.8472
48.4266
48.1112
47.8839
47.7321
47.6178
47.5156
47.439
47.3713
47.3016
47.2301
47.1551
47.0755
46.9927
46.8998
46.7902
46.6631
46.514
46.3614
46.2229
46.1038
46.0105
45.9479
45.9133
45.9019
45.8973
45.872
45.8062
45.7064
45.5849
45.4676
45.3733
45.3091
45.2734
45.2567
45.2366
45.2132
45.1876
45.1588
45.1246
45.0981
45.0864
45.0919
45.1116
45.1494
45.1983
45.261
45.3251
45.3819
45.4124
45.4085
45.3644
45.2865
45.1854
45.0846
44.9963
44.9291
44.8739
44.8277
44.7768
44.7202
44.6469
44.5685
44.4886
44.4353
44.4208
44.4439
44.4947
44.5679
44.6521
44.7405
44.828
44.9168
45.0037
45.0868
45.1537
45.1983
45.2133
45.1994
45.1596
45.1069
45.0331
44.9787
44.9164
44.8852
44.8709
44.8924
44.9539
45.0646
45.2334
45.4567
45.7294
46.0438
46.3877
46.7499
47.1157
47.4744
47.8214
48.1482
48.4543
48.7239
48.9397
49.1142
49.2386
49.3438
49.4163
49.4965
49.5388
49.5889
49.612
49.6397
49.652
49.6628
49.6658
49.6669
49.6638
49.6557
49.6365
49.6068
49.5636
49.5161
49.4608
49.4124
49.354
49.3184
49.2646
49.2578
49.2397
49.2818
49.323
49.4175
49.5153
49.6558
49.8032
49.9825
50.1617
50.3659
50.5648
50.782
51.004
51.2469
51.4958
51.7603
52.0261
52.2971
52.5691
52.8492
53.1271
53.4059
53.6715
53.9347
54.1826
54.4199
54.6389
54.8549
55.0525
55.2467
55.4254
55.6003
55.7442
55.8874
55.9945
56.1016
56.162
56.2381
56.2593
56.31
56.3054
56.3385
56.3328
56.3691
56.3734
56.4341
56.4604
56.5696
56.6176
56.785
56.8579
57.0912
57.2052
57.498
57.6716
58.0041
58.2402
58.5954
58.8737
59.2453
59.5448
59.9228
60.1914
60.4658
60.5649
60.5548
60.2066
59.4669
57.9497
55.2822
45.4874
-41.2072
-3.11745
-6.58043
-1.46033
-2.69126
-0.813493
-0.548133
0.600142
1.02611
1.55555
1.85432
2.10293
2.09018
2.14138
1.95772
1.84947
1.70062
1.30893
0.85126
0.643391
-28.1411
-3.4252
-6.57358
-1.58135
-2.8107
-0.932892
-0.684529
0.477855
0.909961
1.4471
1.75062
2.013
2.00485
2.06862
1.88836
1.78662
1.65598
1.25868
0.792352
0.600092
-17.8911
-3.25835
-6.40923
-1.7575
-3.00474
-1.12831
-0.919009
0.255386
0.686508
1.22899
1.53835
1.82573
1.82414
1.91202
1.74705
1.65398
1.55104
1.14557
0.662016
0.511605
-8.85693
-2.35222
-5.64568
-1.89495
-3.11169
-1.34898
-1.15073
-0.00726683
0.426724
0.959267
1.27726
1.58863
1.59476
1.70806
1.56729
1.47616
1.40885
1.01125
0.501186
0.385126
-1.22343
-0.574862
-4.34329
-1.89933
-3.04337
-1.5409
-1.32455
-0.270685
0.171667
0.675707
0.996229
1.33129
1.34635
1.47812
1.36889
1.27499
1.23397
0.876241
0.339425
0.24519
5.00681
1.9163
-2.56856
-1.60816
-2.74941
-1.63393
-1.4131
-0.497094
-0.0533494
0.41279
0.721604
1.07286
1.09789
1.23439
1.15874
1.05914
1.02408
0.735941
0.192804
0.105584
10.0881
4.81752
-0.436992
-0.964133
-2.24349
-1.593
-1.41229
-0.66083
-0.234258
0.192924
0.476542
0.828149
0.864579
0.991345
0.94393
0.839698
0.787268
0.579506
0.0641722
-0.0234165
14.3001
7.82908
1.8909
0.0030094
-1.56978
-1.40373
-1.31451
-0.734091
-0.352199
0.0371987
0.286743
0.617643
0.665587
0.769335
0.736992
0.628932
0.539684
0.400764
-0.0475847
-0.133048
17.8991
10.7758
4.29364
1.23586
-0.73822
-1.05057
-1.09288
-0.67941
-0.366915
-0.0225679
0.185387
0.473433
0.524761
0.592692
0.554423
0.437849
0.302914
0.212142
-0.142506
-0.216413
21.0271
13.5572
6.67812
2.67575
0.249835
-0.511926
-0.718911
-0.467409
-0.241999
0.0398553
0.199103
0.421747
0.460302
0.480562
0.414182
0.282336
0.10864
0.0431461
-0.219831
-0.272153
23.7462
16.1066
8.96342
4.24228
1.36914
0.206856
-0.18906
-0.0971823
0.0294697
0.227642
0.329428
0.469784
0.473037
0.435425
0.325373
0.176825
-0.0200964
-0.081858
-0.283108
-0.306336
26.1136
18.399
11.0768
5.82712
2.55451
1.05175
0.457305
0.388032
0.410759
0.509771
0.542639
0.589264
0.538427
0.43771
0.287278
0.124168
-0.078987
-0.150095
-0.329018
-0.324516
28.195
20.4468
12.9886
7.35739
3.75061
1.95927
1.16647
0.930678
0.845134
0.832531
0.784685
0.736041
0.624678
0.466831
0.29405
0.122159
-0.0695177
-0.155514
-0.3442
-0.321814
30.0335
22.2555
14.6657
8.77027
4.90554
2.86655
1.87831
1.46405
1.26384
1.13938
1.01099
0.88126
0.718281
0.522913
0.347729
0.173932
0.0094925
-0.0949901
-0.30774
-0.287999
31.6939
23.8287
16.093
10.0209
5.96558
3.71002
2.52906
1.93519
1.62354
1.39826
1.20717
1.02516
0.829251
0.619215
0.455325
0.285961
0.155755
0.0303416
-0.212087
-0.219245
33.2135
25.1591
17.2664
11.086
6.88686
4.43353
3.07081
2.31919
1.90985
1.60653
1.37642
1.17119
0.964077
0.759393
0.611529
0.448804
0.350453
0.202009
-0.0685298
-0.12484
34.5837
26.2225
18.1883
11.9557
7.63881
5.00416
3.48019
2.6081
2.12668
1.77078
1.52389
1.31337
1.10816
0.91849
0.782595
0.622086
0.543946
0.376452
0.0893667
-0.0256959
35.7464
26.9475
18.8196
12.5853
8.17464
5.3903
3.74552
2.79991
2.27623
1.8929
1.64293
1.43263
1.2311
1.05316
0.920843
0.75876
0.689492
0.510577
0.222698
0.0544521
36.6665
27.3192
19.1362
12.9135
8.44101
5.566
3.85671
2.88124
2.34525
1.95762
1.71009
1.50012
1.29987
1.12684
0.993933
0.830579
0.763633
0.582946
0.304611
0.101609
36.8714
27.3208
19.1816
12.9764
8.49136
5.59965
3.8791
2.90022
2.36076
1.97104
1.72317
1.51215
1.31233
1.14115
1.00912
0.847911
0.781014
0.602115
0.336783
0.121518
)
;

boundaryField
{
    inlet
    {
        type            calculated;
        value           nonuniform List<scalar> 
20
(
90.2122
87.1053
85.1426
83.6092
82.3627
81.3804
80.6253
80.0744
79.715
79.535
79.5291
79.6991
80.0524
80.5995
81.3535
82.335
83.5806
85.1135
87.075
90.1811
)
;
    }
    outlet
    {
        type            calculated;
        value           uniform 0;
    }
    walls
    {
        type            calculated;
        value           nonuniform List<scalar> 
520
(
90.1811
77.7675
70.3007
66.7111
64.7603
63.307
62.046
60.8752
59.7898
58.7372
57.731
56.7281
55.7728
54.8273
53.9539
53.1078
52.3703
51.6929
51.1746
50.8166
50.7785
50.7393
50.6751
50.5923
50.4932
50.3834
50.2722
50.1685
50.0769
49.9981
49.9311
49.8739
49.8249
49.7827
49.7463
49.7147
49.6873
49.6634
49.6425
49.6244
49.609
49.5962
49.5859
49.5781
49.5722
49.5677
49.5636
49.5592
49.5534
49.5458
49.536
49.5243
49.5115
49.4985
49.4863
49.4753
49.4654
49.4559
49.4463
49.4357
49.4246
49.4146
49.407
49.4042
49.4066
49.4144
49.4285
49.4487
49.4738
49.503
49.5361
49.5734
49.6152
49.6634
49.7188
49.7803
49.8455
49.9124
49.9793
50.0455
50.111
50.1753
50.2374
50.2967
50.3535
50.4085
50.4612
50.5113
50.558
50.5999
50.635
50.661
50.6756
50.6774
50.673
50.6742
50.6873
50.7124
50.7396
50.758
50.7641
50.7644
50.7631
50.7439
50.7279
50.7706
50.8152
50.9839
51.0289
51.2099
51.2373
51.4359
51.4632
51.7316
51.8786
52.2823
52.5074
52.9474
53.194
53.6563
53.8872
54.3194
54.4946
54.8643
54.9844
55.2949
55.3995
55.7441
55.8431
56.1413
56.1983
56.469
56.5478
56.87
57.0147
57.3874
57.5487
57.9322
58.0663
58.4384
58.5198
58.8734
58.9228
59.2869
59.3212
59.6394
59.6693
59.9723
59.9928
60.2662
60.314
60.6222
60.7299
61.1073
61.2878
61.6884
61.8761
62.2539
62.4587
62.847
62.9974
63.4502
63.552
64.0489
64.0416
64.6221
64.418
65.1329
64.7564
65.5143
65.0032
65.6566
65.2277
65.8468
65.4248
66.0128
65.5743
66.1226
65.7768
66.3176
65.9493
66.6201
66.1574
66.8342
66.4086
67.0067
66.45
67.123
66.4313
66.9879
66.3037
66.7134
66.0183
66.2657
65.5702
65.6612
64.8471
65.0748
64.1932
64.4594
63.5593
63.5368
62.5404
62.3693
61.2092
60.7978
59.2878
59.7132
57.9163
58.5015
56.5451
56.1229
54.0606
52.8841
50.8985
49.2307
47.3027
45.4526
43.479
41.4916
36.8714
27.3208
19.1816
12.9764
8.49136
5.59965
3.8791
2.90022
2.36076
1.97104
1.72317
1.51215
1.31233
1.14115
1.00912
0.847911
0.781014
0.602115
0.336783
0.121518
90.2122
77.7407
70.2947
66.6995
64.7693
63.3008
62.0504
60.8631
59.7885
58.7161
57.7192
56.6907
55.7386
54.753
53.8647
52.9502
52.1478
51.3318
50.6199
49.8151
49.5644
49.5076
49.4831
49.4646
49.3957
49.2593
49.1026
49.0033
49.0015
49.0997
49.2658
49.4552
49.61
49.6913
49.6709
49.5408
49.3783
49.297
49.3712
49.471
49.5644
49.5607
49.5858
49.4699
49.2018
48.8631
48.5184
48.2019
47.929
47.7046
47.5188
47.378
47.2905
47.2426
47.201
47.1831
47.1888
47.1889
47.1887
47.1964
47.2143
47.24
47.2251
47.1659
47.0743
46.949
46.8319
46.7638
46.7429
46.7197
46.6499
46.5441
46.4321
46.3513
46.3196
46.3245
46.3403
46.3614
46.3866
46.4008
46.4118
46.4533
46.4925
46.5365
46.6104
46.6417
46.625
46.6014
46.5973
46.6409
46.7599
46.9293
47.1097
47.2688
47.4027
47.5012
47.5523
47.5636
47.5798
47.6219
47.7159
47.8431
47.9614
48.0747
48.1768
48.2799
48.3802
48.5059
48.6852
48.9042
49.1712
49.4542
49.7336
49.9918
50.2104
50.4006
50.5687
50.7169
50.8535
51.0067
51.1987
51.4232
51.6493
51.8797
52.1127
52.3381
52.5687
52.8154
53.0791
53.3532
53.6378
53.9028
54.1175
54.3047
54.4905
54.6648
54.8629
55.1227
55.4685
55.8712
56.2946
56.732
57.1878
57.6604
58.1399
58.6102
59.0598
59.4908
59.9157
60.3551
60.792
61.2111
61.6025
61.9407
62.2318
62.4682
62.6563
62.815
62.9757
63.1565
63.3466
63.5335
63.691
63.8191
63.9458
64.0747
64.1842
64.2898
64.3811
64.4624
64.5494
64.6664
64.8515
65.0596
65.2514
65.4469
65.6197
65.7448
65.8242
65.8809
65.9406
66.0181
66.1313
66.2883
66.485
66.7065
66.9406
67.1747
67.4045
67.6316
67.8538
68.0597
68.2426
68.4047
68.5509
68.6838
68.8165
68.954
69.0931
69.2247
69.3409
69.4363
69.5119
69.568
69.6102
69.6483
69.6935
69.7522
69.8263
69.913
70.0117
70.1177
70.23
70.352
70.481
70.6121
70.7495
70.894
71.0528
71.2436
71.4747
71.7381
72.0113
72.2746
72.5376
72.8167
73.1143
73.4204
73.7229
74.0385
74.3822
74.7563
75.1656
75.6214
76.132
76.6791
77.2403
77.6956
78.013
78.1599
78.1599
78.0377
77.8306
77.5483
77.2316
76.9496
76.7296
76.5562
76.3471
76.1199
75.8582
75.4618
75.03
74.2811
73.3879
71.6668
69.5499
65.1423
58.4763
45.4874
-41.2072
-3.11745
-6.58043
-1.46033
-2.69126
-0.813493
-0.548133
0.600142
1.02611
1.55555
1.85432
2.10293
2.09018
2.14138
1.95772
1.84947
1.70062
1.30893
0.85126
0.643391
)
;
    }
    frontAndBack
    {
        type            empty;
    }
}


// ************************************************************************* //
