/*--------------------------------*- C++ -*----------------------------------*\
| =========                 |                                                 |
| \\      /  F ield         | OpenFOAM: The Open Source CFD Toolbox           |
|  \\    /   O peration     | Version:  2.4.0                                 |
|   \\  /    A nd           | Web:      www.OpenFOAM.org                      |
|    \\/     M anipulation  |                                                 |
\*---------------------------------------------------------------------------*/
FoamFile
{
    version     2.0;
    format      ascii;
    class       volScalarField;
    location    "0.26";
    object      k;
}
// * * * * * * * * * * * * * * * * * * * * * * * * * * * * * * * * * * * * * //

dimensions      [0 2 -2 0 0 0 0];

internalField   nonuniform List<scalar> 
8800
(
8.11833
10.2655
8.79589
6.81766
5.71072
4.96727
4.5303
4.13811
3.91951
3.65808
3.54392
3.3578
3.28969
3.14148
3.07595
2.9563
2.85366
2.75586
2.58217
2.50583
1.40242
4.35218
5.31999
5.28772
5.13169
4.80517
4.57799
4.28439
4.12342
3.87803
3.77529
3.58497
3.51629
3.37218
3.31922
3.21219
3.14904
3.06242
2.9791
2.91844
0.0842708
0.731631
1.56194
1.94585
2.27495
2.43428
2.57833
2.59932
2.62448
2.60308
2.59096
2.5432
2.5251
2.4771
2.46244
2.42031
2.41239
2.37751
2.37954
2.35097
0.00334646
0.0699065
0.255749
0.424856
0.583782
0.698637
0.837878
0.928974
1.02434
1.09401
1.16894
1.21276
1.26213
1.30356
1.34476
1.37369
1.41641
1.44569
1.50362
1.55067
0.000122513
0.00495434
0.0215784
0.0569473
0.0870394
0.122209
0.158878
0.209709
0.237581
0.289546
0.316639
0.364586
0.386587
0.43446
0.457002
0.505649
0.532521
0.591374
0.627355
0.728077
2.49914e-05
0.0003091
0.00143268
0.00481341
0.00739334
0.012677
0.0168947
0.0265723
0.0321174
0.0450493
0.0514823
0.0658273
0.0723386
0.0878998
0.0951245
0.112269
0.122386
0.146695
0.159716
0.208496
2.17961e-05
4.35534e-05
0.000118424
0.000364712
0.000528403
0.00088635
0.00119539
0.00197334
0.00250505
0.00390252
0.00467253
0.00661751
0.00761958
0.0101269
0.0113068
0.0141474
0.0162829
0.0209789
0.0235995
0.0346498
2.12209e-05
3.09972e-05
4.4668e-05
8.02996e-05
9.3953e-05
0.000114169
0.000129657
0.000173113
0.000203176
0.000283463
0.0003251
0.000453721
0.000528032
0.000728478
0.000814025
0.00102309
0.00133973
0.00160875
0.00181682
0.00316357
2.07062e-05
2.80484e-05
3.85178e-05
6.44595e-05
7.29126e-05
7.18673e-05
6.95661e-05
7.16859e-05
8.30321e-05
9.16055e-05
9.19253e-05
9.31612e-05
9.53364e-05
0.000106783
0.0001145
0.000130532
0.000149495
0.000154681
0.000157516
0.000242887
2.05879e-05
2.84513e-05
3.69119e-05
5.67983e-05
6.45934e-05
6.48813e-05
6.47353e-05
6.5141e-05
7.03832e-05
7.72114e-05
7.80615e-05
7.64336e-05
7.41438e-05
7.45335e-05
7.67717e-05
8.13174e-05
8.4813e-05
8.44607e-05
8.36957e-05
8.66488e-05
2.06408e-05
2.96603e-05
3.69499e-05
4.78783e-05
6.45578e-05
7.4057e-05
7.41565e-05
6.86535e-05
6.71198e-05
7.12473e-05
7.46679e-05
7.55325e-05
7.73203e-05
7.90681e-05
7.9014e-05
7.9425e-05
8.22203e-05
8.23361e-05
8.22519e-05
8.7494e-05
2.07633e-05
2.86529e-05
3.86828e-05
6.30445e-05
7.31302e-05
7.32542e-05
7.12474e-05
7.22832e-05
8.64104e-05
9.42305e-05
9.4294e-05
9.51364e-05
9.71538e-05
0.000104465
0.000110243
0.000125671
0.000136022
0.000141112
0.000151354
0.000180463
2.10629e-05
2.99409e-05
4.64742e-05
8.09711e-05
8.88935e-05
0.000105979
0.000127019
0.000188755
0.000230121
0.000290721
0.00031771
0.000396058
0.000459933
0.000646375
0.000771562
0.00103817
0.00115905
0.00137099
0.00170051
0.00219505
2.1623e-05
4.316e-05
0.000117693
0.00033915
0.000504862
0.000900183
0.00124307
0.00209924
0.00263981
0.00382081
0.00449712
0.00624712
0.00722574
0.00959554
0.0109414
0.0139929
0.0155315
0.019219
0.0213408
0.0271191
2.49963e-05
0.000307685
0.00142364
0.00447271
0.00722412
0.0131875
0.0173338
0.0270839
0.0327786
0.0443978
0.0502656
0.0643036
0.0710197
0.0862134
0.0937526
0.111098
0.119294
0.139333
0.149751
0.177511
0.000123481
0.00492336
0.0216363
0.053937
0.0872787
0.12814
0.156269
0.210384
0.241636
0.286804
0.31034
0.363189
0.385106
0.43174
0.452924
0.50256
0.523783
0.577349
0.601333
0.662744
0.00336817
0.0695735
0.257643
0.416789
0.590923
0.70153
0.831822
0.933395
1.026
1.0904
1.15318
1.22161
1.25264
1.30505
1.32886
1.37782
1.39435
1.43921
1.45581
1.49539
0.0846173
0.728302
1.56454
1.93824
2.28807
2.42568
2.58156
2.5975
2.62554
2.59551
2.58675
2.54275
2.52516
2.4718
2.45837
2.41576
2.40397
2.3733
2.3619
2.33408
1.40705
4.34715
5.32162
5.28722
5.13359
4.7974
4.59044
4.27262
4.13124
3.87136
3.78072
3.57814
3.52379
3.37038
3.33455
3.20791
3.18332
3.07102
3.03954
2.94834
8.12177
10.2606
8.79816
6.81587
5.71365
4.96078
4.54128
4.12872
3.92855
3.65306
3.5605
3.35077
3.31005
3.14599
3.12171
2.96524
2.94554
2.785
2.74172
2.54469
1.57877
0.913919
0.599817
0.46453
0.403745
0.382202
0.375412
0.365589
0.358166
0.344965
0.33729
0.326252
0.322063
0.316204
0.315059
0.312787
0.313301
0.314168
0.318526
0.323807
0.334063
0.348053
0.358345
0.381451
0.395861
0.42738
0.438313
0.460208
0.465616
0.461859
0.451175
0.438702
0.423345
0.418864
0.415307
0.417509
0.421807
0.426909
0.43217
0.434973
0.439425
0.441629
0.446819
0.454466
0.463029
0.467513
0.468631
0.465015
0.453408
0.414139
0.33508
0.265158
0.223701
0.20566
0.192911
0.177184
0.17073
0.16259
0.152301
0.145159
0.137094
0.127017
0.123435
0.123632
0.12729
0.139282
0.155827
0.180434
0.194126
0.195425
0.194664
0.191119
0.181914
0.168891
0.142363
0.106534
0.0723172
0.0458871
0.0284757
0.0189893
0.013391
0.0100995
0.00873424
0.00820284
0.00832146
0.00877543
0.0092984
0.0103403
0.0123532
0.0135352
0.0162844
0.0193091
0.0209758
0.0255901
0.0280633
0.0282564
0.0286943
0.028434
0.0264943
0.0245696
0.024147
0.0213236
0.0161649
0.0149469
0.0160315
0.0307201
0.0517967
0.0660423
0.0910218
0.150636
0.348217
0.507693
0.546002
0.530436
0.430193
0.269599
0.171665
0.120119
0.0965261
0.0893846
0.0845893
0.0842084
0.0860519
0.092561
0.0977816
0.117358
0.139606
0.159688
0.20914
0.244958
0.246518
0.224923
0.163949
0.123868
0.11026
0.100696
0.0957224
0.0934995
0.0876912
0.0799433
0.0752648
0.0717684
0.0666897
0.0605473
0.0568044
0.056108
0.0558715
0.0560893
0.0603391
0.0742049
0.0836613
0.0865516
0.0865852
0.0861097
0.0822066
0.0770677
0.0715751
0.0698675
0.0702693
0.0701928
0.0681561
0.0623859
0.0545326
0.0477121
0.043995
0.044264
0.0467981
0.0663023
0.100268
0.115472
0.118457
0.115039
0.103665
0.0953583
0.0884926
0.080798
0.0715772
0.0641756
0.0602163
0.0604573
0.0645496
0.0801119
0.0862185
0.111612
0.134295
0.141186
0.149747
0.150579
0.149693
0.135503
0.122277
0.105075
0.07521
0.0559218
0.0460187
0.0443102
0.0472604
0.0548893
0.0978639
0.591051
2.44318
1.96407
1.59245
1.33126
1.16001
1.04188
0.962268
0.892521
0.846236
0.79412
0.761272
0.72119
0.694125
0.667974
0.643266
0.628412
0.60575
0.595335
0.579061
0.571019
0.560151
0.556336
0.548845
0.54804
0.546397
0.547931
0.549389
0.552058
0.551375
0.54881
0.541097
0.535253
0.522153
0.514404
0.501085
0.490984
0.482212
0.468813
0.462969
0.451745
0.445803
0.439715
0.436463
0.43632
0.437631
0.441585
0.452837
0.465734
0.483701
0.489103
0.485636
0.473619
0.438454
0.396879
0.348057
0.297877
0.271841
0.243558
0.219215
0.212317
0.208441
0.209219
0.213567
0.223607
0.232832
0.231838
0.229008
0.223875
0.213154
0.198357
0.183992
0.154176
0.116843
0.0787932
0.0484996
0.0292416
0.0185657
0.0123333
0.00884033
0.00720946
0.00667287
0.00677124
0.00724213
0.00779371
0.00912622
0.01128
0.0125122
0.0157206
0.0182149
0.0195673
0.0233994
0.025218
0.026648
0.0303931
0.0308032
0.0301746
0.0301561
0.0297894
0.0276562
0.0251807
0.0243969
0.0219501
0.0180319
0.0172757
0.0185645
0.0315484
0.0480609
0.0620183
0.0885241
0.157423
0.357657
0.517334
0.561209
0.544472
0.438586
0.26795
0.168846
0.117249
0.0955529
0.0888507
0.0833485
0.0817375
0.0831731
0.088722
0.0928557
0.104633
0.130761
0.146555
0.180094
0.224635
0.23873
0.229655
0.190011
0.142751
0.117628
0.106635
0.0968219
0.0933103
0.0879182
0.0802594
0.0751274
0.0713502
0.0663417
0.0606193
0.0574111
0.0568917
0.0569262
0.0580592
0.0661826
0.0804202
0.0886869
0.0896337
0.0887261
0.0874368
0.0825817
0.077125
0.0733865
0.0737661
0.074966
0.0743521
0.0710747
0.0629863
0.0552058
0.0501732
0.0485911
0.0504337
0.0586236
0.0933816
0.121657
0.126872
0.123556
0.11379
0.0962427
0.0846
0.0796864
0.0764582
0.0694664
0.0628051
0.0587098
0.0586938
0.0621791
0.0713383
0.0797238
0.10184
0.135546
0.138682
0.148483
0.15103
0.144382
0.121653
0.112867
0.0960106
0.0737685
0.0583823
0.0477778
0.0426304
0.0446565
0.0495794
0.0950297
0.298095
2.11463
1.86652
1.63905
1.46401
1.31964
1.20672
1.11692
1.0371
0.978719
0.920659
0.878205
0.83792
0.799928
0.772298
0.738401
0.717346
0.69072
0.671163
0.650533
0.634987
0.615566
0.606327
0.588866
0.580749
0.569919
0.560081
0.554099
0.546315
0.538043
0.530691
0.519337
0.505166
0.496043
0.47533
0.464557
0.443696
0.429471
0.411134
0.391443
0.376715
0.359366
0.344865
0.333091
0.322838
0.313961
0.312235
0.313503
0.317846
0.327267
0.341944
0.356876
0.383481
0.393277
0.392497
0.389375
0.379109
0.370065
0.358463
0.348897
0.333613
0.323362
0.313872
0.293031
0.281309
0.265569
0.241023
0.22354
0.194013
0.15354
0.11935
0.0785475
0.0492571
0.0304793
0.0191803
0.0123333
0.00834027
0.00632131
0.0054407
0.00548846
0.00573395
0.00631073
0.00778791
0.0111029
0.0134388
0.0192296
0.024073
0.0270382
0.0336954
0.0357644
0.0363383
0.0394977
0.0397003
0.0398175
0.0400762
0.0387054
0.0353357
0.0345346
0.0334774
0.0301827
0.0273122
0.0265134
0.0247727
0.0212034
0.0197316
0.0203844
0.0293935
0.0442692
0.058714
0.0871887
0.15551
0.350857
0.522446
0.578493
0.561974
0.451812
0.268856
0.168135
0.115828
0.0956548
0.088928
0.0828682
0.0811285
0.0813634
0.0867243
0.0900189
0.09612
0.119211
0.135558
0.163471
0.199448
0.225897
0.225236
0.208886
0.161041
0.12602
0.112248
0.0993352
0.0935701
0.0879674
0.0811086
0.0754773
0.0715468
0.0668315
0.0616446
0.0589462
0.0587184
0.0590337
0.062899
0.0767012
0.0881021
0.0922138
0.091865
0.0897988
0.0884022
0.0838001
0.0793102
0.0765552
0.0771364
0.0781802
0.077663
0.0731248
0.063173
0.0562196
0.0535922
0.0542805
0.0603362
0.0851905
0.120287
0.133694
0.13201
0.121945
0.101581
0.0866204
0.0779996
0.0756639
0.074854
0.06984
0.0628903
0.0593027
0.0590706
0.0623819
0.067914
0.0779463
0.092843
0.129195
0.14141
0.148733
0.15053
0.140978
0.116257
0.0974661
0.0849549
0.0701511
0.0604988
0.0494584
0.0428025
0.0471966
0.0483063
0.0776249
0.162513
1.44787
1.32958
1.21295
1.11634
1.03631
0.966559
0.907135
0.855402
0.807272
0.76846
0.730138
0.700319
0.67202
0.644757
0.622986
0.596453
0.575957
0.553182
0.531164
0.513105
0.493929
0.477138
0.46606
0.449905
0.442975
0.431733
0.422121
0.415891
0.404166
0.393871
0.386372
0.367286
0.357586
0.338544
0.325353
0.306246
0.287218
0.272256
0.251488
0.235156
0.218893
0.202251
0.190035
0.178526
0.169901
0.163577
0.16338
0.165005
0.168961
0.17796
0.191197
0.199016
0.218487
0.231005
0.244159
0.257533
0.257456
0.256337
0.252666
0.240449
0.230414
0.215371
0.190528
0.170705
0.14382
0.112727
0.0837057
0.059275
0.0407703
0.0275993
0.0181071
0.0121172
0.00813878
0.00582873
0.00469322
0.00438819
0.00445721
0.00478761
0.00582006
0.00814331
0.0113518
0.0194594
0.0275344
0.0348309
0.0493554
0.0562686
0.0629113
0.068515
0.0681748
0.0662012
0.0649816
0.0615994
0.0572158
0.0553115
0.0500597
0.0431653
0.0416139
0.0402929
0.0348971
0.0296724
0.0285351
0.0266904
0.0249762
0.0240286
0.0240555
0.0288612
0.0429201
0.0588572
0.0899728
0.16109
0.352759
0.522209
0.58658
0.570256
0.467928
0.277571
0.170205
0.115571
0.0997338
0.088279
0.0840373
0.0811153
0.0811027
0.0852689
0.0887577
0.0923551
0.10947
0.126787
0.145787
0.178922
0.205646
0.215352
0.208148
0.183432
0.139661
0.118579
0.104077
0.095295
0.0887367
0.0821724
0.0767598
0.072481
0.0682808
0.0639542
0.0620056
0.0620567
0.0634558
0.0742766
0.0876719
0.094731
0.0959614
0.093498
0.0914426
0.0895124
0.0843076
0.0812022
0.0816224
0.085796
0.0870002
0.0848036
0.0744303
0.0626998
0.0582508
0.0580144
0.0616517
0.0790811
0.118129
0.13733
0.140024
0.134191
0.110485
0.0905097
0.0791334
0.0737747
0.0741138
0.0744768
0.069738
0.0601169
0.0575585
0.0571516
0.0596955
0.0630246
0.0720891
0.0934253
0.119941
0.141275
0.146354
0.151297
0.137293
0.110309
0.0915482
0.0776634
0.0689807
0.0602441
0.0530649
0.0452761
0.0552101
0.0491479
0.0548667
0.0985764
0.702612
0.665478
0.625275
0.585784
0.54735
0.523723
0.491158
0.475718
0.453084
0.435308
0.422145
0.401975
0.393311
0.376243
0.366374
0.352472
0.340114
0.330727
0.313394
0.300683
0.284952
0.267069
0.255281
0.24376
0.232681
0.228871
0.221057
0.217835
0.211245
0.204832
0.200569
0.186926
0.178868
0.167007
0.153584
0.14278
0.126934
0.117624
0.105032
0.0951597
0.0854895
0.0772476
0.0706141
0.0644736
0.0609208
0.0568632
0.055028
0.0552151
0.0558626
0.0578206
0.0630181
0.065999
0.0749635
0.0799861
0.0855529
0.0927854
0.0927056
0.0921865
0.090211
0.0833082
0.0774297
0.0682642
0.05676
0.0467082
0.0370098
0.0278726
0.0206628
0.0147486
0.0104292
0.00732767
0.00521986
0.00411004
0.003472
0.00349071
0.0036325
0.0041289
0.00529994
0.00768069
0.0141072
0.0210441
0.0329776
0.0547923
0.0693714
0.0892634
0.111274
0.122807
0.128834
0.128123
0.123638
0.11407
0.107293
0.0918474
0.0804065
0.071006
0.0618414
0.056999
0.0512133
0.0442487
0.0389026
0.0348396
0.0309348
0.0272668
0.0260127
0.0260218
0.0269147
0.031111
0.0437145
0.0684483
0.102896
0.17897
0.33241
0.504193
0.587955
0.582294
0.499312
0.298908
0.173085
0.119519
0.101477
0.0878399
0.0855564
0.0813294
0.0814344
0.0841376
0.0893142
0.0906497
0.100221
0.123063
0.135689
0.159105
0.188132
0.201879
0.202689
0.192723
0.163711
0.132516
0.112104
0.0998214
0.0915884
0.0843869
0.0799992
0.0751279
0.0702345
0.0673159
0.066805
0.0677453
0.0749308
0.088705
0.0966258
0.0995002
0.0985665
0.0942045
0.0930766
0.0903001
0.087008
0.0855448
0.0866518
0.0908402
0.091021
0.0872472
0.0726109
0.0631755
0.0617397
0.0630473
0.0743006
0.112013
0.134982
0.14442
0.143215
0.129725
0.103431
0.0855827
0.0747711
0.0716334
0.0722249
0.0714172
0.0622713
0.0540224
0.0529262
0.0525428
0.0537518
0.0571541
0.0696949
0.0986699
0.115327
0.138862
0.146839
0.14787
0.136857
0.107404
0.0913391
0.0727552
0.0671626
0.0639042
0.0622662
0.05384
0.056337
0.0502546
0.0502762
0.0670367
0.208464
0.204857
0.198621
0.189269
0.17727
0.171696
0.161255
0.156798
0.151601
0.148062
0.146626
0.141813
0.139503
0.135282
0.132845
0.12945
0.124213
0.121691
0.118137
0.113319
0.108265
0.0992932
0.0919834
0.0850649
0.0778838
0.0752808
0.0707484
0.0693958
0.0673751
0.0652835
0.0643267
0.0608918
0.0579733
0.0537051
0.0489864
0.0451126
0.0397946
0.0362624
0.032639
0.0292499
0.0261178
0.0235884
0.0210846
0.019223
0.0179169
0.016622
0.0156843
0.0154476
0.0154622
0.0158447
0.0165461
0.0172535
0.0196803
0.0206771
0.0226145
0.0244908
0.024478
0.0241992
0.0234557
0.0215891
0.0191151
0.0166727
0.0138469
0.0110543
0.00878374
0.00670225
0.00505064
0.00380675
0.00300619
0.0024698
0.00246595
0.00257452
0.0028506
0.00350734
0.00490718
0.00830884
0.0136726
0.0223045
0.0416531
0.0588669
0.0946687
0.131964
0.165422
0.201079
0.231311
0.241397
0.239655
0.232743
0.212885
0.190704
0.168153
0.133441
0.113568
0.0998414
0.0811317
0.0677926
0.0591753
0.0498913
0.0455199
0.041774
0.0345589
0.0286961
0.026526
0.0261702
0.0272514
0.0329328
0.0474892
0.0838315
0.14111
0.199838
0.303708
0.460406
0.578834
0.593865
0.539011
0.322174
0.178141
0.123688
0.103301
0.0892609
0.0856943
0.0804253
0.0807858
0.0827599
0.0893142
0.0903856
0.0954594
0.116824
0.131486
0.143775
0.167524
0.18976
0.192317
0.189891
0.178265
0.151997
0.1288
0.110451
0.0982096
0.0896342
0.0848846
0.0789459
0.0750843
0.0748093
0.0759551
0.0822666
0.0913294
0.0997356
0.1032
0.102986
0.0994506
0.095666
0.0949386
0.0926164
0.0902188
0.089963
0.09387
0.0977343
0.0978305
0.0888692
0.070943
0.0653532
0.0660932
0.0727811
0.105155
0.129872
0.144166
0.148353
0.145062
0.126507
0.0997238
0.0828825
0.0726828
0.0690843
0.0669592
0.0607442
0.053008
0.0486018
0.0469544
0.0469845
0.0485898
0.0552904
0.0719027
0.0992648
0.115427
0.139749
0.147591
0.143785
0.135617
0.105132
0.0919094
0.0750781
0.0703874
0.0672965
0.0663668
0.0569663
0.0551124
0.0533713
0.0526435
0.0594016
0.0386254
0.0383865
0.037532
0.036371
0.0343237
0.0330946
0.0310764
0.0298883
0.0291484
0.0286658
0.028673
0.0285895
0.028611
0.028594
0.0284691
0.0283968
0.02817
0.0280622
0.0277943
0.0275522
0.0273393
0.026004
0.0230475
0.0203277
0.0176316
0.0160878
0.0147563
0.0141981
0.0139474
0.0136875
0.0136466
0.0134116
0.0131015
0.0124925
0.0112764
0.0106794
0.0094387
0.00874267
0.0079463
0.00704874
0.0062753
0.00549102
0.00481822
0.00434499
0.00397692
0.00366001
0.00344776
0.00338582
0.00339897
0.00347213
0.00365265
0.00380373
0.00418384
0.00455613
0.00498859
0.00527811
0.00528671
0.00519665
0.00500534
0.00460673
0.0040353
0.00343121
0.00290773
0.0023143
0.00187621
0.00158718
0.00137783
0.00139581
0.00152457
0.00173291
0.00221459
0.0030733
0.00475351
0.00848426
0.0138197
0.0255894
0.040296
0.066982
0.108048
0.159832
0.225248
0.292877
0.350452
0.396212
0.418611
0.415327
0.403367
0.382926
0.334901
0.294548
0.249113
0.195212
0.159127
0.128635
0.0980812
0.0847223
0.0763553
0.0618352
0.0505493
0.0452005
0.0394835
0.0327165
0.0286621
0.0271051
0.0275844
0.032676
0.0480193
0.0972671
0.168151
0.2311
0.283134
0.382731
0.552581
0.623502
0.584422
0.350948
0.18525
0.129424
0.106644
0.0930803
0.0846623
0.0793498
0.0791845
0.0804107
0.0875449
0.0897655
0.0928156
0.108977
0.131595
0.139385
0.150384
0.170277
0.183492
0.183626
0.178953
0.164854
0.147361
0.128015
0.113513
0.10435
0.0959354
0.08954
0.089036
0.0900166
0.0924841
0.098718
0.103962
0.1065
0.106302
0.10495
0.099994
0.0982129
0.097944
0.0966996
0.0960564
0.0977062
0.105845
0.106742
0.102724
0.0836556
0.0696893
0.0691006
0.0741835
0.0955263
0.123676
0.137776
0.153688
0.153765
0.148705
0.124347
0.0964941
0.0808644
0.0697694
0.0643407
0.0600664
0.0537919
0.047548
0.0452858
0.0439095
0.0443636
0.0471787
0.0605682
0.0776579
0.0969034
0.116725
0.130838
0.156349
0.14609
0.134011
0.107407
0.099283
0.0852377
0.0808897
0.066725
0.0648163
0.0585936
0.0552037
0.0562313
0.0543467
0.0559117
0.00433586
0.00440561
0.00435183
0.00421861
0.00395714
0.00368994
0.00336057
0.00304895
0.00287704
0.0027604
0.00273951
0.00274945
0.00277678
0.00291022
0.00301982
0.0033015
0.00349271
0.00369486
0.00383766
0.00391732
0.00395893
0.00389143
0.00341081
0.00278338
0.002253
0.00186888
0.00165499
0.00154815
0.00153744
0.0015505
0.00160968
0.00163623
0.00163332
0.00162578
0.00158236
0.00152232
0.00148428
0.00139173
0.0012892
0.00111204
0.000963837
0.000813874
0.000713589
0.000636816
0.000581534
0.000547516
0.000536849
0.000537458
0.000544632
0.000559369
0.000604654
0.000629789
0.000663077
0.000705999
0.000736669
0.000767276
0.000776178
0.000772515
0.000752972
0.000727026
0.000696747
0.000628853
0.00061765
0.000629647
0.000656173
0.000744217
0.000901566
0.00121639
0.00185065
0.0028738
0.00546779
0.0087062
0.0154278
0.0252734
0.0416956
0.0715489
0.110557
0.175693
0.264612
0.365565
0.461277
0.521858
0.541461
0.539767
0.528162
0.503714
0.481206
0.45222
0.413509
0.37737
0.326155
0.259764
0.211801
0.168442
0.129469
0.108299
0.0891432
0.068505
0.0555726
0.0513208
0.0458036
0.0378776
0.0317018
0.0282353
0.0281848
0.0324084
0.0488129
0.110925
0.190914
0.243955
0.274773
0.313681
0.502584
0.648273
0.622116
0.38464
0.197836
0.134543
0.110915
0.0962641
0.0839607
0.0800187
0.0783456
0.0787498
0.0838102
0.0893456
0.0927019
0.101432
0.129574
0.140024
0.145256
0.154693
0.165267
0.176226
0.175664
0.170117
0.158297
0.145893
0.131298
0.123011
0.114551
0.108044
0.106195
0.106561
0.107927
0.109941
0.111137
0.110925
0.108622
0.105351
0.102569
0.10291
0.102002
0.102091
0.102849
0.110699
0.116064
0.113812
0.101501
0.0784579
0.0715665
0.0739
0.0928455
0.119428
0.130022
0.144161
0.164762
0.16378
0.153372
0.118587
0.091267
0.0781378
0.0660548
0.0601124
0.0568124
0.0506373
0.0466299
0.0450473
0.043817
0.0446613
0.0505077
0.0737849
0.0904542
0.0989305
0.11764
0.129888
0.156601
0.153989
0.144152
0.121581
0.115127
0.090811
0.0842062
0.0670898
0.0628768
0.0598021
0.0545273
0.0552948
0.0531449
0.0529297
0.00037294
0.000399014
0.000402766
0.000396658
0.000367862
0.000330685
0.000296037
0.000264026
0.000243795
0.000230972
0.000226255
0.000226692
0.000225671
0.000238526
0.000262929
0.00031053
0.000348036
0.000379487
0.000405303
0.000416594
0.000421579
0.000406596
0.00034745
0.000288233
0.000239057
0.000203034
0.000180698
0.000168647
0.000165076
0.000169554
0.000176485
0.000192149
0.000198042
0.000206604
0.000212444
0.00021444
0.000215947
0.000213667
0.000200471
0.00019267
0.000191272
0.000188283
0.000188296
0.000188365
0.000187174
0.000188594
0.000188395
0.000188568
0.000187048
0.000184134
0.000182613
0.000181986
0.000185191
0.000190132
0.0002037
0.000219231
0.000237681
0.000258736
0.000292812
0.000314663
0.000364659
0.000407105
0.000489047
0.000606274
0.000794544
0.00129089
0.00203605
0.00364108
0.00593149
0.00980298
0.0179299
0.0266821
0.0451991
0.0688785
0.117316
0.176008
0.278961
0.408026
0.52976
0.585474
0.609376
0.604567
0.589578
0.570432
0.539478
0.512448
0.491627
0.456666
0.42469
0.402536
0.366581
0.312839
0.259315
0.205477
0.157224
0.126898
0.10313
0.0818026
0.067864
0.0589971
0.0495823
0.0403262
0.0334199
0.0296438
0.0294693
0.0332013
0.0504422
0.125018
0.203634
0.246454
0.258869
0.267912
0.418309
0.667763
0.673925
0.441861
0.218361
0.140701
0.115189
0.101622
0.0886831
0.0840444
0.0791124
0.0790723
0.0835888
0.0881109
0.0937466
0.100311
0.126795
0.141632
0.145695
0.152352
0.154518
0.160129
0.166656
0.16688
0.16106
0.154805
0.144918
0.136103
0.128363
0.122375
0.119566
0.117787
0.117433
0.116432
0.115526
0.113101
0.109625
0.108469
0.107809
0.108217
0.109155
0.110895
0.114566
0.12595
0.125555
0.118226
0.091952
0.0756066
0.0732257
0.0824995
0.116973
0.128742
0.134705
0.159605
0.181429
0.175517
0.152724
0.101703
0.0868436
0.0742838
0.0634335
0.0585946
0.0550085
0.0517183
0.0484786
0.046176
0.0461731
0.0503844
0.0691838
0.0833131
0.0969128
0.102755
0.153586
0.140737
0.155921
0.172143
0.163728
0.131182
0.12091
0.0936703
0.0841741
0.0694878
0.0595812
0.0572066
0.0503603
0.0503271
0.0496504
0.0512836
9.52543e-05
9.96973e-05
0.000107762
0.000108255
0.000106801
0.000102411
9.91881e-05
9.77534e-05
9.78118e-05
9.74928e-05
9.68938e-05
9.65542e-05
9.69746e-05
9.94813e-05
0.000106551
0.000109223
0.000115458
0.000117539
0.000120481
0.00012108
0.000120907
0.000117342
0.000113246
0.000109701
0.000108933
0.000108313
0.000108409
0.000108557
0.00010914
0.000113158
0.000120313
0.000124064
0.000128014
0.000128647
0.000128903
0.000129294
0.000129322
0.000130712
0.000134225
0.000148495
0.000185303
0.00022565
0.000268703
0.000291603
0.000301086
0.0003008
0.000296477
0.000283336
0.000251124
0.0002346
0.000219839
0.000216644
0.000223842
0.000263736
0.000327524
0.000400696
0.000476918
0.000556055
0.000677504
0.0007756
0.00100051
0.00121365
0.00159926
0.00222568
0.00302109
0.00531424
0.00791255
0.0128414
0.0201115
0.0312131
0.0495662
0.0740443
0.116527
0.18363
0.277855
0.423243
0.556374
0.621609
0.642047
0.643624
0.628511
0.588546
0.540632
0.487456
0.454746
0.442217
0.430586
0.412844
0.403488
0.388545
0.361453
0.325671
0.282029
0.22361
0.175086
0.142638
0.118311
0.0943814
0.0744405
0.0592315
0.0491431
0.0448456
0.0398731
0.0346723
0.0336342
0.0360401
0.0522384
0.131495
0.210672
0.239015
0.232388
0.222905
0.33569
0.692015
0.741107
0.510759
0.24285
0.149365
0.122244
0.10816
0.0979726
0.0890354
0.0835769
0.0830883
0.0862953
0.0890627
0.0987128
0.102578
0.119928
0.147745
0.14915
0.153612
0.154941
0.155881
0.157681
0.158947
0.157634
0.154286
0.149783
0.140341
0.135951
0.130697
0.127302
0.124025
0.122038
0.119223
0.117456
0.114299
0.114316
0.114659
0.115652
0.11776
0.119747
0.122383
0.133845
0.136817
0.130745
0.107796
0.0813197
0.0747005
0.0760141
0.104255
0.128141
0.132885
0.142708
0.18768
0.200675
0.179654
0.128151
0.0936638
0.0849534
0.0662723
0.0626343
0.0593543
0.0560742
0.055298
0.0523383
0.0517457
0.0567241
0.0682987
0.0863811
0.0886252
0.0962816
0.108971
0.177395
0.202229
0.19719
0.180966
0.169122
0.1312
0.119879
0.0960294
0.0822141
0.0699967
0.0567179
0.0539502
0.0489366
0.0479428
0.0481122
0.0501627
8.87445e-05
9.07015e-05
9.47771e-05
9.93801e-05
9.9221e-05
9.86769e-05
9.68696e-05
9.62779e-05
9.63341e-05
9.67426e-05
9.77357e-05
9.80442e-05
9.86286e-05
9.8873e-05
9.9269e-05
0.000100539
0.000101876
0.000108695
0.000113134
0.00012056
0.000128465
0.00013296
0.000142282
0.000149059
0.000162594
0.000183334
0.000194985
0.000225165
0.000241786
0.000277367
0.000303157
0.000320776
0.000336241
0.00033887
0.000344594
0.000350831
0.000362771
0.000392236
0.000443886
0.000613587
0.000788493
0.000984856
0.0011668
0.00124442
0.00128568
0.0012834
0.00126632
0.00120037
0.0010889
0.000993503
0.000950589
0.000943554
0.00103768
0.0013497
0.00156336
0.00193617
0.00215388
0.00253326
0.00294393
0.00332848
0.00421752
0.00500806
0.00646244
0.00883116
0.0115998
0.0192549
0.0262615
0.0393157
0.0613203
0.0839843
0.130537
0.189194
0.287023
0.428518
0.560851
0.631023
0.666848
0.665251
0.641889
0.577859
0.457141
0.361449
0.312431
0.296952
0.298848
0.304411
0.313958
0.326057
0.333755
0.338831
0.337709
0.318032
0.280584
0.240657
0.193249
0.150537
0.120697
0.0980474
0.0769257
0.0593027
0.0502398
0.0471997
0.0430706
0.0381306
0.0365643
0.0382082
0.0543554
0.134541
0.207718
0.224425
0.209661
0.197189
0.271518
0.700675
0.814791
0.594704
0.278148
0.16252
0.129673
0.116197
0.10239
0.0934674
0.0948666
0.0919412
0.0912885
0.0923519
0.103275
0.108011
0.120286
0.148831
0.157133
0.159795
0.158582
0.158453
0.158619
0.158842
0.156971
0.154224
0.151693
0.144491
0.140118
0.134771
0.132744
0.129364
0.128001
0.126452
0.125449
0.125346
0.126209
0.127129
0.129034
0.132441
0.13594
0.145325
0.147015
0.141943
0.123548
0.0927313
0.0774751
0.0748443
0.0816495
0.121485
0.133315
0.139673
0.162599
0.22165
0.209831
0.15989
0.118896
0.092619
0.077364
0.0623955
0.0680839
0.061306
0.0613737
0.0603786
0.062038
0.0670717
0.0735623
0.0824104
0.0916382
0.0981065
0.122508
0.116847
0.182816
0.244586
0.229283
0.180271
0.164303
0.128657
0.110847
0.0947911
0.0767105
0.0701339
0.0566223
0.0540352
0.0505529
0.0478456
0.0472679
0.0468773
0.0001812
0.000178535
0.000178559
0.000177691
0.000174534
0.000172621
0.000172734
0.000178336
0.000186817
0.000201532
0.000228968
0.000241669
0.000284082
0.000306171
0.000338963
0.000368931
0.000375797
0.000400415
0.000418696
0.000450081
0.000515936
0.000561319
0.0007078
0.000783772
0.000908666
0.00102392
0.00111461
0.00134355
0.00146774
0.00172252
0.00190533
0.00202211
0.00215464
0.00219566
0.00226457
0.00234914
0.00242704
0.00273298
0.00304942
0.00370166
0.00430602
0.00482036
0.00537976
0.00564138
0.00577236
0.00578989
0.00574541
0.00559979
0.00527156
0.00506828
0.005021
0.00506839
0.00570927
0.00646727
0.00718946
0.0082191
0.00888603
0.0100056
0.0111941
0.0128315
0.0154487
0.0180158
0.0227802
0.0311658
0.0395161
0.0591782
0.0767233
0.113388
0.150911
0.219765
0.305783
0.444518
0.565688
0.625245
0.669367
0.674573
0.643337
0.538975
0.385997
0.257919
0.208
0.194931
0.198273
0.205908
0.222713
0.239013
0.252152
0.268195
0.28217
0.290013
0.29197
0.286514
0.265906
0.238631
0.20125
0.157754
0.12395
0.104242
0.0812581
0.0624742
0.0550252
0.0513363
0.0442239
0.039368
0.0393538
0.0427133
0.0584809
0.13318
0.196243
0.209562
0.195135
0.187353
0.241272
0.698981
0.894789
0.697811
0.330221
0.18279
0.140806
0.125007
0.112387
0.105925
0.112339
0.0961699
0.0970013
0.101657
0.110028
0.120031
0.126575
0.151113
0.164928
0.169125
0.16613
0.166723
0.165287
0.162531
0.160814
0.156713
0.15536
0.149932
0.147537
0.142479
0.139993
0.136959
0.136211
0.135016
0.135584
0.136623
0.138943
0.140942
0.146829
0.152737
0.159272
0.158608
0.153145
0.133102
0.102987
0.0846951
0.0788784
0.0802503
0.0984591
0.132417
0.139721
0.153629
0.22136
0.240461
0.197437
0.154535
0.115527
0.0900593
0.0752252
0.0662137
0.0696647
0.0603513
0.0686685
0.0702985
0.0742958
0.079299
0.0836011
0.0868086
0.0914702
0.110419
0.180157
0.198017
0.237096
0.239973
0.206355
0.171826
0.139449
0.120224
0.0963033
0.0887175
0.0747634
0.0707809
0.0593665
0.0561951
0.050756
0.0460896
0.0449849
0.0440781
0.00217069
0.00212139
0.00204645
0.00196783
0.00193328
0.00193934
0.00197988
0.00221985
0.00238425
0.00269387
0.00298878
0.00314601
0.00346015
0.00357
0.00372034
0.00387945
0.00393202
0.00414144
0.00434639
0.00463959
0.00515398
0.00545942
0.00633671
0.0067538
0.00748833
0.00806178
0.00855812
0.00960857
0.0100492
0.0109841
0.0116184
0.0120938
0.0126864
0.0129056
0.0133105
0.0136532
0.0140897
0.0153036
0.0163374
0.0178798
0.0192804
0.0203478
0.0213772
0.0218111
0.0219352
0.0219283
0.0217709
0.0213208
0.0208538
0.0206551
0.0206943
0.0213446
0.0230759
0.0242876
0.0263306
0.0277228
0.0303255
0.0326536
0.0357304
0.0419242
0.0473586
0.0558616
0.0739313
0.0888943
0.11805
0.156696
0.198501
0.274292
0.35944
0.478091
0.572377
0.622408
0.664561
0.665162
0.634587
0.527888
0.327103
0.208922
0.153294
0.129835
0.127304
0.132729
0.147791
0.16041
0.176609
0.202106
0.225219
0.2363
0.243063
0.248408
0.249196
0.24928
0.24718
0.232456
0.19556
0.156277
0.138036
0.118644
0.0894961
0.0673945
0.0584878
0.0536491
0.0461181
0.04117
0.0409354
0.0444819
0.0599722
0.126782
0.182252
0.19424
0.187098
0.18511
0.236415
0.679611
0.979545
0.821247
0.411147
0.216595
0.156062
0.135924
0.125191
0.119366
0.118205
0.106086
0.123141
0.130371
0.127852
0.135084
0.147284
0.158148
0.165463
0.186951
0.184329
0.185532
0.184331
0.175778
0.173284
0.166609
0.165119
0.161992
0.158056
0.156524
0.15472
0.154635
0.154841
0.1525
0.152023
0.152579
0.154545
0.157683
0.169111
0.172839
0.170699
0.163464
0.138482
0.109532
0.0928853
0.087763
0.0893004
0.0964056
0.122448
0.140498
0.147203
0.193681
0.261082
0.247606
0.190357
0.159647
0.110114
0.0878006
0.0837171
0.0743166
0.0670959
0.0670319
0.0776749
0.0743199
0.0771998
0.0834021
0.0854713
0.0987742
0.109265
0.120266
0.235639
0.287161
0.254846
0.226457
0.160508
0.148689
0.115722
0.108482
0.092087
0.0880486
0.0792824
0.0743573
0.0617839
0.0565482
0.0478022
0.0429508
0.0428955
0.0432014
0.026962
0.0265692
0.0258717
0.024802
0.0244614
0.024484
0.0247064
0.0258308
0.0266532
0.0280712
0.0289588
0.0295856
0.0302138
0.0304
0.0306806
0.0310598
0.0312877
0.0321181
0.0328181
0.0339057
0.0356189
0.0366581
0.0391932
0.0402892
0.0420318
0.0436002
0.0446521
0.0469314
0.047801
0.0493763
0.0505169
0.0513853
0.0527175
0.053229
0.0542743
0.0552695
0.0567224
0.0592172
0.0606478
0.0633628
0.0651005
0.0663788
0.0670752
0.0670901
0.066994
0.0665563
0.0657776
0.0653503
0.0651493
0.0653914
0.0662484
0.0685157
0.0708532
0.0735386
0.076652
0.0803952
0.0856068
0.0929431
0.100658
0.116955
0.13079
0.160211
0.189357
0.231177
0.292517
0.36016
0.448212
0.53073
0.581649
0.617392
0.656389
0.652553
0.610405
0.484368
0.300405
0.191645
0.126567
0.094854
0.0808753
0.0794875
0.0832582
0.0917267
0.105001
0.118585
0.128628
0.143974
0.175161
0.206357
0.223081
0.228867
0.229489
0.224968
0.219407
0.202237
0.17315
0.152953
0.140875
0.116053
0.0855314
0.0680903
0.0643182
0.0618931
0.0542363
0.0455107
0.0446338
0.0482937
0.063609
0.1185
0.162549
0.187128
0.189515
0.19639
0.24768
0.645909
1.04976
0.971207
0.542024
0.276767
0.18183
0.151095
0.138851
0.131129
0.123496
0.122416
0.13717
0.143586
0.133742
0.151358
0.157801
0.167803
0.171053
0.200787
0.201705
0.199363
0.20425
0.19899
0.196398
0.191343
0.185371
0.182806
0.180438
0.178828
0.173448
0.172653
0.172919
0.173539
0.175285
0.177978
0.183228
0.191201
0.190474
0.183621
0.173538
0.143198
0.117825
0.100954
0.10035
0.102513
0.111144
0.12492
0.139569
0.143947
0.158314
0.262216
0.273325
0.250834
0.187423
0.14675
0.109805
0.107365
0.0977635
0.0749256
0.0715974
0.0776369
0.0776304
0.0756044
0.0862673
0.0888619
0.0932208
0.123193
0.207565
0.204541
0.242238
0.275695
0.207602
0.196739
0.142469
0.125149
0.100645
0.0986168
0.0913984
0.0919369
0.085575
0.0724199
0.059433
0.0529032
0.0460957
0.0418443
0.0415152
0.042065
0.17412
0.168059
0.162806
0.153015
0.148349
0.144873
0.143588
0.144043
0.144395
0.144852
0.14471
0.14392
0.142119
0.139494
0.13817
0.137076
0.136774
0.136969
0.137279
0.13828
0.139679
0.140624
0.142905
0.14375
0.145228
0.146566
0.147517
0.149262
0.149936
0.151129
0.151981
0.15283
0.15431
0.155166
0.157006
0.159682
0.162239
0.16587
0.167677
0.16961
0.170979
0.171037
0.171158
0.170844
0.169978
0.169431
0.169113
0.169321
0.170055
0.172349
0.174597
0.176993
0.181777
0.185617
0.191817
0.201609
0.211157
0.231411
0.249396
0.278618
0.318029
0.361928
0.420101
0.478597
0.532586
0.567886
0.592378
0.625772
0.631889
0.620134
0.568607
0.425197
0.267456
0.175702
0.119532
0.0804407
0.0600418
0.0529554
0.0543016
0.0601588
0.0696062
0.0829041
0.0991713
0.112701
0.120253
0.12976
0.148143
0.172849
0.195491
0.207179
0.210214
0.200353
0.189242
0.17879
0.166768
0.157118
0.139889
0.108136
0.081005
0.0711856
0.0709378
0.0720408
0.0676384
0.0578448
0.0543561
0.0549946
0.0655231
0.0958651
0.150795
0.201872
0.2148
0.232716
0.286875
0.605839
1.06471
1.10874
0.73938
0.385962
0.230646
0.176894
0.155989
0.146487
0.143522
0.146442
0.15055
0.155043
0.155071
0.183575
0.172108
0.199436
0.194435
0.227252
0.219488
0.218622
0.2393
0.23813
0.231371
0.227307
0.220677
0.218418
0.215649
0.20845
0.204143
0.203137
0.196757
0.195588
0.197074
0.206789
0.208498
0.206126
0.198126
0.172952
0.152193
0.125015
0.117295
0.120298
0.137568
0.147056
0.144282
0.139034
0.131453
0.133756
0.185544
0.287605
0.278852
0.265359
0.169725
0.141124
0.145787
0.124822
0.0985347
0.0876172
0.0888475
0.0823463
0.0785833
0.0861829
0.104995
0.142778
0.17051
0.166061
0.213925
0.26618
0.21031
0.220756
0.145419
0.15703
0.126149
0.114293
0.0990416
0.0991878
0.0923923
0.0913824
0.0827954
0.0680172
0.0543926
0.0478751
0.0445097
0.0423783
0.0450831
0.05872
0.636298
0.600667
0.563326
0.524254
0.500558
0.479554
0.464224
0.453157
0.438659
0.42842
0.413835
0.401834
0.390484
0.378486
0.371141
0.362599
0.357225
0.353078
0.348704
0.346795
0.34383
0.340983
0.339907
0.33682
0.335291
0.33453
0.332908
0.332126
0.331312
0.331437
0.332017
0.332782
0.33498
0.336658
0.340307
0.342798
0.345624
0.348149
0.348993
0.349549
0.349465
0.348576
0.347992
0.347225
0.346821
0.346802
0.34758
0.348466
0.350056
0.351677
0.354444
0.357212
0.362601
0.371816
0.382149
0.400385
0.422182
0.445907
0.479956
0.509083
0.53808
0.563824
0.57603
0.592875
0.608306
0.608485
0.598557
0.565358
0.482547
0.351177
0.231074
0.150086
0.097689
0.0697415
0.0506011
0.0401815
0.0393756
0.0423641
0.0498097
0.0592265
0.070992
0.0880477
0.108903
0.123435
0.129001
0.136128
0.152771
0.171099
0.183438
0.189369
0.192665
0.189726
0.185855
0.180982
0.172238
0.157212
0.126334
0.0955014
0.0799398
0.0788056
0.0849019
0.0845128
0.0712262
0.0601038
0.0583468
0.0633374
0.0797491
0.10205
0.152535
0.20863
0.246697
0.28115
0.347498
0.580999
1.02438
1.19895
1.0101
0.593678
0.33075
0.222099
0.183603
0.170749
0.167642
0.174673
0.181202
0.190446
0.194815
0.204758
0.201441
0.228147
0.216121
0.237456
0.260961
0.272829
0.273301
0.262263
0.255634
0.25516
0.248564
0.242872
0.239537
0.233244
0.226278
0.226221
0.226902
0.22981
0.228559
0.227718
0.220269
0.19908
0.182304
0.155492
0.142441
0.147679
0.163097
0.206872
0.210448
0.191963
0.155976
0.127595
0.114936
0.126545
0.214158
0.272284
0.289927
0.283007
0.169769
0.193662
0.190227
0.123587
0.112217
0.112475
0.105511
0.0989819
0.122783
0.140667
0.154053
0.160774
0.226244
0.259073
0.19535
0.242368
0.144769
0.174764
0.129541
0.128486
0.113981
0.11354
0.103747
0.106176
0.0945853
0.0862262
0.0770711
0.067916
0.0563204
0.0501696
0.0479462
0.0568791
0.0826952
0.114308
1.39679
1.27979
1.1629
1.07051
0.997242
0.937048
0.884598
0.839929
0.798552
0.761195
0.728667
0.698994
0.674848
0.652866
0.635091
0.618801
0.605358
0.593495
0.582639
0.574651
0.56574
0.559501
0.553868
0.54815
0.544737
0.542207
0.539782
0.539314
0.53947
0.539988
0.541377
0.5427
0.544849
0.545954
0.547356
0.547742
0.547852
0.547651
0.546728
0.546401
0.545712
0.545288
0.544342
0.543739
0.542387
0.541001
0.540521
0.540058
0.54022
0.540817
0.543351
0.54674
0.552967
0.560243
0.566828
0.576274
0.584456
0.589059
0.59777
0.607623
0.60818
0.60298
0.589679
0.564133
0.526972
0.454887
0.349424
0.245669
0.171396
0.11314
0.072461
0.0490519
0.038555
0.0340096
0.0328605
0.0345213
0.038324
0.0446649
0.0533319
0.0637566
0.0809811
0.108158
0.148589
0.17173
0.178581
0.188835
0.211023
0.209647
0.194394
0.191326
0.192692
0.1922
0.18734
0.181042
0.166695
0.14297
0.117062
0.100236
0.1022
0.109361
0.103213
0.0860581
0.0732636
0.0697983
0.0770056
0.0981711
0.104542
0.116172
0.155181
0.229834
0.36509
0.419386
0.429571
0.485103
0.825404
1.19493
1.28678
0.972941
0.565762
0.340291
0.246327
0.21425
0.206375
0.210339
0.216433
0.223934
0.226469
0.230994
0.232069
0.250174
0.251057
0.266058
0.325452
0.313075
0.291699
0.29684
0.300887
0.299392
0.295832
0.291328
0.284974
0.27615
0.276198
0.275365
0.269641
0.2548
0.239862
0.230051
0.207614
0.182809
0.179724
0.186375
0.214213
0.289291
0.297619
0.289703
0.256214
0.199396
0.141304
0.109412
0.104013
0.122952
0.215126
0.25864
0.33491
0.324479
0.250852
0.283831
0.245142
0.151969
0.146779
0.146337
0.133822
0.136052
0.152139
0.166281
0.201963
0.192636
0.200504
0.234785
0.17032
0.195082
0.13201
0.170929
0.142138
0.127585
0.122072
0.125059
0.12481
0.123566
0.104558
0.0955691
0.0867341
0.0825035
0.0801032
0.0810575
0.0948866
0.128176
0.146351
0.156059
2.08393
1.81863
1.60219
1.44237
1.31753
1.2185
1.13546
1.06642
1.0075
0.958593
0.917833
0.883307
0.855613
0.831071
0.812158
0.795607
0.782595
0.771968
0.763034
0.757047
0.750938
0.747129
0.743941
0.741069
0.739911
0.738991
0.738319
0.738148
0.737761
0.736992
0.736021
0.734033
0.732083
0.729381
0.726297
0.722883
0.718932
0.714749
0.710454
0.705708
0.700443
0.694982
0.689415
0.683466
0.677834
0.672613
0.667591
0.662641
0.658283
0.654365
0.649868
0.64502
0.640477
0.633535
0.628482
0.619385
0.609476
0.598556
0.57512
0.539932
0.477894
0.399476
0.333955
0.2689
0.19945
0.135195
0.0893268
0.0610671
0.0447885
0.0347384
0.0302022
0.0294547
0.0295117
0.0296391
0.0313814
0.0385227
0.0453066
0.0522736
0.0613351
0.076244
0.101348
0.150933
0.243252
0.294451
0.311073
0.339904
0.353604
0.318639
0.250639
0.232903
0.227059
0.221117
0.206194
0.194241
0.176009
0.157309
0.14604
0.143922
0.146384
0.137998
0.122973
0.112439
0.111039
0.11347
0.116908
0.119674
0.127946
0.162176
0.247511
0.515714
0.666612
0.638305
0.482943
0.45102
0.55722
1.05868
1.36286
1.3856
1.1118
0.68482
0.448226
0.329194
0.27912
0.262109
0.259841
0.27048
0.275893
0.288881
0.306073
0.319795
0.337831
0.337597
0.354631
0.366011
0.372731
0.375632
0.373676
0.361362
0.346192
0.333846
0.315464
0.295998
0.287675
0.27153
0.246479
0.232718
0.234504
0.241199
0.266429
0.284689
0.347194
0.407145
0.414897
0.401248
0.360639
0.306163
0.230038
0.158047
0.120275
0.111202
0.110669
0.123793
0.207064
0.257295
0.340832
0.440236
0.384968
0.441258
0.3995
0.21828
0.178285
0.170668
0.173232
0.189515
0.205159
0.207511
0.224164
0.178798
0.18584
0.212124
0.160179
0.196098
0.142266
0.190332
0.155551
0.155176
0.14914
0.155498
0.154618
0.149209
0.13988
0.137197
0.134398
0.136454
0.145259
0.160862
0.177495
0.196671
0.206318
0.215107
2.46885
2.01595
1.7153
1.5126
1.37119
1.27094
1.19631
1.14077
1.09829
1.06661
1.04189
1.02234
1.00753
0.995622
0.98614
0.977329
0.969539
0.962142
0.954262
0.946975
0.939938
0.933142
0.925683
0.918326
0.910293
0.901605
0.892149
0.882177
0.871823
0.860943
0.850001
0.838699
0.82757
0.816291
0.804935
0.793997
0.782755
0.771947
0.760722
0.749696
0.738617
0.727362
0.716122
0.704311
0.691998
0.679339
0.66556
0.65034
0.634045
0.615489
0.594801
0.572016
0.546669
0.515053
0.476357
0.43085
0.378081
0.317473
0.256066
0.201035
0.157467
0.125167
0.101315
0.0799972
0.0592464
0.0434882
0.0339416
0.0291835
0.027472
0.0272578
0.0280654
0.0320354
0.0349246
0.0368371
0.0409965
0.0521008
0.0644742
0.078335
0.0978221
0.124288
0.165634
0.256755
0.42385
0.574621
0.668922
0.769744
0.805148
0.759394
0.500727
0.33161
0.279573
0.271844
0.258105
0.243696
0.235945
0.232643
0.233162
0.237695
0.238369
0.233494
0.234586
0.23914
0.242752
0.243098
0.241193
0.246684
0.282378
0.375094
0.621123
0.85173
0.884226
0.739095
0.565728
0.532116
0.543794
0.705759
1.26711
1.50266
1.57972
1.56689
1.25656
0.954232
0.740473
0.565227
0.426142
0.350025
0.323421
0.33611
0.353588
0.362068
0.372287
0.37248
0.377247
0.397144
0.405445
0.39425
0.379262
0.371504
0.351973
0.34706
0.333446
0.33632
0.346634
0.399053
0.495885
0.621493
0.722664
0.775705
0.770664
0.74762
0.677879
0.581773
0.458886
0.332984
0.270696
0.213924
0.174456
0.159448
0.168571
0.202982
0.214521
0.215884
0.235188
0.248887
0.304364
0.460945
0.504249
0.64574
0.772631
0.46215
0.347258
0.334665
0.280544
0.22487
0.238332
0.252886
0.250072
0.188515
0.195206
0.191907
0.182158
0.214895
0.194087
0.22229
0.209046
0.218392
0.231689
0.247731
0.25713
0.268388
0.286076
0.332399
0.363603
0.404842
0.474222
0.599504
0.698844
0.805041
1.04169
1.35731
1.8343
1.47402
1.31163
1.24298
1.21923
1.21572
1.21372
1.20848
1.19713
1.17866
1.15619
1.13186
1.10699
1.0819
1.05713
1.03211
1.00692
0.981363
0.955366
0.928774
0.901562
0.874074
0.846111
0.81802
0.789781
0.761771
0.734121
0.707176
0.681063
0.656099
0.632391
0.610064
0.589132
0.56951
0.551166
0.533957
0.517608
0.502213
0.48741
0.473405
0.459795
0.446766
0.433867
0.421137
0.408076
0.394296
0.379198
0.362967
0.345168
0.326769
0.308835
0.291606
0.275042
0.258471
0.240836
0.220821
0.199108
0.177031
0.155933
0.13625
0.120049
0.10821
0.101652
0.100912
0.102177
0.10493
0.105408
0.104983
0.103351
0.102676
0.0994514
0.0930783
0.0852861
0.0803618
0.0781234
0.0789044
0.0853883
0.100575
0.12744
0.169504
0.238372
0.362149
0.587368
0.935237
1.34973
1.74498
2.19826
2.55055
2.62588
2.33529
1.86724
1.6371
1.30579
0.978499
0.772559
0.605123
0.466703
0.380859
0.330874
0.308772
0.316448
0.35357
0.411416
0.483072
0.572262
0.700248
0.902302
1.16964
1.31567
1.20271
0.949122
0.887799
0.991445
1.20729
1.41116
1.49769
1.38157
1.23789
1.48881
2.02029
2.42392
2.65949
2.77112
2.78002
2.61007
2.25916
1.78748
1.39563
1.0609
0.741783
0.578913
0.417598
0.347852
0.312859
0.317212
0.37259
0.43752
0.596362
0.763355
1.08909
1.34143
1.78406
2.0431
2.20003
2.16378
2.07889
1.81469
1.60363
1.18838
1.02414
0.69025
0.589767
0.427249
0.368201
0.322088
0.309106
0.333969
0.382515
0.392057
0.390862
0.342967
0.312756
0.279477
0.276917
0.287294
0.369756
0.491367
0.607908
1.04489
1.23919
1.16529
1.08214
1.07272
1.07285
0.713482
0.529555
0.523309
0.570123
0.305129
0.260034
0.296333
0.345453
0.427562
0.532514
0.697776
0.819143
1.10961
1.39603
1.60834
1.93804
2.28854
2.92482
3.40569
4.13279
4.87241
6.02877
6.81501
7.94943
8.38444
8.8118
0.0153294
0.0537039
0.0867198
0.12066
0.16382
0.219823
0.297086
0.39933
0.506859
0.587581
0.616357
0.598731
0.544255
0.423669
0.125587
0.0377363
0.0595646
0.0867284
0.11334
0.145701
0.158492
0.159645
0.137503
0.117034
0.0873659
0.0627444
0.0520079
0.0438083
0.0445757
0.0537758
0.0655183
0.0775615
0.105237
0.132842
0.186496
0.244238
0.335004
0.440371
0.587807
0.775727
1.01004
1.3214
1.60245
1.79594
1.78932
1.64168
1.1569
0.430796
0.116601
0.0959506
0.0787722
0.0662747
0.0591585
0.0616804
0.0672923
0.0838741
0.16017
0.203814
0.240918
0.37357
0.357146
0.279622
0.221095
0.587839
1.75279
2.34556
2.74973
3.09247
3.38883
3.644
3.86886
4.04419
4.18653
4.26002
4.28672
4.26568
4.12831
3.93125
3.68391
3.33391
3.00334
2.61244
2.13956
1.80623
1.52536
1.16648
0.870313
0.712679
0.508282
0.397191
0.280406
0.22165
0.166696
0.130719
0.107732
0.0903897
0.0800321
0.0740862
0.0715998
0.0719226
0.0755709
0.082265
0.0924614
0.105691
0.122166
0.141603
0.164495
0.190857
0.22222
0.258775
0.301365
0.350753
0.408727
0.47839
0.55634
0.635676
0.718014
0.814446
0.935639
1.08562
1.278
1.51693
1.77841
2.02752
2.18966
2.21847
2.17619
1.99314
1.65376
1.21839
0.781727
0.460489
0.292383
0.236706
0.237724
0.272998
0.324762
0.403122
0.582927
1.0161
1.60299
2.1323
2.42956
2.55938
2.59207
2.43093
2.19465
1.91995
1.58659
1.26077
1.00696
0.758585
0.564369
0.430022
0.320713
0.247566
0.196705
0.165637
0.149974
0.144005
0.148551
0.161544
0.183065
0.212362
0.245959
0.28671
0.330845
0.388986
0.451785
0.518559
0.593756
0.693973
0.800747
0.901288
0.985504
1.04791
1.07534
1.08359
1.084
1.03763
0.941987
0.90564
0.843275
0.810631
0.751886
0.681115
0.661942
0.703715
0.854637
0.918811
0.908887
0.863116
0.792166
0.668237
0.46477
0.249607
0.113837
0.0586986
0.0446399
0.0363218
0.0165841
0.103791
0.102814
0.0940553
0.0849749
0.0769175
0.0701543
0.0681923
0.0750621
0.0992515
0.14356
0.218112
0.276538
0.357306
0.345263
0.331126
0.317633
0.198195
0.112158
0.0954351
0.0905853
0.0859677
0.0839488
0.0860675
0.0755492
0.0705013
0.0645784
0.0570444
0.0537677
0.0528781
0.052009
0.0521985
0.0547986
0.0619138
0.075748
0.106058
0.143101
0.171004
0.188206
0.200017
0.201534
0.203801
0.241951
0.35386
0.52603
0.798203
0.905699
0.837111
0.694515
0.567855
0.296056
0.111653
0.0545313
0.0550718
0.0676327
0.112383
0.332666
0.43668
0.75603
1.6702
1.9902
1.89901
1.79155
1.74308
1.73406
1.6495
1.50536
1.3602
1.27096
1.18941
1.09664
1.01206
0.933301
0.795224
0.730039
0.613988
0.475717
0.416627
0.339309
0.288406
0.267743
0.241828
0.223449
0.214695
0.208185
0.19744
0.191428
0.189313
0.186661
0.183188
0.178232
0.176
0.172197
0.168028
0.1646
0.161471
0.158696
0.156546
0.154616
0.153112
0.150914
0.14868
0.146248
0.142526
0.139403
0.137222
0.135368
0.13396
0.133049
0.132486
0.132914
0.13331
0.133511
0.133718
0.132882
0.131267
0.131118
0.132099
0.13412
0.138115
0.146829
0.162324
0.182888
0.203647
0.23318
0.31559
0.399658
0.469037
0.506219
0.499329
0.410064
0.297778
0.243538
0.229985
0.234956
0.25184
0.349449
0.607623
0.926542
1.13028
1.24694
1.10857
0.871393
0.642922
0.451513
0.308629
0.234131
0.198813
0.182486
0.176577
0.173638
0.171074
0.166636
0.162875
0.157543
0.149583
0.143489
0.136283
0.131278
0.128748
0.128175
0.128471
0.130534
0.13319
0.137182
0.140685
0.143792
0.151187
0.160916
0.17134
0.179515
0.197811
0.218496
0.242768
0.270816
0.327587
0.413124
0.469964
0.486615
0.49021
0.453691
0.401679
0.387027
0.368004
0.355137
0.333992
0.254037
0.190491
0.174724
0.2035
0.275044
0.273897
0.254437
0.241816
0.218288
0.132502
0.0624411
0.0400966
0.0353436
0.0376621
0.102785
0.128508
0.107999
0.0827066
0.0685669
0.0587274
0.0520196
0.0484395
0.043636
0.0417041
0.0445718
0.0553155
0.0767452
0.124103
0.216396
0.27014
0.290758
0.270179
0.219444
0.173739
0.148549
0.14538
0.132103
0.128664
0.104535
0.0819853
0.0693781
0.0514673
0.0458012
0.0466229
0.0512736
0.0621493
0.0897836
0.13552
0.192612
0.234327
0.252093
0.26054
0.258182
0.251477
0.239979
0.232204
0.215927
0.207892
0.21983
0.271237
0.348169
0.506228
0.535487
0.507433
0.417955
0.264291
0.122326
0.0873957
0.138161
0.357502
0.96696
1.47997
1.54612
1.55425
1.38188
1.19232
1.04486
0.877262
0.648488
0.485537
0.418059
0.335475
0.299449
0.269089
0.233422
0.21595
0.1968
0.178425
0.171051
0.163519
0.160534
0.161997
0.164275
0.164957
0.16687
0.169764
0.172426
0.173738
0.176267
0.179098
0.18131
0.183273
0.183633
0.183731
0.179912
0.178563
0.174521
0.17005
0.166603
0.162402
0.158974
0.157215
0.156653
0.157434
0.158359
0.158687
0.159776
0.16089
0.16166
0.161895
0.161607
0.160787
0.159138
0.157461
0.15661
0.15578
0.154209
0.153211
0.152422
0.149508
0.141554
0.133134
0.123706
0.111444
0.0974654
0.0878326
0.0829803
0.0817125
0.083659
0.10305
0.153714
0.193254
0.219346
0.228022
0.214104
0.190251
0.189367
0.209281
0.215232
0.227129
0.361592
0.599459
0.714762
0.676364
0.448631
0.32547
0.22869
0.185985
0.170715
0.166857
0.170094
0.173058
0.174288
0.17691
0.18015
0.184613
0.188102
0.191289
0.192317
0.191143
0.18959
0.185801
0.181276
0.173904
0.168027
0.161539
0.155355
0.147704
0.140353
0.132869
0.126819
0.121538
0.1171
0.11314
0.110465
0.109517
0.110577
0.115632
0.131963
0.167025
0.189181
0.193449
0.197164
0.209482
0.242273
0.249653
0.217594
0.159048
0.145827
0.146758
0.141704
0.133298
0.112806
0.0938286
0.0887799
0.0876794
0.104195
0.165702
0.168105
0.0996536
0.048816
0.0382184
0.0345016
0.0378545
0.191806
0.143483
0.0908414
0.0673224
0.0556216
0.0488336
0.0448125
0.0425165
0.0400208
0.0377746
0.0339481
0.0339909
0.036387
0.0457871
0.0717305
0.125164
0.190533
0.224092
0.207723
0.17067
0.130433
0.114963
0.0976939
0.0819242
0.0763073
0.0648868
0.0541285
0.0437226
0.04489
0.0610863
0.0965661
0.1464
0.195038
0.228086
0.249666
0.250235
0.238291
0.228252
0.21094
0.196533
0.193689
0.19697
0.198959
0.198592
0.190351
0.191954
0.205305
0.253262
0.300262
0.343869
0.345175
0.293653
0.152982
0.148639
0.403202
1.16451
1.19964
1.20757
0.995237
0.802781
0.589126
0.49781
0.375667
0.290887
0.218854
0.185182
0.162478
0.146793
0.140275
0.136386
0.133575
0.133006
0.133217
0.135861
0.141962
0.145189
0.146954
0.151901
0.156905
0.157998
0.157918
0.157044
0.157113
0.159246
0.158911
0.158833
0.160181
0.163052
0.163882
0.162081
0.161867
0.159625
0.157537
0.152838
0.14847
0.143808
0.13625
0.128042
0.120532
0.115291
0.111001
0.106437
0.10306
0.100485
0.0987033
0.0979676
0.0983656
0.0996268
0.0996823
0.0996626
0.100566
0.10266
0.104484
0.107571
0.116682
0.134579
0.153928
0.170888
0.180602
0.181526
0.175323
0.148163
0.113573
0.0902154
0.0824967
0.0841491
0.102618
0.122091
0.130755
0.13542
0.133893
0.127767
0.13002
0.152308
0.172526
0.204646
0.353769
0.455556
0.435742
0.29773
0.203914
0.167156
0.155377
0.158582
0.158214
0.156797
0.150236
0.141468
0.13411
0.131899
0.132306
0.136448
0.141112
0.147017
0.152985
0.162769
0.174128
0.184746
0.192403
0.195536
0.198774
0.202851
0.207681
0.212689
0.213076
0.204888
0.193008
0.174187
0.150701
0.128618
0.114951
0.105781
0.100305
0.0979874
0.0985685
0.103958
0.145319
0.174775
0.174634
0.172883
0.173805
0.184711
0.198979
0.185702
0.125505
0.0940634
0.0860037
0.0910656
0.0932457
0.0868704
0.073628
0.0739237
0.10542
0.156
0.145962
0.0729497
0.0424043
0.0376861
0.0355007
0.0385243
0.235204
0.13386
0.0787507
0.0559294
0.0465566
0.0431377
0.0420676
0.0407831
0.0398581
0.0383957
0.0347543
0.0326094
0.0311856
0.0320279
0.0371261
0.052863
0.0880204
0.133812
0.148662
0.139221
0.112993
0.0859174
0.0642249
0.0469308
0.0397066
0.03526
0.0367554
0.0407678
0.0593153
0.120835
0.176554
0.207505
0.216942
0.210828
0.18595
0.16856
0.161467
0.15702
0.144344
0.136403
0.132274
0.136118
0.150342
0.168092
0.170277
0.170781
0.170246
0.182209
0.200923
0.256389
0.258758
0.250495
0.171148
0.303954
1.03763
1.06358
0.884494
0.619618
0.488964
0.356736
0.276609
0.213718
0.172866
0.14257
0.128145
0.121477
0.118781
0.118004
0.120085
0.124214
0.126811
0.131162
0.139807
0.145214
0.149695
0.155338
0.158313
0.160422
0.160356
0.159636
0.157843
0.153859
0.149617
0.147348
0.142693
0.140698
0.139972
0.140514
0.141456
0.139915
0.136328
0.134498
0.136347
0.138371
0.137672
0.137417
0.13523
0.128256
0.118811
0.110469
0.103111
0.0953609
0.0883202
0.0815374
0.075514
0.0696414
0.0638317
0.0588363
0.0536664
0.0479385
0.0428441
0.0394762
0.0393541
0.0422176
0.0485513
0.0555041
0.0634361
0.0757358
0.10326
0.146393
0.178935
0.18795
0.183079
0.140307
0.100062
0.0851976
0.0836624
0.0869439
0.0896808
0.0921325
0.0926621
0.0908626
0.0922849
0.102584
0.124067
0.172336
0.31804
0.354618
0.273855
0.176448
0.141028
0.133092
0.135158
0.133343
0.119478
0.0988074
0.0904798
0.0884619
0.088871
0.0934848
0.101646
0.108374
0.111456
0.1114
0.104498
0.097141
0.0932967
0.0971015
0.106593
0.116074
0.123766
0.133682
0.148248
0.171455
0.197959
0.213557
0.217556
0.208597
0.187582
0.158771
0.13835
0.120148
0.107171
0.0988746
0.096585
0.0977761
0.0985147
0.113377
0.138005
0.15175
0.161273
0.162963
0.171083
0.17613
0.158626
0.103487
0.0799483
0.0790863
0.0807657
0.0805619
0.0818252
0.0900816
0.13067
0.145769
0.111306
0.0507794
0.0343621
0.0356633
0.0365481
0.0409422
0.25446
0.117515
0.0632889
0.0472377
0.0428636
0.0419231
0.0422489
0.0425048
0.0424445
0.0418089
0.0395871
0.0355513
0.0322987
0.0313375
0.0318506
0.0354394
0.0467318
0.0747632
0.0964855
0.0959114
0.0877221
0.068469
0.0496222
0.0360997
0.0292459
0.0294252
0.0341024
0.0460905
0.0987339
0.184935
0.204225
0.184702
0.152297
0.141227
0.139302
0.139414
0.13775
0.132655
0.122203
0.11389
0.108263
0.106305
0.117229
0.134923
0.147647
0.150973
0.147864
0.150234
0.157548
0.181131
0.212205
0.199993
0.205111
0.746205
0.977893
0.783549
0.473605
0.336615
0.260383
0.190759
0.157465
0.129892
0.117707
0.111819
0.11012
0.10994
0.11422
0.118386
0.121654
0.127632
0.136776
0.144021
0.153067
0.160097
0.163608
0.167473
0.168328
0.168735
0.168556
0.165968
0.161477
0.156346
0.151593
0.148046
0.142308
0.138357
0.134918
0.133183
0.132617
0.13107
0.122396
0.111273
0.102802
0.0972227
0.0923988
0.0916776
0.0965216
0.103338
0.105099
0.101714
0.0952758
0.0883183
0.0803633
0.072178
0.0647564
0.0571527
0.0476687
0.0401728
0.0329882
0.0252022
0.0215429
0.0218258
0.0248732
0.0371542
0.0512669
0.0595998
0.0655221
0.0698558
0.0705478
0.0701017
0.0877423
0.15904
0.195242
0.195529
0.151993
0.105141
0.0860072
0.0736645
0.0685878
0.0688084
0.0698322
0.0694542
0.0711402
0.0767157
0.0907563
0.13538
0.264784
0.28789
0.193558
0.134202
0.119598
0.117282
0.115277
0.101255
0.0873416
0.0810001
0.0793157
0.0795423
0.0831924
0.0890034
0.0972029
0.104217
0.108843
0.110218
0.102952
0.0921875
0.0807205
0.0732524
0.0724616
0.0765163
0.0796512
0.0806248
0.0825275
0.0885601
0.105783
0.122438
0.139149
0.157412
0.169245
0.166404
0.142853
0.134365
0.12366
0.106717
0.095028
0.0912774
0.0917449
0.0916331
0.0968963
0.118072
0.147917
0.16432
0.163744
0.168066
0.16708
0.133244
0.0904305
0.0775402
0.0759048
0.0785182
0.0924951
0.125029
0.140477
0.133355
0.0785353
0.0368524
0.0266605
0.0297628
0.0365125
0.0498516
0.258632
0.0939475
0.0548399
0.0442358
0.0421675
0.0422015
0.042987
0.0449281
0.0481507
0.0490259
0.0482294
0.0447581
0.0387599
0.0339358
0.0322336
0.0328223
0.0362623
0.0480175
0.0656939
0.0678425
0.0646628
0.0557973
0.0427683
0.0317423
0.0271168
0.0285682
0.0362432
0.0714767
0.183665
0.203892
0.174341
0.129703
0.115823
0.114274
0.122723
0.127152
0.128956
0.123797
0.114686
0.105239
0.0979034
0.0919939
0.0918583
0.101072
0.119774
0.131397
0.135659
0.136194
0.139208
0.150019
0.1893
0.183051
0.360452
0.8028
0.826179
0.451033
0.280497
0.206156
0.162586
0.129156
0.114264
0.106484
0.104186
0.103842
0.106814
0.112034
0.114815
0.121265
0.130152
0.138241
0.149566
0.158867
0.167308
0.1767
0.17978
0.183165
0.186341
0.186965
0.186783
0.181877
0.1771
0.170665
0.165911
0.160232
0.155004
0.150899
0.143435
0.135768
0.132383
0.130803
0.122909
0.109981
0.0989685
0.088773
0.0778465
0.0660741
0.0566132
0.0522824
0.0519747
0.0544914
0.0558618
0.0547969
0.0493622
0.0436269
0.0361084
0.028726
0.0227673
0.0176755
0.0145554
0.014068
0.0147435
0.0188719
0.034515
0.0764368
0.115558
0.139635
0.144537
0.141833
0.130228
0.0975749
0.0779747
0.0796992
0.144276
0.197836
0.19782
0.145034
0.09864
0.0767441
0.0640821
0.0596976
0.0592728
0.0573825
0.054572
0.0566229
0.0671176
0.106724
0.213373
0.238174
0.16085
0.115438
0.105505
0.102702
0.0984151
0.0926466
0.0885158
0.0808519
0.0779133
0.0782076
0.0814402
0.0845847
0.0873309
0.0900341
0.0988462
0.105526
0.103773
0.0961799
0.0833921
0.0705577
0.0636999
0.0618522
0.064908
0.0663745
0.0660142
0.067188
0.0769586
0.0880318
0.0922225
0.0939833
0.0951362
0.10088
0.102485
0.103752
0.106178
0.111634
0.105604
0.0861185
0.0786544
0.0787497
0.0830677
0.0919251
0.113986
0.146671
0.157883
0.157952
0.166598
0.167504
0.134486
0.0905054
0.0800296
0.0821662
0.107206
0.135252
0.138515
0.110796
0.0540225
0.0270383
0.0207643
0.0225123
0.0334609
0.0598683
0.23989
0.0827233
0.050928
0.0430432
0.0420548
0.0422147
0.0426273
0.0446262
0.0494017
0.0530581
0.0553607
0.052387
0.0484323
0.0418623
0.0357392
0.0344056
0.0364433
0.0431441
0.0567853
0.0597123
0.0579795
0.0520479
0.0406025
0.031321
0.0294365
0.0326892
0.0488337
0.146658
0.192363
0.173669
0.115386
0.0989245
0.095726
0.103875
0.11633
0.125044
0.129663
0.128078
0.117415
0.104918
0.0965521
0.0877584
0.0842007
0.0843857
0.0915893
0.106211
0.116666
0.121754
0.130258
0.148164
0.171459
0.197581
0.581708
0.754176
0.571807
0.279003
0.184722
0.143505
0.119182
0.106026
0.10148
0.100235
0.100123
0.102531
0.104226
0.1136
0.118598
0.124396
0.134562
0.145947
0.154416
0.168334
0.180133
0.186427
0.192818
0.194147
0.196253
0.194876
0.194003
0.188874
0.18254
0.17555
0.16997
0.163472
0.157945
0.153996
0.150206
0.143963
0.134632
0.131505
0.124545
0.109393
0.0979562
0.0868143
0.0751195
0.0624317
0.0504914
0.0403249
0.0322659
0.0269229
0.0236736
0.0213748
0.0190318
0.0172772
0.0153585
0.0134279
0.0120825
0.0114153
0.0115505
0.0132124
0.0196277
0.042966
0.114336
0.185196
0.230353
0.254958
0.263124
0.258505
0.243716
0.216225
0.145459
0.102407
0.101748
0.162844
0.199838
0.187846
0.123803
0.0851772
0.0669098
0.0591566
0.0554635
0.0526376
0.0478387
0.0459363
0.0502748
0.077623
0.162016
0.188169
0.141938
0.101698
0.0914976
0.0913336
0.0939042
0.0952524
0.0924653
0.0801914
0.0765875
0.0762195
0.076273
0.0752646
0.0741249
0.0715756
0.0734427
0.0831027
0.0893756
0.0920662
0.0873891
0.0755557
0.0640959
0.0576831
0.0554701
0.0583314
0.058144
0.0569059
0.0601027
0.0702562
0.0707468
0.0709314
0.0748811
0.075067
0.0730671
0.0633399
0.0586546
0.0582296
0.0577966
0.0573897
0.0588675
0.065633
0.0733047
0.0804121
0.0952174
0.1317
0.149626
0.149545
0.150511
0.156064
0.154096
0.125799
0.104479
0.110766
0.136118
0.140119
0.126759
0.0766238
0.0371685
0.0206372
0.0172526
0.0189591
0.0305441
0.0728747
0.211128
0.0794558
0.0489847
0.0419784
0.0404679
0.03996
0.0398132
0.0406898
0.0442113
0.0482982
0.0502731
0.0506517
0.0500386
0.0474578
0.043833
0.0394507
0.0403899
0.0464895
0.0585613
0.0596837
0.0564771
0.0489953
0.0386824
0.0326642
0.0326036
0.0405854
0.0860409
0.161336
0.170167
0.111447
0.0872736
0.0830426
0.0887264
0.102611
0.112905
0.128894
0.142415
0.148889
0.148127
0.124443
0.102959
0.0939201
0.0854167
0.0835925
0.0856485
0.097542
0.112911
0.123241
0.133642
0.152478
0.173359
0.343222
0.595575
0.642192
0.344277
0.190164
0.138548
0.115766
0.103556
0.0974888
0.0960895
0.0961569
0.0968682
0.101684
0.104296
0.110901
0.114928
0.123805
0.131853
0.139373
0.153078
0.159413
0.174964
0.181983
0.191632
0.191699
0.193053
0.192087
0.188315
0.182175
0.171624
0.165138
0.159878
0.155747
0.149895
0.147053
0.147216
0.145324
0.138936
0.131979
0.124965
0.10752
0.0918961
0.0828449
0.0726116
0.0603831
0.0485749
0.0377223
0.0284771
0.021218
0.0159458
0.0126509
0.0106215
0.00975881
0.00971413
0.00985751
0.0103735
0.0117251
0.0140629
0.0202311
0.0430994
0.13064
0.221098
0.27186
0.295468
0.299952
0.296823
0.288031
0.267693
0.254074
0.239627
0.170534
0.129467
0.134396
0.190196
0.201593
0.163607
0.103981
0.0752738
0.0615949
0.0547194
0.0506921
0.0472212
0.0451036
0.0460784
0.0608866
0.120311
0.144085
0.121162
0.0913962
0.0832071
0.0885376
0.0973423
0.101352
0.0909196
0.0770128
0.0708435
0.0689156
0.0713925
0.0728952
0.0729099
0.0688612
0.0665597
0.0715688
0.0803464
0.0815042
0.0820746
0.0785896
0.0696527
0.059496
0.0524255
0.0513039
0.0532721
0.0521899
0.0512114
0.0561977
0.0601186
0.0585038
0.057862
0.0592119
0.0573331
0.0516008
0.046103
0.0429921
0.0423348
0.0429217
0.0487304
0.0599449
0.0687533
0.0765144
0.0884617
0.122812
0.155389
0.156931
0.147821
0.144633
0.143089
0.123174
0.111496
0.119404
0.147619
0.148455
0.11761
0.0575427
0.027402
0.0185461
0.0171524
0.0186756
0.0308237
0.0867855
0.190524
0.0833561
0.0466068
0.0375797
0.0355811
0.0352071
0.0353467
0.0361142
0.038527
0.040831
0.0420629
0.0443366
0.0478232
0.0493001
0.0494707
0.0491068
0.0514644
0.057689
0.0647451
0.0632011
0.058401
0.0505733
0.0420443
0.037413
0.0365172
0.0442624
0.101358
0.154302
0.127016
0.0832368
0.0744386
0.0744664
0.0861804
0.0937151
0.0994385
0.115012
0.13409
0.153982
0.162253
0.160837
0.128936
0.109576
0.100718
0.0968205
0.0966219
0.104355
0.118912
0.131847
0.144613
0.167982
0.236866
0.443529
0.553757
0.452346
0.223676
0.142631
0.114396
0.102526
0.0971721
0.094865
0.0946001
0.0949601
0.0962112
0.0994995
0.103048
0.106002
0.111339
0.117873
0.125977
0.130375
0.140776
0.146435
0.155513
0.162539
0.165872
0.169688
0.169514
0.167609
0.160424
0.152768
0.143894
0.136396
0.131531
0.133064
0.134998
0.136875
0.142007
0.14348
0.142566
0.137039
0.127309
0.107733
0.0869585
0.0764112
0.0677637
0.0565811
0.0461828
0.0363818
0.0276905
0.0200732
0.0142334
0.0105903
0.00899325
0.00860766
0.00881335
0.0108516
0.0123735
0.0143561
0.019594
0.0371378
0.117006
0.215531
0.272342
0.302426
0.316544
0.318067
0.306722
0.290543
0.273367
0.25586
0.248302
0.238918
0.177124
0.152219
0.170662
0.205844
0.197754
0.132427
0.0899727
0.0676474
0.0558444
0.0494498
0.046735
0.0461313
0.0468892
0.0557254
0.0965387
0.114629
0.101509
0.0816181
0.0804269
0.0919561
0.102512
0.0982439
0.0806681
0.0696484
0.0650676
0.0645333
0.0689486
0.0724342
0.0744086
0.0704819
0.0656387
0.0679124
0.0760885
0.0788312
0.0778668
0.0747654
0.070482
0.0633511
0.0538798
0.0489931
0.0494744
0.0501409
0.0477944
0.0473225
0.0486099
0.0477442
0.0446434
0.0450117
0.0459725
0.0445906
0.0410749
0.0392714
0.0386173
0.0388113
0.0444025
0.0597295
0.0687873
0.0754505
0.0881032
0.117165
0.151189
0.157547
0.151652
0.149213
0.147048
0.126115
0.113216
0.119845
0.145716
0.142526
0.094123
0.0426468
0.0243446
0.0187961
0.017558
0.0197292
0.0321807
0.116404
0.171533
0.0860557
0.0456667
0.0350701
0.0319945
0.0318185
0.0325123
0.0339959
0.0362704
0.0380634
0.0398335
0.0440188
0.0481498
0.0520388
0.0550877
0.0588044
0.0632987
0.0668819
0.0690054
0.0641448
0.0583659
0.0487594
0.0402518
0.0359155
0.0357609
0.0475009
0.108781
0.138261
0.0971832
0.0702542
0.0669675
0.0718376
0.0788541
0.0782589
0.0761063
0.0762224
0.0867831
0.123338
0.163691
0.173451
0.169235
0.133147
0.116638
0.112609
0.113606
0.125531
0.13881
0.157182
0.18153
0.227388
0.324392
0.422862
0.446227
0.305135
0.167091
0.121971
0.103694
0.0963551
0.0943312
0.0940243
0.0949329
0.0951497
0.0969061
0.0993348
0.102913
0.104474
0.112715
0.115139
0.123225
0.129369
0.134269
0.137879
0.140125
0.140534
0.14013
0.137902
0.135084
0.131282
0.121738
0.112486
0.108142
0.10636
0.107416
0.116616
0.127832
0.133445
0.140446
0.14498
0.14497
0.141242
0.129362
0.109135
0.0857213
0.0740059
0.0664356
0.0547824
0.0439115
0.0355952
0.027657
0.0200666
0.0139659
0.0102526
0.00891196
0.00896935
0.011324
0.0134737
0.0137654
0.0149248
0.0233197
0.0731881
0.181725
0.261425
0.307238
0.321911
0.325019
0.323193
0.305611
0.273887
0.261157
0.248196
0.24001
0.239327
0.228427
0.177513
0.173292
0.201867
0.210812
0.173282
0.105492
0.0763791
0.0595594
0.0499744
0.044916
0.0452334
0.0468722
0.0534849
0.0776664
0.0916396
0.0848056
0.076894
0.0819475
0.101232
0.100839
0.0850845
0.0733641
0.0665168
0.0634577
0.0631184
0.0646988
0.0701997
0.0746903
0.0742888
0.0679726
0.0673651
0.0718285
0.0759142
0.0762605
0.0715156
0.0653156
0.0616303
0.0548077
0.0491777
0.0468105
0.0454125
0.0431405
0.0427566
0.0432737
0.0421612
0.038516
0.0378887
0.0394028
0.0401763
0.0389569
0.0375306
0.0372184
0.0373136
0.0403524
0.0523799
0.0680547
0.0774026
0.0837256
0.108599
0.148445
0.162072
0.160966
0.17279
0.173726
0.139484
0.114973
0.119378
0.138001
0.134026
0.0789871
0.0380096
0.0234322
0.0209955
0.0204404
0.0236637
0.0402909
0.14009
0.153905
0.0916159
0.0463519
0.0344029
0.0295169
0.0280507
0.0279457
0.0292818
0.0318322
0.0342593
0.0374193
0.0420616
0.0472081
0.0514266
0.0553447
0.0594396
0.0630893
0.0647576
0.0630357
0.056125
0.049634
0.0414974
0.0365397
0.0347514
0.03617
0.0536714
0.105384
0.119179
0.0799836
0.0637978
0.0621741
0.0681209
0.0701234
0.0648094
0.0533817
0.047821
0.0491428
0.0640435
0.113891
0.168506
0.183979
0.179823
0.140026
0.122317
0.119864
0.130578
0.149305
0.172734
0.205184
0.25348
0.31775
0.352592
0.333141
0.21916
0.140281
0.112572
0.100572
0.0963326
0.0942978
0.0944264
0.0964013
0.0961891
0.0992059
0.100972
0.106603
0.110081
0.118279
0.124303
0.131402
0.135725
0.13773
0.136378
0.130774
0.128484
0.125323
0.115471
0.106795
0.102657
0.0967309
0.0923713
0.0925817
0.0949457
0.0990511
0.112363
0.126568
0.13509
0.145517
0.152481
0.152996
0.144959
0.128126
0.105802
0.0805949
0.068347
0.0636945
0.0538734
0.0432448
0.035781
0.0286531
0.0206094
0.0139615
0.010733
0.0102757
0.0121208
0.0136824
0.0127273
0.0124185
0.0155743
0.0359135
0.123171
0.216972
0.283406
0.324106
0.338986
0.336898
0.324486
0.294807
0.249352
0.220777
0.214212
0.213444
0.218114
0.224336
0.209847
0.186951
0.197386
0.219414
0.20826
0.133607
0.0840856
0.0646537
0.0524848
0.0452598
0.0438419
0.0448943
0.047281
0.0590128
0.0718027
0.0720332
0.0753697
0.0910883
0.10191
0.090784
0.0745359
0.0705848
0.0655843
0.0630951
0.0625506
0.0627709
0.0656501
0.0717474
0.0747756
0.073485
0.0693551
0.0715261
0.0737579
0.0733764
0.0702635
0.0636197
0.0595933
0.0535463
0.0486226
0.0460385
0.0434464
0.0408623
0.040418
0.0402816
0.0382981
0.0364694
0.0362931
0.0371871
0.0382907
0.0380649
0.0377291
0.0381701
0.0430944
0.0513716
0.059638
0.067952
0.0778777
0.0853181
0.0981359
0.138618
0.166733
0.170648
0.182676
0.187201
0.162156
0.121848
0.122443
0.13407
0.126365
0.0712336
0.032257
0.0228134
0.020399
0.0240276
0.0333711
0.0427807
0.169825
0.149535
0.111316
0.0531709
0.0363495
0.0294224
0.0265447
0.0254001
0.0250202
0.0250063
0.0255224
0.0272219
0.030452
0.0354302
0.0397207
0.0440336
0.0470293
0.0480659
0.0477741
0.0443586
0.0428751
0.0401175
0.0380278
0.0359361
0.0352671
0.0397225
0.0658913
0.0974664
0.101678
0.0682682
0.0580807
0.0579742
0.0631766
0.0630942
0.0542774
0.0420281
0.0385265
0.0411572
0.0481171
0.0637307
0.0978887
0.168084
0.195708
0.191102
0.153679
0.132828
0.128859
0.14152
0.165271
0.199157
0.24136
0.273975
0.284595
0.256154
0.167628
0.125958
0.109425
0.101073
0.0980192
0.0953114
0.095517
0.0983379
0.0989052
0.102193
0.10602
0.112618
0.119479
0.127963
0.138832
0.146885
0.149075
0.148608
0.141813
0.125702
0.116637
0.11034
0.100003
0.0928878
0.0917114
0.0912174
0.0893903
0.0904077
0.0950095
0.101586
0.117546
0.13915
0.152524
0.1622
0.163282
0.159386
0.144824
0.120433
0.0942252
0.0688148
0.0571622
0.0546462
0.050595
0.0422568
0.0370536
0.0297517
0.0204587
0.0142304
0.012648
0.0138499
0.0148811
0.0126945
0.0109241
0.0117534
0.0190846
0.0598258
0.161751
0.251999
0.311477
0.335928
0.35088
0.352592
0.326408
0.279176
0.237527
0.198668
0.184958
0.183615
0.185181
0.203386
0.208007
0.197216
0.197673
0.224503
0.22641
0.17435
0.0986762
0.0700399
0.0591352
0.0503164
0.0443539
0.0421715
0.0425534
0.0474896
0.0591196
0.0651271
0.0773718
0.0924787
0.0944834
0.0786088
0.071216
0.0692683
0.0647119
0.0640241
0.0625849
0.062353
0.0643922
0.0676326
0.0740548
0.0747587
0.0725037
0.0724962
0.0734646
0.0722688
0.0672985
0.0626544
0.0595818
0.0539427
0.0477116
0.044309
0.0419239
0.0403845
0.040316
0.0399523
0.0373105
0.0362765
0.0365359
0.0386253
0.0428894
0.0445821
0.0449408
0.0464874
0.0559832
0.0698091
0.0776019
0.0810519
0.0873462
0.095128
0.101949
0.11932
0.156794
0.167447
0.18172
0.190082
0.18084
0.14987
0.134596
0.137137
0.113319
0.0584004
0.0303534
0.0205591
0.0200547
0.0232905
0.0467886
0.0610289
0.257381
0.15707
0.149604
0.0682234
0.050152
0.0426142
0.0342316
0.0306561
0.027079
0.025815
0.0253102
0.0251241
0.0261162
0.028959
0.0312882
0.0346892
0.0391351
0.0416408
0.0444527
0.0455069
0.0467412
0.0468392
0.0455752
0.0419492
0.0412733
0.0502898
0.0709693
0.0869855
0.0881501
0.0620448
0.0554675
0.0551476
0.0598585
0.0572614
0.047642
0.039243
0.0364575
0.0399871
0.0463858
0.0562849
0.0717088
0.0978273
0.166898
0.202901
0.20427
0.18104
0.154162
0.148981
0.15901
0.180613
0.210871
0.232578
0.239948
0.217963
0.15817
0.125694
0.110196
0.103066
0.102129
0.0992995
0.0989807
0.100969
0.1024
0.105033
0.108969
0.11472
0.125152
0.136478
0.147926
0.153874
0.153844
0.151148
0.142379
0.122059
0.102684
0.0968716
0.0940905
0.0898817
0.0895863
0.0920389
0.0942782
0.100084
0.113497
0.131866
0.153621
0.170144
0.174652
0.172985
0.168801
0.160558
0.134592
0.105504
0.0787911
0.0566236
0.048785
0.0471346
0.0436013
0.0398267
0.0375251
0.0307756
0.0201072
0.0153182
0.0155389
0.0169992
0.0143845
0.0111177
0.0109795
0.0135517
0.027851
0.0902834
0.17751
0.262223
0.333326
0.36574
0.369973
0.368106
0.330835
0.260665
0.217874
0.179746
0.161545
0.160942
0.16208
0.172849
0.195403
0.19715
0.198322
0.221272
0.239004
0.218702
0.125054
0.079209
0.0662191
0.0563832
0.0461142
0.0417796
0.0407412
0.0432429
0.0535647
0.0632653
0.0784221
0.0881116
0.0851893
0.0745181
0.0695153
0.0656227
0.0620404
0.0624504
0.0622515
0.0620073
0.0641194
0.0672859
0.0733211
0.0747864
0.0754181
0.0741915
0.0735953
0.0716805
0.0661242
0.062242
0.0603037
0.0542665
0.0479282
0.0435348
0.0412977
0.0410714
0.0410846
0.0404144
0.0374049
0.0372165
0.0389692
0.0475283
0.0556091
0.0629513
0.0706891
0.0785025
0.0868772
0.0949702
0.0973939
0.0970016
0.097214
0.101725
0.109576
0.11819
0.14282
0.161097
0.171929
0.186246
0.18101
0.173537
0.164069
0.14772
0.112958
0.0551866
0.0290312
0.020638
0.0199662
0.0248308
0.0451916
0.0629021
0.258841
0.150985
0.172718
0.110729
0.100292
0.100174
0.0823323
0.0736115
0.0571658
0.0481989
0.0427535
0.0382711
0.0367712
0.0363864
0.0371428
0.04005
0.0455811
0.0504229
0.0568119
0.062783
0.0659703
0.067324
0.0655155
0.0587734
0.0563247
0.0581272
0.073336
0.080797
0.0806946
0.0595607
0.0530471
0.0511734
0.0534322
0.0513593
0.0452461
0.0401288
0.0390132
0.0435611
0.0527719
0.0597141
0.0700026
0.0820034
0.100778
0.147947
0.208301
0.226055
0.210099
0.178931
0.168757
0.180402
0.201203
0.218929
0.225678
0.210778
0.163268
0.130615
0.113715
0.107314
0.106709
0.104783
0.104899
0.105119
0.105579
0.106975
0.109905
0.116981
0.131098
0.143403
0.15226
0.155436
0.154577
0.146487
0.125325
0.107033
0.0943996
0.091348
0.092026
0.0922239
0.094097
0.10429
0.115492
0.134464
0.16339
0.176995
0.183707
0.184482
0.18254
0.175707
0.167229
0.150776
0.109479
0.0790307
0.0562953
0.0427748
0.0420055
0.0427905
0.0407567
0.0374783
0.0364651
0.0317003
0.0204024
0.0173389
0.0186691
0.0177693
0.0124568
0.0111955
0.0117234
0.0180228
0.0466217
0.109213
0.190156
0.276981
0.345569
0.382479
0.389251
0.380151
0.327121
0.239536
0.1882
0.156267
0.140189
0.139678
0.142287
0.14758
0.171449
0.190559
0.195523
0.214978
0.247159
0.242154
0.17045
0.098465
0.075199
0.0621637
0.0497657
0.0425073
0.0405799
0.0425884
0.0520292
0.0628306
0.0785429
0.0838917
0.0821749
0.0750721
0.0691813
0.0635097
0.0601002
0.0604619
0.0608809
0.0620254
0.0655064
0.0692779
0.0736574
0.0752621
0.0772239
0.0757724
0.074637
0.0713946
0.0643982
0.0621623
0.0602731
0.0556307
0.0498612
0.043923
0.0425655
0.0427899
0.0430009
0.0411247
0.0392881
0.0401722
0.0457575
0.0645311
0.0887836
0.103822
0.108575
0.108614
0.107937
0.10721
0.106434
0.101618
0.100003
0.104661
0.111892
0.118416
0.133963
0.160935
0.168554
0.171798
0.17594
0.170504
0.176341
0.168691
0.118756
0.0580449
0.0283588
0.0223263
0.0217733
0.0268892
0.0537652
0.0585252
0.344966
0.164015
0.183262
0.184954
0.213952
0.239525
0.247442
0.225449
0.192911
0.160069
0.134107
0.107281
0.0876742
0.0774803
0.070848
0.0691449
0.0714376
0.0769029
0.0841604
0.0919205
0.0971066
0.101617
0.102489
0.0945053
0.0811435
0.0758981
0.0787876
0.0832594
0.0820682
0.0611203
0.0535082
0.049751
0.0481777
0.0458746
0.041496
0.0415895
0.0441512
0.0482919
0.0552329
0.0611832
0.0715458
0.0817042
0.0930902
0.10606
0.13107
0.207831
0.23943
0.24023
0.204226
0.194877
0.201219
0.213662
0.21945
0.212795
0.182401
0.150501
0.126054
0.116518
0.113616
0.109466
0.108011
0.107699
0.107993
0.109434
0.112665
0.121888
0.142979
0.153197
0.154945
0.154478
0.149958
0.126691
0.104271
0.097945
0.0918348
0.0913489
0.0958381
0.10444
0.116631
0.144231
0.167486
0.180428
0.18921
0.190996
0.190015
0.187506
0.181414
0.164389
0.146265
0.1101
0.0693815
0.0461718
0.0350627
0.031867
0.0343239
0.0385989
0.0373735
0.0359573
0.0356511
0.0312578
0.0214302
0.0198671
0.0204843
0.0166292
0.0119849
0.011056
0.0129114
0.0287883
0.0658897
0.110804
0.184028
0.287712
0.376073
0.410958
0.415566
0.395436
0.316701
0.230074
0.169027
0.136688
0.120655
0.119041
0.121737
0.127854
0.145416
0.17631
0.18847
0.204821
0.247267
0.254536
0.214838
0.133265
0.0908287
0.0754988
0.0576261
0.0454745
0.042897
0.0445107
0.0531496
0.0668589
0.0795823
0.0831896
0.080864
0.075576
0.0689522
0.0622869
0.0567918
0.0543444
0.0545357
0.0596934
0.0669264
0.072498
0.0751671
0.0776089
0.0790519
0.0766773
0.0750807
0.0693667
0.0639493
0.0620419
0.0591317
0.0573421
0.0517964
0.046374
0.0436921
0.0435928
0.0438518
0.041138
0.040614
0.0438995
0.0623243
0.0899361
0.108203
0.116033
0.116431
0.114335
0.110534
0.108645
0.106286
0.0995277
0.0982066
0.099688
0.108491
0.11267
0.13384
0.157503
0.167602
0.160889
0.160655
0.165974
0.172401
0.175624
0.126638
0.0604337
0.033644
0.0245457
0.026636
0.0353386
0.0556768
0.0663332
0.364481
0.200128
0.17399
0.185618
0.217966
0.275604
0.320647
0.334773
0.339691
0.319382
0.30759
0.295528
0.266724
0.238919
0.209245
0.187946
0.179518
0.176171
0.176881
0.17891
0.180948
0.182168
0.183066
0.173449
0.15329
0.118369
0.101812
0.0943978
0.0893907
0.0688017
0.0569276
0.0508294
0.048008
0.0456154
0.0436097
0.0440573
0.0462816
0.0486074
0.0532544
0.0581229
0.0677101
0.0794182
0.0941741
0.104192
0.114569
0.129365
0.156518
0.237371
0.264266
0.251263
0.222672
0.217022
0.215869
0.212748
0.195969
0.172508
0.146048
0.129578
0.121655
0.115622
0.113237
0.113226
0.114011
0.11731
0.125835
0.143707
0.156353
0.159064
0.156637
0.148075
0.124315
0.105521
0.0964624
0.0955258
0.0973295
0.102881
0.12124
0.149408
0.167269
0.18228
0.189636
0.192489
0.1933
0.191482
0.183071
0.168791
0.154042
0.121126
0.0822156
0.0515539
0.0331505
0.0263947
0.0247531
0.0253006
0.0303908
0.0337909
0.033294
0.0338445
0.0340283
0.030023
0.0229485
0.0219214
0.0208404
0.0149091
0.0112836
0.0109325
0.0159541
0.0440658
0.0714677
0.105797
0.178226
0.296923
0.405911
0.441182
0.442097
0.408802
0.302701
0.214284
0.153605
0.126407
0.111488
0.108791
0.110184
0.114531
0.122506
0.155124
0.176708
0.192042
0.23867
0.262133
0.247982
0.166523
0.117043
0.0916925
0.0788092
0.0624948
0.0584068
0.0596717
0.0649805
0.0762873
0.0825156
0.083612
0.0780401
0.0737427
0.067642
0.0606646
0.0547389
0.0521132
0.052142
0.05655
0.0667631
0.0730649
0.075958
0.0785037
0.0795833
0.0784637
0.0756531
0.0678126
0.0637098
0.0607957
0.0606005
0.0588381
0.0540928
0.0481788
0.0440215
0.0439058
0.0438152
0.0419354
0.0423399
0.0515221
0.0795925
0.0998981
0.111724
0.114258
0.113674
0.109483
0.105298
0.103444
0.100521
0.094643
0.0941452
0.0956468
0.103436
0.107073
0.128333
0.15856
0.159374
0.157449
0.154001
0.160912
0.168219
0.169443
0.142618
0.0645785
0.0381081
0.0333627
0.0305426
0.0396098
0.053385
0.0633432
0.406545
0.24343
0.152694
0.163315
0.179275
0.1768
0.164387
0.171515
0.216197
0.276599
0.304639
0.324596
0.334303
0.334108
0.326837
0.309941
0.292628
0.272946
0.264577
0.2469
0.238143
0.226214
0.229045
0.233006
0.237746
0.235382
0.171194
0.136247
0.116773
0.092141
0.0735612
0.0615745
0.0543982
0.0497436
0.0474317
0.0462796
0.0470482
0.0493134
0.0543704
0.0619114
0.0719546
0.0802813
0.0903315
0.101106
0.116806
0.12663
0.13483
0.151478
0.198105
0.249388
0.260707
0.254672
0.240357
0.224388
0.208414
0.188789
0.167197
0.14948
0.137521
0.131129
0.130821
0.132401
0.136053
0.14889
0.159387
0.161221
0.160283
0.156741
0.142111
0.118214
0.107326
0.0992931
0.0995062
0.105153
0.122254
0.146133
0.168736
0.182081
0.185846
0.1905
0.190333
0.186029
0.174524
0.163122
0.136078
0.106328
0.075344
0.0473596
0.0306394
0.0226754
0.0186895
0.0186712
0.0197245
0.0220039
0.028489
0.0308885
0.0311117
0.0315274
0.0313606
0.0283151
0.0245933
0.0232124
0.0192511
0.0130502
0.0108312
0.0111434
0.0216036
0.0524645
0.0733477
0.105435
0.18807
0.321599
0.437835
0.472727
0.467197
0.416672
0.296035
0.203049
0.140752
0.111969
0.101924
0.10041
0.101875
0.1066
0.111863
0.132648
0.161627
0.178366
0.222556
0.259098
0.259731
0.207472
0.141302
0.111594
0.0971067
0.0865101
0.0774361
0.0776364
0.078995
0.0830626
0.0841407
0.0838882
0.0782013
0.0715644
0.0658414
0.0590848
0.0537638
0.0516705
0.0516799
0.0539965
0.0652449
0.0730492
0.0784514
0.0804273
0.0810536
0.0804435
0.0760964
0.0681379
0.0639858
0.0612628
0.0614306
0.0594012
0.0564326
0.0500721
0.0446248
0.0436285
0.0422698
0.0415761
0.0430857
0.0603478
0.0861432
0.103186
0.108088
0.108313
0.106162
0.102491
0.10016
0.0987083
0.0931777
0.0886695
0.088319
0.0928336
0.0977361
0.104083
0.121162
0.156174
0.15249
0.149884
0.151035
0.15283
0.163742
0.161659
0.139447
0.0774445
0.0422827
0.0374492
0.0376507
0.0413056
0.0535226
0.077155
0.591729
0.240527
0.163625
0.139343
0.121983
0.104211
0.0872765
0.0827999
0.0841219
0.0894121
0.102476
0.121953
0.149214
0.16868
0.191928
0.202649
0.213365
0.212328
0.208819
0.199637
0.192132
0.193054
0.198994
0.217662
0.245913
0.292759
0.283086
0.259482
0.191525
0.152021
0.120887
0.100768
0.0860843
0.077881
0.0730377
0.0741353
0.0783598
0.0875073
0.100747
0.117637
0.136217
0.152408
0.162604
0.166243
0.165278
0.160589
0.153528
0.144388
0.142273
0.151734
0.193414
0.233492
0.241066
0.238605
0.232818
0.220461
0.205296
0.192679
0.180034
0.172051
0.171189
0.169188
0.167176
0.166778
0.165546
0.160576
0.144476
0.127838
0.114279
0.105874
0.106305
0.111768
0.124659
0.154791
0.173495
0.178728
0.18442
0.185383
0.182412
0.173139
0.161029
0.135944
0.103834
0.077524
0.0507839
0.0334871
0.0237961
0.0176618
0.0138829
0.0136752
0.0141301
0.0155272
0.0181464
0.020949
0.0264071
0.0295504
0.0300497
0.0297029
0.0290117
0.0268327
0.0250366
0.0237157
0.0188257
0.0128843
0.0112211
0.0122437
0.0279536
0.0548253
0.0728487
0.102958
0.181106
0.341933
0.463
0.496557
0.489424
0.422668
0.284676
0.190087
0.133053
0.105544
0.0950081
0.0926249
0.0938057
0.100417
0.105443
0.115729
0.146686
0.163889
0.200108
0.249361
0.258865
0.240015
0.164571
0.124914
0.10715
0.100153
0.091403
0.0900067
0.0867304
0.0863398
0.0833875
0.0825545
0.0783429
0.0719126
0.0641752
0.0579409
0.0539525
0.0523006
0.0522052
0.053835
0.0643601
0.0763874
0.0818544
0.0828032
0.0831647
0.0813801
0.0758961
0.0681729
0.0644933
0.0639945
0.0643078
0.062432
0.0590945
0.0520651
0.0453134
0.0428497
0.0419078
0.0412495
0.0435787
0.0649632
0.0900836
0.102641
0.106742
0.105925
0.102269
0.0995626
0.0976447
0.0931684
0.0824987
0.0778937
0.0775937
0.0832907
0.0890932
0.0970145
0.118224
0.144782
0.151358
0.148098
0.151587
0.151534
0.149459
0.151095
0.130956
0.0787874
0.0487288
0.0392369
0.0428675
0.0485077
0.0556259
0.0795271
0.666526
0.30082
0.221908
0.165133
0.133113
0.111788
0.097358
0.0926986
0.0929721
0.0933536
0.0948276
0.0976762
0.104736
0.111021
0.122113
0.134251
0.142136
0.154312
0.159051
0.169494
0.175572
0.18984
0.199099
0.218946
0.232804
0.262822
0.290162
0.344882
0.344098
0.323906
0.282215
0.243555
0.213743
0.195401
0.189694
0.193168
0.202767
0.220669
0.246873
0.271323
0.300637
0.326474
0.350049
0.363636
0.36737
0.363695
0.348869
0.311408
0.260135
0.196618
0.170685
0.170075
0.178966
0.189991
0.198055
0.199508
0.197155
0.192037
0.184073
0.175515
0.170774
0.167184
0.162318
0.148526
0.137937
0.128349
0.117066
0.113818
0.115288
0.123246
0.142735
0.167315
0.179086
0.184327
0.185
0.18243
0.174157
0.161419
0.135318
0.10119
0.0714864
0.0469951
0.0303386
0.0214711
0.0155776
0.0121213
0.0106792
0.0101933
0.0104607
0.0116985
0.0129568
0.0149502
0.0181184
0.020437
0.0254429
0.0285386
0.0287383
0.0283956
0.0279505
0.0265353
0.0247686
0.023706
0.0191008
0.013503
0.012218
0.0137228
0.0311223
0.0551879
0.071417
0.0957702
0.153074
0.33056
0.483862
0.524538
0.514365
0.427114
0.276253
0.177576
0.123974
0.099251
0.091074
0.0878579
0.0880078
0.0923392
0.0983773
0.105652
0.13181
0.151245
0.17981
0.230555
0.254431
0.249451
0.201425
0.143986
0.114966
0.10668
0.0970682
0.095319
0.091512
0.0865961
0.0813407
0.0782047
0.0759984
0.0697357
0.0618786
0.0568689
0.0549071
0.0541894
0.0541846
0.0565053
0.0692314
0.080367
0.0837226
0.0841884
0.0841956
0.0816864
0.0762537
0.0702328
0.0667587
0.0662795
0.065722
0.0635354
0.060425
0.0538279
0.0470323
0.0429217
0.0420286
0.0424401
0.0484695
0.0781803
0.100178
0.10844
0.109441
0.105697
0.0994365
0.0957243
0.0912002
0.0792821
0.0693355
0.0652145
0.0654063
0.0731004
0.0861631
0.0922187
0.117615
0.134122
0.148479
0.147735
0.152475
0.1528
0.138708
0.134429
0.121217
0.0774338
0.0529751
0.0439215
0.0444715
0.049213
0.0564092
0.0872257
0.811089
4.26883
1.53667
1.9964
1.2913
1.42998
1.51865
1.60576
1.68648
1.67744
1.6819
1.63031
1.62437
1.67355
1.8999
2.04474
2.2745
2.23471
2.23896
1.98255
1.52319
1.89914
3.63264
2.66319
2.72082
2.4283
2.18249
1.93141
1.76021
1.64309
1.61029
1.59802
1.6494
1.73111
1.96814
2.06396
2.23251
2.18253
2.10156
1.84985
1.50126
0.552855
2.53375
1.81121
2.04891
2.17637
2.17783
2.02961
1.73122
1.49503
1.37827
1.2799
1.20874
1.10981
1.12517
1.20705
1.44758
1.53066
1.5404
1.53636
1.41676
0.216973
0.910918
0.636955
0.658755
0.869365
1.23643
1.43569
1.4535
1.33678
1.23876
1.13724
0.970595
0.737254
0.637073
0.627122
0.711339
0.889494
0.949046
1.11152
1.22738
0.135148
0.34697
0.25249
0.217812
0.237766
0.319959
0.561573
0.794363
0.825494
0.826931
0.861259
0.86645
0.790949
0.579297
0.456769
0.433658
0.477833
0.515717
0.603322
0.883795
0.124043
0.183357
0.152231
0.141589
0.136397
0.138681
0.166382
0.29045
0.353263
0.367677
0.422734
0.602844
0.657059
0.608383
0.438495
0.326535
0.320076
0.321969
0.345753
0.520668
0.115239
0.131344
0.128615
0.138543
0.136627
0.117201
0.111494
0.127094
0.152151
0.153692
0.166881
0.239969
0.347428
0.341975
0.279308
0.207958
0.204012
0.207754
0.22063
0.311165
0.0945042
0.106995
0.123624
0.129728
0.132703
0.114311
0.0906998
0.0906612
0.0927424
0.0881007
0.0883697
0.102496
0.128742
0.126915
0.11312
0.0987453
0.101003
0.110712
0.126122
0.187172
0.0746656
0.0990601
0.115112
0.109101
0.101291
0.0828235
0.0637365
0.0637664
0.070011
0.0703066
0.0719989
0.0730093
0.0735667
0.0716835
0.0713405
0.068961
0.0664861
0.0666386
0.0704902
0.102885
0.0615996
0.0995805
0.115693
0.103127
0.0763336
0.0584099
0.0469923
0.0447542
0.0460684
0.0501417
0.0650629
0.070839
0.0701292
0.0648969
0.0647461
0.0644693
0.06052
0.0567658
0.0566983
0.0669795
0.0561251
0.110219
0.120049
0.101649
0.0715858
0.0554527
0.0458838
0.0405437
0.039672
0.0397306
0.0412072
0.0456947
0.0481387
0.0498536
0.0556947
0.0611145
0.0603297
0.0562455
0.0545539
0.0573375
0.0593755
0.120032
0.119819
0.0999329
0.0735063
0.0586597
0.048849
0.0403956
0.0374836
0.0358131
0.0351917
0.0354192
0.0367309
0.0443267
0.06008
0.067452
0.0663675
0.0605891
0.0569433
0.0578098
0.0747292
0.127612
0.120112
0.104932
0.0814747
0.0618548
0.0486247
0.0386909
0.0353689
0.034211
0.0337204
0.0342134
0.0382845
0.0725727
0.107776
0.112652
0.100505
0.0824559
0.0740637
0.0731751
0.113337
0.14369
0.12525
0.114842
0.0963953
0.0719526
0.0552981
0.0435479
0.0395598
0.0391309
0.0395819
0.0429923
0.0655505
0.196973
0.260593
0.257316
0.192659
0.149482
0.139526
0.147236
0.161269
0.156053
0.152058
0.154816
0.148242
0.120891
0.0793297
0.0577442
0.0577294
0.068412
0.080016
0.109742
0.236647
0.613091
0.674484
0.606791
0.367218
0.311473
0.316493
0.40174
0.172991
0.182336
0.285579
0.37862
0.377298
0.314162
0.179899
0.154513
0.196288
0.279812
0.339428
0.478614
0.993033
1.45214
1.39396
0.9591
0.63808
0.638225
0.745861
1.00879
0.18595
0.366869
1.00012
1.30558
1.27809
1.01343
0.784342
0.801315
1.06249
1.22454
1.36082
1.74643
2.35132
2.34957
1.89577
1.25912
1.15719
1.29308
1.57821
1.71539
0.50959
1.99056
3.67969
3.7699
3.43553
2.86096
2.69181
2.83905
3.06978
3.05373
3.12702
3.16289
3.11961
2.77712
2.20889
1.99123
2.05303
2.23882
2.27099
2.25709
4.82315
8.17062
7.85822
6.60758
5.54746
5.10715
4.89055
4.76858
4.59032
4.37872
4.20656
3.71601
3.27617
2.93834
2.93814
2.96183
3.02603
2.90976
2.70946
2.70286
14.2922
12.7711
8.7657
6.47336
5.38297
4.96919
4.68474
4.42871
4.13899
3.91278
3.66307
3.13864
2.66438
2.41009
2.62365
2.87463
3.07005
2.87691
2.64322
2.6003
)
;

boundaryField
{
    inlet
    {
        type            fixedValue;
        value           uniform 2e-05;
    }
    outlet
    {
        type            inletOutlet;
        inletValue      uniform 0;
        value           nonuniform List<scalar> 
20
(
1.52319
1.50126
1.41676
1.22738
0.883795
0.520668
0.311165
0.187172
0.102885
0.0669795
0.0573375
0.0578098
0.0731751
0.147236
0.40174
1.00879
1.71539
2.25709
2.70286
2.6003
)
;
    }
    walls
    {
        type            fixedValue;
        value           uniform 0;
    }
    frontAndBack
    {
        type            empty;
    }
}


// ************************************************************************* //
