/*--------------------------------*- C++ -*----------------------------------*\
| =========                 |                                                 |
| \\      /  F ield         | OpenFOAM: The Open Source CFD Toolbox           |
|  \\    /   O peration     | Version:  2.4.0                                 |
|   \\  /    A nd           | Web:      www.OpenFOAM.org                      |
|    \\/     M anipulation  |                                                 |
\*---------------------------------------------------------------------------*/
FoamFile
{
    version     2.0;
    format      ascii;
    class       volScalarField;
    location    "0.29";
    object      p;
}
// * * * * * * * * * * * * * * * * * * * * * * * * * * * * * * * * * * * * * //

dimensions      [0 2 -2 0 0 0 0];

internalField   nonuniform List<scalar> 
8800
(
78.4986
66.1375
58.7396
55.2098
53.333
51.9187
50.7228
49.6325
48.5992
47.6232
46.708
45.7536
44.8778
44.0124
43.1696
42.3779
41.677
41.0247
40.4323
39.9879
75.3853
65.7838
58.9093
55.3236
53.393
51.9438
50.7295
49.6341
48.597
47.6198
46.7068
45.7507
44.8744
44.0116
43.1664
42.3743
41.6769
41.0204
40.4352
39.813
73.419
65.8593
59.5128
55.7002
53.5604
52.0217
50.7755
49.6667
48.6206
47.6369
46.718
45.7546
44.8748
44.0095
43.1622
42.3636
41.6736
41.0008
40.463
39.7265
71.882
65.9209
60.1021
56.1252
53.7438
52.1072
50.8377
49.7214
48.6687
47.676
46.7457
45.7716
44.8847
44.0118
43.1577
42.3505
41.6542
40.9679
40.4873
39.8159
70.6307
65.8919
60.5817
56.5347
53.9125
52.174
50.8846
49.776
48.7247
47.7279
46.7805
45.8006
44.8947
44.0191
43.1499
42.3402
41.6108
40.9224
40.3511
40.0736
69.6448
65.7974
60.9508
56.8846
54.0649
52.2191
50.9111
49.8175
48.7757
47.7771
46.8162
45.8314
44.9067
44.0214
43.1399
42.3268
41.5659
40.8746
40.3097
40.4939
68.8855
65.6845
61.2214
57.168
54.2049
52.2483
50.9185
49.8487
48.8171
47.8174
46.8481
45.8553
44.9153
44.0232
43.1325
42.3043
41.5319
40.8477
40.3611
40.7835
68.333
65.5869
61.4046
57.3817
54.3298
52.2691
50.9127
49.869
48.8492
47.8474
46.8714
45.8766
44.9208
44.0186
43.1238
42.2904
41.5098
40.8393
40.4134
40.9873
67.9742
65.5104
61.5218
57.526
54.4188
52.2816
50.9071
49.8794
48.8708
47.869
46.8884
45.8879
44.9236
44.0161
43.119
42.278
41.499
40.8436
40.4553
41.1334
67.7964
65.4711
61.58
57.5977
54.4629
52.2888
50.9015
49.8838
48.884
47.8776
46.8964
45.8979
44.9228
44.0108
43.1193
42.2748
41.4925
40.8504
40.4818
41.2353
67.7952
65.4691
61.5812
57.5976
54.4627
52.2892
50.9011
49.8827
48.8837
47.8775
46.8941
45.899
44.9201
44.0116
43.1207
42.2727
41.4921
40.8614
40.4945
41.2933
67.9679
65.5122
61.527
57.5238
54.4175
52.2856
50.9021
49.8774
48.8758
47.8625
46.8846
45.8985
44.9155
44.0084
43.1313
42.2773
41.4962
40.8678
40.4924
41.3001
68.3258
65.5878
61.4113
57.3797
54.3287
52.2747
50.9068
49.8662
48.8561
47.8389
46.8678
45.8897
44.9075
44.0114
43.1405
42.286
41.5068
40.8799
40.4765
41.2404
68.8755
65.6886
61.2283
57.1657
54.2015
52.2577
50.9078
49.8457
48.8286
47.8036
46.8414
45.8783
44.8966
44.0099
43.1549
42.3014
41.5243
40.899
40.4493
41.0968
69.6337
65.8018
60.9578
56.8824
54.0609
52.2293
50.8995
49.8138
48.7913
47.7581
46.811
45.8581
44.8805
44.0098
43.1695
42.3183
41.5513
40.9307
40.4326
40.8785
70.6186
65.8983
60.5894
56.532
53.9066
52.1868
50.8714
49.7694
48.746
47.7032
46.7729
45.8368
44.8643
44.0012
43.1875
42.335
41.5862
40.971
40.4529
40.593
71.8681
65.9263
60.1109
56.1234
53.7369
52.1218
50.8228
49.7134
48.6938
47.6484
46.7361
45.8142
44.8493
43.993
43.2014
42.3474
41.6237
41.0126
40.5078
40.297
73.4057
65.8635
59.5227
55.6986
53.5526
52.0361
50.7617
49.6565
48.6471
47.6089
46.7079
45.7964
44.8425
43.9881
43.2092
42.3588
41.6533
41.0442
40.5654
40.1514
75.3723
65.7858
58.9194
55.3226
53.3854
51.9574
50.7165
49.6238
48.6222
47.5932
46.697
45.7899
44.8443
43.9906
43.2127
42.3691
41.6687
41.0621
40.5588
40.0677
78.4864
66.1393
58.7493
55.2088
53.3263
51.9311
50.71
49.6238
48.6219
47.598
46.7004
45.7894
44.8491
43.9938
43.2133
42.3733
41.6741
41.0659
40.5596
40.1931
39.8745
39.4523
38.5464
37.3967
36.4494
35.9198
35.8949
36.3112
37.0492
37.9518
38.9066
39.7914
40.4833
40.9082
41.0225
40.8938
40.6793
40.467
40.2726
40.1095
39.9916
39.936
39.9547
40.0393
40.1971
40.3564
40.4589
40.4015
40.1306
39.6769
38.9683
37.9826
36.8206
35.6309
34.4005
33.2027
32.1766
31.2217
30.4354
29.8672
29.391
29.0268
28.778
28.6422
28.4661
28.5109
28.6937
28.782
29.2237
29.6683
30.0076
30.3884
30.485
30.8551
30.9684
30.9281
31.622
32.2732
33.7149
36.1113
38.804
42.5365
46.2138
49.7051
53.0232
54.9691
56.3217
56.5217
55.3974
54.1443
51.647
48.678
45.7753
41.7439
38.5019
35.5837
31.7365
29.3912
27.2409
24.0762
22.7229
21.9844
19.9621
19.2074
19.5005
18.8763
18.7089
19.5938
20.1974
20.7417
21.9549
23.4275
24.8485
26.5904
28.8455
31.338
34.1306
37.3545
40.7035
44.0685
47.4259
50.476
53.1162
55.4673
57.2821
58.5309
59.231
59.3083
58.8715
57.8222
56.2131
54.2172
51.5674
47.744
42.8563
37.4239
32.0259
27.3247
23.2275
19.6512
16.4378
13.2794
10.4092
8.16636
6.31342
5.4664
6.20987
7.87179
10.2179
13.9277
18.7212
23.5695
28.2899
33.1225
37.8133
41.9125
45.2951
48.1423
50.428
52.0444
52.9091
53.3155
53.2935
53.0043
52.716
52.5802
52.6467
52.9804
53.5195
54.3514
55.692
57.1885
58.7706
60.3027
61.6762
62.832
63.9079
64.7423
65.4163
65.978
66.3464
66.8545
67.2901
67.7215
68.0864
68.1056
68.2869
68.2816
68.027
67.4674
66.3966
64.8566
62.6552
60.0692
56.6913
52.8301
48.8932
44.5733
41.4609
37.0275
34.2355
30.426
27.1159
23.2894
18.8831
14.8828
10.5343
8.51447
8.09953
9.01499
11.1566
14.1039
17.4388
21.4179
25.772
30.0357
34.5965
39.4114
43.3519
47.1049
39.4178
39.1179
38.4873
37.5719
36.7364
36.2541
36.1767
36.5024
37.1605
37.979
38.845
39.6407
40.2725
40.6908
40.8474
40.7882
40.6001
40.3994
40.2389
40.1167
40.0158
39.9584
39.9684
40.0275
40.1459
40.2499
40.2959
40.2091
39.9262
39.4627
38.8021
37.9278
36.8455
35.7381
34.5751
33.4182
32.432
31.4843
30.7244
30.1297
29.6712
29.3556
29.045
28.9431
28.7736
28.8317
29.0017
29.0367
29.6313
29.9085
30.1703
30.7887
30.7268
31.1715
31.4257
31.29
32.3431
33.1243
34.5626
37.0319
39.2185
42.5599
45.7353
48.653
51.7541
53.3134
54.5489
54.855
53.7693
52.9675
50.7137
47.9579
45.8699
42.1911
38.9769
36.7963
33.2697
30.6594
29.3172
26.6497
24.8233
24.3229
22.8863
21.7807
21.9622
21.8481
21.5176
22.0072
22.6971
23.0934
23.8937
25.1281
26.2853
27.6873
29.6372
31.8051
34.3724
37.5234
40.7617
44.054
47.5612
50.8343
53.6702
56.2688
58.3638
59.668
60.3044
60.2953
59.6349
58.4896
56.7795
54.2443
51.0359
46.8082
41.0991
34.8674
29.258
24.3626
20.1703
16.527
12.7189
8.81641
5.62019
3.15924
1.10414
0.0247976
0.885284
2.89971
5.5614
9.6097
14.8593
20.4807
25.9055
31.2552
36.4654
41.2012
45.1135
48.4346
51.151
53.1154
54.5244
55.309
55.6234
55.6401
55.4544
55.4314
55.6748
56.0565
56.617
57.1942
58.5181
59.6567
60.9373
62.0141
63.0786
63.8463
64.5959
65.0818
65.582
65.8551
66.1612
66.2858
66.6437
66.8496
67.069
67.017
66.7796
66.5564
66.0614
65.4268
64.2463
62.652
60.6436
58.2603
55.3523
51.6164
48.7846
44.2586
41.2716
37.2122
34.1445
30.7768
27.387
23.7299
19.6801
16.2504
12.884
10.9172
10.4507
11.3042
13.1307
15.4801
18.6067
22.8286
27.0109
31.0404
35.3036
39.8163
43.1122
46.2333
39.2338
39.0504
38.6965
38.0371
37.2419
36.6823
36.5016
36.7107
37.2789
37.9952
38.7665
39.4714
40.0257
40.4282
40.6127
40.6344
40.5154
40.3519
40.2064
40.0983
40.0121
39.9514
39.936
39.9581
40.0347
40.0766
40.0775
39.9413
39.6804
39.2396
38.6089
37.863
36.8627
35.862
34.7871
33.7011
32.7651
31.8206
31.1444
30.4853
30.056
29.8077
29.3839
29.4229
29.2298
29.2067
29.564
29.4379
30.0448
30.3731
30.4407
31.2924
31.1921
31.4811
32.0988
32.0233
33.2153
34.217
35.4093
37.7197
39.5179
42.447
45.3005
47.6025
50.3975
51.5442
52.502
53.0504
51.9244
51.414
49.8216
47.1671
45.5792
42.7877
39.6618
37.9431
35.2385
32.5372
31.3301
29.5004
27.5612
26.8554
26.0643
25.0518
24.8118
24.8059
24.5465
24.6279
25.0592
25.3477
25.7322
26.4994
27.3474
28.3593
29.9705
31.9009
34.2299
37.3046
40.4926
43.7333
47.4189
51.0648
54.3302
57.1858
59.474
60.905
61.4836
61.4729
60.7931
59.4005
57.4322
54.6773
50.7177
45.665
39.629
32.8868
26.8453
21.9374
17.5667
13.533
9.27813
4.79181
0.960857
-1.90247
-4.12495
-5.16475
-3.96193
-1.58088
1.38163
5.76275
11.5887
17.8853
23.8816
29.7704
35.6069
40.8592
45.3032
49.128
52.2409
54.6977
56.4752
57.6521
58.3387
58.6032
58.7191
58.8471
59.1025
59.3627
60.0604
60.7341
61.4689
62.1442
63.1028
63.7492
64.4518
64.8233
65.4093
65.4866
65.7452
65.8456
65.8326
65.7646
65.8281
65.9084
65.7326
65.5791
65.3041
64.8729
63.9185
62.9558
61.741
60.3496
58.5609
56.1128
53.9433
50.5092
47.9329
44.6344
41.5318
37.9754
34.697
31.5618
27.8728
24.467
21.0281
18.0041
15.0964
13.3296
13.0601
13.5725
15.164
17.3577
20.2508
23.9782
27.9139
31.8108
35.8537
39.6742
42.7062
44.7619
39.1373
38.9831
38.7161
38.139
37.4414
36.9468
36.7783
36.9349
37.4217
38.0326
38.7098
39.3296
39.8133
40.1896
40.3783
40.4522
40.392
40.2789
40.1521
40.0569
39.9774
39.9102
39.8799
39.8479
39.8799
39.8602
39.8482
39.6758
39.4144
39.032
38.4242
37.7933
36.8951
36.0035
35.0527
34.0552
33.2386
32.296
31.6963
31.0554
30.5606
30.4048
29.9204
30.0091
29.9172
29.7375
30.2573
30.117
30.4884
31.0571
30.9911
31.7636
31.9437
32.0237
32.8961
33.0816
34.0476
35.2248
36.181
38.2376
39.9774
42.3559
44.8918
46.5628
48.8177
49.8753
50.463
51.2205
50.3445
49.7528
48.9015
46.6397
45.1492
43.363
40.61
38.9671
37.2141
34.7485
33.365
32.1737
30.6016
29.73
29.1345
28.274
27.8491
27.6825
27.3115
27.1981
27.2598
27.2063
27.2819
27.556
27.9909
28.6917
29.9144
31.6437
33.7699
36.5262
39.6987
43.1442
47.0251
50.9832
54.7483
58.0449
60.4644
62.0138
62.7247
62.6521
61.9808
60.5767
58.284
55.0666
50.7306
44.9893
38.1415
31.3067
25.2318
20.0011
15.4096
10.9624
6.13513
1.21774
-3.02003
-6.42333
-9.14379
-9.7229
-8.16418
-5.37637
-2.00673
2.64485
8.92591
15.8551
22.5165
28.7768
35.0072
40.8164
45.8856
50.1849
53.6414
56.5148
58.6129
60.2234
61.2899
61.7843
62.1152
62.247
62.5842
62.7744
63.3537
63.4616
64.0877
64.2321
64.962
65.1651
65.7296
65.7193
66.2507
65.887
65.9316
65.8422
65.3566
65.0291
64.8193
64.638
64.4372
63.8501
63.381
62.6596
61.6727
60.4386
59.114
57.5715
56.3322
54.2003
52.1304
49.6489
47.4921
44.7118
41.7859
38.9101
35.6874
32.5986
29.2258
26.0724
22.9067
20.403
17.7297
16.3347
15.8738
16.2755
17.6983
19.5214
21.9683
25.5697
29.2687
32.5819
35.8083
39.1335
41.8384
43.4398
40.6605
40.1939
38.9599
37.9051
37.1818
36.8365
36.8325
37.0695
37.5491
38.0983
38.6851
39.2259
39.6426
39.9658
40.15
40.2645
40.2492
40.1875
40.0804
39.9873
39.9032
39.8095
39.7736
39.7071
39.6974
39.6248
39.5829
39.4231
39.1404
38.8106
38.2756
37.7302
36.9676
36.176
35.3805
34.4806
33.7731
32.9161
32.3234
31.802
31.2187
31.0888
30.7229
30.6427
30.7463
30.5449
30.9119
31.0389
31.1376
31.7488
31.8571
32.2932
32.789
32.8766
33.6214
34.1514
34.8211
35.9835
36.9829
38.6978
40.4029
42.1835
44.2429
45.6218
47.3266
48.4637
48.8767
49.5906
49.1531
48.3978
47.9934
46.3899
44.8259
43.7026
41.6818
39.9631
38.6871
36.9314
35.5103
34.5707
33.4971
32.5662
31.9851
31.2622
30.6934
30.422
29.9019
29.4495
29.2015
28.8298
28.5134
28.3937
28.3932
28.7399
29.6155
30.9131
32.738
35.2926
38.3706
41.947
46.1208
50.4859
54.7091
58.441
61.1903
62.9395
63.8257
63.8328
63.0548
61.5459
59.1725
55.5633
50.6836
44.5783
37.2731
30.045
23.9528
18.7051
13.7637
8.7707
3.56578
-1.70852
-6.37124
-9.98901
-12.4329
-13.0669
-11.3458
-8.30239
-4.56858
0.379837
7.07928
14.5806
21.6626
28.4143
35.0789
41.2062
46.6341
51.3662
55.2518
58.4077
60.8543
62.7098
64.0282
64.5721
65.2952
65.4774
65.9601
65.801
66.1942
65.8408
66.4592
66.0787
66.5238
66.2835
66.5457
66.1787
66.853
66.0168
66.1871
65.4854
64.8808
63.8447
63.4143
62.7533
62.1721
61.5837
60.8961
59.952
58.6544
57.4826
56.4023
54.7983
53.6707
52.1963
50.8494
48.947
46.9067
44.73
42.1736
39.7269
36.9458
34.1713
31.2051
28.4728
25.8316
23.1881
21.1011
19.7071
19.2299
19.4565
20.3257
22.1887
24.1953
27.4102
30.3509
32.9112
35.9904
38.6315
40.819
42.2716
41.6833
41.1059
39.2912
37.8279
36.9569
36.6471
36.7753
37.1375
37.6583
38.1796
38.6972
39.1728
39.5394
39.8144
39.979
40.1014
40.1037
40.0614
39.9764
39.8992
39.8312
39.7093
39.6662
39.5744
39.4854
39.3843
39.2884
39.1876
38.9124
38.633
38.1957
37.6953
37.0834
36.3692
35.7425
34.9701
34.318
33.6282
33.0089
32.5832
32.0205
31.8258
31.6084
31.4196
31.5721
31.4799
31.6704
31.9534
31.9793
32.4513
32.746
32.9964
33.5439
33.7782
34.3359
34.9933
35.5522
36.6074
37.6505
39.0103
40.5133
41.8842
43.568
44.8585
46.1558
47.3058
47.6574
48.1706
48.1375
47.4377
47.1817
46.2048
44.7968
43.9314
42.5617
41.0333
39.9511
38.8117
37.6166
36.7596
36.0347
35.1814
34.5551
33.9298
33.2833
32.835
32.2324
31.5604
30.9318
30.3303
29.667
29.0445
28.7279
28.5371
28.7778
29.6807
31.1475
33.4503
36.5016
40.1633
44.5564
49.388
54.1122
58.3401
61.5635
63.6111
64.6607
64.7706
63.9974
62.3212
59.6778
55.8544
50.6821
44.173
36.7686
29.4053
23.0656
17.7811
12.6607
7.26953
1.70344
-3.91769
-8.85414
-12.524
-14.9029
-15.2539
-13.3877
-10.2284
-6.22963
-0.932406
6.14634
13.9996
21.5075
28.6661
35.4581
41.801
47.7181
52.7107
56.9556
60.1465
62.8676
64.8544
66.5798
67.1779
68.1999
68.2272
68.6206
68.3814
68.5625
68.0157
68.2632
67.8299
67.7609
67.5097
67.1208
66.2204
66.8419
65.0368
65.5096
64.0598
63.4132
62.1472
61.2523
60.1257
59.0882
58.4049
57.5711
56.4576
55.0646
53.8352
52.8127
51.9027
51.2268
50.319
49.4024
48.2399
46.8643
44.9706
42.6465
40.7365
38.3033
35.9751
33.5985
31.1291
28.7429
26.5627
24.5079
23.2787
22.8286
22.8161
23.5241
24.7574
26.5078
28.9583
31.2001
33.5622
35.954
37.9517
39.9917
41.3401
42.3243
41.7532
39.6795
37.973
36.9588
36.577
36.7419
37.172
37.7224
38.248
38.7261
39.1785
39.4959
39.707
39.8529
39.954
39.9639
39.9373
39.8835
39.8157
39.7339
39.5894
39.5329
39.4393
39.2986
39.1985
39.0958
38.9973
38.7526
38.5032
38.1545
37.7249
37.2144
36.5986
36.0975
35.4512
34.8482
34.2769
33.7156
33.3158
32.8484
32.6024
32.4509
32.2741
32.3478
32.3767
32.4888
32.743
32.8434
33.1689
33.5283
33.7648
34.2238
34.574
35.0011
35.6449
36.2156
37.1013
38.0779
39.141
40.4149
41.5812
42.987
44.2176
45.2269
46.2646
46.6623
47.0126
47.2546
46.7843
46.5405
46.0028
44.9282
44.1844
43.2722
42.1086
41.1746
40.4402
39.5491
38.7358
38.214
37.5353
36.9233
36.3159
35.667
35.1392
34.3998
33.6406
32.7483
31.7132
30.8047
29.6583
28.6605
27.9747
27.5703
27.916
29.0802
31.174
34.097
37.8127
42.4281
47.6853
52.913
57.816
61.5165
63.8666
65.0837
65.249
64.4817
62.7728
59.8961
55.7082
50.3354
43.7221
36.4051
29.1412
22.7471
17.2997
11.9984
6.50457
0.764356
-5.19086
-10.2322
-13.964
-16.2056
-16.2206
-14.4225
-11.191
-6.96237
-1.22671
6.16771
14.1899
22.0571
29.3783
36.4066
42.889
48.9978
54.1879
58.7037
61.948
64.9751
66.952
68.9054
69.4357
70.4823
70.5284
70.65
70.432
70.0781
69.8639
69.8147
69.5543
68.9148
68.4418
67.3638
66.0755
65.7999
63.651
63.6348
61.7458
60.7857
59.6227
57.9239
56.5685
55.6345
54.6505
53.4857
51.9486
50.4178
49.3075
48.7535
48.5037
48.5115
48.3672
48.1695
47.7827
46.5806
45.3383
43.6692
42.0363
40.0872
37.9864
35.933
33.6759
31.4298
29.6039
27.6102
26.427
25.8538
25.7122
26.2757
27.2232
28.5172
30.3548
32.243
34.0386
35.9953
37.676
39.2727
40.4937
42.7221
42.1877
40.0352
38.2095
37.0801
36.5883
36.7262
37.1831
37.7508
38.2914
38.7445
39.1915
39.4664
39.6194
39.7911
39.8507
39.8499
39.8092
39.7531
39.7172
39.5945
39.4804
39.4251
39.3166
39.1653
39.0405
38.9658
38.8401
38.6395
38.4352
38.1468
37.8111
37.3399
36.8456
36.4267
35.8677
35.3623
34.8563
34.4027
34.0127
33.6155
33.3816
33.2193
33.102
33.109
33.2035
33.3066
33.485
33.666
33.8919
34.2348
34.4844
34.8287
35.221
35.5687
36.151
36.7335
37.4226
38.3142
39.2192
40.3076
41.3802
42.5296
43.6058
44.4503
45.3521
45.7987
46.1007
46.4668
46.2281
46.0278
45.7986
45.0891
44.4883
43.917
43.15
42.4166
41.8907
41.2908
40.6459
40.197
39.7197
39.2282
38.651
38.0374
37.4937
36.6943
35.721
34.6416
33.2778
31.7722
30.0642
28.3773
27.0353
26.0755
25.919
26.7282
28.5198
31.2387
34.9317
39.7344
45.1485
51.0892
56.663
60.8796
63.4473
64.7528
65.0416
64.3535
62.6482
59.7238
55.4425
49.8251
43.189
36.1235
29.0707
22.8123
17.2931
11.9131
6.39703
0.597595
-5.2826
-10.401
-14.2746
-16.2212
-16.2396
-14.5174
-11.1575
-6.75318
-0.5625
7.02167
15.2941
23.2578
30.7397
37.736
44.3449
50.5695
56.0256
60.5812
63.9127
66.9819
68.9106
70.7638
71.4216
72.3597
72.3766
72.3149
72.0383
72.0539
71.4092
71.0741
70.6156
69.7002
68.7737
67.0665
65.7546
64.2308
62.832
61.9948
60.4473
58.7109
57.0154
54.6846
52.9563
52.08
51.1667
49.4001
46.9664
44.8946
44.1206
44.156
44.6124
45.5039
46.3582
46.9813
47.2215
46.7375
46.3131
45.2298
43.9888
42.0761
40.0393
38.3146
36.1165
33.7002
32.1603
30.3553
28.924
28.6107
28.2403
28.6421
29.6323
30.2594
31.7561
33.2753
34.4677
36.1639
37.4862
38.6338
39.8151
42.954
42.4507
40.2925
38.4371
37.2342
36.6632
36.763
37.2135
37.7839
38.3208
38.7692
39.2224
39.4614
39.5659
39.7479
39.7602
39.7216
39.6919
39.6232
39.6259
39.4915
39.3667
39.3548
39.203
39.0664
38.9466
38.8722
38.7668
38.5671
38.4486
38.1834
37.8953
37.494
37.0715
36.7437
36.2535
35.8278
35.4135
35.0138
34.6752
34.3295
34.1143
33.9622
33.8646
33.8639
33.9695
34.0557
34.2066
34.403
34.5791
34.902
35.1336
35.4098
35.7852
36.1114
36.6072
37.1196
37.6793
38.4385
39.2389
40.1829
41.1455
42.0726
43.0121
43.7888
44.5383
45.0562
45.3946
45.7488
45.7575
45.669
45.5901
45.2466
44.8362
44.5157
44.1095
43.614
43.262
42.917
42.504
42.1572
41.8564
41.5
41.0387
40.5731
39.9524
39.1004
38.0694
36.6346
34.8823
32.8387
30.4581
28.0842
26.0079
24.5186
23.869
24.2467
25.7341
28.1268
31.8062
36.84
42.8102
49.0408
54.7792
59.3347
62.3291
63.8584
64.2197
63.5874
61.9662
59.1672
55.0572
49.5399
43.0045
36.0026
29.1659
23.188
17.7191
12.3109
6.95909
1.28269
-4.37846
-9.45172
-13.2339
-15.0597
-15.3234
-13.456
-10.1816
-5.40954
1.06542
8.79118
17.1313
25.0651
32.518
39.4879
46.2312
52.2832
57.9355
62.3194
65.8911
68.8121
70.9106
72.4648
73.3854
73.8178
74.0182
73.8284
73.391
73.3134
72.4731
72.1345
71.0721
69.9859
68.617
66.9114
65.7591
64.1687
63.1422
61.8737
60.1512
58.133
55.6605
52.9836
51.1237
49.7153
48.4171
46.7146
43.001
39.3247
38.3893
39.1865
40.5782
42.4933
44.4931
45.7338
46.8056
47.3077
47.5743
47.2208
46.2368
44.5833
43.0023
41.0626
39.0467
36.6428
34.7192
32.9498
31.4446
31.0817
30.5456
30.6892
31.4894
31.7507
32.9253
34.1258
34.7283
36.2018
37.5402
38.2234
39.2669
43.1143
42.6086
40.4637
38.6196
37.3827
36.7577
36.8435
37.2838
37.8354
38.3701
38.8095
39.2573
39.4561
39.5294
39.7036
39.6851
39.627
39.5939
39.524
39.511
39.3896
39.2574
39.2712
39.1368
38.9836
38.9168
38.7973
38.715
38.5309
38.4067
38.2619
37.9668
37.6691
37.3042
37.0157
36.6368
36.2349
35.9332
35.5861
35.2933
35.0285
34.8168
34.6934
34.5942
34.5817
34.679
34.7562
34.879
35.0822
35.2303
35.5068
35.7297
35.9495
36.2821
36.5705
37.0044
37.4391
37.941
38.5632
39.2395
40.0331
40.8313
41.6121
42.4252
43.151
43.7948
44.3373
44.7439
45.1069
45.3298
45.452
45.4902
45.4123
45.2704
45.1127
44.9405
44.716
44.5292
44.4064
44.256
44.0441
43.8906
43.7135
43.356
43.0082
42.4918
41.5857
40.4428
38.8121
36.6858
34.1151
31.0652
28.0134
25.2498
23.1851
22.2289
22.2098
23.2281
25.4042
28.8441
34.0524
40.2899
46.6734
52.5701
57.4377
60.696
62.2911
62.7159
62.1135
60.6422
58.1425
54.4147
49.3517
43.1686
36.2948
29.656
23.8468
18.3991
13.2262
8.14391
2.58605
-2.67476
-7.36462
-10.9136
-12.8113
-12.9536
-11.0493
-8.04545
-2.79615
3.60996
11.5525
19.5589
27.3592
34.6773
41.5061
48.19
54.2028
59.9075
64.2692
67.9112
70.5668
72.8502
73.9091
75.1403
75.0525
75.5075
74.9659
74.75
74.1882
73.4473
72.8361
71.5153
70.5239
69.3315
67.9176
67.2789
65.7719
64.1399
62.6705
59.9904
57.1005
54.2836
52.0189
50.3479
48.8402
47.0462
44.6053
40.1755
34.7369
32.7781
34.0601
36.8289
39.6327
42.327
44.6909
46.8685
48.371
49.2336
49.4782
48.8861
47.451
46.2814
44.1607
42.268
40.1794
37.894
36.0372
34.3445
33.8081
33.2264
32.8021
33.3698
33.397
33.9443
35.1788
35.5376
36.3559
37.5602
37.9071
38.805
43.1942
42.6659
40.5653
38.7592
37.5059
36.8934
36.9715
37.4156
37.9341
38.4335
38.8849
39.2813
39.4486
39.5048
39.6505
39.6122
39.5266
39.4898
39.4214
39.4065
39.2886
39.197
39.1942
39.0812
38.9397
38.8686
38.7849
38.6654
38.5405
38.4144
38.3035
38.0971
37.7998
37.5516
37.2827
36.9646
36.6653
36.3862
36.1479
35.8749
35.6654
35.4914
35.3519
35.3019
35.2694
35.369
35.4681
35.56
35.7628
35.8812
36.0695
36.2919
36.4625
36.739
36.9822
37.3317
37.6983
38.1176
38.6288
39.1806
39.8316
40.471
41.1546
41.8566
42.5269
43.1502
43.6963
44.149
44.5804
44.9433
45.2155
45.4391
45.5841
45.6826
45.7269
45.75
45.7726
45.7745
45.818
45.8614
45.8101
45.7724
45.6949
45.4863
45.2699
44.8322
43.9802
42.7519
40.9682
38.5749
35.4891
31.8918
28.3167
25.0047
22.5335
21.3372
21.0479
21.638
23.5142
26.9885
32.1396
38.2099
44.4593
50.3646
55.2469
58.4348
59.9991
60.6803
60.046
58.7879
56.7267
53.5666
49.1486
43.4871
37.0482
30.7177
24.8588
19.5308
14.6105
9.56287
4.51246
-0.159996
-4.55418
-7.71709
-9.32719
-9.36825
-7.64869
-4.2054
0.787489
7.10395
14.8517
22.3867
29.952
37.0489
43.7639
50.3106
56.4637
61.8474
66.1687
69.7631
72.1565
74.4536
75.3036
76.5153
76.2684
76.7223
75.9431
75.8432
74.9039
74.3976
73.265
72.5765
71.5672
70.9798
69.4876
69.0714
67.6628
65.0427
63.299
60.2974
56.126
52.9606
50.7082
49.2227
48.5326
46.3043
43.0778
38.0346
31.8668
28.642
29.2541
33.098
37.1033
40.7859
44.2858
47.1632
49.7248
51.1699
51.9734
51.7131
50.5436
50.1223
47.7723
45.718
44.2859
41.6641
39.5735
38.0025
36.8008
35.9954
35.2802
35.1714
34.9636
34.9691
35.7567
35.6118
36.468
37.7817
37.9655
38.5761
43.2089
42.6558
40.6104
38.8587
37.6029
37.0468
37.1365
37.5857
38.0951
38.5162
38.9836
39.3152
39.4234
39.4899
39.5719
39.5479
39.4393
39.3867
39.3481
39.3085
39.2003
39.1371
39.1326
39.0219
38.9314
38.8487
38.7868
38.6618
38.5371
38.479
38.3362
38.2306
37.9639
37.7665
37.58
37.2573
37.0854
36.8173
36.6462
36.4413
36.2552
36.1562
36.0049
36.0179
35.9582
36.0486
36.1491
36.1873
36.3826
36.474
36.624
36.8364
36.9833
37.2026
37.407
37.6685
37.9411
38.2326
38.6383
39.0485
39.5842
40.1357
40.6843
41.2891
41.8832
42.493
43.059
43.6042
44.1415
44.6119
45.0479
45.4304
45.7566
46.0639
46.3256
46.5528
46.7792
46.9797
47.1518
47.3294
47.4048
47.4451
47.4694
47.3696
47.2333
46.8553
46.0939
44.8526
42.9041
40.2944
36.835
32.7465
28.7809
25.1847
22.4471
21.0752
20.6561
20.9946
22.5575
25.9264
31.017
36.9191
42.8966
48.5
53.0409
55.8104
57.1727
57.6401
57.4576
56.6957
55.2749
52.7987
49.0299
44.0053
38.1647
32.1756
26.3978
21.1285
16.246
11.4354
6.89014
2.57909
-1.23219
-3.80996
-5.20359
-4.98749
-3.23227
0.228086
4.9636
11.173
18.2714
25.3696
32.6185
39.4353
46.1623
52.4478
58.5839
63.7953
67.9396
71.5954
73.7401
76.024
76.7256
77.727
77.5587
77.6433
76.9618
76.5361
75.6047
75.0556
73.8672
73.5124
72.3369
71.8683
70.2477
69.5429
68.6018
65.6669
63.4593
60.8084
55.8496
52.6795
49.8267
48.2891
48.7639
47.1947
42.3079
36.929
30.1637
25.7751
26.38
30.5762
34.7163
39.5209
44.4093
48.0822
51.8613
53.8067
54.6947
54.6147
54.1383
53.8563
51.299
49.3014
48.153
45.3371
42.9595
41.4274
39.5962
38.4701
37.6176
36.8549
36.6462
36.5083
36.709
36.7998
37.2588
37.933
38.138
38.7177
43.1328
42.5627
40.5642
38.9131
37.7225
37.2578
37.3958
37.8163
38.3086
38.6486
39.065
39.3536
39.3916
39.4596
39.4945
39.4604
39.3682
39.2882
39.2759
39.2219
39.1225
39.0849
39.0795
38.9933
38.9175
38.8617
38.788
38.6868
38.5703
38.5338
38.415
38.3135
38.1538
37.9654
37.85
37.5845
37.4388
37.2724
37.0964
36.9885
36.8325
36.7655
36.6691
36.6486
36.6393
36.6895
36.7951
36.8519
36.9998
37.1027
37.2225
37.3713
37.483
37.6179
37.7739
37.961
38.1536
38.3607
38.6027
38.9101
39.3057
39.7478
40.242
40.7689
41.3189
41.8958
42.4712
43.0681
43.6817
44.2915
44.8731
45.4302
45.9487
46.4232
46.8864
47.2864
47.6699
48.0369
48.3251
48.5858
48.7492
48.7989
48.8543
48.8345
48.7023
48.3441
47.6303
46.4725
44.5344
41.696
37.8989
33.4238
29.0365
25.3151
22.6709
21.2666
20.6651
20.8192
22.2986
25.6639
30.5952
36.1795
41.8562
47.0698
51.0311
53.1204
54.2148
54.5493
54.8885
54.7721
53.9942
52.1785
49.0969
44.7744
39.5284
33.9575
28.458
23.2133
18.303
13.7315
9.47443
5.49801
2.28338
0.0605989
-1.11242
-0.624601
1.28554
4.57838
9.11545
15.009
21.6623
28.2771
35.1505
41.8792
48.4454
54.7146
60.6965
65.8687
69.7486
73.3239
75.4078
77.3672
78.1394
78.8076
78.7152
78.5175
77.805
77.1531
76.2663
75.4627
74.5393
73.6568
72.587
71.66
70.3331
69.6354
68.8534
66.5869
63.6817
61.0402
56.0409
52.8821
49.8654
47.505
48.0692
46.6104
42.0758
36.4737
29.5226
24.042
24.9466
29.2555
33.3134
39.1183
44.963
49.8401
54.5026
56.5344
57.3346
57.4085
57.4745
56.7567
54.5631
52.6522
51.147
48.2772
45.9955
44.4565
42.0605
40.699
39.9895
38.8134
38.4498
38.3948
37.8692
37.8022
38.1923
38.273
38.3302
38.8388
42.9109
42.3577
40.447
38.9271
37.8642
37.5453
37.7304
38.11
38.5426
38.8228
39.1552
39.3651
39.3841
39.407
39.4058
39.3722
39.2811
39.2109
39.1913
39.158
39.0679
39.0487
39.0368
38.9553
38.9187
38.8552
38.8012
38.7184
38.6236
38.5925
38.5041
38.4181
38.3115
38.1893
38.0794
37.9093
37.792
37.684
37.5624
37.4845
37.3988
37.3391
37.3011
37.2853
37.3029
37.3537
37.4332
37.4973
37.5867
37.6706
37.7564
37.85
37.9336
38.0272
38.1262
38.2594
38.3676
38.4979
38.6455
38.8208
39.0909
39.3743
39.7761
40.2244
40.7244
41.3336
41.9446
42.6323
43.332
44.0425
44.7446
45.4135
46.0892
46.6966
47.295
47.8419
48.3154
48.775
49.1405
49.4125
49.6184
49.6877
49.6763
49.6528
49.4982
49.1413
48.5268
47.4573
45.6227
42.7668
38.7654
33.9504
29.2061
25.3347
22.8588
21.7993
21.3812
21.4549
22.9138
26.1685
30.8258
36.1168
41.4906
46.1191
49.3377
50.7287
51.6756
52.1785
52.8286
53.1771
52.9241
51.6805
49.2373
45.5737
40.9978
36.0638
30.8465
25.6909
20.979
16.4853
12.2816
8.67204
5.7986
3.74408
2.85583
3.37479
5.31451
8.62175
12.8558
18.3637
24.8425
31.0848
37.5469
44.5455
50.8594
56.9718
63.0172
67.6674
71.5948
74.8262
76.9648
78.5729
79.4021
79.8214
79.6991
79.2914
78.5304
77.7796
76.8576
75.9514
74.8289
73.7574
72.6492
71.4388
70.4887
69.4416
68.9547
67.2964
64.3945
61.1135
56.0164
53.6448
50.5313
49.6117
49.2172
47.7417
43.8116
37.3342
29.073
23.7858
25.6428
28.216
32.3915
40.1098
46.3371
52.2929
57.1873
59.0664
59.7787
60.5927
60.6994
59.2125
57.4737
55.7025
53.6598
50.6398
48.681
46.8514
44.1877
42.803
41.9544
40.5503
39.9011
39.6244
38.9352
38.7573
38.881
38.6683
38.644
39.0103
42.4084
41.9273
40.2885
39.0067
38.19
37.9888
38.1556
38.4622
38.7995
38.9961
39.2345
39.3431
39.348
39.3589
39.3122
39.3039
39.2016
39.1504
39.1258
39.0714
39.0427
38.9934
39.0006
38.9388
38.9082
38.8733
38.8069
38.7662
38.6756
38.6612
38.5875
38.5233
38.4758
38.3794
38.3156
38.2043
38.1369
38.0628
37.9954
37.9539
37.9055
37.8923
37.8738
37.8861
37.9115
37.9584
38.0234
38.0784
38.1471
38.2078
38.2663
38.3176
38.3641
38.4164
38.461
38.5075
38.5224
38.5437
38.5992
38.7099
38.9181
39.1722
39.5143
39.8965
40.3306
40.899
41.5273
42.2488
43.0294
43.8196
44.609
45.3652
46.1243
46.8472
47.529
48.1719
48.7224
49.1961
49.559
49.7861
49.9378
50.001
49.9693
49.8839
49.6681
49.3058
48.7969
47.8756
46.2543
43.6106
39.6924
34.6954
29.7258
25.8831
23.547
22.6604
22.6642
22.9444
24.4972
27.6209
31.9674
36.8969
41.6628
45.5093
47.9038
49.0849
49.8509
50.4695
51.3444
51.9885
52.0498
51.1838
49.2229
46.214
42.4322
38.0864
33.3457
28.681
24.1307
19.4884
15.4519
12.147
9.23975
7.28627
6.59346
7.04849
9.13668
12.2819
15.9829
21.5498
27.9968
33.6955
40.0114
47.2836
53.2584
59.2274
65.1183
69.3674
73.3557
76.2848
78.3485
79.7581
80.4919
80.7679
80.4984
80.0335
79.2036
78.4467
77.4281
76.4436
75.0894
74.035
72.8048
72.2078
71.0851
70.2264
70.1496
67.8062
65.0575
61.2444
56.1234
55.649
49.948
49.4798
52.1171
51.2008
46.3775
39.1333
29.1615
23.5704
27.042
27.5219
33.7725
41.3116
47.8522
55.7795
60.2376
61.7175
62.7892
64.4428
63.847
61.8213
60.2633
58.5144
55.6507
52.5349
50.79
48.6125
45.915
44.2168
43.211
41.8916
41.0457
40.5058
39.7844
39.5461
39.4087
38.9549
38.8707
39.1372
41.6094
41.2751
40.1255
39.2024
38.658
38.5398
38.6368
38.84
39.037
39.1528
39.2943
39.3129
39.3195
39.3036
39.229
39.2253
39.1323
39.0988
39.0749
39.0215
39.0167
38.9647
38.9617
38.925
38.8958
38.8788
38.8211
38.7995
38.7428
38.7132
38.6775
38.6322
38.6108
38.5563
38.5178
38.4641
38.4271
38.3943
38.3611
38.3567
38.3484
38.358
38.3716
38.39
38.4188
38.4592
38.5039
38.5513
38.6051
38.6395
38.6679
38.6709
38.6696
38.6846
38.6942
38.7146
38.6979
38.6702
38.6525
38.6784
38.799
38.9945
39.2954
39.6618
40.1088
40.6776
41.3207
42.0585
42.8551
43.6721
44.4838
45.2712
46.0579
46.816
47.5492
48.2244
48.8039
49.2559
49.5683
49.7883
49.9147
49.9067
49.7987
49.6827
49.5537
49.2128
48.6632
47.8676
46.4762
44.1275
40.5388
35.8119
31.002
27.264
25.0143
24.0751
23.8068
24.6985
26.6992
29.9415
34.0323
38.4276
42.3969
45.4069
47.2818
48.3519
49.0331
49.7537
50.5143
51.1909
51.304
50.5549
48.8991
46.5133
43.5244
40.0067
36.0066
31.8251
27.4234
22.9214
19.1008
15.6928
12.6565
10.8939
10.0963
10.4444
12.8339
15.6951
18.8219
24.6669
31.0776
36.2683
42.4568
49.8167
55.5553
61.462
66.9405
71.2059
74.9552
77.6234
79.5193
80.7859
81.3743
81.5572
81.2227
80.7051
79.896
79.1011
78.0551
76.9384
75.4868
74.329
73.0772
72.4833
71.791
71.2969
71.6028
69.4482
66.1121
60.9656
57.1629
56.81
52.0225
47.9628
49.6331
48.6952
45.9532
40.4863
30.6424
26.1388
27.273
27.5805
36.1897
43.0483
51.1816
59.0897
62.6061
64.3993
66.1888
67.5665
66.3076
64.4188
62.6598
60.4647
57.1821
54.3879
52.2829
49.7907
47.3199
45.4637
44.386
43.058
41.8032
41.151
40.5715
39.9841
39.7015
39.3177
39.1202
39.2728
40.7323
40.582
40.0328
39.5469
39.2461
39.1276
39.103
39.1553
39.2205
39.2536
39.311
39.2898
39.282
39.2544
39.1751
39.1645
39.0881
39.0585
39.0356
38.9883
38.9935
38.9457
38.9379
38.914
38.8892
38.8792
38.8373
38.8298
38.7881
38.7651
38.7463
38.72
38.714
38.6894
38.6742
38.6549
38.6495
38.64
38.6387
38.6543
38.6644
38.6883
38.7132
38.742
38.7768
38.8153
38.849
38.8838
38.9184
38.9355
38.9404
38.9281
38.9044
38.8865
38.8671
38.8391
38.7916
38.7363
38.6992
38.7136
38.8139
38.9903
39.2545
39.6007
40.035
40.5848
41.2282
41.9625
42.7546
43.5638
44.3645
45.1456
45.9239
46.6929
47.4241
48.0791
48.638
49.0641
49.3463
49.5513
49.7209
49.761
49.6255
49.3757
49.0677
48.7675
48.3474
47.5793
46.2879
44.2305
41.1923
37.1608
32.8918
29.3959
27.1328
26.1749
26.1649
27.3759
29.8091
33.2632
37.1169
40.7151
43.6725
45.7526
47.2059
48.1467
48.7236
49.3084
50.0301
50.6018
50.6236
49.8299
48.214
46.3247
44.192
41.6335
38.4987
34.9092
30.7505
26.5248
22.8226
19.1361
16.088
14.4857
13.4841
13.8472
16.3803
18.6877
21.667
27.5843
33.6368
38.7399
44.8818
52.0702
57.6469
63.4694
68.6334
72.748
76.2492
78.6484
80.4662
81.5737
82.1246
82.212
81.8918
81.3508
80.5847
79.7557
78.7137
77.4983
76.0186
74.608
73.5088
72.8479
72.5172
72.1905
72.5463
71.784
68.721
61.6608
58.2259
56.8639
48.8699
48.6508
50.1263
48.4183
45.8615
42.3916
33.1107
32.5136
30.6865
30.9087
39.2501
45.8607
54.6672
61.3453
64.8568
66.83
69.0047
69.9011
68.4069
66.6011
64.7094
62.1507
58.803
55.9859
53.4328
51.0703
48.729
46.6623
45.2907
44.1583
42.6669
41.6577
41.2145
40.4804
39.9324
39.5268
39.3707
39.4278
39.9932
40.0197
40.0238
39.901
39.7342
39.5879
39.4543
39.3862
39.3538
39.3239
39.3202
39.275
39.2448
39.2127
39.1476
39.1225
39.069
39.0376
39.0143
38.9792
38.9723
38.9376
38.9229
38.904
38.8845
38.8783
38.8535
38.8448
38.822
38.8032
38.7935
38.7802
38.7805
38.7759
38.7743
38.7757
38.7822
38.7906
38.8049
38.83
38.8539
38.8854
38.9179
38.9487
38.9809
39.0101
39.0361
39.0625
39.086
39.0957
39.0919
39.0697
39.0375
39.0074
38.9757
38.9381
38.8835
38.8229
38.7806
38.787
38.8703
39.0361
39.2894
39.6288
40.0635
40.6023
41.2315
41.9408
42.7083
43.4875
44.2608
45.0248
45.788
46.5594
47.3032
47.9776
48.5156
48.9078
49.1906
49.3733
49.4785
49.4957
49.3975
49.1799
48.8745
48.4531
47.8623
47.0619
45.9255
44.1387
41.6948
38.4883
34.9142
31.828
29.7146
28.8262
29.2149
30.873
33.6912
37.1337
40.3951
42.9006
44.7215
45.9419
46.927
47.7414
48.3883
48.9548
49.6415
50.1299
49.9572
48.983
47.3526
45.8788
44.548
42.9349
40.6584
37.6182
33.8737
29.8829
26.0067
22.2036
19.2743
17.5263
16.2713
16.7001
18.9568
20.9332
24.2729
30.0466
35.48
40.6665
47.1392
53.7748
59.3135
64.9826
69.9528
73.8962
77.1533
79.476
81.204
82.2408
82.7462
82.7877
82.4914
81.952
81.2125
80.3062
79.256
77.9852
76.5315
75.0778
73.9392
73.0899
72.7963
72.7284
73.4261
73.4394
70.4161
65.1465
60.3086
56.7781
52.5764
53.6018
52.2565
49.7979
47.1016
44.0925
36.5152
36.7389
32.9777
34.9066
42.1745
49.1391
57.5681
63.3829
66.7304
68.8213
71.1734
71.6067
70.3905
68.7513
66.3829
63.3259
60.0866
57.0969
54.1857
51.8458
49.633
47.4897
45.9035
44.6144
43.1422
42.2044
41.4859
40.696
40.1189
39.5614
39.4235
39.4656
40.0128
40.0461
40.0744
40.0137
39.8907
39.7477
39.6046
39.4978
39.4211
39.3607
39.3202
39.2652
39.2262
39.1865
39.1324
39.1005
39.0557
39.0253
39.001
38.971
38.9574
38.9309
38.9141
38.8994
38.8851
38.877
38.861
38.8518
38.8358
38.822
38.8139
38.8074
38.8099
38.8123
38.8165
38.8249
38.8384
38.8524
38.8719
38.898
38.9254
38.9579
38.9915
39.0234
39.0546
39.0831
39.1069
39.1288
39.146
39.1522
39.1464
39.1266
39.097
39.0654
39.0305
38.9883
38.9365
38.8839
38.8509
38.8635
38.9454
39.1081
39.3591
39.7012
40.1392
40.6759
41.3019
42.0022
42.741
43.4989
44.2546
45.0058
45.7552
46.4917
47.1902
47.8524
48.3862
48.7824
49.0706
49.2595
49.3706
49.3737
49.2521
49.011
48.6544
48.198
47.5541
46.6925
45.5481
44.0241
42.1097
39.596
36.5894
33.8431
31.9436
31.2346
31.9692
34.0153
37.1369
40.4757
43.0356
44.4706
45.4581
46.1362
46.2894
46.656
47.4637
48.5021
49.3103
49.6643
49.3311
48.1036
46.7016
45.4934
44.7202
43.8468
42.3028
39.8151
36.4313
32.5992
28.5885
24.7352
21.8178
19.7912
18.5568
18.9743
20.6561
22.6646
26.3964
32.0291
37.0967
41.9788
48.6425
55.3032
60.5418
66.0497
70.8833
74.7008
77.8376
80.134
81.7877
82.7823
83.2358
83.2836
82.9664
82.4629
81.7034
80.7545
79.6399
78.3112
76.7859
75.3172
74.0957
73.1905
72.6596
72.8032
73.532
73.684
71.6335
68.2753
63.0857
59.8659
56.9788
54.3773
51.5082
50.7553
48.3792
45.4134
40.4815
38.1034
35.8856
38.852
44.5379
52.0381
59.7868
64.703
67.7242
70.166
72.4185
72.7843
71.7384
69.8224
67.1256
63.9873
60.7769
57.4962
54.6798
52.388
50.2472
48.0468
46.2578
45.0544
43.6081
42.4014
41.582
40.8338
40.0922
39.3852
39.2014
39.2598
40.1666
40.1436
40.0951
40.0104
39.9045
39.7835
39.6528
39.5387
39.4462
39.3726
39.3171
39.2619
39.2186
39.1771
39.13
39.0932
39.0532
39.0216
38.9953
38.9697
38.9517
38.9291
38.9122
38.8979
38.885
38.8749
38.8619
38.8518
38.8385
38.8262
38.8184
38.8139
38.8154
38.8186
38.8242
38.8337
38.8473
38.863
38.8831
38.9087
38.9368
38.9681
39.0004
39.0319
39.0624
39.0901
39.1141
39.135
39.1504
39.156
39.1502
39.1325
39.1063
39.076
39.0419
39.0015
38.9542
38.9092
38.8859
38.9072
38.9939
39.159
39.4106
39.7535
40.1917
40.7268
41.3424
42.0278
42.7546
43.5001
44.2502
45.0015
45.7529
46.4928
47.1906
47.8217
48.3362
48.7276
49.016
49.1995
49.3015
49.3025
49.1842
48.9461
48.5849
48.0884
47.4073
46.5132
45.363
43.9565
42.2774
40.1021
37.4163
34.8597
33.0899
32.4873
33.3207
35.5741
38.9209
42.3709
44.5872
45.2877
45.778
46.4382
46.6997
46.7668
47.3057
48.3366
49.2296
49.6181
49.2525
48.0566
46.5427
45.379
44.8137
44.2811
43.1263
41.0023
37.8525
34.1216
30.1082
26.2449
23.2002
21.0285
19.9535
20.4086
21.6228
23.6819
27.8187
33.2631
38.0576
42.8262
49.3799
56.5214
61.1606
66.6882
71.3083
75.1172
78.1987
80.446
82.0643
83.0094
83.4467
83.4396
83.1108
82.5815
81.7803
80.8568
79.7565
78.5318
77.0686
75.4425
74.1495
73.0862
72.5627
72.9915
73.4473
73.3716
72.3514
69.0958
63.757
60.4736
57.4129
54.9389
52.5172
50.7313
48.8847
46.3236
42.7889
40.1297
38.2336
41.5011
46.9609
54.3039
60.7251
64.911
67.9277
70.6538
72.8353
73.18
72.0504
70.0827
67.3934
64.2491
60.9861
57.8275
54.9577
52.6036
50.5219
48.345
46.5111
45.1852
43.8564
42.6265
41.7254
40.9266
40.0975
39.4353
39.124
38.9183
39.8343
39.9087
39.8109
39.4068
38.8744
38.4201
38.1704
38.1859
38.4484
38.8093
38.9395
38.8466
38.9716
39.1778
38.8878
38.8507
39.1336
39.058
38.8048
38.7997
39.0243
39.2905
39.4697
39.4172
39.0583
38.5647
38.1986
37.9943
37.7965
37.523
37.1637
36.7163
36.2031
35.6247
35.0106
34.3989
33.7999
33.1903
32.5609
31.9526
31.4399
31.2559
31.4759
32.0573
33.0146
34.266
35.6944
37.2596
38.9584
40.8606
43.0203
45.3114
47.3681
49.0303
48.8021
46.9758
43.5945
39.3479
35.73
33.3127
32.48
32.9914
31.8991
28.3526
26.6948
25.4255
24.2983
24.5953
26.9059
31.2019
34.7078
34.7934
34.087
33.2808
32.6201
32.7126
32.4109
30.3115
28.3788
29.2374
30.7085
29.7644
27.483
24.8978
22.6049
20.8527
19.7393
19.2787
19.406
20.069
21.2379
22.8644
24.9104
27.4081
30.3287
33.7136
37.5859
41.9204
46.6944
51.8007
57.0419
62.2485
67.2158
71.7133
75.5411
78.5434
80.659
81.9166
82.4375
82.3327
81.7334
80.7964
79.6483
78.3666
77.0191
75.6693
74.3603
73.1307
71.9882
70.9501
70.0222
69.2542
68.6586
68.1819
67.8097
67.5416
67.382
67.3033
67.1383
66.7553
66.2055
65.5605
64.851
64.0768
63.2702
62.5053
61.8541
61.3314
60.8798
60.4505
60.0236
59.5946
59.0578
58.5988
58.1474
57.7234
57.3839
57.2115
57.2565
57.5019
57.8775
58.3281
58.8219
59.3806
60.0518
60.8497
61.7048
62.5289
63.2275
63.7075
63.9264
63.8923
63.5968
63.0552
62.3362
61.6879
61.5252
61.8328
62.2066
62.1765
61.7245
61.0796
60.3982
59.7416
59.0817
58.2594
57.1221
55.6597
53.9774
52.1938
50.3916
48.5643
46.7145
44.9088
43.1869
41.5789
40.1326
38.8701
37.835
37.0771
36.5718
36.3279
36.3759
36.6901
37.2103
37.8392
38.4629
38.9052
39.0942
39.0574
39.8439
39.7659
39.6172
39.1791
38.6191
38.1522
37.8853
37.864
38.0764
38.4296
38.6575
38.7818
39.0579
39.1961
38.9708
38.732
38.7617
38.6225
38.4378
38.5335
38.8139
39.1406
39.3066
39.228
38.8964
38.4255
38.0888
37.9438
37.8205
37.5714
37.199
36.7664
36.2628
35.6189
34.9728
34.384
33.809
33.204
32.5564
31.8733
31.2587
31.0271
31.2021
31.7444
32.7176
33.9827
35.424
37.0459
38.8215
40.7602
42.8656
45.0149
46.9579
48.2891
47.9926
46.0558
42.52
38.0399
34.3132
31.4969
29.6575
29.4964
28.6022
27.3139
27.0155
24.969
23.2987
23.0544
24.9622
29.7501
33.1157
33.5798
33.0336
32.6093
32.7423
32.4398
32.2966
31.7464
28.721
27.7702
28.0963
27.3267
25.4231
23.2235
21.2561
19.7715
18.8923
18.6099
18.8536
19.6087
20.8206
22.4534
24.4775
26.9037
29.7849
33.136
36.9875
41.3159
46.0808
51.2093
56.4926
61.7341
66.7497
71.3042
75.198
78.2592
80.4042
81.6905
82.2367
82.1526
81.5588
80.6237
79.4891
78.2202
76.8776
75.5322
74.2223
72.9725
71.8315
70.7905
69.8492
69.1157
68.5644
68.067
67.6772
67.5158
67.5537
67.4955
67.2004
66.768
66.2184
65.5811
64.8418
64.0234
63.195
62.4282
61.783
61.2699
60.8415
60.4461
60.0559
59.617
59.0952
58.58
58.0914
57.6458
57.304
57.1337
57.1894
57.4261
57.7877
58.2243
58.7148
59.2902
60.0001
60.8363
61.7114
62.536
63.2347
63.7344
63.9708
63.8954
63.4783
62.7564
62.1794
61.7373
61.5511
61.7975
62.1214
62.0186
61.5208
60.9184
60.3042
59.7199
59.086
58.2733
57.1566
55.6819
53.9056
52.0216
50.1512
48.281
46.4213
44.6083
42.8904
41.2998
39.8728
38.6382
37.6136
36.8538
36.3541
36.1094
36.1241
36.4392
36.9694
37.5812
38.1963
38.6685
38.9001
38.9112
39.8475
39.6228
39.2644
38.7367
38.1338
37.611
37.2968
37.2528
37.4411
37.8293
38.292
38.7528
39.1789
39.4199
39.2991
38.9301
38.4806
37.9878
37.7108
37.8582
38.2905
38.7703
38.9924
38.9283
38.6422
38.1872
37.9164
37.8626
37.8772
37.6791
37.3139
36.8426
36.3015
35.6515
34.9889
34.3704
33.7877
33.1775
32.4517
31.6455
30.9795
30.6942
30.8087
31.2764
32.2126
33.4686
34.8836
36.4253
38.0926
39.8869
41.7897
43.7642
45.5621
46.6409
46.1956
44.1271
40.2957
35.78
31.8382
28.4085
25.7362
24.8953
24.9894
25.3323
25.3469
24.2499
23.313
23.1061
24.7172
28.5389
31.0245
31.5984
31.6837
32.2281
33.4872
34.3413
32.2959
30.9536
28.7774
26.758
25.4071
23.9839
22.3151
20.6156
19.1508
18.124
17.6019
17.5627
18.0085
18.8783
20.1023
21.7206
23.7519
26.1309
28.9472
32.2146
35.9738
40.2549
45.0026
50.1501
55.4853
60.7719
65.8468
70.4863
74.46
77.5989
79.7911
81.086
81.6411
81.5813
81.0007
80.0679
78.943
77.7002
76.389
75.0645
73.7702
72.5552
71.4358
70.3969
69.4677
68.7914
68.342
67.9235
67.5628
67.3604
67.2466
67.2898
67.2277
66.7692
66.1235
65.4368
64.7115
63.9268
63.083
62.2812
61.6524
61.1974
60.8172
60.4402
60.0468
59.6233
59.1328
58.5905
58.0221
57.5102
57.1298
56.9469
56.9585
57.1736
57.5156
57.9465
58.4674
59.1126
59.9158
60.833
61.7598
62.5899
63.2522
63.6955
63.8558
63.6827
63.1882
62.6099
62.1934
61.9147
61.8288
62.0547
62.3037
62.113
61.5244
60.87
60.2055
59.5666
58.859
57.9398
56.7382
55.2546
53.5472
51.6435
49.7632
47.8631
45.9854
44.1675
42.4464
40.8761
39.4666
38.2438
37.2036
36.4075
35.9231
35.6597
35.6729
35.9821
36.5417
37.1536
37.7589
38.2624
38.5398
38.6104
39.6915
39.356
38.8324
38.2129
37.5607
37.0039
36.6696
36.582
36.762
37.1838
37.7772
38.423
39.0435
39.4082
39.2924
38.8181
38.063
37.3205
36.9274
37.0593
37.589
38.2163
38.5811
38.6166
38.4006
37.9815
37.7326
37.7852
37.9275
37.7999
37.4552
36.9512
36.3009
35.5688
34.88
34.2722
33.7067
33.0819
32.2895
31.3933
30.7064
30.3399
30.3593
30.7698
31.6859
32.8038
33.9336
35.1845
36.6134
38.1955
39.8507
41.5544
43.1446
44.0539
43.6177
41.5442
37.4174
33.1485
29.1053
25.3122
22.238
20.9662
21.6223
23.0909
24.7493
25.2446
25.3758
25.8553
26.8304
29.0044
30
29.3819
29.7215
31.9641
33.578
33.5706
31.7824
29.4917
27.0031
24.7035
22.6724
20.9292
19.4013
18.0879
17.0738
16.4287
16.2285
16.4513
17.0606
17.9923
19.2882
20.8958
22.8889
25.2047
27.9114
31.0647
34.6869
38.8664
43.5922
48.7573
54.1319
59.4713
64.583
69.2904
73.3352
76.5301
78.757
80.0589
80.607
80.5569
80.0012
79.1
78.0139
76.8016
75.5281
74.2528
73.0037
71.8303
70.7685
69.7078
68.7785
68.2259
67.8853
67.427
66.9605
66.8611
67.1002
67.2089
66.8338
66.24
65.768
65.2752
64.581
63.7285
62.8224
62.0523
61.4975
61.1014
60.7668
60.4391
60.0793
59.6633
59.1492
58.5217
57.8516
57.2531
56.7927
56.5174
56.4842
56.686
57.0242
57.4591
58.0203
58.7583
59.7167
60.7742
61.7835
62.6175
63.2435
63.6516
63.7485
63.385
62.6348
61.9724
61.7758
61.9284
62.1343
62.4782
62.6307
62.349
61.806
61.0623
60.2884
59.4887
58.6007
57.5313
56.236
54.7216
53.0241
51.1753
49.2854
47.3866
45.5011
43.6747
41.9559
40.4003
38.9948
37.7547
36.7287
35.9491
35.4288
35.1958
35.197
35.4865
36.077
36.6956
37.3061
37.8119
38.0928
38.2012
39.3797
38.9907
38.3728
37.6727
36.9532
36.3604
35.9829
35.8749
36.0644
36.5131
37.171
37.8955
38.6275
39.1057
39.025
38.4542
37.4985
36.6226
36.1373
36.2298
36.8303
37.6305
38.2189
38.424
38.306
37.9682
37.7222
37.7871
37.9372
37.8266
37.4656
36.9007
36.1781
35.4092
34.6845
34.0662
33.5057
32.87
32.0834
31.1813
30.4401
30.1625
30.1433
30.4246
31.1086
31.9421
32.734
33.6274
34.6795
35.8725
37.1589
38.5919
40.0115
40.8379
40.4842
38.4695
34.7908
30.7492
26.5024
22.4245
19.2409
18.0451
19.0336
21.5167
24.6651
27.2042
29.0849
30.0169
30.7541
30.972
29.7999
27.8365
28.0009
30.0125
31.5843
31.3238
29.5281
27.0188
24.4266
22.115
20.0438
18.2974
16.9363
15.9014
15.1964
14.8499
14.8908
15.3031
15.9849
17.0406
18.3961
20.0056
21.9384
24.1755
26.7579
29.776
33.2449
37.2749
41.936
47.1268
52.5383
57.9143
63.0367
67.7439
71.8233
75.0354
77.2483
78.5314
79.0844
79.0501
78.5263
77.6637
76.6438
75.4975
74.2953
73.075
71.844
70.7176
69.6792
68.6363
67.7376
67.268
66.9156
66.4391
66.2194
66.3073
66.497
66.5133
66.1746
65.6938
65.2673
64.7765
64.1214
63.3594
62.5591
61.8218
61.2953
60.9646
60.7265
60.4584
60.1161
59.7048
59.1302
58.3675
57.567
56.8638
56.2994
55.9149
55.7768
55.9821
56.3456
56.8379
57.5303
58.4053
59.4728
60.6089
61.6765
62.5489
63.179
63.5388
63.5202
63.0246
62.2122
61.6305
61.6934
62.0489
62.3619
62.7235
62.8828
62.5708
61.9305
61.1622
60.3557
59.4565
58.3996
57.1859
55.8052
54.2521
52.5486
50.7038
48.7887
46.8754
44.9833
43.154
41.4232
39.8269
38.4015
37.1546
36.1271
35.326
34.758
34.5442
34.6514
34.9411
35.5275
36.1291
36.7559
37.2872
37.6102
37.7705
39.0714
38.6695
37.9911
37.2154
36.4244
35.778
35.3502
35.2273
35.3997
35.8635
36.5545
37.2911
38.0425
38.5725
38.5415
37.9802
36.9428
35.9943
35.456
35.5155
36.2244
37.2175
38.01
38.3898
38.3907
38.1408
37.9462
37.937
37.9833
37.7934
37.3625
36.7087
35.9
35.071
34.3164
33.686
33.1129
32.5263
31.8837
31.1901
30.5723
30.2369
30.1706
30.304
30.6011
30.9848
31.394
31.8923
32.4791
33.2784
34.3271
35.531
36.723
37.5128
37.2906
35.6107
32.4608
28.5654
24.489
20.3417
17.2116
16.1975
17.5169
20.7892
25.0116
29.445
32.4828
34.1732
34.8156
33.8186
31.1221
28.3813
27.9062
28.9907
29.5499
28.7445
26.8014
24.3847
21.8745
19.6394
17.7071
16.0912
14.8847
14.0645
13.5865
13.4512
13.6598
14.2225
15.0494
16.1299
17.5139
19.1362
20.9896
23.1195
25.5822
28.4683
31.7688
35.6025
40.1375
45.3654
50.8027
56.1442
61.2249
65.9083
69.9598
73.1226
75.2909
76.5231
77.0715
77.0769
76.626
75.8453
74.883
73.8169
72.6848
71.5478
70.3639
69.2371
68.2597
67.2635
66.3402
65.8095
65.4961
65.2542
65.0932
65.0406
65.2745
65.4834
65.2535
64.852
64.5084
64.0751
63.581
62.9764
62.1356
61.4355
61.1115
60.8888
60.6573
60.4398
60.1726
59.7789
59.1347
58.2256
57.2507
56.3758
55.6694
55.1999
55.0395
55.1364
55.5154
56.0918
57.0165
58.0424
59.1934
60.3579
61.4343
62.3392
63.0149
63.3976
63.3617
62.873
62.171
61.726
61.7923
62.1898
62.4807
62.8577
63.0837
62.8171
62.1762
61.3509
60.4303
59.4093
58.2585
56.9551
55.4886
53.8838
52.1525
50.2656
48.2772
46.2919
44.3563
42.4628
40.6345
38.9839
37.5526
36.3415
35.3436
34.5406
33.909
33.7607
33.9792
34.2471
34.8889
35.4654
36.1097
36.6869
37.0757
37.3173
38.9243
38.5144
37.788
36.9371
36.0627
35.3455
34.8685
34.7145
34.8546
35.3387
36.0363
36.7606
37.4764
38.0075
38.0328
37.5638
36.6003
35.6659
35.1735
35.2144
35.9534
37.0756
38.0197
38.5379
38.6553
38.5103
38.3358
38.2458
38.1065
37.7289
37.1365
36.3472
35.4448
34.5617
33.7816
33.1399
32.5822
32.0721
31.5808
31.0976
30.679
30.3842
30.2341
30.1628
30.1006
30.0827
30.1621
30.3953
30.7453
31.3312
32.1755
33.1014
34.0217
34.7348
34.7013
33.5226
30.8936
27.3145
23.3709
19.4116
16.5873
15.8397
17.5065
21.026
25.9916
31.3527
35.0126
37.3811
37.6933
36.1128
33.2638
30.6825
29.3934
28.9299
28.1797
26.7337
24.5464
22.1242
19.7177
17.5532
15.7377
14.2739
13.2088
12.5374
12.2199
12.2395
12.5701
13.2098
14.15
15.3008
16.6767
18.293
20.0921
22.0894
24.419
27.1949
30.3362
33.9559
38.3622
43.5228
48.9741
54.2921
59.2625
63.8755
67.8788
70.9383
73.0051
74.1921
74.7118
74.7558
74.3783
73.7311
72.8972
71.8853
70.8231
69.7594
68.5956
67.5248
66.578
65.5695
64.6749
64.0577
63.7905
63.5426
63.2208
63.2865
63.7071
63.9824
63.895
63.683
63.5259
63.3253
62.9602
62.34
61.6568
61.215
60.9436
60.6672
60.5214
60.4714
60.2711
59.897
59.1553
57.9986
56.7697
55.6701
54.7645
54.1647
53.9084
53.9849
54.4484
55.2309
56.3222
57.5686
58.8262
60.0382
61.1349
62.0633
62.7948
63.2622
63.3665
63.0828
62.5983
62.2481
62.2616
62.4136
62.7803
63.182
63.3796
63.1361
62.4812
61.6075
60.6203
59.5053
58.2377
56.8102
55.2258
53.5594
51.7755
49.8184
47.6822
45.5417
43.5596
41.4947
39.5299
37.7903
36.3079
35.1155
34.2133
33.5064
32.9291
32.8523
33.1773
33.4509
34.3011
34.8613
35.5491
36.115
36.4851
36.7906
39.016
38.5887
37.8099
36.8769
35.914
35.1187
34.5821
34.3806
34.5006
34.982
35.6783
36.3894
37.0383
37.5859
37.6721
37.3318
36.5372
35.7165
35.3098
35.3354
36.0366
37.2315
38.266
38.8552
39.0371
39.0104
38.8734
38.6609
38.274
37.6195
36.79
35.8275
34.7942
33.8523
33.0739
32.4557
31.9539
31.5341
31.1963
30.895
30.6154
30.3638
30.1338
29.8958
29.6078
29.3289
29.1635
29.2251
29.5068
29.9898
30.6639
31.4036
32.1635
32.8031
32.868
32.0355
30.0094
26.9823
23.4549
19.987
17.5939
17.1326
18.9326
22.3476
27.5672
32.7857
36.6826
39.0982
39.2207
37.8368
35.327
32.9803
31.1713
29.5494
27.6478
25.4603
23.0254
20.474
18.0573
15.9382
14.1847
12.8079
11.8554
11.3054
11.0849
11.1845
11.6052
12.3289
13.3197
14.5247
15.9154
17.5208
19.2796
21.1361
23.302
25.9761
29.0224
32.4335
36.6547
41.7257
47.1407
52.4622
57.3542
61.7987
65.683
68.6511
70.5939
71.7557
72.2844
72.3449
72.0635
71.5208
70.7993
69.9496
68.9257
67.8672
66.8323
65.7011
64.6669
63.74
62.8559
62.2147
61.7289
61.3094
61.1482
61.2518
61.616
61.9922
62.0837
62.131
62.2694
62.3412
62.1128
61.6733
61.2186
60.8762
60.6703
60.4796
60.399
60.3743
60.1909
59.7484
58.8556
57.5097
56.0049
54.5938
53.4856
52.8023
52.5369
52.6702
53.2422
54.2125
55.5379
57.0021
58.4413
59.762
60.8965
61.8304
62.5915
63.1697
63.5125
63.5771
63.4651
63.3376
63.4025
63.6029
63.8062
64.0024
64.0011
63.6608
62.9962
62.0976
61.0051
59.7502
58.3674
56.7988
55.0569
53.2475
51.3496
49.3302
46.9074
44.6921
42.5119
40.238
38.0965
36.1715
34.5383
33.2631
32.3536
31.7046
31.1687
31.3637
31.8977
32.4534
33.5793
34.2381
34.9622
35.5168
35.8335
36.2299
39.3518
38.897
38.0583
37.0307
35.9763
35.1013
34.4994
34.2549
34.3685
34.8189
35.5223
36.2008
36.7819
37.402
37.5699
37.3754
36.8083
36.1824
35.8668
35.8849
36.4736
37.6199
38.651
39.2762
39.4894
39.4979
39.3858
39.0731
38.4267
37.4432
36.3133
35.1372
33.9305
32.9255
32.1693
31.613
31.2441
30.9589
30.7369
30.5556
30.367
30.1359
29.8291
29.4953
29.1194
28.7343
28.4531
28.4355
28.7057
29.153
29.7586
30.4323
31.0547
31.5044
31.6121
31.0971
29.6855
27.2933
24.4419
21.7709
20.0686
19.9597
21.7163
24.928
29.7194
34.2657
37.9812
39.8237
40.0037
39.0413
37.1351
34.9769
32.7453
30.3172
27.7154
24.9334
22.1393
19.4431
16.9259
14.7631
13.037
11.7111
10.7985
10.3149
10.1777
10.3188
10.7828
11.5592
12.6083
13.8445
15.237
16.841
18.5984
20.339
22.3025
24.8736
27.8711
31.099
35.1315
40.1597
45.4753
50.6749
55.5854
59.9242
63.5847
66.4068
68.2592
69.3703
69.994
70.1245
69.883
69.4732
68.8644
68.0644
67.1384
66.1022
65.0558
63.9286
62.7827
61.7378
60.8534
60.1971
59.6164
59.1199
58.8769
58.8898
59.1568
59.493
59.8666
60.1993
60.6235
61.0036
60.9838
60.8312
60.6381
60.4761
60.3643
60.2311
60.2032
60.1858
59.9366
59.3488
58.2555
56.6069
54.814
53.2364
51.9971
51.221
50.9811
51.2877
51.9695
53.1159
54.6611
56.3898
58.1
59.6285
60.8413
61.7577
62.5023
63.167
63.7572
64.2253
64.5329
64.7227
64.8914
65.0492
65.1622
65.11
64.8943
64.4245
63.6947
62.7461
61.5796
60.209
58.6631
56.8713
54.9449
52.8787
50.8549
48.5515
46.0623
43.6854
41.2886
38.7662
36.3383
34.0916
32.1984
30.7379
29.6651
28.9864
28.511
28.7833
29.8048
30.7337
32.1327
33.2566
34.0093
34.8046
35.1469
35.7071
39.8984
39.4109
38.4981
37.3677
36.2139
35.2508
34.5928
34.329
34.441
34.8635
35.5824
36.2069
36.7888
37.4657
37.7579
37.7216
37.3941
36.9781
36.6998
36.6914
37.1612
38.1348
39.0246
39.5908
39.8505
39.9299
39.8044
39.4051
38.5502
37.269
35.8293
34.4777
33.1777
32.1453
31.4218
30.9221
30.6063
30.3457
30.1579
30.0757
29.9713
29.7689
29.438
29.0506
28.6435
28.2714
28.0277
28.0143
28.2537
28.6877
29.2507
29.8058
30.2817
30.6559
30.8548
30.663
29.8262
28.1909
26.1135
24.3366
23.4693
23.865
25.6217
28.5131
32.5614
36.1967
39.1739
40.4149
40.7625
40.1241
38.5876
36.4873
33.9768
31.1197
28.0219
24.9007
21.7883
18.8816
16.2624
14.0136
12.2356
10.9392
10.0396
9.5626
9.50508
9.65309
10.1168
10.9289
12.0447
13.3035
14.6491
16.2399
18.0509
19.7414
21.5217
23.9809
26.951
30.0748
33.8923
38.8972
44.2487
49.2088
53.9996
58.3437
61.8356
64.4296
66.2038
67.2594
67.8648
68.0832
67.9331
67.5905
67.0821
66.307
65.3758
64.3403
63.2032
62.076
60.9098
59.6572
58.658
57.9287
57.2593
56.7951
56.4133
56.2016
56.4826
56.9402
57.2743
57.833
58.6564
59.115
59.4743
59.832
59.8995
59.9442
59.9532
59.8799
59.859
59.8079
59.4996
58.7068
57.2118
55.261
53.3156
51.5244
50.1415
49.4115
49.2571
49.6158
50.5297
51.9096
53.6974
55.7244
57.7768
59.6283
61.0462
61.9733
62.6592
63.3226
64.0969
64.9218
65.6068
66.0738
66.3566
66.4938
66.4858
66.2886
65.9442
65.3938
64.6014
63.5575
62.273
60.7601
58.9947
56.9977
54.822
52.528
50.208
47.6744
45.0756
42.5056
39.8623
37.0827
34.2816
31.5684
29.2123
27.4022
25.9583
25.2298
25.0688
25.2935
26.878
28.1963
29.9249
31.7756
32.5826
33.9275
34.4398
35.1759
40.5579
40.0235
39.0177
37.7868
36.5453
35.5156
34.8347
34.5687
34.6752
35.1062
35.824
36.4136
37.0602
37.718
38.1646
38.2372
38.0799
37.7961
37.5581
37.5517
37.9243
38.667
39.3222
39.7702
40.0254
40.1256
40.0625
39.6211
38.6486
37.1888
35.5468
34.0926
32.7734
31.721
30.9696
30.3987
30.0179
29.7817
29.6623
29.6087
29.4771
29.2563
28.954
28.6095
28.2563
27.9379
27.7058
27.6988
27.9504
28.3589
28.8524
29.336
29.7706
30.1292
30.3794
30.4489
30.144
29.2552
28.0107
27.108
27.0548
28.0347
30.0022
32.8831
35.8766
38.5689
40.6098
41.6432
42.0213
41.5002
40.0459
37.8325
35.0221
31.8955
28.5267
25.1278
21.8444
18.7166
15.9437
13.6488
11.7792
10.4471
9.57659
9.08137
9.00577
9.21485
9.64161
10.414
11.606
12.9453
14.2034
15.742
17.6212
19.29
20.9526
23.3615
26.2899
29.4096
33.1523
37.9961
43.3837
48.2575
52.7913
57.0549
60.3948
62.7555
64.4212
65.4421
65.9561
66.168
66.0941
65.7926
65.3172
64.5484
63.5132
62.361
61.1497
59.8662
58.5256
57.3
56.2443
55.2756
54.4653
53.8795
53.5142
53.5596
53.7757
54.0223
54.5915
55.3206
55.9347
56.8486
57.8744
58.3471
58.7903
59.1868
59.2981
59.3533
59.3302
59.182
58.6604
57.5078
55.7193
53.5151
51.2965
49.5277
48.3841
47.7994
47.7076
48.0942
49.2421
50.7951
52.7574
55.0231
57.3766
59.5522
61.299
62.5298
63.3596
63.9419
64.7172
65.7458
66.7154
67.3753
67.7202
67.8461
67.7892
67.4626
67.1106
66.4501
65.624
64.5715
63.2236
61.5359
59.5108
57.1584
54.6648
52.0544
49.4578
46.7022
43.8769
41.0752
38.1806
35.1118
31.8659
28.5329
25.3842
23.0476
21.1633
20.2422
20.9129
21.239
23.2656
25.1777
27.1731
29.8652
31.082
32.7904
33.6621
34.5422
41.0863
40.5443
39.4712
38.1417
36.8402
35.7987
35.1484
34.9051
35.0351
35.4958
36.191
36.7903
37.4788
38.1319
38.7308
38.8184
38.7437
38.5483
38.3997
38.4165
38.6826
39.1414
39.5349
39.8361
40.0643
40.1936
40.1895
39.7534
38.7676
37.2497
35.4951
33.9677
32.6323
31.5438
30.7474
30.1135
29.6347
29.3527
29.1838
29.0584
28.9331
28.7778
28.506
28.1565
27.8409
27.521
27.4028
27.4482
27.7245
28.1461
28.6402
29.1325
29.5727
29.9175
30.1757
30.3504
30.3675
30.1714
29.8138
29.7178
30.3296
31.7374
33.9144
36.5357
39.0573
41.1476
42.6649
43.625
43.9617
43.3756
41.7542
39.2459
36.1756
32.7474
29.2162
25.6084
22.1484
18.9101
15.9862
13.5873
11.6597
10.2512
9.38607
8.88125
8.74176
8.99638
9.41743
10.0636
11.2772
12.763
13.9438
15.3923
17.3694
19.0126
20.5735
23.0692
25.9929
29.0153
32.876
37.6901
42.9006
47.6989
51.9743
56.0079
59.1566
61.2948
62.7857
63.7935
64.2723
64.3546
64.2884
64.0008
63.3786
62.5043
61.4238
60.1509
58.7252
57.2411
55.7321
54.3115
53.1446
52.1221
51.1357
50.4608
50.2982
50.3285
50.5197
51.0668
51.631
52.2105
53.2647
54.5491
55.4326
56.4393
57.5448
58.017
58.3401
58.5534
58.5756
58.3524
57.5618
56.1916
54.1533
51.7227
49.628
48.122
47.056
46.5426
46.6414
47.3375
48.3003
49.913
52.0008
54.4428
57.022
59.5098
61.6092
63.071
64.0117
64.8948
65.8409
66.8517
67.8945
68.6332
68.9923
69.1066
69.0698
68.9501
68.3896
67.7207
66.8555
65.7415
64.301
62.4178
60.098
57.195
54.2851
51.2918
48.3938
45.4879
42.5752
39.5907
36.3566
32.8933
29.0579
25.0998
21.0268
17.98
16.2429
14.5456
16.3303
17.288
19.592
22.693
24.8045
28.113
29.9193
31.6326
32.8328
33.9034
41.3446
40.7536
39.5795
38.1605
36.8649
35.9114
35.3699
35.2146
35.4298
35.9585
36.6542
37.2851
37.9674
38.7525
39.4063
39.5006
39.4416
39.3043
39.2185
39.2135
39.3251
39.5122
39.678
39.847
40.0576
40.203
40.2531
39.8904
38.9505
37.4536
35.676
34.0869
32.7147
31.5778
30.7009
29.9647
29.3413
28.9869
28.8073
28.6943
28.5509
28.3525
28.0448
27.6765
27.3687
27.2239
27.1249
27.2213
27.558
28.0325
28.571
29.1076
29.5279
29.8276
30.0853
30.3022
30.4817
30.7333
31.1524
31.9191
33.1885
35.0548
37.4915
40.0367
42.3818
44.2519
45.6058
46.4673
46.6114
45.7621
43.7865
40.8705
37.5044
33.8564
30.0823
26.3666
22.7292
19.367
16.3254
13.8194
11.8285
10.3481
9.49182
8.97582
8.71051
8.97647
9.48055
9.96091
11.0895
12.7396
13.9128
15.2382
17.3245
18.9652
20.3828
23.0325
26.1638
29.083
32.922
37.8381
42.8608
47.4776
51.5173
55.181
58.0569
59.9786
61.3587
62.2682
62.7179
62.7834
62.6128
62.2187
61.4238
60.3273
59.0992
57.7075
56.1082
54.4526
52.814
51.1807
49.6665
48.4763
47.5486
46.7983
46.4635
46.5544
46.8177
47.329
48.2214
49.2887
50.3669
51.5564
52.9707
54.4603
55.5098
56.4238
57.2459
57.5669
57.553
57.2288
56.4256
54.9408
52.7685
50.4696
48.5132
46.9823
45.9845
45.6237
45.7566
46.3193
47.5547
49.2333
51.382
54.0084
56.8151
59.4347
61.7063
63.5326
64.8729
65.8125
66.7007
67.9301
69.0707
69.8002
70.1006
70.2009
70.2223
70.0643
69.6058
68.9095
68.0534
66.9549
65.3294
63.1553
60.3526
57.0755
53.7235
50.3778
47.1908
44.2555
41.2771
38.1409
34.5142
30.5415
26.09
21.5739
16.9788
12.377
11.9589
10.0733
12.5349
14.7363
16.8782
21.1799
23.3923
27.3479
29.259
30.9924
32.3452
33.6492
41.1397
40.4732
39.1541
37.6402
36.3997
35.618
35.2853
35.3556
35.7704
36.4467
37.209
37.9075
38.6159
39.5304
40.1523
40.2426
40.1207
40.013
39.9299
39.8182
39.7798
39.7712
39.7871
39.8714
40.0613
40.2104
40.2965
40.0395
39.2013
37.8099
36.0738
34.4255
33.0051
31.8106
30.8301
29.9897
29.2998
28.855
28.6188
28.4522
28.2678
28.0552
27.7843
27.4985
27.2175
26.9743
26.9145
27.0978
27.4946
28.0408
28.636
29.1931
29.6034
29.8881
30.1168
30.2976
30.5134
30.9496
31.8223
33.2367
35.2916
37.8728
40.7427
43.5488
46.0805
48.1576
49.4131
50.0497
49.8232
48.5626
46.0636
42.7388
39.0171
35.1642
31.1811
27.3106
23.5548
20.083
16.9299
14.3569
12.316
10.7307
9.89209
9.4186
8.97424
9.15398
9.77664
10.1861
11.1916
12.9007
14.056
15.2843
17.5127
19.2266
20.4774
23.1742
26.6135
29.6866
33.4223
38.3037
43.1811
47.4927
51.3428
54.5858
57.1325
58.8839
60.1118
60.9454
61.3228
61.3356
61.0895
60.5323
59.5478
58.2272
56.7958
55.3152
53.5734
51.6487
49.8997
48.2092
46.4375
44.8335
43.7362
43.067
42.4989
42.257
42.637
43.4424
44.4652
45.7267
47.1677
48.6964
50.2492
51.8329
53.388
54.7918
55.7107
56.1238
56.361
56.2659
55.3545
53.7243
51.6408
49.3925
47.4557
46.1032
45.3184
45.0432
45.1917
45.8359
47.1129
48.8246
51.0834
53.822
56.6485
59.3768
61.9536
63.9098
65.2318
66.4453
67.5307
68.6138
70.085
70.7962
70.8533
71.0638
71.1796
71.1214
70.7723
70.0727
69.2037
67.9501
66.2432
63.6842
60.5563
56.8468
53.0754
49.563
46.0532
43.0617
40.0379
36.6547
32.835
28.402
23.5226
17.9518
13.7957
7.78355
8.44137
7.12433
9.1255
12.9529
14.9467
19.9576
22.4152
26.9139
29.1564
31.2158
32.7696
34.1578
40.4888
39.7026
38.2007
36.5388
35.4119
34.8646
34.8625
35.2855
35.9889
36.8768
37.8003
38.6329
39.4237
40.2909
40.7946
40.7976
40.6039
40.4962
40.3622
40.1716
40.039
39.9385
39.881
39.9347
40.0987
40.2588
40.375
40.2018
39.5232
38.2971
36.6522
34.974
33.4887
32.207
31.1289
30.2127
29.4391
28.8788
28.5283
28.3102
28.119
27.9101
27.6706
27.3324
27.0247
26.9363
26.9848
27.1356
27.5408
28.1345
28.7717
29.3718
29.7955
30.0435
30.2184
30.3432
30.5722
30.9882
32.0281
33.7947
36.4575
39.7153
43.2772
46.6405
49.5709
51.9003
53.231
53.553
52.9276
51.3243
48.3143
44.6156
40.6488
36.5589
32.4483
28.4228
24.5737
21.0412
17.7674
15.1633
13.1602
11.4029
10.5404
10.1754
9.5729
9.63531
10.333
10.6395
11.5678
13.3789
14.4281
15.4604
17.8315
19.7998
21.029
23.6212
27.2626
30.6739
34.4024
39.0209
43.7305
47.7718
51.3212
54.27
56.4426
58.0284
59.1613
59.8395
60.0882
60.0226
59.6467
58.8664
57.687
56.2928
54.7369
52.9586
51.0199
48.8657
46.7643
44.8112
42.8268
41.1652
39.8806
38.7491
38.0486
38.0077
38.374
39.1991
40.4406
41.7764
43.4935
45.556
47.4287
49.2229
50.9969
52.6579
53.9798
54.8238
55.2455
54.953
54.0437
52.6136
50.6343
48.5613
46.8931
45.7246
45.0556
44.8192
45.1105
45.9365
47.1319
48.8699
51.1353
53.7585
56.6624
59.5642
62.0262
64.0224
65.5866
66.7341
67.9056
69.1539
69.9908
70.6976
71.4169
71.8286
72.0196
71.8877
71.7033
71.1178
70.1604
68.8681
66.8765
64.1417
60.5389
56.4745
52.3804
48.5703
45.1168
42.0071
38.8179
35.4345
31.4767
26.5701
21.9232
15.2847
11.2295
4.48387
5.23091
5.11456
6.6514
11.4798
13.5656
19.1197
22.0334
26.4013
29.3237
31.9054
33.7884
35.3465
39.653
38.8181
37.2011
35.4747
34.3751
34.0653
34.3956
35.1345
36.1066
37.2148
38.3257
39.3151
40.153
40.8593
41.1762
41.0638
40.82
40.6996
40.5241
40.3001
40.1491
40.014
39.9522
40.0129
40.1661
40.349
40.4909
40.3963
39.8925
38.8598
37.3731
35.7282
34.1663
32.7717
31.5867
30.5675
29.7151
29.0508
28.5809
28.3179
28.0974
27.8755
27.6572
27.3543
27.1866
27.1064
27.0457
27.2249
27.7155
28.3695
29.0114
29.5803
29.9973
30.2008
30.3
30.3564
30.5042
30.9715
32.0812
34.0226
37.0295
40.7674
44.9272
48.8382
52.2076
54.8604
56.2299
56.2276
55.3848
53.5772
50.3081
46.3363
42.2028
37.9287
33.7429
29.598
25.6953
22.2018
18.839
16.1756
14.3285
12.4733
11.4595
11.18
10.4579
10.4277
11.2438
11.3634
12.0683
14.0937
15.23
15.9514
18.2181
20.5124
22.0297
24.511
28.1119
31.8813
35.7538
40.0288
44.3966
48.2198
51.4129
54.0613
56.0466
57.4906
58.4778
59.0089
59.1177
58.885
58.2596
57.2421
55.98
54.4861
52.7565
50.67
48.282
45.7671
43.1679
40.6955
38.4428
36.5399
35.1478
33.9862
33.0633
33.0408
33.7394
34.6695
35.8167
37.5171
39.8247
42.099
44.2659
46.4844
48.5754
50.5583
52.1387
53.1675
53.6197
53.5327
52.9099
51.6443
49.9437
48.222
46.7587
45.7831
45.2065
45.1006
45.4783
46.0622
47.4803
49.2881
51.5014
54.1288
56.9868
59.6326
62.1012
64.1739
65.6154
66.873
68.0075
69.0757
70.168
70.9624
71.533
72.1208
72.6106
72.8127
72.4152
71.6999
70.6955
69.288
67.2481
64.2537
60.3598
56.0269
51.6125
47.7394
44.2421
41.0211
37.7627
34.2211
30.3136
25.1521
20.0358
13.3928
9.06289
2.39979
2.47555
3.94954
5.49899
10.2871
13.5017
18.5543
22.5268
26.3719
29.7845
32.8147
34.9909
36.9174
39.1514
38.3078
36.7127
35.0742
34.0669
33.8487
34.3345
35.2194
36.285
37.4495
38.6673
39.8294
40.7218
41.2303
41.3367
41.1176
40.8798
40.6789
40.4657
40.2591
40.1039
39.9878
39.973
40.0695
40.2533
40.4808
40.6105
40.5908
40.2244
39.394
38.1115
36.574
34.9952
33.5309
32.2074
31.0744
30.1364
29.3579
28.8216
28.447
28.1743
27.9567
27.6939
27.532
27.35
27.1708
27.2664
27.5983
28.0461
28.5825
29.2263
29.8364
30.2048
30.3206
30.3131
30.3259
30.4495
30.8871
32.0653
34.1915
37.3768
41.3717
45.8493
50.2
53.8115
56.7042
58.0795
57.9136
56.9062
55.0748
51.7836
47.7368
43.5215
39.1835
35.0405
30.8147
26.8756
23.5776
20.2084
17.4517
15.7704
13.8946
12.6907
12.5029
11.6181
11.3604
12.4395
12.5566
12.8182
14.8316
16.263
16.8944
18.8759
21.3692
23.3133
25.8632
29.3121
33.1657
37.1972
41.1943
45.1724
48.7393
51.6091
53.9605
55.8148
57.1841
58.0967
58.5074
58.4628
58.0134
57.155
55.8981
54.4823
52.839
50.7547
48.2358
45.2779
42.1283
39.1493
36.3047
33.6243
31.4945
29.8524
28.5452
27.7648
27.6853
28.3394
29.46
31.0145
33.1073
35.6476
38.4136
41.2002
43.6896
46.0662
48.324
50.223
51.5958
52.3283
52.4532
52.0085
51.0449
49.7748
48.3443
47.1436
46.2647
45.8292
45.8313
46.168
47.4274
48.4361
50.0539
52.1943
54.7532
57.47
60.0235
62.2713
64.1274
65.5928
66.718
67.7371
68.861
70.0903
70.7399
71.3535
71.8472
72.3036
72.786
72.6967
72.0601
70.8505
69.324
67.2006
64.0729
60.1176
55.5082
50.9227
46.9782
43.4382
40.0566
36.8408
33.1174
28.9142
23.9395
19.0455
11.5777
7.06131
2.55106
1.78263
3.72613
5.63278
9.75978
13.8234
18.6064
22.9466
26.8973
30.7794
34.1403
36.5916
39.1113
39.1525
38.3651
36.8798
35.3653
34.3895
34.145
34.5885
35.3971
36.3699
37.4855
38.7789
40.1074
41.0318
41.4427
41.3636
41.102
40.8647
40.6212
40.378
40.1967
40.0394
39.9294
39.9486
40.0585
40.2695
40.5121
40.6641
40.6919
40.4082
39.7556
38.7066
37.3374
35.8424
34.3539
32.9595
31.7377
30.6865
29.8531
29.1695
28.7147
28.3863
28.0237
27.9486
27.7849
27.4836
27.5468
27.721
27.8734
28.3299
28.9794
29.5354
29.9492
30.2432
30.383
30.3602
30.3148
30.4697
30.9422
32.172
34.3799
37.6145
41.7854
46.3184
50.786
54.6035
57.4029
58.8504
58.5561
57.4786
55.7514
52.6282
48.7264
44.5533
40.2307
36.2478
32.1042
28.1126
25.0238
21.7874
18.964
17.3708
15.4614
14.0628
14.1016
13.2356
12.4846
13.6468
14.1454
14.0255
15.6642
17.4335
18.2794
19.9194
22.4298
24.8016
27.4382
30.7702
34.5274
38.4867
42.3261
45.9717
49.2332
51.8747
54.03
55.7882
57.0756
57.9092
58.2713
58.1523
57.5275
56.4511
55.0235
53.3621
51.337
48.7376
45.5436
41.9425
38.2029
34.7478
31.9335
29.2673
26.6634
24.8115
23.5475
22.5477
22.2279
22.7763
23.9755
25.9357
28.465
31.3455
34.5887
37.8683
40.9074
43.6976
46.2278
48.4962
50.1606
51.1954
51.6441
51.5449
50.9989
49.9845
48.8432
47.8331
47.0996
46.7952
46.775
47.2012
47.8374
49.3763
51.1506
53.3464
55.7439
58.2133
60.4592
62.4636
64.2348
65.4691
66.5017
67.3656
68.3417
69.1123
70.0021
70.7601
71.3046
71.7804
72.169
72.2945
71.6612
70.5641
68.9544
66.6921
63.6902
59.4924
54.9473
50.2578
46.1999
42.6237
39.3316
35.7906
32.0032
28.1245
22.8534
18.4599
11.0542
6.50107
3.53015
2.52693
3.95745
6.43457
10.1157
14.3259
18.9727
23.5053
27.4976
32.0127
35.8674
38.9301
42.0801
39.5849
38.9151
37.6246
36.1873
35.1519
34.7437
34.9939
35.7054
36.6707
37.7885
38.9706
40.0984
40.8915
41.2863
41.2786
41.0541
40.8141
40.5639
40.3137
40.1244
39.9798
39.8631
39.8735
40.0145
40.268
40.5463
40.7162
40.6899
40.4234
39.8932
39.0219
37.8364
36.4798
35.089
33.7491
32.4864
31.4258
30.4946
29.7535
29.2745
28.81
28.5402
28.2951
28.0085
27.9628
28.0006
28.0252
28.3021
28.7996
29.2199
29.6602
30.1075
30.3637
30.4642
30.3829
30.3984
30.673
31.1679
32.53
34.8738
37.9754
42.0573
46.4844
50.8438
54.6202
57.1429
58.6532
58.5345
57.2911
55.7041
52.8108
49.1747
45.2159
40.9494
37.2159
33.35
29.3946
26.5326
23.4352
20.5487
19.21
17.3728
15.5605
15.6889
15.2661
14.1318
14.8952
15.8176
15.7877
16.8625
18.6614
19.945
21.4138
23.6784
26.3029
29.0638
32.2404
35.84
39.5353
43.1676
46.6553
49.7023
52.1888
54.3019
56.0093
57.213
57.9853
58.3211
58.11
57.3482
56.1118
54.4997
52.5671
50.0748
46.7462
42.8096
38.4864
34.1308
30.5382
27.5593
24.7173
22.125
20.1347
18.5887
17.3292
16.713
17.2299
18.653
20.7276
23.5693
27.0584
30.7476
34.4514
38.1197
41.4866
44.516
47.03
48.9715
50.4312
51.2603
51.4763
51.1575
50.4484
49.6169
48.8474
48.4015
48.2163
48.3805
48.7766
49.751
51.1304
52.8786
54.8869
57.0356
59.2177
61.1888
62.8463
64.2134
65.3641
66.2989
67.0538
67.8035
68.5658
69.3269
69.9588
70.3228
70.8515
71.3099
71.2382
70.7597
69.6649
67.9642
65.767
62.732
58.851
54.2521
49.5564
45.6625
41.8785
38.2422
35.0521
31.0532
27.8283
22.1576
17.8966
12.1899
7.15621
4.76342
3.6944
4.79128
7.6365
11.1979
15.3003
19.7453
24.2459
28.1748
33.1865
37.4463
41.6156
45.485
39.8764
39.3861
38.3012
37.0505
36.1088
35.642
35.6532
36.1448
36.9542
37.9288
38.9562
39.9338
40.6703
41.0652
41.1162
40.9462
40.7291
40.5076
40.2927
40.121
40.0024
39.9485
39.9582
40.0658
40.2601
40.4603
40.5748
40.5297
40.294
39.8585
39.1049
38.0279
36.7763
35.491
34.2056
32.9906
31.919
30.9611
30.2271
29.6411
29.2211
28.8359
28.5121
28.4048
28.2724
28.2385
28.4197
28.6371
28.9992
29.4009
29.8474
30.2548
30.3581
30.5489
30.5845
30.6329
31.0967
31.6733
33.1225
35.4214
38.2995
42.2942
46.4698
50.4673
54.0644
56.2857
57.6758
57.806
56.6299
55.1277
52.4641
49.1671
45.6044
41.4319
37.9406
34.4402
30.5577
28.0218
25.2457
22.1672
20.999
19.6548
17.4965
17.297
17.3698
16.2823
16.5049
17.5461
17.8477
18.596
20.152
21.6801
23.1544
25.1247
27.6935
30.454
33.4128
36.7887
40.3099
43.7712
47.1342
50.1259
52.608
54.7591
56.4835
57.6915
58.4196
58.6808
58.3626
57.4155
56.053
54.2925
51.9333
48.9001
44.8492
40.0102
35.2136
30.5551
26.4987
23.4635
20.5074
17.5094
15.2644
13.4134
11.7864
11.101
11.7107
13.1324
15.4247
18.7456
22.7664
27.0204
31.2889
35.4979
39.4905
43.009
45.9182
48.3456
50.2155
51.3848
51.8877
51.9234
51.5272
50.9195
50.4535
50.2336
50.2156
50.3984
50.9488
51.8607
53.1927
54.8482
56.7177
58.6363
60.4493
62.0058
63.3452
64.4777
65.312
66.1122
66.7031
67.2945
67.9409
68.5365
68.9499
69.3149
69.6415
69.8529
69.8016
69.2847
68.2512
66.6413
64.3456
61.5855
57.8245
53.7117
49.1248
45.0769
41.3921
37.4198
34.8345
30.3696
27.3083
22.523
18.2954
13.6489
8.66471
6.37357
5.65019
6.94452
9.29294
12.5707
16.4254
20.5808
25.029
28.9091
33.8406
38.5874
43.5552
49.1078
44.212
40.2817
34.2705
30.1201
32.1549
36.6895
37.9577
35.7857
33.8935
34.407
33.9438
28.4755
14.9943
0.508317
-7.87297
-5.19749
2.89538
10.7151
14.2924
7.32511
44.6779
40.3567
34.288
29.9255
31.9564
36.7213
38.0706
35.7958
33.7762
34.3387
34.0971
28.7452
14.8665
0.0299697
-8.43161
-5.69644
2.71505
10.4508
14.2975
7.46712
44.2258
40.4555
34.2759
29.6092
31.7743
36.8479
38.2737
35.809
33.6381
34.2795
34.2607
28.9834
14.4865
-0.706585
-9.19112
-6.29799
2.44308
10.0099
14.1862
7.60237
44.1032
40.5326
34.1709
29.2068
31.4597
36.9713
38.5263
35.8398
33.5053
34.2216
34.5388
29.2312
14.0918
-1.36904
-9.82614
-6.80562
2.26446
9.50524
13.8464
7.57356
43.3
40.5503
34.0168
28.4955
30.8834
36.8346
38.6936
35.8466
33.4105
34.1603
34.7303
29.4892
13.9132
-1.69114
-10.4413
-7.11029
2.19352
8.90409
13.0655
7.175
42.6886
40.4861
34.0385
28.1167
30.4846
36.518
38.5466
35.7293
33.3319
34.0651
34.7118
29.6637
14.0503
-1.46657
-10.1557
-7.02562
2.2143
8.12391
11.5673
6.22856
42.0332
40.3254
34.3326
28.8182
30.4173
36.1656
38.0328
35.3677
33.2362
33.9419
34.4755
29.6762
14.515
-0.592136
-9.06875
-6.3241
2.34277
7.26047
9.27338
4.61844
41.4869
40.185
34.7451
29.1739
30.3904
35.8127
37.3976
34.7765
33.0535
33.7699
34.0555
29.5024
15.2846
0.957218
-6.97755
-4.73961
2.5558
6.3488
6.42121
2.45225
41.0105
39.9731
35.1952
29.7695
30.5405
35.3104
36.6049
33.9923
32.806
33.5708
33.5416
29.2325
16.3731
3.17353
-3.90788
-2.16134
2.95886
5.40017
3.40852
0.0474454
40.5902
39.6516
35.6191
30.6615
30.9431
34.8251
35.6547
32.9509
32.4926
33.3845
33.0037
28.9345
17.8172
6.1294
0.031996
1.26137
3.72337
4.50215
0.610886
-2.22738
40.2191
39.3837
35.9571
31.1762
31.3178
34.5006
34.6461
31.778
32.1
33.3378
32.5607
28.6333
19.6302
9.86322
4.61116
5.13429
4.86494
3.77276
-1.78202
-4.13973
39.9265
39.1591
36.1638
31.7233
31.6505
34.4027
33.6263
30.5074
31.5564
33.4119
32.2488
28.4773
21.7792
14.0678
9.27638
8.90275
6.26103
3.32926
-3.6969
-5.61473
39.6763
38.9704
36.318
32.0825
31.8654
34.4234
32.8414
29.233
30.8861
33.4573
32.0618
28.5904
23.9144
18.2396
13.42
12.1907
7.84272
3.26356
-5.05861
-6.60793
39.5118
38.8287
36.4452
32.2956
31.9472
34.3957
32.315
28.0685
30.3515
33.485
32.029
28.8636
25.6807
21.2917
16.7791
14.9567
9.57865
3.60302
-5.82594
-7.07131
39.4046
38.7593
36.5246
32.4224
31.9707
34.2993
31.9689
27.5805
30.2379
33.6693
32.1876
29.211
27.0229
23.4899
19.4408
17.3107
11.3563
4.28954
-6.01148
-7.0027
39.375
38.7577
36.571
32.4846
31.9239
34.1859
31.8024
27.4639
30.5264
34.021
32.3879
29.5311
28.0598
25.2603
21.6255
19.2507
12.9934
5.17315
-5.69932
-6.49057
39.3964
38.7399
36.5313
32.5234
31.8879
34.0122
31.7111
27.9751
30.978
34.2596
32.489
29.8035
28.8973
26.6347
23.2793
20.5818
14.2628
6.06773
-5.03999
-5.78676
39.461
38.7085
36.4455
32.5864
31.9343
33.8166
31.6205
28.3148
31.3593
34.2689
32.4605
30.0252
29.4857
27.4366
24.1849
21.2199
15.0156
6.80383
-4.22252
-5.00977
39.4531
38.6069
36.3459
32.6865
32.0378
33.653
31.5532
28.5872
31.5046
34.0796
32.408
30.1683
29.4567
27.6006
24.4377
21.3466
15.2902
7.23643
-3.50734
-4.30275
38.8442
38.3999
36.2819
32.7714
32.196
33.5683
31.4819
28.701
31.5598
33.9442
32.3772
30.2079
29.4679
27.5102
24.3992
21.1909
15.227
7.43148
-3.13378
-3.85113
)
;

boundaryField
{
    inlet
    {
        type            zeroGradient;
    }
    outlet
    {
        type            fixedValue;
        value           uniform 0;
    }
    walls
    {
        type            zeroGradient;
    }
    frontAndBack
    {
        type            empty;
    }
}


// ************************************************************************* //
