/*--------------------------------*- C++ -*----------------------------------*\
| =========                 |                                                 |
| \\      /  F ield         | OpenFOAM: The Open Source CFD Toolbox           |
|  \\    /   O peration     | Version:  2.4.0                                 |
|   \\  /    A nd           | Web:      www.OpenFOAM.org                      |
|    \\/     M anipulation  |                                                 |
\*---------------------------------------------------------------------------*/
FoamFile
{
    version     2.0;
    format      ascii;
    class       volScalarField;
    location    "1.84";
    object      pPrime2Mean;
}
// * * * * * * * * * * * * * * * * * * * * * * * * * * * * * * * * * * * * * //

dimensions      [0 4 -4 0 0 0 0];

internalField   nonuniform List<scalar> 
8800
(
351598
342732
333219
323787
314484
305316
296284
287386
278624
269997
261503
253142
244911
236807
228819
220935
213123
205324
197396
188897
351610
342733
333218
323787
314484
305316
296284
287386
278624
269997
261503
253142
244912
236808
228821
220940
213131
205342
197439
189041
351618
342733
333216
323785
314484
305316
296284
287386
278624
269997
261503
253143
244913
236810
228826
220948
213148
205377
197519
189321
351624
342732
333213
323784
314483
305316
296284
287386
278624
269997
261504
253144
244915
236814
228832
220960
213171
205426
197631
189648
351629
342732
333212
323782
314482
305315
296283
287386
278624
269997
261504
253145
244917
236818
228840
220976
213202
205486
197765
189985
351633
342733
333210
323781
314482
305315
296283
287386
278624
269997
261505
253147
244920
236823
228850
220994
213237
205556
197912
190314
351636
342733
333209
323779
314481
305315
296283
287386
278624
269998
261506
253148
244923
236829
228861
221015
213277
205633
198066
190627
351639
342733
333208
323779
314481
305315
296284
287386
278625
269998
261507
253150
244927
236836
228874
221037
213319
205713
198221
190918
351640
342734
333208
323778
314480
305315
296284
287386
278625
269999
261508
253152
244931
236843
228887
221061
213363
205794
198373
191186
351641
342734
333208
323778
314480
305315
296284
287386
278625
269999
261509
253154
244935
236850
228900
221085
213408
205875
198518
191430
351641
342734
333208
323778
314480
305315
296284
287387
278625
270000
261510
253156
244939
236857
228913
221109
213452
205954
198655
191650
351640
342734
333208
323778
314480
305316
296284
287387
278626
270001
261512
253159
244943
236864
228926
221133
213494
206028
198781
191846
351638
342734
333208
323779
314481
305316
296284
287387
278626
270001
261513
253161
244947
236871
228939
221155
213534
206097
198896
192020
351636
342733
333209
323780
314481
305316
296284
287387
278627
270002
261514
253163
244950
236878
228950
221176
213570
206159
198997
192171
351633
342733
333210
323781
314482
305316
296284
287388
278627
270003
261515
253165
244953
236883
228961
221194
213602
206214
199085
192299
351629
342733
333212
323782
314483
305316
296284
287388
278628
270003
261516
253166
244956
236889
228970
221210
213630
206261
199159
192406
351624
342733
333214
323784
314483
305316
296285
287388
278628
270004
261517
253168
244959
236893
228977
221224
213653
206299
199219
192491
351618
342733
333216
323786
314484
305317
296285
287389
278629
270005
261518
253169
244960
236896
228983
221234
213670
206328
199263
192555
351610
342733
333218
323787
314485
305317
296285
287389
278629
270005
261518
253169
244962
236898
228987
221241
213682
206347
199293
192597
351598
342732
333219
323788
314485
305317
296285
287389
278629
270005
261518
253170
244962
236899
228989
221244
213688
206357
199308
192617
181195
179121
177538
176170
174901
173694
172530
171399
170293
169207
168137
167080
166035
165000
163973
162953
161939
160931
159927
158928
157932
156941
155955
154973
153995
153021
152050
151083
150119
149159
148202
147249
146300
145356
144416
143482
142553
141628
140708
139791
138877
137967
137058
136153
135250
134350
133453
132559
131669
130782
129898
129018
128139
127263
126390
125520
124653
123789
122928
122071
121215
120362
119511
118663
117816
116972
116131
115293
114459
113628
112800
111974
111149
110327
109507
108689
107872
107059
106249
105443
104642
103845
103053
102266
101483
100703
99927.2
99154.5
98384.9
97618.3
96854.4
96093
95333.6
94576.3
93820.7
93067.4
92315.9
91567.1
90820.3
90076.6
89335.7
88598.6
87864.8
87135.5
86410
85689.3
84972.8
84261.1
83553.4
82850.4
82151.2
81456.5
80765.3
80078.1
79393.7
78712.5
78033.5
77357.3
76683.3
76012.5
75344.5
74679.9
74017.7
73358.6
72700.9
72046.4
71392.9
70742.8
70093.7
69447.6
68802.6
68159.8
67518.2
66878.3
66240.2
65604.1
64970.4
64339.1
63710.6
63085.5
62463.3
61844.8
61229.4
60617.5
60008.8
59403.2
58800.7
58201.4
57604.7
57010.9
56419.5
55830.7
55243.8
54659.1
54076.3
53495.8
52917.3
52342.1
51769.6
51200.5
50634.4
50072.5
49513.9
48960.5
48410.6
47866.5
47326
46792.2
46262.1
45739.6
45219.8
44709
44198.1
43698.2
43195.9
42705.8
42211.3
41730.5
41243
40769.6
40289.3
39822.2
39348.4
38884.4
38415.2
37950.3
37480.8
37011.5
36534.8
36054.7
35562.6
35062.1
34543.5
34009.1
33447.2
32858.6
32226.8
31538.9
30806.9
29913.9
182672
180462
178660
177108
175704
174392
173143
171941
170775
169637
168522
167426
166345
165279
164224
163179
162143
161115
160093
159077
158068
157063
156065
155072
154084
153101
152122
151148
150177
149211
148249
147291
146338
145390
144447
143509
142576
141647
140723
139803
138887
137974
137063
136156
135251
134350
133451
132556
131665
130777
129892
129010
128131
127254
126381
125510
124643
123779
122918
122060
121204
120351
119500
118651
117805
116961
116120
115282
114448
113616
112787
111961
111137
110315
109495
108678
107863
107050
106242
105437
104637
103842
103052
102266
101484
100706
99931.6
99160.3
98392.1
97626.7
96864
96103.4
95344.8
94588.1
93833.2
93080.2
92329.2
91580.6
90834.3
90090.9
89350.4
88613.5
87880.2
87151
86426
85705.1
84988.7
84276.6
83568.9
82865.6
82166.5
81471.5
80780.4
80092.8
79408.2
78726.3
78047
77370.3
76696.3
76025.8
75358.3
74694.4
74033
73374.6
72718
72064.1
71411.7
70761.7
70113.3
69466.9
68822.1
68178.9
67537.2
66897.2
66259.3
65623.5
64990.2
64359.8
63732.1
63108
62487
61869.6
61255.7
60645
60037.6
59433.3
58832.2
58233.9
57638.4
57045.4
56455.2
55867.1
55280.8
54696.3
54113.5
53532.6
52953.6
52377.3
51803.6
51232.8
50665.3
50101.6
49541.1
48985.2
48432.6
47884.9
47340.9
46802.6
46267.7
45740
45214.2
44696.8
44179
43670.8
43160.4
42661.1
42157.6
41665.6
41168.4
40681.7
40190.9
39707.9
39222.6
38740.7
38257.8
37774.2
37288.2
36798.6
36303.5
35800.2
35287.2
34758.8
34214.7
33645.3
33051.1
32410.5
31745.4
30961
30172.1
29291.1
183697
181505
179619
177957
176452
175053
173730
172464
171242
170055
168897
167763
166649
165552
164470
163401
162343
161295
160256
159224
158200
157183
156173
155169
154171
153179
152192
151211
150234
149262
148295
147332
146375
145423
144476
143534
142597
141665
140738
139815
138895
137979
137067
136157
135251
134348
133448
132552
131659
130770
129884
129001
128121
127244
126371
125500
124632
123768
122907
122048
121192
120339
119488
118640
117794
116950
116109
115272
114437
113605
112776
111950
111126
110304
109485
108668
107854
107043
106236
105433
104634
103841
103052
102268
101488
100711
99938.3
99168.4
98401.7
97637.7
96876
96116.5
95358.7
94602.7
93848.4
93096
92345.5
91597.3
90851.6
90108.7
89369
88632.6
87899.9
87170.9
86446.1
85725.1
85008.5
84296.1
83588.2
82884.5
82185.3
81489.9
80798.5
80110.3
79425.2
78742.6
78062.8
77385.7
76712
76041.9
75375.2
74712
74051.6
73394
72738.6
72085.3
71433.9
70784.1
70136.2
69489.4
68844.5
68200.7
67558.8
66918.6
66280.8
65645.4
65012.5
64382.8
63756.2
63133.1
62513.4
61897.4
61285
60676
60070.1
59467.2
58867.5
58270.3
57675.9
57083.9
56494.7
55907.3
55321.5
54737.2
54154.2
53572.4
52992.8
52415.1
51840
51267.4
50698.3
50132.8
49570.3
49011.9
48456.7
47905.4
47357.9
46815.4
46275.7
45742.5
45210.6
44685.9
44160.8
43643.8
43125.3
42615.4
42103.6
41599.2
41093.5
40592.7
40092.4
39593.6
39096.8
38598
38101.3
37599.3
37098.2
36587.7
36077.3
35550.4
35020.4
34464
33901.6
33294.6
32685.7
31990.4
31314.7
30486.4
29669.8
28828.2
184479
182344
180434
178711
177135
175668
174283
172960
171688
170456
169258
168088
166942
165817
164709
163617
162538
161470
160414
159367
158329
157299
156277
155263
154256
153255
152261
151272
150289
149311
148339
147372
146410
145454
144503
143558
142618
141682
140752
139825
138903
137985
137070
136158
135250
134346
133445
132547
131653
130763
129876
128992
128112
127234
126360
125489
124621
123756
122895
122036
121180
120327
119477
118628
117783
116940
116099
115262
114427
113595
112766
111940
111116
110295
109476
108660
107847
107038
106232
105430
104634
103842
103055
102272
101494
100719
99947.2
99178.9
98413.6
97650.9
96890.4
96131.8
95374.8
94619.5
93865.9
93114.1
92364.4
91616.8
90872
90129.9
89391.1
88655.3
87923.1
87194.2
86469.4
85748.1
85031.2
84318.3
83610
82905.8
82206.3
81510.3
80818.4
80129.3
79443.5
78759.9
78079.7
77402.4
76729.1
76059.5
75393.8
74731.4
74072.2
73415.4
72761.1
72108.3
71457.7
70808.3
70160.5
69513.5
68868.2
68223.7
67581.7
66941.2
66303.5
65668.3
65036.1
64406.9
63781.5
63159.4
62541.1
61926.5
61315.7
60708.2
60103.9
59502.4
58904.2
58308
57715
57124
56536
55949
55363.7
54779.1
54196
53613.1
53032.4
52453
51876
51301.8
50731.4
50163.5
49599.4
49038.3
48480.8
47926.1
47375.5
46828.6
46284.5
45745.3
45207.8
44675.2
44143
43616.1
43090.1
42569.1
42049.4
41532.8
41018.4
40504.4
39994
39480.6
38971.8
38456.8
37947.2
37426.7
36913.3
36381.2
35858.7
35306.5
34766.1
34178.2
33609
32961.5
32348.4
31613
30916.8
30102.7
29289.5
28481.3
185109
183032
181126
179374
177752
176234
174798
173427
172111
170839
169604
168401
167225
166072
164940
163825
162726
161640
160567
159506
158454
157412
156380
155355
154339
153330
152328
151332
150343
149360
148383
147411
146446
145486
144531
143582
142638
141700
140766
139836
138911
137990
137073
136160
135250
134344
133442
132543
131648
130757
129869
128984
128103
127225
126351
125479
124611
123746
122884
122025
121170
120316
119466
118618
117773
116930
116090
115253
114419
113587
112759
111932
111109
110288
109470
108655
107843
107034
106230
105430
104635
103845
103059
102278
101501
100728
99957.7
99190.9
98427.2
97665.8
96906.5
96148.8
95392.8
94638.2
93885.5
93134.3
92385.4
91638.7
90894.9
90153.6
89415.6
88680.2
87948.3
87219.4
86494.3
85772.6
85055.2
84341.6
83632.9
82928.2
82228.1
81531.5
80838.9
80148.9
79462.3
78777.9
78097.3
77419.8
76746.8
76077.5
75412.8
74751.1
74092.9
73436.8
72783.3
72131.2
71481.3
70832.1
70184.2
69536.7
68891
68246.2
67604
66963.4
66326
65691
65059.4
64430.8
63806.6
63185.2
62568.4
61955
61345.8
60739.5
60137
59536.7
58940
58345.2
57753.6
57163.7
56576.8
55989.7
55404.8
54819.6
54236.2
53652
53070.3
52488.7
51910.2
51333.8
50762.5
50191.8
49626.5
49062.5
48502.8
47945.1
47391.6
46840.4
46292.1
45746.9
45204
44663
44124.3
43587.5
43054.2
42522.7
41994.9
41467.1
40943.9
40417.3
39896.9
39369.3
38850
38318.2
37798.6
37258.3
36735.1
36181
35649.6
35072
34523.9
33907.7
33329.4
32656.3
32024.8
31286.8
30566.3
29789.7
28998.2
28211.6
185639
183612
181719
179955
178305
176749
175272
173862
172507
171200
169932
168698
167495
166317
165161
164025
162907
161804
160716
159640
158576
157522
156479
155445
154420
153403
152394
151392
150397
149409
148427
147451
146481
145517
144559
143606
142659
141718
140781
139848
138921
137998
137078
136163
135252
134344
133441
132541
131645
130752
129864
128978
128096
127218
126343
125471
124603
123738
122876
122017
121161
120308
119458
118610
117765
116923
116084
115247
114413
113581
112753
111926
111103
110282
109465
108650
107839
107032
106229
105431
104637
103849
103065
102285
101509
100737
99969
99203.8
98441.7
97681.8
96923.8
96167.1
95412.2
94658.6
93906.6
93156.2
92408.1
91662.3
90919.2
90178.7
89441.1
88706
87974.2
87245
86519.3
85797
85079
84364.9
83655.6
82950.3
82249.6
81552.3
80859
80168.3
79480.9
78795.9
78114.8
77437
76764
76094.8
75430.4
74769.1
74111.6
73456
72803.1
72151.6
71502.2
70853.1
70205.3
69557.4
68911.3
68266.3
67624
66983.5
66346.3
65711.5
65080.3
64452.2
63828.6
63208.2
62592.8
61980.8
61373.2
60768.1
60167.1
59567.9
58972.7
58379.2
57788.9
57200.1
56614
56026.5
55441.9
54856
54272.2
53686.5
53104.2
52520.4
51941.2
51362.8
50789.9
50216.7
49650
49083.1
48521.5
47960.5
47404.4
46849
46297
45745.5
45197.6
44648.1
44103.2
43557.3
43017
42475.4
41940.4
41401.3
40870.5
40331.5
39802.1
39260.5
38732.2
38184.9
37655.2
37098.7
36564.3
35993.8
35449.8
34856.2
34292.3
33662.6
33064.1
32387.4
31733.4
31012.7
30285.5
29537.1
28765.3
27991.1
186094
184109
182232
180464
178795
177213
175705
174263
172876
171537
170240
168980
167750
166549
165372
164217
163081
161962
160859
159770
158693
157629
156576
155532
154499
153474
152458
151450
150450
149457
148470
147490
146516
145549
144587
143631
142681
141737
140797
139862
138932
138007
137086
136169
135256
134347
133442
132541
131644
130751
129861
128975
128093
127214
126338
125467
124598
123733
122870
122011
121155
120302
119452
118605
117760
116918
116079
115242
114408
113577
112748
111922
111099
110278
109461
108647
107837
107031
106230
105433
104641
103853
103070
102292
101518
100747
99980.6
99217
98456.5
97698.2
96941.6
96186.2
95432.3
94679.5
93928.3
93178.5
92431.1
91685.9
90943.3
90203
89465.6
88730.6
87998.5
87268.8
86542.7
85819.8
85101.1
84386.4
83676.6
82970.6
82269.1
81571.3
80877.4
80186.2
79498.2
78812.7
78131
77452.7
76779.3
76109.7
75445
74783.5
74125.9
73470.5
72818.1
72167.1
71518.3
70869.5
70221.9
69573.8
68927.7
68282.4
67640.1
66999.5
66362.3
65727.8
65096.7
64469.1
63846
63226.9
62612.8
62002.4
61396.3
60792.8
60193.1
59594.7
59000.6
58407.8
57818.7
57230.4
56644.8
56056.9
55472.5
54885.8
54301.7
53714.9
53131.7
52545.8
51965.7
51386.3
50811.2
50236.2
49667.5
49098.2
48534.5
47970.6
47411.7
46852.4
46296.7
45740
45186.2
44629.9
44078.1
43524.7
42976.8
42427
41884
41336.1
40796.7
40248.2
39708.5
39157.2
38616.6
38059.9
37516.1
36950.2
36400.5
35821.8
35260.9
34661.1
34079.3
33446.2
32830.5
32159.2
31493.8
30790.8
30067.1
29333
28571.9
27805
186488
184536
182678
180911
179231
177629
176098
174630
173216
171850
170528
169243
167991
166768
165572
164399
163246
162112
160995
159894
158806
157731
156668
155617
154575
153544
152521
151507
150502
149503
148512
147528
146551
145580
144615
143657
142704
141756
140814
139877
138945
138017
137094
136176
135262
134352
133446
132543
131645
130751
129861
128974
128091
127212
126336
125464
124595
123730
122867
122008
121152
120299
119448
118601
117756
116914
116075
115238
114404
113572
112744
111918
111095
110275
109458
108645
107836
107031
106231
105435
104644
103858
103076
102299
101526
100757
99991.7
99229.5
98470.7
97713.9
96958.8
96204.6
95451.7
94699.5
93948.8
93199.4
92452.4
91707.4
90965
90224.6
89486.8
88751.7
88019.3
87289.2
86562.6
85839.1
85119.8
84404.5
83693.9
82987.1
82285.1
81586.8
80892.3
80200.6
79512.2
78826.4
78144.1
77465.2
76791.1
76120.7
75455
74792.6
74134.5
73478.9
72826.5
72175.8
71527.5
70879.2
70231.9
69584
68938
68292.7
67650.4
67009.7
66372.4
65737.9
65107.1
64480.1
63857.8
63240
62627.5
62018.9
61414.1
60812.6
60213.4
59616.1
59022.8
58430.3
57841.5
57253.7
56668.2
56079.4
55495.1
54907.9
54322.8
53735.4
53151.4
52564.4
51982.7
51402.1
50824.5
50248.7
49677.1
49105.9
48539.5
47973.8
47412.1
46849.9
46290.2
45729.9
45170.1
44608.7
44049.3
43489.6
42934.7
42378.1
41827.1
41273
40724.1
40169.1
39618.4
39060.6
38507.2
37943.9
37386.6
36814.3
36250.6
35667.7
35093
34490.1
33895.1
33262.8
32637
31974.1
31303.6
30612.8
29891.9
29162.8
28407.4
27646
186836
184911
183068
181303
179617
178002
176452
174962
173526
172138
170793
169487
168215
166973
165759
164570
163402
162254
161124
160011
158913
157828
156757
155697
154648
153610
152582
151562
150551
149549
148554
147566
146585
145611
144643
143682
142726
141776
140832
139893
138959
138029
137105
136185
135269
134358
133451
132548
131649
130754
129863
128976
128092
127212
126336
125463
124594
123728
122865
122006
121149
120296
119445
118597
117752
116910
116070
115233
114399
113568
112739
111914
111091
110272
109456
108644
107836
107032
106232
105437
104647
103862
103081
102305
101534
100766
100002
99240.7
98483.3
97728
96974.2
96221
95468.7
94717
93966.5
93217.2
92470.1
91724.8
90981.9
90241.1
89503.1
88767.6
88034.8
87304.3
86577.1
85853
85133.1
84417
83705.5
82998
82295.3
81596.4
80901.4
80209.4
79520.6
78834.4
78151.6
77472.2
76797.1
76125.7
75458.8
74795.2
74136.1
73479.8
72827.1
72176.6
71528.6
70880.9
70233.9
69586.6
68940.9
68296.1
67654
67013.3
66376
65741.7
65111.3
64485.2
63864.1
63247.3
62636.7
62029.6
61426
60826.3
60227.7
59631.2
59038.3
58446
57856.8
57269.2
56682.8
56093.6
55509.3
54921.1
54334.9
53747.9
53162
52575.2
51992
51411.9
50830
50254.1
49678.8
49106.6
48536.1
47970.7
47404.9
46842.2
46277.5
45715.5
45148.3
44583.2
44017.1
43452.4
42890.8
42329.7
41770.3
41213.9
40654.2
40095.6
39534.8
38971.7
38407.8
37839.5
37270.6
36694.6
36120.1
35535
34950.4
34347.5
33743.5
33114.3
32481.1
31826.1
31150.8
30465.5
29746.1
29018.1
28267.9
27511.8
187142
185239
183408
181648
179957
178332
176769
175262
173808
172401
171037
169712
168422
167163
165933
164729
163547
162387
161245
160121
159013
157920
156840
155773
154717
153673
152639
151614
150599
149592
148593
147602
146618
145640
144670
143706
142748
141796
140850
139908
138973
138042
137116
136195
135278
134365
133457
132553
131653
130758
129866
128978
128094
127213
126337
125463
124594
123727
122864
122004
121147
120293
119442
118593
117748
116905
116065
115228
114394
113563
112734
111909
111087
110269
109454
108642
107835
107032
106233
105439
104649
103865
103085
102310
101539
100772
100009
99249.7
98493.7
97739.6
96986.9
96234.3
95482.2
94730.5
93979.6
93229.8
92482.1
91736.3
90992.7
90251.3
89512.8
88777.1
88043.8
87312.8
86584.8
85860
85139.2
84422.2
83709.7
83001.6
82298.1
81598.7
80903.2
80210.7
79521.4
78834.9
78151.6
77471.6
76795.8
76123.5
75455.5
74790.8
74130.3
73472.9
72819.6
72168.7
71520.9
70873.9
70227.7
69581.6
68936.5
68292.4
67650.8
67010.4
66373.7
65739.9
65110.4
64485.5
63865.6
63250.2
62640.8
62035
61432.2
60833.1
60235.4
59639.4
59046.5
58453.7
57864.4
57277
56687.9
56100.9
55514.2
54926
54338.5
53752.3
53164
52577.5
51992.7
51415
50827.8
50253.9
49671.9
49102.4
48525.3
47962
47390.6
46829.4
46258.4
45696.8
45121.3
44554.1
43981.6
43414.1
42846.2
42283.9
41715.7
41160
40590.3
40029.1
39461.2
38893.9
38322
37750.6
37171.4
36592.9
36010
35425
34832.4
34232.3
33619.3
32994.4
32353
31702.4
31022.9
30338.4
29621.3
28895.3
28151.2
27400.8
187412
185525
183706
181949
180257
178625
177050
175530
174061
172638
171258
169916
168611
167337
166093
164875
163681
162509
161357
160223
159106
158005
156917
155843
154782
153731
152692
151663
150643
149632
148630
147635
146648
145668
144696
143729
142769
141815
140867
139924
138987
138054
137127
136204
135286
134373
133464
132559
131658
130761
129869
128980
128095
127214
126337
125463
124593
123726
122862
122001
121144
120289
119438
118589
117743
116900
116060
115223
114388
113557
112729
111904
111083
110265
109451
108641
107834
107032
106233
105440
104651
103866
103087
102312
101542
100776
100014
99255.6
98500.9
97747.6
96995.6
96242.9
95490.6
94738.4
93986.8
93236
92487.5
91740.8
90996.4
90254.2
89515.4
88779.2
88045.5
87313.8
86585
85859.2
85137.4
84419.4
83706.1
82997.3
82293.4
81593.2
80897
80203.9
79514.3
78827.4
78143.7
77463.3
76786.8
76113.8
75444.7
74778.9
74117.1
73458.6
72804.3
72153.2
71505.4
70858.6
70213.5
69568.7
68924.9
68282.1
67641.4
67002.1
66366.4
65733.6
65105.4
64481.5
63863.2
63248.9
62640.3
62035.4
61432.8
60833.5
60236.8
59639.8
59047
58453.6
57863.9
57276
56685
56099.9
55509.9
54923.6
54334.3
53748.3
53159.2
52573.3
51987.1
51409.7
50820
50247.5
49658
49091.4
48507.3
47946.3
47369.4
46811.3
46233.1
45672.9
45089.7
44522.7
43944.9
43376.3
42802.6
42239.8
41664.5
41110.7
40533.9
39970.7
39398.4
38825.4
38249
37675.7
37087.9
36511.5
35921.1
35337.9
34734.5
34137.8
33515.3
32892.5
32243.9
31593.7
30912.7
30228.4
29515.1
28793
28056
27311.3
187647
185775
183965
182212
180519
178881
177299
175768
174286
172849
171456
170101
168782
167495
166238
165008
163803
162621
161459
160317
159191
158082
156988
155908
154841
153785
152741
151708
150684
149670
148664
147667
146677
145695
144719
143751
142789
141833
140883
139939
139000
138067
137138
136214
135295
134380
133470
132564
131662
130765
129871
128982
128096
127215
126336
125462
124591
123723
122859
121998
121140
120285
119433
118584
117738
116894
116054
115217
114382
113551
112724
111899
111079
110262
109449
108639
107833
107031
106233
105440
104651
103866
103087
102312
101542
100776
100015
99257.5
98503.3
97750.2
96998.5
96245.3
95492.8
94739.8
93987.4
93235.2
92485.9
91738
90992.9
90249.8
89510.7
88773.9
88039.9
87307.3
86577.8
85850.9
85128.2
84409.5
83695.7
82986.2
82281.8
81581
80884.2
80190.3
79500.5
78813.2
78129.3
77448.5
76771.5
76097.5
75427.6
74760.5
74097.7
73438.2
72783.2
72131.6
71483.8
70837.4
70193.3
69549.6
68907.7
68266.5
67627.3
66989.5
66355.1
65723
65096.1
64472.9
63855.8
63242.4
62634.8
62030.5
61428.6
60828.2
60232.7
59633.8
59040.5
58445.4
57856.1
57266.1
56674.4
56089.8
55498.6
54913.8
54323.3
53737.6
53148.2
52561.9
51976.6
51398.5
50808.6
50233.3
49641.5
49074.7
48486
47924.9
47344.1
46787.6
46205.3
45645.1
45056.6
44488.8
43908
43338.5
42761
42195.9
41619.3
41063.8
40482.7
39920.6
39342.6
38766.8
38186.2
37610.8
37020.9
36444.8
35846.6
35264.6
34653
34054.6
33425.7
32800.9
32148.7
31498.4
30817.9
30135.9
29427.2
28710.4
27980.6
27242
187852
185991
184188
182440
180745
179104
177515
175975
174483
173036
171631
170264
168934
167636
166368
165128
163913
162722
161551
160401
159268
158153
157053
155967
154894
153834
152786
151749
150722
149704
148695
147695
146703
145719
144742
143771
142808
141850
140899
139953
139013
138078
137148
136223
135302
134387
133475
132568
131666
130767
129873
128983
128097
127214
126335
125460
124588
123720
122856
121994
121135
120280
119428
118578
117732
116889
116048
115211
114377
113546
112719
111895
111075
110259
109447
108638
107833
107031
106234
105440
104650
103865
103085
102309
101539
100773
100012
99254.4
98500
97746.6
96994.2
96240.3
95487.4
94733.4
93980.1
93227
92477.2
91728.3
90982.6
90238.7
89499.5
88761.8
88027.4
87294
86564.1
85836.1
85113.1
84393.7
83679.7
82969.8
82265
81563.5
80866.2
80171.6
79481.6
78793.7
78110
77428.6
76751.4
76076.4
75406
74737.7
74074.4
73414
72758.8
72106.7
71458.9
70812.7
70169.6
69527.1
68887
68247.3
67610.2
66973.5
66340.4
65709.2
65083.3
64460.3
63843.8
63231.2
62624.3
62020.2
61419.3
60818.2
60222.7
59621.6
59027
58429.7
57839.6
57247
56658
56071
55481.6
54895.5
54305
53720.2
53132
52544.1
51962.1
51380.9
50792.5
50214.8
49621.7
49051.3
48461.6
47895.7
47315.8
46758.1
46173.2
45616.1
45023.4
44455.1
43870.6
43298.6
42719.5
42152.8
41575.2
41018.6
40437.8
39877.1
39295.1
38717.7
38134.1
37555
36965.8
36382.5
35786.2
35198.9
34581.8
33979.2
33347.3
32719.4
32067.6
31417.3
30738.7
30060.9
29357
28646.2
27923.3
27190.6
188029
186177
184380
182634
180939
179295
177701
176154
174654
173198
171784
170407
169067
167759
166482
165233
164010
162811
161633
160475
159337
158215
157110
156019
154942
153878
152826
151786
150755
149735
148724
147721
146727
145741
144762
143790
142824
141865
140912
139965
139024
138088
137157
136230
135309
134392
133480
132572
131668
130769
129874
128983
128096
127212
126333
125457
124585
123716
122851
121989
121130
120275
119422
118573
117726
116883
116043
115206
114372
113541
112714
111891
111072
110256
109445
108637
107832
107031
106233
105438
104648
103862
103081
102304
101533
100766
100004
99246.2
98490.7
97736.5
96983.1
96228.6
95475.1
94720.3
93966.1
93212.4
92462.1
91712.6
90966.4
90222.2
89482.8
88744.5
88009.8
87275.8
86545.6
85817.2
85094.3
84374.4
83660.4
82949.9
82244.8
81542.7
80844.9
80149.9
79459.7
78771.8
78088.3
77406.5
76728.8
76053
75381.9
74712.7
74049
73388
72732.8
72080.5
71433.2
70787.3
70144.9
69503.4
68864.9
68226.9
67591.1
66955.7
66323.5
65692.9
65067.3
64444.8
63828.8
63216.4
62610.4
62006.1
61405.7
60803.8
60207.1
59604.6
59007.5
58408.2
57817.1
57220.7
56635.4
56046.9
55459.4
54870.7
54283.1
53696.7
53111.6
52520.8
51944.4
51357.3
50773.7
50194.5
49602.4
49022.5
48435.2
47864.4
47284.1
46724.5
46140.9
45576.3
44989.1
44420.1
43832.6
43256.2
42679.6
42109.4
41536.9
40979.5
40396.4
39837.2
39254.8
38674.7
38090.9
37507.1
36920.1
36328
35732.8
35134.5
34520.4
33910.7
33280.3
32648.8
32001.1
31350.7
30675.7
30002
29302.9
28598.3
27881.1
27153.9
188178
186334
184541
182797
181102
179456
177857
176306
174799
173336
171914
170530
169181
167866
166581
165324
164094
162887
161703
160540
159396
158269
157159
156065
154984
153916
152861
151818
150785
149762
148749
147744
146748
145760
144779
143805
142839
141878
140924
139976
139033
138096
137164
136236
135314
134396
133483
132574
131670
130769
129873
128981
128094
127210
126330
125454
124581
123712
122846
121984
121125
120270
119417
118568
117721
116878
116038
115201
114367
113537
112710
111887
111068
110253
109442
108635
107830
107028
106230
105435
104644
103857
103074
102296
101524
100756
99993.1
99233.8
98476.6
97721.2
96966.8
96212.1
95457.9
94702.3
93947.2
93193.5
92442.5
91692.5
90945.9
90202.2
89462.5
88724
87989.1
87255.1
86524.6
85796.6
85073.6
84353.8
83639.8
82928.9
82223.3
81520.5
80822.3
80127.3
79436.8
78749.2
78065.6
77384.2
76706.1
76029.9
75357.6
74688
74023.6
73362.3
72707.3
72055.3
71408.3
70763
70121
69480.2
68842.8
68205.9
67570.8
66936.7
66305.2
65675.2
65050
64428.1
63812.4
63200.4
62594.4
61989
61388.2
60785.1
60186.4
59582.3
58984.4
58385
57790.1
57193.8
56608.8
56017.2
55433.7
54842.5
54256.8
53670.3
53090
52498.6
51923
51331.6
50755.7
50165.5
49575.5
48991
48411.7
47837.9
47256.9
46689
46105.7
45532.8
44953.5
44378.2
43794.7
43215.4
42644.3
42070.4
41501.1
40937.1
40361.5
39798.3
39217.5
38636.4
38055.8
37467.4
36876.8
36279.8
35684.8
35077.6
34465.9
33850.7
33227.3
32592.3
31950
31298.4
30628.1
29956
29263
28563.5
27850.6
27129
188303
186463
184673
182930
181235
179587
177986
176430
174919
173451
172023
170632
169277
167955
166663
165400
164164
162952
161763
160595
159446
158315
157201
156103
155019
153949
152891
151845
150810
149785
148769
147763
146765
145776
144794
143819
142851
141889
140934
139984
139041
138102
137169
136241
135318
134399
133485
132575
131670
130769
129872
128980
128091
127207
126326
125450
124577
123708
122842
121980
121121
120265
119412
118563
117716
116873
116032
115196
114362
113532
112705
111883
111064
110249
109438
108631
107826
107024
106225
105429
104637
103849
103066
102287
101513
100744
99979.2
99218.5
98459.5
97702.8
96946.9
96191.9
95436.6
94680.9
93925.6
93171.9
92420.2
91670.4
90923.8
90181
89440.8
88702.9
87967.8
87234.4
86503.9
85776.7
85053.1
84333.8
83619.1
82908.4
82201.7
81498.9
80799.8
80105.2
79414.4
78727.8
78044.1
77363.8
76685.1
76009.2
75335.8
74666.2
74000.9
73339.8
72684.5
72033.5
71386.2
70741.7
70099.3
69459.5
68822
68185.8
67550.8
66917.8
66286.1
65657.1
65031.7
64410.7
63794.8
63182.9
62575.6
61969.1
61366.4
60762.2
60161.1
59556.9
58957.5
58358.4
57764.9
57169.3
56579.9
55989
55405
54813.4
54231.8
53643.9
53064.4
52474.9
51900.2
51307
50728.1
50130.5
49551.1
48962.9
48387.5
47810
47227.4
46648.6
46069.9
45494.4
44917.6
44334.5
43760
43180.4
42610.5
42035.7
41471.1
40898.8
40332.2
39757.1
39184.5
38603
38022.5
37430.3
36839.8
36240.3
35638.8
35030.9
34422.6
33806.1
33185.5
32552.3
31912.3
31260.6
30595.1
29921.9
29235
28538.4
27829.4
27113.2
188402
186566
184777
183034
181339
179690
178087
176529
175015
173542
172109
170713
169353
168026
166729
165461
164220
163004
161810
160638
159486
158352
157235
156134
155048
153975
152915
151867
150830
149803
148786
147778
146779
145788
144805
143829
142860
141897
140941
139991
139046
138107
137173
136244
135320
134400
133486
132575
131669
130768
129871
128978
128089
127204
126323
125446
124573
123704
122838
121976
121116
120260
119408
118558
117711
116868
116028
115191
114357
113527
112701
111878
111059
110245
109433
108625
107820
107017
106218
105421
104629
103841
103057
102277
101502
100732
99964.9
99202.6
98441.6
97683.6
96926.2
96170.5
95414
94658.7
93903.2
93150.2
92398
91649.2
90902.6
90160.5
89420
88683.1
87947.7
87215.2
86484.8
85758.4
85034.6
84315.9
83600.5
82890
82182.4
81479.9
80780.1
80086
79394.7
78708.9
78025.4
77346.3
76667.4
75992.1
75318
74648.8
73982.6
73322
72666.4
72015.8
71368
70724
70080.9
69442
68803.6
68167.8
67532.4
66900
66267.7
65639.6
65014.1
64393.6
63776.5
63164.3
62554.5
61947.2
61341.7
60737
60133.3
59531
58930.4
58334.6
57738.8
57143.9
56553.4
55963
55374.8
54787.5
54205.6
53616.3
53037.5
52450.2
51872.5
51277.9
50698.3
50105.5
49529.1
48932.3
48360.8
47773.8
47194.2
46617.5
46040.1
45457.8
44882.3
44297.6
43727.7
43146.7
42581.9
42008.6
41444.2
40865.4
40302.7
39720.3
39153.3
38570.2
37994.7
37398.8
36809
36206.2
35604.8
34999.4
34388.5
33775.3
33154.9
32526.6
31884.4
31235.7
30571.6
29899
29215.5
28520.5
27815.3
27103.1
188476
186643
184854
183112
181416
179767
178163
176603
175086
173610
172174
170775
169410
168079
166779
165507
164263
163043
161846
160671
159516
158380
157261
156157
155069
153994
152933
151883
150845
149817
148798
147790
146789
145797
144813
143836
142866
141903
140946
139995
139050
138110
137175
136246
135321
134401
133486
132575
131669
130767
129870
128976
128087
127202
126321
125444
124571
123701
122835
121972
121113
120257
119404
118554
117708
116864
116024
115187
114353
113523
112696
111873
111054
110239
109427
108619
107813
107010
106210
105414
104621
103833
103048
102268
101492
100720
99951.8
99187.8
98425.2
97666.4
96907.5
96151.5
95394
94639.4
93883.6
93131.3
92378.8
91631.3
90884.3
90143
89402.1
88666.5
87930.7
87199.7
86469
85743.8
85019.7
84301.8
83585.8
82875.9
82167.6
81465.5
80765
80071.6
79380.1
78695
78011.2
77333
76654.3
75980.2
75306.2
74638
73971
73311
72653.9
72003.3
71354.4
70710.9
70067.4
69429.1
68789.4
68153.6
67517.2
66884.6
66251.6
65624.3
64998.2
64377.9
63759
63146.2
62534.2
61925.7
61317.4
60712.6
60107.1
59507.8
58905.9
58312.3
57714.5
57122.7
56528.1
55940.6
55348.4
54764.3
54177.4
53592.3
53011.8
52425.3
51844.7
51254.4
50672.7
50080.9
49503.6
48905.4
48333.8
47740.4
47167.2
46586.3
46008.3
45426.5
44852.4
44267.7
43699.8
43118.8
42556.7
41981.2
41418.2
40837.1
40273
39693.2
39128.4
38544
37968.9
37372
36784.5
36180.4
35579.9
34977
34365.5
33758.7
33133.6
32512
31864.7
31221.2
30555.3
29885.1
29201.7
28508.6
27805.9
27095.6
188523
186692
184905
183163
181468
179818
178213
176652
175133
173656
172217
170815
169449
168115
166812
165538
164291
163069
161870
160693
159537
158398
157277
156173
155083
154007
152944
151894
150854
149825
148806
147797
146796
145803
144818
143841
142870
141907
140949
139998
139052
138112
137177
136247
135322
134402
133486
132575
131669
130767
129869
128975
128086
127201
126320
125442
124569
123699
122833
121970
121111
120254
119401
118551
117704
116861
116020
115183
114349
113519
112692
111869
111050
110234
109421
108612
107806
107003
106204
105407
104615
103826
103041
102260
101484
100712
99941.5
99175.9
98411.5
97652.1
96892.1
96136.3
95378.1
94624.1
93867.9
93116.6
92363.9
91617.6
90870.5
90130.3
89389
88654.5
87918.2
87188.5
86457.6
85733.6
85009
84292
83575.4
82866
82157.2
81455.4
80754.5
80061.5
79369.6
78684.7
78000.6
77322.7
76644.2
75971.4
75298.3
74631.9
73964.4
73304.9
72645.4
71994.4
71343.7
70700.5
70056.3
69418.5
68777.8
68142.4
67505
66872.5
66238.8
65611.7
64984.6
64364.2
63744
63130.1
62516
61906.6
61296.9
60692.5
60086.3
59489.3
58885.8
58297
57694.9
57109.5
56508.5
55924.5
55326.4
54744.5
54154.1
53573.2
52987.5
52403.7
51817.7
51232.1
50649.5
50058.1
49479.2
48882.6
48309.3
47715.9
47145.1
46557.1
45982.7
45402.5
44826.3
44245.4
43679.6
43096.9
42534.3
41958
41392
40816.4
40251.7
39676
39109.1
38525.2
37945.9
37353.9
36765.2
36165.6
35564.4
34968.6
34355.9
33755.7
33122.1
32508.9
31854.4
31216.7
30546
29878.1
29192.2
28501.4
27799.4
27090.7
188546
186717
184931
183189
181494
179844
178238
176677
175157
173678
172238
170835
169468
168133
166829
165553
164305
163082
161882
160704
159547
158408
157286
156180
155090
154014
152950
151899
150859
149830
148810
147800
146799
145806
144821
143843
142872
141908
140951
139999
139053
138113
137177
136247
135322
134402
133486
132575
131669
130766
129869
128975
128086
127200
126319
125442
124568
123698
122832
121969
121109
120253
119400
118550
117703
116859
116018
115181
114347
113517
112690
111867
111047
110231
109418
108609
107803
106999
106200
105403
104611
103822
103037
102256
101480
100706
99935.2
99168.8
98403.3
97643.6
96882.8
96127.1
95368.6
94615
93858.8
93108.4
92355.8
91610.4
90863.3
90123.6
89381.8
88648
87911.2
87182.3
86451.3
85727.7
85002.9
84286.5
83569.5
82860.6
82150.9
81449.2
80747.9
80055.2
79363.2
78678.5
77994.1
77316.3
76638.1
75966.6
75294.2
74629
73960.9
73301.5
72639.9
71988.5
71336.2
70693.2
70048.6
69411.2
68770.1
68135.3
67497.3
66865.1
66231.1
65604.2
64977
64356.3
63735.1
63120.4
62505.4
61895.8
61284.4
60680
60072.3
59477.8
58872.8
58291.7
57683.8
57104
56496.3
55915.4
55311.2
54734.8
54137
53560.6
52968.3
52389.7
51798.2
51217.2
50629.2
50040.1
49456.2
48863
48287
47696.6
47124.8
46540.9
45966.7
45388.2
44811.6
44234.3
43663.3
43081.7
42516.8
41940.7
41372.8
40807.7
40237.6
39669.8
39096
38515.8
37931.3
37346.2
36751.7
36164.6
35554.5
34977
34350.5
33768.8
33120.3
32518.4
31851.6
31222.3
30542
29874.5
29185.8
28497.1
27794.7
27086.9
166222
166159
166035
165850
165607
165306
164952
164547
164094
163596
163057
162480
161867
161221
160546
159844
159118
158371
157604
156820
156020
155206
154380
153544
152698
151845
150985
150118
149245
148367
147484
146599
145711
144821
143929
143037
142144
141251
140359
139468
138577
137686
136795
135905
135017
134130
133245
132362
131481
130602
129725
128850
127977
127106
126236
125367
124501
123639
122784
121933
121086
120241
119399
118559
117724
116893
116066
115240
114415
113593
112775
111959
111146
110335
109523
108710
107898
107087
106278
105473
104670
103872
103079
102290
101506
100727
99951.5
99179.1
98409.2
97641.8
96877.6
96117.4
95361.2
94607.6
93856.5
93109.1
92365.9
91625.9
90888.7
90154.5
89423.9
88696.1
87970.6
87247.6
86527.4
85810.5
85097.4
84388.2
83682.4
82978.9
82277.4
81578.2
80882.4
80190
79500.7
78814
78129.7
77447.6
76768.6
76092.9
75419.8
74749.1
74080.8
73414.7
72750.7
72088.3
71427.5
70768.3
70110.8
69455.5
68802.7
68151.8
67502.1
66854.2
66208.4
65565
64924.2
64285.7
63649.8
63016.7
62386.8
61760
61136.5
60516.3
59899.9
59287.8
58680.7
58078.5
57481.2
56888.2
56299
55713.6
55132.1
54554.7
53981.7
53413.4
52849.8
52290.9
51736.8
51187.7
50644.1
50106.1
49574.2
49048.9
48530.6
48019.4
47515.3
47018.7
46529.9
46049.5
45578
45115.9
44663.3
44220.1
43785.8
43360.4
42944.8
42539.8
42144.5
41758.8
41384
41020
40669.8
40333.3
40008.7
39696.7
39399
39116.9
38850.1
38597.2
38357.9
38133.3
37924.6
37734
37565.9
37426.3
37319.2
37251.8
37214.8
37193.9
166266
166203
166078
165892
165647
165344
164988
164581
164126
163626
163085
162506
161891
161243
160567
159864
159136
158387
157619
156833
156032
155217
154390
153553
152707
151853
150993
150126
149252
148374
147491
146604
145715
144824
143933
143040
142147
141254
140361
139470
138580
137689
136798
135909
135020
134133
133248
132364
131483
130604
129727
128852
127980
127108
126238
125368
124501
123640
122783
121932
121086
120242
119400
118561
117726
116895
116068
115242
114417
113596
112777
111961
111148
110336
109523
108710
107897
107086
106278
105473
104670
103872
103079
102291
101507
100726
99950
99177.1
98406.9
97639.5
96875.7
96116.2
95361.8
94610.5
93861.5
93115.5
92372.5
91632.5
90895.1
90160.4
89429
88700.4
87974.2
87251
86530.8
85814.4
85101.8
84392.9
83687.1
82983.7
82281.8
81582.3
80886
80192.9
79502.8
78816.3
78132.8
77451.9
76773.9
76099
75426.5
74756
74087.6
73421.3
72757.3
72095.4
71434.7
70775.3
70117.5
69461.6
68808.2
68156.8
67506.8
66858.6
66212.9
65569.5
64928.7
64290.6
63654.9
63022.1
62391.9
61764.6
61140.5
60519.8
59903
59290.7
58683.4
58081.2
57484.1
56891.5
56302.7
55717.3
55135.6
54558
53984.8
53416.1
52852
52292.5
51738
51188.6
50644.8
50106.8
49574.8
49049.5
48531.1
48019.8
47515.7
47019.2
46530.4
46050.1
45578.8
45116.9
44664.8
44222.2
43789
43364.3
42948.6
42542.9
42146.9
41761.7
41387.4
41023.5
40673.1
40336.7
40012.8
39701.9
39404.5
39121.1
38852.2
38597.2
38356.1
38130
37920.3
37729
37560.7
37420.3
37311.8
37243.6
37205.3
37183.9
166354
166290
166163
165975
165727
165421
165061
164649
164190
163686
163141
162557
161938
161288
160608
159901
159171
158419
157648
156859
156056
155239
154410
153572
152725
151870
151009
150141
149267
148387
147502
146614
145723
144831
143939
143046
142152
141259
140367
139476
138586
137695
136805
135916
135027
134139
133253
132369
131487
130607
129731
128857
127984
127112
126241
125370
124503
123641
122785
121934
121088
120244
119403
118564
117729
116898
116070
115244
114420
113598
112780
111964
111150
110337
109524
108710
107897
107086
106278
105472
104670
103871
103077
102289
101505
100724
99946.9
99173.2
98403.5
97637.6
96875.6
96117.8
95364.3
94614.5
93867.7
93123.5
92381.3
91641.2
90903.3
90167.9
89435.5
88706.1
87979.4
87255.8
86535.6
85819.5
85107.3
84398.6
83692.2
82987.9
82285.8
81586.4
80889.8
80196.7
79507.5
78821.9
78139.7
77460.6
76784.3
76110.6
75438.6
74768.1
74099.4
73432.3
72767.5
72105
71444.2
70784.6
70126.8
69470.8
68816.8
68164.6
67513.9
66865.4
66220
65577.3
64937.1
64298.9
63663.1
63029.9
62399.6
61772
61147.5
60526.4
59909.4
59297
58689.6
58087.3
57490
56896.9
56307.7
55721.9
55139.7
54561.6
53987.8
53418.3
52853.2
52292.9
51737.7
51187.8
50643.6
50105.3
49573.1
49047.8
48529.7
48018.7
47515
47018.7
46530.1
46049.8
45578.6
45117.4
44666.2
44224.8
43792.5
43368.2
42951.9
42544.9
42147.7
41761.8
41386.7
41023.9
40674.9
40339.6
40016.7
39706.3
39408.5
39124
38853.3
38596.5
38353.3
38125.1
37913.5
37720.9
37550.2
37406.6
37294.1
37220.8
37178.2
37155.4
166486
166421
166292
166100
165847
165537
165170
164752
164286
163776
163224
162635
162010
161354
160668
159957
159222
158466
157691
156898
156091
155271
154440
153599
152751
151895
151032
150163
149287
148405
147518
146628
145736
144842
143948
143054
142160
141268
140376
139486
138596
137706
136817
135927
135038
134149
133261
132376
131493
130613
129736
128862
127990
127118
126246
125375
124507
123646
122790
121940
121093
120249
119408
118569
117734
116901
116072
115246
114421
113600
112782
111967
111154
110341
109527
108713
107900
107089
106281
105475
104672
103872
103078
102289
101503
100722
99945.2
99171.9
98402.9
97638.3
96878
96121.9
95369.4
94620.4
93874.5
93131.2
92389.7
91649.7
90911.6
90175.5
89441.9
88711.3
87983.7
87259.5
86539.5
85823.8
85111.9
84403.2
83696.9
82992.5
82290.1
81590.6
80894.2
80201.7
79513.2
78828.9
78148.6
77471.5
76797
76124.5
75453.2
74782.4
74112.5
73444
72777.8
72114.4
71453.4
70793.9
70136.3
69480.6
68826.3
68173.3
67522.1
66873.5
66228.3
65586.1
64946.3
64308.5
63673
63040.1
62410.2
61782.8
61158.3
60537.1
59919.9
59307.4
58699.9
58097.4
57499.5
56905.6
56315.2
55728.3
55145
54565.9
53991
53420.4
52854
52292.4
51736.1
51185.4
50640.6
50101.8
49569.4
49043.9
48525.7
48015
47511.7
47015.8
46527.6
46047.7
45577
45116.3
44665.8
44225.2
43793.4
43368.9
42951.6
42542.8
42143.7
41756
41381
41019.2
40671.2
40336.2
40013.8
39703.5
39405.4
39119.7
38847.2
38588.2
38343.2
38112.9
37899.6
37704.7
37531
37383.4
37264.7
37182.3
37133.6
37104.6
166665
166598
166465
166268
166009
165691
165317
164890
164415
163896
163336
162738
162105
161441
160749
160031
159290
158529
157748
156950
156138
155313
154478
153635
152784
151927
151062
150190
149312
148428
147539
146646
145752
144856
143961
143066
142171
141279
140388
139498
138610
137721
136831
135941
135052
134162
133273
132386
131501
130621
129743
128869
127996
127124
126253
125382
124515
123653
122798
121948
121101
120257
119414
118574
117738
116904
116074
115247
114422
113602
112785
111970
111158
110345
109531
108718
107905
107095
106287
105480
104676
103876
103081
102290
101505
100723
99946
99173.3
98405.2
97641.4
96882.1
96126.7
95374.6
94625.7
93879.9
93136.9
92395.9
91656
90917.4
90180.7
89446.2
88714.6
87986
87261.4
86541
85825.2
85113.5
84405.1
83699
82994.9
82293.2
81594.3
80898.8
80206.8
79518.8
78835.5
78156.7
77481.4
76808.7
76137.3
75466.4
74795.2
74124
73453.9
72786.2
72121.8
71460.4
70801.3
70144.3
69489.1
68834.9
68181.7
67530.6
66882.5
66237.6
65595.7
64956
64318.4
63683
63050.4
62421
61794.2
61170.2
60549.2
59932
59319.4
58711.7
58108.6
57509.7
56914.6
56323
55735
55150.6
54570.4
53994.4
53422.4
52854.6
52291.6
51734
51182.3
50636.5
50096.9
49563.7
49037.6
48519.1
48008.1
47504.7
47009
46521.4
46042.3
45572.2
45112.1
44662.2
44222.2
43790.2
43364.9
42946.2
42535.5
42134.6
41745.8
41370.7
41009.3
40661.5
40326.5
40003.4
39692.2
39393.2
39106.4
38832.2
38571.5
38324.9
38093.3
37877.4
37679.6
37501
37347.7
37220.5
37128.1
37069.6
37032.1
166891
166822
166684
166480
166213
165885
165500
165062
164576
164046
163475
162866
162223
161550
160849
160123
159375
158606
157818
157014
156196
155366
154527
153680
152826
151965
151097
150222
149341
148454
147563
146668
145771
144875
143978
143081
142186
141293
140402
139513
138625
137737
136848
135958
135067
134176
133286
132398
131512
130630
129752
128876
128004
127132
126262
125392
124525
123663
122808
121957
121110
120265
119421
118580
117742
116908
116077
115249
114425
113604
112787
111974
111161
110349
109535
108722
107910
107101
106292
105485
104680
103879
103083
102292
101506
100725
99947.8
99175.4
98407.9
97644.9
96886
96130.3
95377.6
94628.2
93882.1
93139.1
92398.1
91658.3
90919.6
90182.3
89447.3
88714.8
87985.4
87260.2
86539.5
85823.3
85111.1
84402.6
83696.9
82993.5
82292.8
81595.1
80900.6
80209.4
79522.2
78839.7
78162.1
77488.2
76816.9
76146.5
75475.8
74804.2
74131.9
73460.5
72791.7
72126.6
71465
70806.2
70149.6
69494.5
68840.6
68188.1
67537.6
66890.1
66245.6
65603.6
64963.8
64326.1
63690.7
63058.5
62429.7
61803.6
61180.3
60559.8
59942.9
59330.2
58722.2
58118.3
57518.4
56922.2
56329.5
55740.5
55155.2
54573.8
53996.7
53423.5
52854.4
52289.9
51730.7
51177.4
50630.5
50089.7
49555.6
49028.6
48509.1
47997.3
47493.3
46997.5
46510.4
46031.9
45562.6
45102.9
44653.3
44213.3
43780.8
43354.3
42934.3
42522.1
42120.1
41730.7
41355.4
40994
40645.6
40309.2
39984.7
39672
39371.1
39082.3
38806.4
38544.3
38296.2
38062.3
37843.4
37641.7
37458
37297.5
37162
37056.9
36985.5
36939
167165
167093
166950
166737
166459
166119
165720
165268
164768
164224
163639
163018
162363
161679
160968
160233
159475
158698
157902
157090
156265
155429
154585
153732
152874
152009
151138
150260
149375
148485
147591
146694
145795
144897
143998
143100
142204
141310
140418
139529
138641
137753
136864
135973
135082
134191
133300
132411
131525
130642
129762
128886
128013
127142
126271
125402
124536
123674
122818
121967
121118
120272
119428
118586
117747
116913
116082
115254
114429
113608
112792
111978
111165
110352
109539
108726
107914
107104
106295
105487
104681
103879
103083
102292
101507
100725
99948.5
99176.5
98409.2
97646.2
96887.1
96131
95377.7
94627.6
93880.9
93137.2
92395.9
91655.9
90917.1
90179.7
89444.4
88711.5
87981.5
87255.7
86534.4
85817.5
85104.6
84395.8
83690.3
82987.7
82288.2
81591.8
80898.6
80208.6
79522.3
78840.7
78163.7
77490.4
76820
76150
75479.3
74807.2
74134.6
73462.9
72793.8
72128.5
71466.9
70808.2
70151.6
69496.6
68843
68191.4
67542
66895.1
66250.8
65608.8
64968.7
64330.9
63695.6
63063.5
62435
61809.4
61186.8
60567.1
59950.7
59338.3
58730.1
58125.7
57524.9
56927.7
56334
55744
55157.7
54575.4
53997.1
53422.9
52852.6
52286.7
51726
51171.3
50622.9
50080.8
49545.2
49016.8
48496
47982.9
47478.1
46981.9
46494.7
46016.6
45547.7
45087.9
44637.8
44196.8
43763.2
43335.7
42914.7
42502
42099.7
41710
41334
40971.6
40621.7
40283.7
39957
39641.8
39338.2
39046.9
38768.4
38503.9
38253.2
38016.7
37793.6
37587.3
37397.1
37229.9
37085.6
36970.1
36885.4
36834.1
167491
167415
167263
167040
166749
166393
165978
165509
164992
164431
163830
163194
162525
161828
161105
160359
159591
158804
157999
157178
156346
155503
154652
153794
152930
152060
151183
150301
149413
148519
147622
146723
145823
144922
144022
143122
142225
141329
140436
139545
138656
137768
136878
135988
135097
134205
133314
132425
131539
130655
129775
128897
128023
127152
126281
125413
124547
123685
122829
121976
121127
120280
119436
118594
117754
116919
116088
115260
114435
113614
112797
111982
111168
110355
109541
108728
107915
107104
106294
105485
104679
103877
103081
102291
101505
100724
99947.1
99175.5
98408.2
97645
96885.3
96128.5
95374.7
94623.9
93876.3
93131.8
92389.7
91649.3
90910
90172.5
89437.2
88704.1
87973.9
87247.5
86525.3
85807.7
85094.2
84385
83679.9
82978
82279.5
81584.4
80892.4
80203.5
79518.2
78837
78160.1
77486.9
76816.3
76146.3
75475.5
74803.4
74131
73459.8
72791.3
72126.4
71465.1
70806.4
70149.9
69495.1
68842.1
68191.2
67542.8
66896.6
66252.6
65610.7
64970.6
64333
63698
63066
62437.5
61812.2
61190
60570.9
59955.1
59343.1
58734.9
58130.2
57528.8
56930.8
56336.2
55745.3
55158.2
54575
53995.8
53420.5
52849.1
52282.1
51720.2
51164.2
50614.3
50070.6
49533.4
49003.3
48480.8
47966.1
47459.9
46962.5
46474.4
45995.8
45526.5
45066.3
44615.2
44172.8
43737.9
43309.3
42887.7
42474.7
42072
41681.6
41304.5
40940.4
40588.6
40248.1
39918.4
39599.8
39292.8
38997.9
38715.8
38447.8
38193.5
37953.1
37725.1
37512.9
37316.6
37141.2
36989.2
36863.4
36771.7
36713.7
167871
167789
167628
167391
167083
166708
166273
165784
165246
164666
164047
163393
162708
161996
161259
160501
159721
158923
158108
157278
156437
155586
154727
153863
152992
152116
151234
150346
149454
148557
147657
146755
145852
144950
144047
143146
142247
141350
140455
139562
138672
137782
136892
136001
135110
134219
133329
132440
131554
130670
129789
128910
128035
127162
126292
125423
124557
123696
122839
121985
121135
120288
119444
118601
117762
116927
116096
115267
114442
113620
112802
111986
111171
110357
109543
108730
107916
107103
106291
105482
104675
103874
103078
102288
101503
100722
99945.5
99173.9
98406.4
97642.4
96881.8
96124.2
95369.6
94618.1
93869.6
93124
92381
91639.7
90899.9
90162
89426.2
88693
87962.6
87235.7
86512.7
85794.5
85080.4
84370.9
83665.9
82964.7
82267.2
81573.1
80882.1
80194
79509.2
78828.2
78151.1
77477.4
76806.2
76135.6
75464.6
74792.8
74121.3
73451.3
72783.8
72119.7
71458.9
70800.6
70144.5
69490.2
68838
68187.9
67540.3
66894.7
66251.1
65609.5
64969.9
64332.8
63698.3
63066.6
62438.2
61812.9
61190.8
60572.1
59956.8
59344.9
58736.8
58132
57530.2
56931.6
56336.4
55744.7
55156.8
54572.6
53992.3
53416.2
52843.9
52276.1
51713.2
51156
50604.7
50059.5
49520.6
48988.7
48464.3
47947.7
47439.5
46940.1
46450.3
45970.1
45499.9
45038.6
44586.3
44142.2
43705.7
43275.9
42853.4
42439.7
42036.6
41645.1
41266.2
40899.9
40545.2
40201.8
39868.6
39545.7
39234.1
38934.5
38647.4
38374.8
38114.3
37868.8
37634.3
37416.1
37212.1
37028.9
36868.4
36735.2
36634.9
36577.2
168308
168220
168047
167792
167463
167066
166607
166094
165533
164929
164289
163615
162911
162182
161430
160657
159865
159055
158228
157388
156537
155678
154811
153938
153061
152178
151289
150396
149498
148597
147694
146789
145884
144979
144074
143171
142270
141371
140475
139580
138688
137797
136906
136015
135124
134233
133343
132456
131570
130686
129804
128924
128047
127174
126303
125434
124569
123707
122849
121995
121144
120297
119452
118610
117771
116936
116104
115275
114450
113628
112808
111991
111176
110361
109546
108732
107917
107102
106289
105478
104672
103870
103075
102285
101501
100720
99944.1
99172.3
98404.1
97639.2
96877.6
96119.1
95363.7
94611.2
93861.7
93115
92370.7
91628.4
90887.8
90149.2
89412.9
88679.1
87948.2
87220.9
86497.4
85778.6
85064.2
84354.5
83649.5
82948.7
82251.8
81558.3
80868
80180.4
79495.9
78814.8
78137.1
77462.5
76790.3
76119.1
75447.9
74777
74106.6
73438
72772
72108.9
71448.6
70791.1
70135.6
69482.2
68830.8
68181.7
67534.8
66889.9
66246.9
65606
64967.1
64330.6
63696.7
63065.6
62437.5
61812.4
61190.4
60571.8
59956.7
59345
58736.8
58131.8
57529.7
56930.8
56335.1
55742.8
55154
54568.9
53987.4
53410.4
52837.2
52268.7
51705
51146.8
50594.3
50047.6
49507
48973.3
48446.9
47928.2
47417.9
46916.2
46423.9
45941.4
45469
45006
44551.9
44106.2
43667.9
43236.4
42812.6
42397.7
41993.2
41600.2
41219
40849.7
40491.9
40144.7
39807.2
39479.5
39162.1
38856.9
38562.6
38283.3
38014.9
37762.1
37519.4
37293
37080.8
36887.6
36719.1
36576.6
36473.6
36409
168809
168712
168523
168247
167893
167468
166981
166440
165851
165221
164556
163859
163134
162385
161616
160828
160022
159198
158359
157507
156646
155777
154901
154020
153135
152244
151349
150450
149546
148641
147733
146825
145916
145008
144102
143197
142294
141394
140495
139599
138705
137813
136921
136029
135138
134248
133359
132471
131586
130702
129819
128939
128061
127186
126315
125446
124581
123719
122861
122006
121155
120307
119463
118621
117782
116946
116113
115285
114459
113636
112816
111998
111182
110366
109550
108734
107918
107101
106287
105476
104669
103868
103073
102284
101499
100719
99942.7
99170.3
98401.3
97635.5
96872.9
96113.5
95357.1
94603.7
93853.1
93105.3
92359.9
91616.5
90874.9
90135.7
89398.4
88664
87932.6
87204.7
86480.8
85761.4
85046.8
84336.9
83631.7
82931
82234.3
81541
80850.8
80163.3
79478.7
78797.2
78118.7
77443.1
76770
76098.3
75427.5
74757.5
74088.5
73421.4
72756.5
72094.6
71435.2
70778.5
70123.8
69471.4
68821.1
68172.8
67526.8
66882.6
66240.3
65600.1
64962
64326.3
63693.1
63062.6
62435
61810.3
61188.5
60570
59955
59343.4
58735.2
58130.2
57528
56928.9
56332.8
55739.9
55150.3
54564.4
53981.8
53403.9
52829.9
52260.5
51696.1
51137
50583.4
50035.2
49493.3
48957.7
48429.5
47908.6
47395.9
46891.8
46396.9
45911.6
45436.3
44970.5
44513.9
44065.8
43625.4
43192
42766.2
42349.3
41942.8
41547.1
41163
40790.3
40428.3
40076.4
39733.3
39400
39075.4
38763.5
38460.3
38172.8
37894.2
37631.9
37378.3
37140.9
36917.6
36713.3
36534.6
36383.8
36272.1
36210
169378
169271
169061
168758
168373
167915
167394
166821
166201
165541
164847
164124
163376
162605
161816
161011
160189
159350
158498
157634
156762
155882
154997
154107
153213
152315
151412
150506
149598
148686
147774
146862
145950
145039
144130
143223
142318
141416
140517
139620
138724
137830
136937
136045
135153
134263
133374
132487
131602
130718
129835
128954
128076
127201
126329
125460
124595
123733
122874
122019
121168
120320
119475
118633
117794
116957
116124
115295
114469
113646
112825
112006
111189
110372
109555
108737
107919
107101
106286
105475
104669
103868
103073
102283
101498
100718
99940.7
99167.6
98397.7
97631
96867.5
96107.1
95349.9
94595.7
93844.2
93095.5
92349
91604.7
90862
90121.8
89383.6
88648.6
87916.5
87187.8
86463.4
85743.5
85028.6
84318.5
83613.2
82912.4
82215.5
81522
80831.6
80143.9
79459
78777
78097.8
77421.6
76747.8
76076.2
75405.8
74736.7
74068.8
73403
72739.3
72078.5
71420.1
70764.3
70110.8
69459.3
68809.8
68162.4
67517
66873.4
66231.9
65592.3
64955
64320
63687.6
63057.8
62430.7
61806.5
61185.1
60566.8
59952.1
59340.8
58732.6
58127.9
57525.5
56926.5
56330
55737
55146.5
54560.3
53976.8
53397.8
52823
52252.9
51687.6
51127.5
50572.8
50023.2
49479.9
48942.7
48412.6
47889.7
47374.8
46868.2
46370.7
45882.4
45403.8
44934.5
44474.2
44023
43579.7
43143.8
42715.5
42295.8
41886.1
41487.2
41098.9
40721.6
40353.9
39996.2
39646.4
39307.1
38973.8
38654
38340.4
38042.6
37751.2
37476
37209.2
36956.8
36719.4
36499.7
36309
36146.6
36031.1
35956.7
170025
169903
169668
169331
168906
168408
167848
167236
166580
165886
165160
164409
163634
162839
162029
161203
160363
159510
158643
157766
156882
155992
155097
154197
153295
152388
151478
150566
149651
148734
147817
146900
145984
145070
144158
143249
142343
141440
140539
139641
138744
137849
136955
136062
135170
134279
133390
132503
131617
130733
129851
128970
128092
127216
126344
125476
124611
123749
122890
122034
121182
120334
119489
118646
117807
116970
116136
115305
114479
113655
112833
112013
111194
110376
109558
108739
107919
107101
106286
105475
104669
103868
103073
102283
101497
100716
99938.3
99164.5
98393.7
97626.3
96861.8
96100.5
95342.3
94587.3
93834.9
93085.6
92338
91593
90849.3
90108.2
89369.2
88633.2
87900.4
87171
86445.9
85725.6
85010.3
84299.9
83594.4
82893.4
82196.3
81502.6
80811.9
80123.9
79438.7
78756.6
78077
77400.4
76726.3
76054.8
75384.7
74716.5
74049.5
73384.8
72722
72062.1
71404.7
70749.9
70097.2
69446.7
68798.2
68151.4
67506.6
66863.6
66222.7
65583.7
64946.9
64312.7
63680.7
63051.7
62425.1
61801.6
61180.7
60563.1
59948.7
59337.9
58729.9
58125.5
57523.2
56924.5
56327.7
55734.9
55144
54557
53973
53393.3
52817.7
52246.7
51680.5
51119.3
50563.5
50012.6
49467.8
48929.1
48397.3
47872.6
47355.6
46846.6
46346.2
45854.8
45372.6
44899.3
44435
43979.6
43532.5
43093
42661.4
42238.1
41824.2
41421
41027.2
40644.2
40269.2
39905.2
39546.5
39200
38856.8
38528
38202.3
37891.9
37585.6
37294
37010
36738.6
36482.8
36244.6
36036.2
35859
35729.6
35657.8
170760
170618
170349
169968
169496
168949
168342
167685
166987
166254
165494
164710
163907
163086
162251
161404
160545
159674
158792
157902
157005
156104
155198
154290
153378
152464
151547
150627
149706
148784
147862
146940
146020
145103
144188
143277
142369
141464
140562
139663
138765
137869
136974
136080
135186
134294
133405
132517
131631
130747
129865
128985
128107
127232
126360
125492
124627
123765
122906
122050
121198
120349
119503
118659
117819
116981
116146
115315
114487
113662
112839
112018
111198
110379
109559
108739
107919
107101
106286
105475
104669
103869
103073
102282
101496
100714
99936.3
99161.7
98390.2
97621.9
96856.5
96094.3
95334.9
94579.1
93825.8
93075.6
92327.3
91581.5
90836.9
90094.8
89355.3
88618.4
87885
87155
86429.4
85708.4
84992.7
84282
83576.1
82874.8
82177.5
81483.5
80792.7
80104.6
79419.3
78737.2
78057.6
77381.1
76707
76035.6
75366
74698.4
74032.3
73368.3
72706.4
72047.3
71390.8
70736.7
70084.7
69434.9
68787
68140.9
67496.7
66854.4
66214
65575.7
64939.2
64305.5
63673.9
63045.4
62419.3
61796.5
61176.3
60559.5
59945.5
59335.3
58727.7
58123.7
57521.8
56923.2
56326.7
55733.6
55142.7
54555.4
53971.1
53390.7
52814.6
52242.8
51675.8
51113.4
50556.4
50004.5
49458.3
48918.2
48384.6
47857.9
47338.8
46827.2
46324
45829.4
45343.3
44866.1
44397.2
43937
43485.1
43041.2
42605
42177.3
41758
41349.4
40948.7
40559.2
40175.5
39803.9
39434.8
39079.7
38724.9
38384.7
38044.6
37719.1
37395.4
37083.6
36779.3
36485.2
36206.1
35943.2
35712
35514
35374.3
35282.4
171596
171428
171112
170675
170143
169537
168873
168164
167418
166643
165844
165026
164191
163342
162481
161611
160732
159843
158945
158041
157132
156218
155302
154384
153463
152541
151617
150691
149764
148836
147909
146983
146058
145137
144219
143305
142395
141489
140585
139685
138786
137889
136993
136097
135202
134309
133418
132530
131644
130760
129879
128999
128122
127247
126375
125507
124642
123780
122922
122065
121212
120363
119516
118671
117829
116991
116155
115323
114493
113667
112843
112020
111199
110379
109559
108738
107918
107100
106285
105475
104669
103869
103073
102282
101495
100713
99934.3
99159.3
98387.1
97618.1
96851.9
96088.9
95328.6
94571.7
93817.4
93066.3
92317.3
91570.5
90825.2
90082.5
89342.6
88605
87871.2
87140.9
86414.8
85693.5
84977.2
84266.1
83559.8
82858.1
82160.4
81466.3
80775.3
80087.4
79402.3
78720.4
78041.1
77364.9
76691
76019.8
75350.4
74683.3
74017.9
73354.7
72693.6
72035.2
71379.2
70725.8
70074.5
69425.2
68777.8
68132.3
67488.5
66847
66207
65569.3
64933.1
64299.9
63668.5
63040.5
62414.8
61792.6
61173
60557
59943.5
59334
58726.9
58123.4
57521.9
56923.5
56327.2
55734.3
55143.6
54556.2
53971.8
53391.2
52814.5
52242.1
51674.3
51111
50552.8
49999.7
49452.1
48910.4
48374.9
47846.2
47324.7
46810.5
46304.3
45806.3
45316.5
44835
44361.7
43896.4
43439
42989.6
42547.6
42114.3
41688.3
41273.2
40864.1
40467
40073.2
39692.7
39312.2
38946.5
38578
38224
37867.6
37523.4
37180
36845.3
36516.5
36195.5
35887.6
35595.1
35333
35107.1
34938.8
34845.5
172555
172346
171965
171453
170845
170167
169437
168668
167870
167049
166209
165353
164485
163607
162720
161825
160924
160016
159102
158183
157260
156335
155407
154479
153550
152619
151688
150755
149822
148889
147957
147026
146098
145173
144252
143335
142422
141514
140609
139706
138806
137907
137009
136112
135215
134321
133429
132540
131654
130771
129890
129011
128134
127259
126387
125518
124654
123793
122934
122078
121224
120374
119525
118679
117836
116997
116160
115327
114496
113669
112843
112020
111197
110376
109555
108735
107915
107097
106283
105473
104668
103868
103072
102281
101494
100711
99932
99156.6
98384.2
97614.9
96848.3
96084.7
95323.6
94565.8
93810.6
93058.4
92308.7
91561.3
90815.4
90072.1
89331.8
88594
87859.8
87129.4
86403.2
85681.6
84965
84253.5
83546.9
82844.9
82146.8
81452.5
80761.4
80073.7
79388.7
78707.2
78028.3
77352.3
76678.6
76007.7
75338.7
74672
74007.2
73344.8
72684.2
72026.5
71371
70718.1
70067.3
69418.5
68771.4
68126.7
67483.2
66842.5
66202.7
65565.8
64929.9
64297.1
63665.8
63038.1
62412.7
61791
61172
60556.6
59943.8
59334.7
58728.2
58125.2
57524.3
56926.3
56330.5
55737.8
55147.6
54560.4
53976.2
53395.4
52818.4
52245.5
51676.9
51112.7
50553.4
49998.9
49449.8
48906.4
48368.9
47838
47314.1
46797.1
46287.8
45786.2
45292.5
44806.7
44328.6
43858
43394.5
42939
42490
42050.2
41615.9
41193.5
40774.6
40368.8
39963.5
39572.8
39179.1
38800.4
38417.4
38046.9
37672.4
37307.8
36942.1
36581.9
36224.8
35873.1
35530.7
35201.7
34899.8
34634.4
34436.8
34304.5
173666
173392
172915
172301
171597
170833
170028
169193
168338
167467
166584
165690
164787
163878
162964
162045
161122
160194
159263
158328
157391
156453
155514
154576
153637
152698
151760
150820
149882
148943
148006
147071
146138
145210
144285
143365
142450
141539
140631
139727
138824
137923
137024
136125
135227
134331
133438
132549
131662
130779
129898
129020
128143
127268
126395
125527
124662
123800
122942
122086
121232
120380
119531
118684
117839
116998
116161
115326
114495
113666
112840
112015
111192
110370
109549
108729
107910
107093
106279
105470
104665
103865
103069
102278
101492
100709
99929.3
99154
98381.7
97612.3
96845.6
96081.8
95320.4
94561.9
93806.1
93053
92302.7
91554.6
90808.3
90064.5
89323.8
88586
87851.7
87121.4
86395.1
85673.5
84956.8
84245.2
83538.2
82836.1
82137.7
81443.2
80752
80064.3
79379.6
78698.3
78019.6
77344.1
76670.6
76000
75331.2
74665
74000.4
73338.8
72678.8
72021.6
71366.5
70714.1
70063.6
69415.5
68768.7
68124.8
67481.6
66841.6
66202.2
65565.7
64930.1
64297.4
63666.5
63038.9
62414
61792.6
61174.2
60559.2
59947.1
59338.5
58732.6
58130.1
57529.9
56932.5
56337.5
55745.3
55155.7
54568.8
53984.8
53404.1
52827
52253.5
51684.3
51119.2
50558.7
50002.8
49452
48906.7
48367.2
47834
47307.4
46787.6
46274.8
45769.5
45271.6
44781.3
44297.7
43821.8
43351.5
42889.9
42432.6
41985.9
41541.7
41111.3
40680.5
40265.3
39847.3
39444.2
39036.7
38642.4
38243.2
37855.1
37461.6
37074.6
36685.1
36297.8
35909.9
35523.6
35141.3
34767.6
34414
34092.9
33836.1
33683.2
174985
174589
173965
173214
172392
171529
170640
169735
168819
167896
166967
166033
165095
164155
163213
162269
161324
160376
159426
158475
157524
156573
155623
154674
153726
152778
151832
150886
149941
148997
148055
147115
146179
145247
144319
143395
142477
141563
140652
139745
138840
137937
137035
136135
135236
134339
133445
132555
131668
130784
129904
129025
128148
127273
126400
125531
124666
123804
122945
122088
121234
120382
119532
118684
117838
116996
116157
115322
114489
113660
112833
112008
111184
110362
109541
108721
107903
107086
106273
105464
104660
103861
103065
102275
101489
100706
99927.2
99151.9
98379.7
97610.6
96844.2
96080.6
95319.5
94560.8
93804.6
93050.9
92299.9
91551.3
90804.6
90060.6
89319.7
88582
87847.8
87117.6
86391.4
85670
84953.2
84241.7
83534.5
82832.3
82133.6
81439.2
80747.8
80060.3
79375.6
78694.6
78015.9
77340.6
76667.1
75996.9
75327.9
74662.3
73998
73336.9
72677.4
72020.8
71366
70714.3
70063.8
69416.8
68770.1
68127.1
67484.2
66844.7
66205.6
65569.3
64934
64301.4
63670.9
63043.6
62419.2
61798.3
61180.4
60566
59954.4
59346.4
58741.2
58139.2
57539.8
56943.3
56349.1
55757.6
55168.6
54582.3
53998.6
53418
52840.8
52267
51697.1
51131.1
50569.3
50011.9
49459.3
48912.1
48370.4
47834.8
47305.1
46782.3
46265.8
45756.7
45253.8
44759
44269.1
43787.9
43310.2
42842.6
42375.8
41922.2
41466.4
41027.2
40584.3
40157.1
39725.9
39308.8
38885.7
38475.9
38059.2
37651.7
37238
36828.2
36413
35997.4
35576.5
35153
34726.2
34301.4
33884.9
33493.3
33158.2
32922.1
176612
175960
175110
174181
173220
172246
171267
170288
169309
168332
167355
166381
165407
164435
163465
162496
161528
160560
159592
158625
157659
156695
155733
154773
153815
152859
151904
150952
150001
149052
148104
147160
146220
145284
144352
143425
142503
141586
140672
139762
138854
137948
137045
136143
135243
134345
133450
132559
131671
130786
129905
129026
128149
127274
126401
125531
124665
123802
122943
122086
121231
120379
119528
118680
117833
116990
116150
115314
114481
113651
112823
111998
111174
110352
109531
108711
107893
107078
106266
105458
104654
103855
103061
102271
101485
100704
99925.4
99150.7
98379.1
97610.6
96844.9
96081.8
95321.2
94562.7
93806.4
93052.6
92301
91552.1
90805.3
90061.1
89320
88582.6
87848.5
87118.6
86392.5
85671.4
84954.8
84243.3
83536
82833.6
82134.7
81440.2
80748.7
80061.5
79376.7
78696
78017.1
77342
76668.2
75997.9
75329.1
74663.7
74000
73339.5
72680.5
72024.6
71370
70718.9
70068.7
69422.4
68776.2
68133.6
67491.3
66851.9
66213.1
65576.7
64941.8
64309.6
63679.7
63052.9
62429.1
61808.7
61191.4
60577.6
59966.8
59359.4
58755
58153.8
57555.3
56959.6
56366.3
55775.6
55187.2
54601.5
54018.3
53437.8
52860.4
52286.2
51715.5
51148.6
50585.5
50026.7
49472.3
48923
48378.9
47840.6
47307.6
46781.6
46260.7
45747.6
45239.3
44739.6
44242.9
43756.4
43270.2
42796.7
42319.9
41858.3
41392.1
40941.6
40486.4
40046.8
39600.7
39169.7
38730.1
38303.2
37868.4
37440.6
37006
36572.2
36131.3
35686.2
35231.9
34769.8
34297
33815.8
33328.6
32847.8
32395.5
32061.6
178653
177499
176321
175179
174064
172973
171901
170845
169802
168770
167747
166731
165721
164718
163719
162725
161734
160745
159760
158776
157796
156818
155844
154873
153905
152940
151977
151018
150060
149105
148153
147205
146260
145320
144385
143454
142528
141607
140690
139777
138866
137958
137052
136149
135247
134348
133452
132560
131671
130785
129903
129023
128146
127270
126397
125527
124660
123797
122937
122080
121225
120372
119521
118672
117826
116982
116141
115304
114470
113640
112812
111986
111162
110340
109519
108700
107883
107069
106258
105451
104648
103850
103057
102268
101483
100703
99925.2
99151.4
98380.6
97613
96848.1
96085.8
95325.7
94567.7
93811.7
93058
92306.4
91557.4
90810.5
90066.5
89325.4
88588.2
87854.2
87124.5
86398.7
85677.9
84961.3
84249.9
83542.3
82839.6
82140.5
81446
80754.6
80067.5
79382.9
78702.2
78023.3
77347.7
76673.8
76003.2
75334.6
74669.6
74006.6
73346.8
72688.4
72033.1
71378.9
70728.4
70078.7
69432.6
68787.1
68144.5
67502.7
66863.1
66224.7
65588.3
64954
64322.2
63693
63066.9
62443.9
61824.3
61207.9
60594.9
59985
59378.4
58774.8
58174.4
57576.8
56982.1
56389.7
55799.9
55212.3
54627.1
54044.2
53463.8
52886
52311.4
51739.8
51172
50607.3
50047.1
49490.7
48939.4
48392.4
47851.5
47314.6
46785
46259.5
45742
45228
44723.1
44219.2
43726.7
43232
42750.9
42265.4
41794.2
41317.4
40856
40387.6
39935.3
39474.3
39027.8
38572.6
38127.2
37674.7
37226
36770
36312.7
35845.3
35372.4
34883.9
34385.6
33865.6
33330
32765.4
32185.1
31589.5
31053.5
28942.7
24043
21516.7
19002.8
16827.6
14738.8
12812.8
11019.2
9361.06
7838.8
6442.89
5169.63
4030.92
3010.76
2142.55
1425.13
868.022
475.457
196.226
22.4562
28146.3
24035.4
21514.3
19008.5
16837.8
14750.9
12824.7
11031.1
9372.33
7849.28
6452.87
5178.12
4038.45
3016.63
2146.81
1428.06
869.906
477.97
198.714
23.0407
27573.5
24015.8
21516.1
19015.8
16858.1
14767.6
12846.4
11049
9391.65
7865.68
6469.03
5191.13
4049.89
3025.3
2153.1
1432.29
872.314
481.403
202.448
23.9849
27107
23974
21503
19023.1
16878.6
14785
12870.1
11068.3
9412.71
7882.63
6485.54
5204.16
4060.92
3033.71
2158.95
1436.2
873.797
483.159
204.952
24.9792
26737.5
23900.2
21470.2
19026
16892
14798.1
12889.2
11083.7
9429.62
7895.49
6497.91
5213.42
4068.33
3039.77
2162.75
1438.27
873.223
480.842
203.947
25.3753
26452.1
23797.4
21413.9
19017.5
16892.1
14803.5
12898.2
11091.2
9437.46
7900.32
6502.2
5215.93
4069.41
3041.74
2163.46
1437.75
870.272
473.742
198.2
24.7609
26230.2
23676.3
21334.1
18991.8
16874.5
14797.3
12893.3
11087.3
9433.05
7894.72
6496.42
5210.5
4063.48
3039.01
2160.99
1434.99
865.617
463.258
188.543
23.202
26054.1
23551.3
21236.4
18946.5
16836.9
14776.3
12873
11070.6
9415.82
7878.26
6480.39
5197.43
4051.38
3032.23
2156.48
1431.6
861.095
452.587
177.658
21.249
25913.2
23435
21130.3
18883.3
16781.2
14739.5
12838.2
11041.5
9386.84
7851.89
6455.39
5177.86
4034.95
3023.08
2151.88
1429.99
859.349
445.493
169.033
19.6626
25801.9
23336.3
21027.4
18808.1
16712.7
14689.2
12791.5
11001.8
9348.38
7817.64
6423.89
5153.82
4016.65
3013.86
2149.57
1432.79
863.014
444.997
165.606
19.0285
25717.1
23259.8
20937.8
18730
16639.1
14630.4
12737.4
10954.8
9304.21
7779.01
6389.51
5128.27
3999.37
3007.16
2151.68
1441.67
873.378
452.008
168.235
19.4649
25656.2
23206
20867.8
18658.5
16568.5
14570.1
12681.9
10906.2
9259.47
7740.43
6356.45
5104.6
3985.75
3004.87
2159.03
1456.31
889.562
465.095
175.656
20.6622
25616
23171.9
20818.9
18600.3
16507.6
14515
12631.1
10861.1
9218.91
7706.1
6328.45
5085.85
3977.45
3007.38
2170.51
1474.38
908.91
481.366
185.532
22.1209
25591.7
23152.5
20788.8
18557.9
16459.9
14469.5
12588.6
10823.4
9185.76
7678.95
6307.71
5073.43
3974.29
3013.26
2183.62
1492.68
928.182
497.637
195.286
23.3298
25578.6
23142.5
20772.1
18529.9
16425.4
14435
12556.3
10794.9
9161.46
7660.03
6294.41
5066.71
3974.56
3020.01
2195.49
1508.19
944.426
511.182
202.789
23.9389
25572
23137.7
20763.7
18512.8
16402.5
14411
12533.5
10775.1
9145.38
7648.24
6286.75
5063.47
3975.74
3025.19
2203.81
1518.72
955.473
520.112
206.805
23.8653
25567.8
23134.6
20759
18502.5
16387.8
14395.2
12518.8
10762.6
9135.54
7641.24
6282.17
5061.24
3975.83
3027.33
2207.54
1523.37
960.365
523.611
207.202
23.2552
25564.2
23130.7
20754.7
18495.3
16377.9
14385
12509.7
10755.2
9129.86
7636.96
6278.94
5058.85
3974.37
3026.52
2207.2
1523.01
960.018
522.572
204.983
22.4169
25560.5
23125
20749.6
18489.5
16371.2
14378.8
12504.8
10751.6
9126.97
7634.46
6276.7
5056.68
3972.26
3024.13
2204.61
1520
956.993
519.44
202.033
21.6915
25558.1
23119.4
20745.3
18486.2
16368.4
14376.5
12503.1
10750.4
9125.99
7633.52
6275.82
5055.61
3970.94
3022.39
2202.54
1517.5
954.268
516.81
199.942
21.2587
)
;

boundaryField
{
    inlet
    {
        type            calculated;
        value           nonuniform List<scalar> 
20
(
351598
351610
351618
351624
351629
351633
351636
351639
351640
351641
351641
351640
351638
351636
351633
351629
351624
351618
351610
351598
)
;
    }
    outlet
    {
        type            calculated;
        value           uniform 0;
    }
    walls
    {
        type            calculated;
        value           nonuniform List<scalar> 
520
(
351598
342732
333219
323788
314485
305317
296285
287389
278629
270005
261518
253170
244962
236899
228989
221244
213688
206357
199308
192617
188546
186717
184931
183189
181494
179844
178238
176677
175157
173678
172238
170835
169468
168133
166829
165553
164305
163082
161882
160704
159547
158408
157286
156180
155090
154014
152950
151899
150859
149830
148810
147800
146799
145806
144821
143843
142872
141908
140951
139999
139053
138113
137177
136247
135322
134402
133486
132575
131669
130766
129869
128975
128086
127200
126319
125442
124568
123698
122832
121969
121109
120253
119400
118550
117703
116859
116018
115181
114347
113517
112690
111867
111047
110231
109418
108609
107803
106999
106200
105403
104611
103822
103037
102256
101480
100706
99935.2
99168.8
98403.3
97643.6
96882.8
96127.1
95368.6
94615
93858.8
93108.4
92355.8
91610.4
90863.3
90123.6
89381.8
88648
87911.2
87182.3
86451.3
85727.7
85002.9
84286.5
83569.5
82860.6
82150.9
81449.2
80747.9
80055.2
79363.2
78678.5
77994.1
77316.3
76638.1
75966.6
75294.2
74629
73960.9
73301.5
72639.9
71988.5
71336.2
70693.2
70048.6
69411.2
68770.1
68135.3
67497.3
66865.1
66231.1
65604.2
64977
64356.3
63735.1
63120.4
62505.4
61895.8
61284.4
60680
60072.3
59477.8
58872.8
58291.7
57683.8
57104
56496.3
55915.4
55311.2
54734.8
54137
53560.6
52968.3
52389.7
51798.2
51217.2
50629.2
50040.1
49456.2
48863
48287
47696.6
47124.8
46540.9
45966.7
45388.2
44811.6
44234.3
43663.3
43081.7
42516.8
41940.7
41372.8
40807.7
40237.6
39669.8
39096
38515.8
37931.3
37346.2
36751.7
36164.6
35554.5
34977
34350.5
33768.8
33120.3
32518.4
31851.6
31222.3
30542
29874.5
29185.8
28497.1
27794.7
27086.9
25558.1
23119.4
20745.3
18486.2
16368.4
14376.5
12503.1
10750.4
9125.99
7633.52
6275.82
5055.61
3970.94
3022.39
2202.54
1517.5
954.268
516.81
199.942
21.2587
351598
342732
333219
323787
314484
305316
296284
287386
278624
269997
261503
253142
244911
236807
228819
220935
213123
205324
197396
188897
166222
166266
166354
166486
166665
166891
167165
167491
167871
168308
168809
169378
170025
170760
171596
172555
173666
174985
176612
178653
166222
166159
166035
165850
165607
165306
164952
164547
164094
163596
163057
162480
161867
161221
160546
159844
159118
158371
157604
156820
156020
155206
154380
153544
152698
151845
150985
150118
149245
148367
147484
146599
145711
144821
143929
143037
142144
141251
140359
139468
138577
137686
136795
135905
135017
134130
133245
132362
131481
130602
129725
128850
127977
127106
126236
125367
124501
123639
122784
121933
121086
120241
119399
118559
117724
116893
116066
115240
114415
113593
112775
111959
111146
110335
109523
108710
107898
107087
106278
105473
104670
103872
103079
102290
101506
100727
99951.5
99179.1
98409.2
97641.8
96877.6
96117.4
95361.2
94607.6
93856.5
93109.1
92365.9
91625.9
90888.7
90154.5
89423.9
88696.1
87970.6
87247.6
86527.4
85810.5
85097.4
84388.2
83682.4
82978.9
82277.4
81578.2
80882.4
80190
79500.7
78814
78129.7
77447.6
76768.6
76092.9
75419.8
74749.1
74080.8
73414.7
72750.7
72088.3
71427.5
70768.3
70110.8
69455.5
68802.7
68151.8
67502.1
66854.2
66208.4
65565
64924.2
64285.7
63649.8
63016.7
62386.8
61760
61136.5
60516.3
59899.9
59287.8
58680.7
58078.5
57481.2
56888.2
56299
55713.6
55132.1
54554.7
53981.7
53413.4
52849.8
52290.9
51736.8
51187.7
50644.1
50106.1
49574.2
49048.9
48530.6
48019.4
47515.3
47018.7
46529.9
46049.5
45578
45115.9
44663.3
44220.1
43785.8
43360.4
42944.8
42539.8
42144.5
41758.8
41384
41020
40669.8
40333.3
40008.7
39696.7
39399
39116.9
38850.1
38597.2
38357.9
38133.3
37924.6
37734
37565.9
37426.3
37319.2
37251.8
37214.8
37193.9
37193.9
37183.9
37155.4
37104.6
37032.1
36939
36834.1
36713.7
36577.2
36409
36210
35956.7
35657.8
35282.4
34845.5
34304.5
33683.2
32922.1
32061.6
31053.5
28942.7
24043
21516.7
19002.8
16827.6
14738.8
12812.8
11019.2
9361.06
7838.8
6442.89
5169.63
4030.92
3010.76
2142.55
1425.13
868.022
475.457
196.226
22.4562
)
;
    }
    frontAndBack
    {
        type            empty;
    }
}


// ************************************************************************* //
