/*--------------------------------*- C++ -*----------------------------------*\
| =========                 |                                                 |
| \\      /  F ield         | OpenFOAM: The Open Source CFD Toolbox           |
|  \\    /   O peration     | Version:  2.4.0                                 |
|   \\  /    A nd           | Web:      www.OpenFOAM.org                      |
|    \\/     M anipulation  |                                                 |
\*---------------------------------------------------------------------------*/
FoamFile
{
    version     2.0;
    format      ascii;
    class       volScalarField;
    location    "1.64";
    object      pPrime2Mean;
}
// * * * * * * * * * * * * * * * * * * * * * * * * * * * * * * * * * * * * * //

dimensions      [0 4 -4 0 0 0 0];

internalField   nonuniform List<scalar> 
8800
(
394443
384496
373823
363241
352804
342517
332384
322401
312570
302891
293361
283981
274746
265653
256691
247847
239081
230332
221436
211901
394457
384497
373822
363240
352803
342517
332384
322401
312570
302891
293361
283981
274747
265655
256694
247851
239091
230352
221485
212063
394466
384497
373819
363239
352803
342517
332383
322401
312570
302891
293362
283982
274748
265657
256699
247861
239109
230390
221575
212377
394473
384496
373817
363237
352802
342517
332383
322401
312570
302891
293362
283983
274750
265661
256706
247874
239136
230445
221700
212743
394478
384496
373815
363235
352801
342516
332383
322401
312570
302891
293363
283984
274753
265666
256715
247892
239169
230513
221850
213122
394483
384497
373813
363234
352801
342516
332383
322401
312570
302892
293364
283986
274756
265672
256726
247912
239209
230592
222016
213491
394486
384497
373812
363232
352800
342516
332383
322401
312571
302892
293365
283988
274760
265678
256739
247936
239254
230678
222188
213841
394489
384498
373811
363231
352799
342516
332383
322401
312571
302892
293366
283990
274764
265686
256753
247961
239301
230768
222362
214168
394490
384498
373810
363231
352799
342516
332383
322401
312571
302893
293367
283992
274768
265694
256767
247987
239351
230859
222533
214469
394491
384498
373810
363230
352799
342516
332383
322401
312571
302894
293368
283994
274772
265702
256782
248015
239401
230950
222696
214742
394491
384498
373810
363230
352799
342517
332384
322401
312572
302894
293370
283997
274777
265710
256797
248042
239450
231038
222849
214989
394490
384498
373810
363231
352799
342517
332384
322402
312572
302895
293371
283999
274781
265718
256812
248068
239497
231121
222991
215210
394489
384498
373811
363232
352800
342517
332384
322402
312573
302896
293372
284002
274786
265726
256826
248093
239542
231198
223119
215404
394486
384498
373812
363233
352800
342517
332384
322402
312573
302897
293374
284004
274790
265733
256839
248116
239583
231268
223233
215574
394483
384497
373813
363234
352801
342517
332384
322403
312574
302898
293375
284006
274793
265739
256850
248137
239619
231330
223332
215718
394478
384497
373815
363235
352802
342517
332384
322403
312574
302898
293376
284008
274797
265745
256861
248155
239650
231382
223415
215838
394473
384497
373817
363237
352802
342518
332384
322403
312575
302899
293377
284009
274799
265750
256869
248170
239676
231425
223481
215933
394466
384497
373820
363239
352803
342518
332385
322404
312575
302899
293378
284011
274801
265753
256875
248181
239695
231457
223531
216004
394457
384497
373822
363241
352804
342518
332385
322404
312575
302900
293378
284011
274803
265756
256880
248189
239708
231479
223565
216052
394443
384496
373823
363241
352804
342518
332385
322404
312575
302900
293378
284012
274803
265757
256882
248193
239715
231490
223582
216074
203260
200933
199157
197622
196198
194844
193538
192268
191027
189808
188607
187421
186249
185087
183935
182790
181653
180522
179396
178275
177158
176047
174941
173839
172741
171647
170557
169472
168390
167312
166239
165170
164107
163048
161995
160947
159905
158867
157834
156806
155781
154759
153741
152725
151713
150703
149697
148694
147695
146699
145706
144716
143728
142743
141760
140781
139806
138834
137866
136902
135940
134981
134024
133069
132118
131170
130225
129285
128349
127416
126487
125561
124637
123716
122797
121882
120969
120059
119153
118253
117356
116466
115580
114698
113821
112947
112077
111210
110346
109486
108628
107773
106920
106069
105220
104374
103530
102688
101849
101014
100181
99352.3
98527.2
97706.8
96890.5
96079.6
95273.4
94472.5
93676.2
92885
92098
91315.8
90537.2
89763
88992
88224.6
87459.9
86698.6
85940.1
85185.3
84433.6
83686
82941.2
82200.5
81461.9
80727.5
79995
79266.9
78540.5
77818
77097
76378.8
75662.1
74947.4
74234.4
73523.3
72814.2
72107.4
71403.1
70702
70004.1
69310
68619.5
67933
67250.3
66571.5
65896.7
65225.7
64558.2
63894
63232.9
62574.7
61918.8
61265.3
60614
59965.2
59318.5
58675.1
58034.5
57397.5
56763.4
56133.9
55507.6
54887
54270
53659.3
53052.4
52452.7
51856.9
51269.4
50684.8
50109.9
49535.2
48971.9
48406.8
47854.2
47297.7
46754.8
46206.1
45670.6
45129.6
44600.3
44065.8
43539.8
43009.3
42482.8
41951.6
41421.1
40882.7
40341.8
39788.5
39227.4
38648
38052.9
37429.6
36778.7
36082.4
35326.7
34518.5
33533.6
204917
202438
200416
198675
197099
195627
194225
192876
191567
190290
189039
187809
186597
185400
184217
183044
181882
180728
179582
178443
177310
176184
175064
173950
172841
171737
170638
169545
168456
167371
166292
165218
164150
163087
162029
160977
159931
158889
157853
156820
155792
154768
153747
152729
151714
150703
149695
148691
147690
146693
145698
144707
143719
142733
141751
140771
139796
138824
137856
136891
135929
134970
134013
133059
132108
131161
130216
129276
128340
127407
126477
125551
124627
123707
122788
121873
120961
120052
119147
118247
117352
116462
115577
114697
113821
112948
112079
111213
110351
109491
108634
107780
106928
106077
105229
104384
103540
102699
101861
101026
100194
99365.7
98541.3
97721.4
96905.8
96095
95289
94488
93691.7
92900.2
92113.2
91330.6
90552
89777.3
89005.9
88237.7
87472.6
86710.6
85951.8
85196.8
84445.1
83697.7
82953.3
82213
81475.3
80741.5
80010.1
79282.2
78556.6
77833.9
77113.4
76394.9
75678.4
74963.8
74251
73540.3
72831.8
72125.9
71422.7
70722.7
70026.1
69333.4
68644.5
67959.4
67278.4
66601.1
65927.9
65258.2
64592
63928.7
63268.8
62611.5
61956.3
61303.1
60651.8
60002.5
59355.2
58710.6
58068.6
57429.7
56794
56162.3
55533.9
54910.4
54290.4
53675.9
53065.1
52460.7
51859.8
51266.7
50675.7
50093.5
49511.6
48939.5
48365.9
47803.4
47237.7
46682.8
46124
45574.5
45022.3
44476.7
43929.4
43384.9
42839.4
42293.1
41743.8
41191.6
40633.1
40067
39490.7
38899.1
38291.3
37657.8
36998.1
36290.4
35554.5
34694.3
33820.1
32834
206068
203607
201491
199627
197938
196368
194884
193463
192091
190759
189460
188187
186937
185707
184493
183293
182107
180931
179765
178608
177459
176318
175185
174059
172939
171825
170718
169616
168520
167429
166344
165265
164191
163124
162062
161006
159955
158910
157869
156834
155802
154775
153751
152731
151715
150702
149692
148686
147684
146685
145690
144698
143709
142723
141740
140761
139785
138813
137845
136880
135918
134959
134003
133049
132099
131152
130208
129268
128331
127398
126469
125542
124619
123698
122780
121865
120954
120046
119142
118243
117349
116460
115576
114697
113822
112951
112083
111218
110357
109499
108643
107789
106938
106088
105240
104395
103552
102712
101875
101041
100210
99382.4
98558.9
97739.4
96924.5
96113.7
95307.9
94506.6
93710.3
92918.4
92131.2
91348.1
90569.1
89793.6
89021.7
88252.7
87487.1
86724.7
85965.9
85210.9
84459.6
83712.4
82968.8
82229
81492.4
80759.1
80028.9
79301.3
78576.4
77853.4
77133
76414.2
75697.7
74982.9
74270.3
73559.9
72852
72146.8
71444.6
70745.8
70050.7
69359.5
68672.4
67989.2
67309.9
66634.3
65962.7
65294.3
64629.4
63967.2
63308.5
62651.8
61997.2
61344.2
60692.8
60042.7
59394.6
58748.5
58104.9
57463.9
56826.2
56192.4
55561.7
54935.4
54312.6
53694.2
53079.8
52470.9
51864.9
51265.9
50668.6
50078.7
49489.1
48907.7
48325.5
47751.9
47177.4
46609.8
46041.8
45477.9
44915.1
44353.3
43793.5
43231.4
42670.8
42105.2
41539.6
40964.8
40389.7
39797.9
39202.8
38580.6
37952.1
37277.9
36600.4
35833.4
35083.1
34173.6
33267.5
32320.7
206944
204548
202406
200473
198705
197059
195504
194020
192592
191210
189865
188553
187267
186004
184761
183535
182325
181128
179942
178768
177604
176449
175303
174165
173034
171911
170795
169685
168582
167485
166395
165310
164232
163160
162093
161033
159979
158929
157885
156846
155811
154781
153755
152733
151714
150700
149689
148681
147678
146678
145681
144688
143699
142712
141730
140750
139775
138802
137834
136869
135907
134948
133992
133040
132090
131143
130200
129260
128324
127391
126461
125535
124611
123691
122773
121859
120948
120041
119138
118240
117347
116460
115577
114699
113825
112955
112088
111225
110365
109508
108653
107800
106949
106100
105253
104408
103567
102727
101891
101058
100228
99402
98579.4
97760.4
96945.7
96134.9
95329.1
94527.5
93730.9
92938.5
92150.9
91366.9
90587.2
89810.7
89038
88268.2
87502.2
86739.4
85980.8
85225.9
84475.5
83728.8
82986.1
82246.9
81511.3
80778.6
80049.2
79322.2
78597.7
77874.6
77154.1
76434.9
75718.4
75003.4
74291
73580.7
72873.3
72168.6
71467.6
70769.8
70076.2
69386.5
68701.2
68019.7
67342.3
66668.4
65998.7
65331.5
64668.1
64007.1
63349.6
62693.4
62039.4
61386.3
60734.9
60083.6
59434.4
58786.2
58140.6
57497.4
56858.1
56221.6
55588.9
54959.7
54334.4
53712.5
53094.9
52481.4
51870.9
51265.5
50662.4
50064.2
49467.1
48875.4
48285.4
47700.2
47117.4
46537.1
45959.8
45382.4
44808.7
44231.7
43659
43079.9
42505.4
41920.1
41341.2
40743.3
40154.7
39535.8
38928.5
38272.6
37635.4
36917.6
36233.5
35423
34648.8
33750.9
32846.7
31937
207650
205320
203182
201216
199397
197694
196082
194544
193066
191639
190253
188903
187584
186291
185020
183769
182536
181319
180115
178924
177744
176576
175417
174268
173127
171995
170871
169754
168644
167541
166444
165355
164272
163195
162125
161060
160002
158949
157901
156859
155821
154788
153759
152735
151715
150698
149686
148677
147672
146671
145674
144680
143690
142703
141720
140741
139765
138793
137824
136859
135897
134939
133984
133031
132082
131136
130194
129254
128318
127385
126455
125529
124605
123685
122768
121854
120943
120037
119135
118238
117347
116460
115578
114701
113828
112960
112094
111232
110374
109518
108664
107812
106961
106113
105267
104423
103582
102744
101909
101077
100249
99423.6
98601.8
97783
96968.4
96157.6
95351.5
94549.5
93752.5
92959.5
92171.1
91386.3
90605.7
89828.2
89054.7
88284
87517.4
86754.2
85995.7
85241.1
84491.5
83745.3
83003.6
82264.9
81530.2
80798
80069.4
79342.6
78618.3
77895.2
77174.5
76455.2
75738.5
75023.4
74311.2
73600.9
72894.2
72190
71490.1
70793.2
70101.1
69412.5
68729
68048.9
67373.6
66701.2
66033.4
65367.8
64706
64046.2
63390.1
62733.8
62080.6
61427.1
60775.4
60122.7
59472.4
58821.7
58174.3
57528.5
56887.8
56248
55613.8
54981.6
54354
53729.1
53108.5
52490.6
51875.9
51264.3
50655.5
50048.5
49444.6
48842.5
48244.9
47649
47057.5
46465.7
45879.1
45288.6
44704.2
44112.3
43528.1
42931.3
42345.9
41739.7
41150.1
40528.8
39930.1
39283.8
38667.5
37981.1
37333
36587.3
35882.3
35067.2
34266
33404.5
32522.1
31637.6
208244
205970
203847
201869
200017
198271
196614
195032
193511
192044
190621
189237
187887
186565
185269
183994
182740
181503
180282
179075
177881
176699
175529
174369
173218
172077
170945
169821
168704
167596
166494
165399
164312
163231
162156
161088
160026
158969
157918
156873
155832
154796
153765
152739
151716
150698
149684
148674
147668
146666
145668
144674
143683
142696
141713
140734
139758
138786
137817
136852
135890
134932
133977
133025
132077
131131
130189
129250
128314
127381
126451
125524
124601
123680
122763
121849
120939
120034
119133
118237
117346
116460
115580
114704
113832
112965
112101
111240
110383
109528
108676
107824
106975
106128
105282
104439
103599
102762
101929
101098
100271
99446.1
98624.7
97806.1
96991.4
96180.4
95374.1
94571.7
93774.2
92980.4
92191.1
91405.4
90624
89845.6
89071.2
88299.6
87532.3
86768.5
86009.9
85255.5
84506.2
83760.4
83019.2
82280.9
81546.8
80815.1
80087.1
79360.5
78636.4
77913.1
77192.3
76472.9
75756.1
75040.9
74328.7
73618.7
72912.3
72208.7
71509.4
70813.3
70122.6
69435.5
68753.6
68075.1
67401.5
66730.6
66064.5
65400.3
64740.1
64081.5
63426.5
62770.2
62117.5
61463.4
60811.4
60157.2
59506.1
58853.2
58204.6
57556.1
56913.5
56270.7
55634.9
54999.8
54370.4
53742.2
53119.2
52497
51878.6
51260.4
50646.6
50030.6
49420.5
48808.7
48203.8
47597.3
46998.2
46394.6
45800
45196.3
44602.4
43995.5
43401.6
42788.2
42192.1
41568.4
40966.7
40327.8
39715.3
39051.8
38417.9
37716.7
37046.3
36295.6
35565.9
34766.8
33957.7
33123.8
32261.6
31392.4
208755
206527
204423
202439
200567
198792
197100
195481
193925
192423
190968
189553
188174
186826
185506
184210
182935
181680
180442
179220
178013
176819
175637
174467
173307
172158
171018
169887
168764
167650
166543
165444
164352
163267
162188
161116
160050
158991
157937
156888
155845
154807
153773
152745
151721
150701
149686
148675
147668
146665
145666
144671
143680
142692
141709
140729
139754
138781
137813
136848
135886
134928
133973
133021
132073
131128
130185
129246
128310
127377
126447
125520
124596
123676
122759
121845
120936
120031
119131
118236
117346
116461
115582
114707
113836
112970
112108
111248
110393
109539
108688
107838
106989
106143
105298
104456
103617
102781
101948
101118
100292
99467.5
98646.4
97827.8
97013.1
96202
95395.5
94592.8
93794.7
93000.1
92209.9
91423.4
90641
89861.8
89086.3
88313.9
87545.7
86781.4
86022.5
85267.8
84518.3
83772.3
83031
82292.9
81559.1
80827.9
80100.4
79374
78650.1
77926.7
77205.8
76486.2
75769.3
75053.9
74341.7
73631.8
72925.5
72222.2
71523.4
70828.5
70139.1
69453.7
68773.5
68096.7
67424.9
66755.1
66090.3
65427
64768.1
64110.3
63456
62799.7
62147.6
61493.1
60840.5
60185.7
59533.2
58878.1
58228.3
57578
56933.1
56287.7
55650.2
55012.4
54381.3
53750.2
53124.9
52498.8
51876.8
51253.2
50633.3
50010.3
49392.7
48773.1
48160.1
47545.1
46937.6
46324.7
45720.9
45106.9
44502
43884.2
43277.5
42653.4
42042.5
41408.6
40790.6
40142.8
39512
38841.6
38188.2
37482.8
36793.2
36046.8
35304.1
34521.7
33715.5
32895.8
32045.1
31185.2
209198
207008
204923
202941
201056
199259
197541
195893
194306
192774
191290
189848
188444
187072
185730
184414
183121
181849
180595
179360
178139
176934
175741
174561
173393
172236
171089
169951
168823
167703
166591
165487
164391
163302
162220
161145
160076
159013
157956
156905
155859
154819
153783
152753
151727
150706
149690
148677
147669
146666
145666
144670
143679
142691
141708
140728
139752
138780
137811
136846
135884
134926
133971
133019
132070
131125
130183
129243
128307
127373
126443
125516
124592
123672
122755
121842
120933
120028
119129
118235
117346
116462
115583
114709
113840
112975
112114
111256
110402
109550
108700
107851
107003
106157
105313
104471
103633
102797
101965
101136
100310
99485.9
98664.9
97846.3
97031.7
96220.6
95413.9
94610.9
93812.2
93016.8
92225.8
91438.5
90655.2
89875.1
89098.8
88325.5
87556.5
86791.5
86032.1
85276.9
84526.5
83779.7
83037.8
82299.3
81565.4
80834.3
80107
79380.9
78657
77933.6
77212.7
76492.9
75776
75060.3
74348
73638.1
72932
72229.3
71531.2
70837.8
70149.8
69466.2
68787.7
68112.9
67441.9
66773.7
66109.7
65447
64788.6
64131.6
63477.7
62821
62169.2
61514.8
60861.2
60206.1
59552.5
58896.1
58244.5
57592.5
56944.8
56297.8
55657.6
55018.2
54384.7
53751.9
53124
52495
51869.1
51241.9
50615.7
49987.4
49361.8
48735.7
48115.1
47493
46876.7
46257.4
45643.3
45021.9
44405.4
43779.7
43159.7
42527.8
41902.7
41261.9
40629.2
39976.2
39330.8
38656.4
37988.7
37283.2
36582.3
35843.2
35094.4
34323.4
33519.6
32704.8
31860.7
31008
209588
207428
205360
203381
201488
199676
197938
196266
194655
193098
191589
190123
188695
187303
185940
184606
183296
182008
180740
179491
178259
177043
175841
174652
173475
172310
171156
170013
168879
167754
166637
165529
164429
163336
162251
161173
160101
159035
157976
156922
155874
154832
153795
152763
151736
150713
149695
148682
147673
146669
145668
144672
143680
142692
141708
140728
139752
138779
137810
136845
135883
134924
133969
133017
132068
131122
130179
129239
128303
127369
126438
125511
124587
123667
122751
121838
120930
120026
119127
118233
117345
116462
115584
114711
113842
112978
112118
111262
110409
109559
108710
107862
107015
106169
105326
104484
103646
102811
101979
101150
100324
99499.8
98678.6
97860.1
97045.4
96234.3
95427.4
94624
93824.6
93028.7
92237
91448.9
90664.7
89883.8
89106.7
88332.6
87562.8
86797.3
86037
85280.9
84529.3
83781.3
83038.3
82298.8
81564.3
80833
80105.6
79379.7
78655.8
77932.5
77211.6
76491.9
75775
75059.3
74347.2
73637.6
72932
72230.3
71533.2
70841.1
70154.6
69472.6
68795.7
68122.6
67452.6
66785.5
66121.9
65459.6
64801
64145
63490.2
62833.8
62182.3
61527.2
60872.7
60218.2
59562.8
58906.5
58252.9
57600.5
56948.8
56301.6
55657.8
55017.5
54380
53748
53115.9
52486.6
51855.4
51226.6
50592.8
49960.6
49328.1
48696.4
48069
47442
46816.6
46194.8
45569.1
44943.3
44315.6
43683.6
43052.4
42414.5
41777.3
41132.1
40487.8
39831.9
39175.8
38500.8
37823
37119.7
36410.6
35678.5
34924.1
34158.3
33355.4
32541.8
31703.8
30857.8
209932
207796
205743
203767
201871
200047
198293
196603
194971
193392
191862
190375
188928
187516
186136
184784
183459
182157
180876
179615
178372
177145
175934
174737
173552
172381
171220
170071
168932
167802
166681
165569
164466
163369
162281
161200
160125
159057
157996
156940
155890
154846
153807
152773
151745
150721
149702
148688
147678
146673
145672
144675
143682
142694
141710
140729
139752
138779
137810
136844
135882
134922
133967
133014
132064
131118
130175
129234
128297
127363
126433
125506
124582
123662
122746
121834
120926
120023
119125
118231
117343
116460
115583
114710
113843
112980
112122
111267
110416
109567
108719
107872
107025
106179
105336
104494
103656
102820
101988
101159
100332
99508.2
98686.8
97868.1
97053.2
96241.8
95434.5
94630.6
93830.6
93034.2
92241.8
91453.2
90668.2
89886.6
89108.7
88334
87563.6
86797.5
86036.3
85279.2
84526.3
83777
83032.1
82291
81555.3
80823.2
80095.5
79369.8
78646.1
77923.5
77202.6
76483.2
75766.5
75051.3
74340
73631.1
72926.7
72226.5
71530.7
70840.1
70154.8
69474
68798.1
68125.8
67456.4
66790.1
66126.7
65464
64805.7
64150.3
63493.2
62839.4
62186.1
61531.1
60875.9
60222.4
59564.3
58908.2
58252.9
57602
56945.1
56299.5
55649.3
55012.1
54368
53738.5
53101.1
52473.4
51835.7
51207.3
50565
49930.3
49291.4
48656.7
48022.5
47394.2
46759.5
46138.1
45501.7
44873
44236.6
43598.8
42959.5
42316.8
41669.7
41021.3
40367.6
39711.6
39046.2
38374
37685.9
36985.9
36268
35539.6
34780.4
34014.9
33214.4
32402.8
31571.7
30732.5
210234
208118
206076
204106
202207
200375
198609
196903
195255
193658
192109
190605
189140
187711
186315
184948
183609
182294
181002
179729
178476
177240
176021
174816
173625
172446
171280
170125
168981
167847
166723
165607
164500
163401
162309
161225
160149
159078
158015
156957
155906
154860
153819
152784
151754
150729
149709
148694
147683
146677
145675
144678
143685
142696
141711
140729
139752
138779
137809
136842
135880
134920
133963
133010
132060
131113
130169
129228
128291
127357
126426
125499
124576
123656
122741
121829
120922
120019
119121
118228
117340
116457
115580
114708
113842
112980
112123
111269
110420
109572
108725
107878
107032
106186
105341
104499
103660
102825
101992
101162
100335
99510.2
98688.5
97869.5
97054.2
96242.3
95434.3
94629.9
93829.5
93032.8
92240.2
91451
90665.5
89883.2
89104.8
88329.7
87558.7
86792
86029.9
85271.6
84517.4
83766.5
83019.8
82277
81539.4
80806.2
80077.8
79351.5
78628.2
77906.2
77186.1
76467.5
75751.6
75037.7
74327.7
73620.2
72917.5
72218.6
71524.7
70835.3
70151
69471
68795.5
68123
67454.2
66787
66123.5
65460.2
64802
64146.7
63488.3
62836.8
62180.8
61527.8
60871.3
60218
59558.7
58903.5
58246.1
57595.1
56935.7
56290.6
55633.9
54999.5
54348.6
53721.9
53079.2
52454.7
51809.8
51182.8
50532.8
49898.1
49254.1
48617.6
47977.7
47348.4
46706.2
46086.6
45442.5
44810.8
44168.8
43524.7
42880.4
42233.5
41578.6
40931.8
40269.9
39615.4
38937.9
38268.9
37570.1
36871.3
36145.6
35417.3
34656.1
33890.3
33093.5
32286.2
31462.8
30630.5
210499
208398
206367
204401
202500
200663
198888
197170
195507
193896
192332
190812
189331
187888
186478
185098
183746
182420
181116
179834
178572
177328
176100
174888
173691
172507
171336
170176
169027
167889
166761
165642
164532
163430
162336
161250
160171
159098
158033
156974
155920
154873
153831
152795
151763
150737
149716
148700
147688
146681
145678
144680
143686
142696
141711
140729
139751
138777
137807
136840
135876
134916
133959
133005
132055
131107
130163
129222
128284
127350
126420
125493
124570
123651
122736
121825
120919
120016
119118
118224
117336
116454
115576
114705
113838
112977
112122
111269
110421
109573
108727
107879
107033
106187
105342
104499
103660
102823
101990
101158
100331
99505.8
98683.9
97864.3
97048.5
96235.6
95427.3
94622.5
93822.2
93025.3
92232.8
91443.2
90657.5
89874.6
89096
88320.3
87549.1
86781.7
86018.7
85259
84503.6
83750.8
83002.4
82257.8
81518.7
80784
80054.4
79327.5
78604.4
77882.5
77163.8
76446.3
75731.9
75019.6
74311.3
73605.2
72904.3
72206.5
71514.2
70826
70143
69463.6
68788.8
68115.2
67447.4
66778
66113.8
65448.6
64791.4
64134.1
63475.8
62825.3
62168.7
61517.1
60859.8
60206.9
59547.3
58891.9
58233.9
57582
56921.8
56273.6
55615.8
54980.6
54326
53698.8
53052.8
52429.8
51781.5
51154.3
50499.4
49863.4
49216.6
48579
47935.3
47303
46659.4
46037.6
45388.2
44756.9
44109
43461.7
42812.1
42163.7
41505.7
40857.8
40187.3
39533.8
38846.9
38175.7
37469.8
36768.5
36038.5
35309.6
34548.6
33784.7
32992.5
32191
31375.5
30550
210729
208641
206618
204656
202755
200913
199130
197403
195729
194105
192528
190995
189502
188046
186624
185232
183869
182533
181220
179929
178658
177407
176172
174954
173751
172562
171386
170222
169070
167928
166796
165674
164561
163457
162361
161272
160191
159117
158050
156989
155934
154885
153842
152804
151772
150744
149722
148704
147692
146684
145680
144681
143687
142696
141710
140727
139749
138775
137804
136836
135872
134912
133954
133000
132049
131102
130157
129216
128278
127344
126413
125487
124564
123646
122732
121822
120915
120013
119115
118221
117333
116449
115572
114700
113833
112973
112117
111266
110417
109569
108723
107875
107028
106182
105337
104493
103653
102816
101981
101149
100321
99495.4
98673.5
97853.2
97037.1
96223.3
95414.9
94609.7
93809.6
93012.8
92220.3
91430.5
90644.8
89861.5
89082.8
88306.6
87535.4
86767
86003.4
85242.4
84485.9
83731.3
82981.8
82235.5
81495.3
80759
80028.4
79300.6
78577.3
77855.8
77138.2
76421.7
75709.3
74998.2
74291.5
73586.9
72887.7
72190.8
71499.8
70812.5
70130.7
69451.7
68777.8
68103.4
67435.5
66763.4
66097.7
65430.2
64772.8
64113
63457.9
62805.3
62151
61497.8
60841
60188.9
59530.3
58873.1
58217.6
57563.3
56903.5
56250.9
55594.7
54954.2
54300.3
53667.6
53023.1
52398.8
51748.4
51124.7
50465.6
49829.2
49178.5
48538.2
47892.6
47258.5
46613.6
45990.2
45340.3
44710
44057
43408.5
42755.9
42104.5
41444.9
40788.7
40119.9
39460.3
38766.7
38090.9
37381.8
36676.9
35946.7
35217.4
34458.1
33698.1
32910.8
32115.8
31307.7
30488.8
210926
208849
206833
204873
202972
201128
199339
197604
195921
194287
192700
191156
189652
188185
186752
185351
183978
182632
181311
180013
178735
177477
176236
175013
173805
172611
171431
170263
169107
167962
166828
165703
164588
163481
162383
161292
160210
159134
158065
157002
155946
154896
153851
152812
151779
150750
149727
148708
147694
146685
145681
144681
143686
142694
141708
140725
139746
138771
137800
136832
135867
134906
133949
132995
132044
131096
130151
129210
128272
127338
126408
125482
124560
123642
122728
121819
120913
120010
119112
118218
117329
116445
115566
114694
113827
112966
112110
111258
110408
109560
108712
107864
107017
106170
105325
104481
103641
102802
101967
101134
100307
99480.5
98658.7
97838
97021.8
96207.6
95399.2
94593.6
93793.7
92996.7
92204.3
91414.3
90628.4
89844.9
89066.2
88289.9
87518.8
86749.6
85985.4
85223.1
84465.5
83709.6
82959.1
82211.6
81470.6
80733.3
80002.1
79273.6
78550.1
77828.7
77111.8
76396.5
75685.2
74975.4
74270.1
73566.7
72868.5
72172.7
71483
70796.5
70115.9
69437
68763.4
68088.1
67418.8
66744.8
66076.8
65407.2
64749
64084.8
63433.7
62780.1
62127.3
61472.1
60818
60164.1
59508.4
58847.9
58198.4
57540.5
56882.6
56228.1
55573.5
54922.8
54272.9
53634.3
52989.8
52363.6
51714.9
51083.4
50430.3
49793.6
49139.3
48494.5
47851.3
47213.2
46573.4
45948.4
45294.4
44666.6
44013.8
43363.3
42709.1
42052.4
41393.8
40728.1
40059.4
39387.7
38697
38013.5
37305.8
36597
35870.3
35140.8
34384.7
33628.8
32846.6
32058.2
31256.3
30443.5
211094
209025
207013
205056
203155
201308
199514
197774
196084
194442
192846
191293
189780
188304
186863
185453
184072
182719
181390
180085
178801
177538
176292
175064
173851
172654
171470
170299
169140
167993
166856
165729
164611
163503
162402
161310
160225
159148
158078
157014
155956
154905
153859
152819
151784
150754
149730
148710
147695
146685
145680
144680
143684
142692
141704
140721
139742
138766
137795
136827
135862
134901
133944
132989
132038
131090
130146
129204
128267
127333
126403
125477
124555
123638
122725
121815
120910
120007
119108
118214
117324
116440
115561
114687
113819
112957
112100
111247
110396
109546
108697
107849
107002
106155
105309
104465
103624
102785
101949
101117
100289
99463.1
98641.5
97821.1
97004.6
96190.7
95382
94576.2
93776.1
92978.5
92185.7
91395.4
90609.5
89826.3
89047.3
88271.3
87499.8
86731.1
85966.2
85203.1
84444.2
83687.6
82936.2
82188
81446.7
80709
79977.5
79248.6
78524.9
77803.4
77086.8
76372.2
75661.2
74952.6
74248.2
73546.1
72848.9
72154.5
71465.7
70780
70099.9
69420.3
68746.4
68069.5
67398
66722.1
66053.5
65383.7
64720.9
64056.2
63406
62748.7
62099.9
61442.8
60789.9
60135.9
59485.1
58823.5
58175.7
57513
56863.3
56201.5
55545.3
54890.1
54248.6
53606.9
52961.5
52326.5
51678
51037.9
50393.2
49750.2
49099.8
48452.1
47814.6
47172.5
46535.8
45902.5
45255.2
44625.6
43974.4
43322.5
42671
42008.8
41345.4
40673.9
40004.8
39323
38634.7
37945
37244.7
36531.8
35810.3
35079.5
34328.1
33574
32798.1
32015.4
31217.9
30411.3
211234
209170
207162
205206
203304
201455
199658
197913
196218
194571
192968
191408
189887
188404
186955
185538
184151
182791
181457
180146
178857
177589
176339
175107
173891
172690
171503
170330
169168
168018
166879
165750
164631
163520
162418
161325
160239
159160
158088
157023
155964
154912
153865
152823
151788
150757
149731
148711
147695
146685
145679
144677
143681
142689
141701
140717
139738
138762
137790
136822
135857
134896
133938
132984
132033
131085
130140
129199
128261
127328
126398
125472
124551
123633
122721
121812
120906
120003
119104
118209
117319
116434
115554
114680
113811
112948
112088
111234
110380
109529
108679
107831
106983
106136
105290
104446
103605
102765
101929
101098
100270
99445.2
98623.5
97804.1
96987.7
96174.4
95364.6
94559
93757.7
92960
92166.2
91376
90589.4
89806.7
89027.4
88252.5
87480.7
86713
85947.4
85184.7
84424.5
83668.2
82915.8
82167.8
81426
80688.9
79956.5
79228
78503.2
77782.2
77064.8
76350.7
75639.2
74931.7
74227.1
73526.5
72829.5
72136.5
71447.9
70763
70082
69401.8
68725.7
68047.6
67373.5
66697
66026.9
65356.9
64695
64031.3
63376.3
62719
62069.6
61411.7
60762.6
60107.4
59457.3
58797.8
58151.6
57486.7
56835.8
56168.7
55520.8
54863.8
54223.8
53578.6
52930.3
52283.8
51639.9
50997.4
50354.9
49703.9
49063.2
48415.5
47778.6
47135.8
46503.7
45861
45223.8
44581.8
43939.7
43286.8
42634.6
41968
41303.6
40629.2
39952.4
39268.9
38584.3
37892.9
37195.3
36484.2
35765.2
35033.9
34287.5
33532.5
32763
31983.4
31190.1
30389.4
211345
209286
207278
205323
203421
201571
199772
198024
196325
194673
193065
191499
189973
188484
187029
185607
184214
182849
181510
180195
178903
177630
176377
175142
173923
172719
171530
170354
169190
168039
166898
165767
164646
163534
162431
161336
160249
159169
158096
157030
155970
154916
153869
152827
151790
150759
149732
148711
147695
146684
145677
144675
143678
142686
141697
140713
139734
138758
137786
136818
135853
134892
133934
132979
132028
131080
130135
129194
128257
127323
126393
125467
124546
123629
122716
121807
120901
119998
119099
118204
117314
116429
115548
114673
113802
112938
112076
111220
110364
109512
108661
107812
106963
106117
105271
104427
103585
102747
101911
101080
100252
99428.6
98606.9
97788.4
96972
96159.5
95349
94543.5
93740.9
92943.2
92148.3
91358.4
90571
89788.8
89009.1
88234.9
87463.2
86696.7
85930.7
85168.8
84408.2
83652.5
82899.6
82152.4
81410.2
80673.5
79940.3
79212.2
78486.3
77765.6
77046.9
76332.9
75620.6
74913.6
74208.2
73508.5
72811.5
72119.5
71429.8
70745.1
70062
69381.6
68702.6
68024
67347.2
66672.4
66000.6
65333.7
64668.4
64005.8
63349.2
62691.6
62037.6
61383.7
60734.3
60077.7
59428.2
58771.7
58122.4
57457.2
56807.7
56145.6
55500.1
54835.5
54196.7
53541.9
52895.2
52251.1
51607.5
50958.2
50316.6
49664.4
49028.3
48379.4
47747.6
47107
46474.2
45824.7
45193.7
44542.9
43906.3
43251
42603.7
41932.7
41268.8
40590.1
39912.6
39231.8
38544.6
37855.6
37157.8
36452.2
35730.9
35002.4
34257.7
33503.4
32737.6
31959.7
31170.7
30374.4
211428
209372
207365
205410
203507
201657
199857
198107
196405
194749
193138
191568
190037
188544
187085
185658
184262
182893
181551
180232
178936
177661
176406
175168
173947
172741
171550
170372
169207
168054
166911
165780
164657
163544
162440
161344
160256
159175
158102
157035
155974
154920
153871
152829
151791
150760
149733
148711
147694
146683
145676
144674
143676
142683
141695
140711
139731
138755
137783
136814
135849
134888
133930
132975
132024
131076
130131
129190
128252
127319
126389
125463
124541
123624
122711
121802
120896
119993
119094
118199
117309
116423
115542
114666
113795
112929
112065
111207
110350
109497
108644
107796
106946
106100
105254
104411
103569
102732
101895
101066
100237
99414.9
98592.8
97776
96959
96147.6
95336.5
94531.3
93727.7
92930.3
92134.3
91344.8
90556.3
89774.7
88994.5
88221.1
87449.1
86683.4
85917.5
85157.1
84396.8
83642.7
82889.2
82143
81399.6
80663.4
79929.2
79201.7
78475
77754.4
77034.2
76320
75606.3
74899.1
74192.6
73493.4
72795.4
72103.8
71412.7
70727.8
70042.8
69361.9
68680.1
68001.9
67323.1
66651.3
65977
65312.7
64645
63985.1
63323.3
62667.8
62010.4
61358.9
60704.9
60052.3
59401.5
58746.2
58094.2
57434.1
56783.3
56121.9
55475.9
54809.5
54169.4
53508.1
52866.5
52218.2
51572.9
50924.8
50284
49632.5
48998.3
48349.8
47720.2
47078
46445.5
45795.8
45163.9
44514
43879.3
43222.2
42574.7
41902.4
41240.5
40560.1
39883.3
39205.1
38516.7
37834.3
37132.2
36432.4
35706.1
34982.8
34236.6
33484.5
32719.3
31943.3
31157.3
30363.3
211481
209427
207422
205468
203565
201714
199914
198162
196458
194800
193186
191613
190080
188584
187122
185693
184294
182923
181578
180257
178959
177682
176425
175185
173963
172756
171563
170384
169218
168064
166920
165788
164665
163551
162446
161349
160261
159179
158105
157038
155977
154922
153873
152830
151792
150760
149733
148711
147694
146682
145675
144673
143675
142682
141693
140709
139729
138753
137780
136812
135846
134885
133927
132972
132020
131072
130127
129186
128249
127315
126385
125459
124537
123620
122706
121796
120890
119988
119089
118195
117305
116419
115537
114661
113789
112922
112057
111197
110338
109485
108631
107783
106932
106087
105240
104399
103556
102720
101884
101055
100226
99405.3
98582.4
97766.8
96949.3
96139
95327.3
94523.1
93718.6
92921.7
92124.9
91335.5
90546.2
89764.7
88983.9
88210.6
87438
86672.6
85906.9
85148.2
84388.9
83636.8
82882.8
82137.7
81392.4
80656.6
79921.1
79194.1
78466.4
77746.2
77024.6
76310.3
75595.4
74888.2
74180.6
73481.3
72782
72090.1
71397.5
70711.9
70025.8
69344.3
68660.9
67984
67304.4
66635.4
65958.7
65299.4
64626.9
63972.4
63303.4
62650.9
61987.8
61337.6
60680.8
60031.8
59376.3
58724.7
58068
57413
56760.9
56100.4
55452.6
54787.4
54145.2
53483.4
52843.9
52188
51545.9
50899.7
50256.4
49609.4
48977
48327.1
47696.6
47053.7
46417
45775.3
45141.4
44495.5
43858.2
43201.3
42548.7
41881.7
41218.6
40542.5
39864.9
39193.6
38503.1
37827.3
37116.6
36424.8
35692.2
34974.5
34223.8
33474
32706.8
31933.3
31148.2
30355.9
211507
209454
207451
205497
203594
201743
199942
198190
196485
194826
193210
191636
190101
188604
187141
185710
184309
182937
181591
180269
178970
177693
176434
175194
173970
172763
171570
170390
169223
168069
166925
165792
164668
163554
162449
161352
160263
159181
158107
157039
155978
154923
153874
152830
151793
150760
149733
148711
147694
146682
145675
144672
143675
142681
141693
140708
139728
138751
137779
136810
135845
134883
133925
132970
132018
131070
130125
129184
128247
127313
126383
125457
124535
123617
122703
121793
120887
119985
119086
118191
117301
116416
115534
114658
113786
112917
112051
111190
110331
109477
108623
107775
106924
106079
105232
104392
103549
102714
101878
101050
100220
99399.9
98576.4
97761.4
96943.8
96134
95321.9
94518.4
93713.6
92917.1
92119.5
91330
90540.2
89758.7
88977.4
88204.1
87431.3
86666.2
85900.7
85143.1
84384.2
83633.2
82878.7
82134.3
81387.5
80652.1
79915.4
79188.9
78460.5
77740.7
77018.5
76304.5
75588.8
74881.6
74173.4
73474.1
72774.5
72082.1
71388.8
70702.3
70015.1
69333.2
68648.9
67972.7
67292.3
66625.8
65947.6
65295.1
64616.3
63966.6
63290.9
62641.2
61971.9
61326.7
60663
60018.4
59357.6
58711.6
58049.2
57398.6
56740.9
56083.1
55429.8
54768.5
54123.2
53464.1
52823.5
52171.9
51530
50885.8
50241.6
49598.9
48960
48311.6
47678.3
47035.8
46397.4
45766.7
45126.2
44488.7
43843.8
43190.8
42532.5
41872.8
41203.3
40540.5
39853.8
39199.9
38496.6
37836.1
37112.6
36429.2
35686.1
34977
34218
33468.6
32698.9
31927.6
31142.1
30350.7
186461
186391
186251
186044
185771
185434
185036
184581
184073
183514
182909
182261
181573
180848
180091
179304
178490
177651
176791
175912
175014
174101
173175
172237
171288
170331
169366
168394
167415
166429
165439
164445
163448
162448
161448
160446
159444
158443
157442
156443
155443
154444
153444
152445
151447
150452
149459
148469
147481
146495
145511
144530
143550
142572
141595
140621
139648
138680
137716
136758
135803
134851
133903
132960
132023
131090
130162
129235
128311
127389
126471
125556
124643
123733
122824
121915
121006
120100
119196
118296
117399
116506
115618
114733
113854
112978
112106
111237
110370
109506
108645
107789
106937
106087
105241
104398
103560
102725
101894
101066
100241
99420.1
98601.6
97786.1
96974
96165.8
95362.2
94563.3
93768.8
92977.8
92189.8
91405.3
90625.2
89849.4
89077.5
88308.9
87543.3
86780.6
86021.6
85266.5
84514.6
83765.5
83019
82274.8
81532.9
80792.7
80054.3
79317.7
78582.9
77850.6
77120.9
76393
75666.1
74940.8
74217.3
73496
72777
72060.2
71345.9
70634.6
69926.9
69223
68523
67827
67135.7
66449.6
65769.4
65095.1
64426.5
63763.1
63104.2
62449.6
61799.5
61154.1
60513.6
59878.1
59247.8
58622.6
58002.7
57388.1
56779.3
56176.6
55580.5
54991.5
54410.1
53836.4
53270.5
52712.6
52163.3
51623.3
51093
50573
50063.3
49564
49074.4
48594.5
48125.1
47667.3
47219.9
46782.9
46357.5
45944.1
45545.9
45163.2
44793.9
44438.8
44099.7
43777.9
43473.4
43184.9
42911.9
42655.6
42417.7
42200.5
42008.8
41849.4
41726.4
41648.3
41604.9
41579.9
186510
186440
186299
186090
185815
185477
185077
184620
184109
183548
182940
182290
181600
180873
180114
179325
178509
177669
176808
175926
175027
174114
173186
172247
171298
170341
169375
168403
167423
166437
165446
164451
163453
162453
161452
160450
159448
158446
157445
156445
155446
154447
153448
152449
151451
150455
149462
148471
147483
146497
145513
144532
143553
142575
141598
140622
139649
138681
137717
136758
135803
134852
133905
132963
132025
131093
130164
129238
128314
127392
126474
125558
124645
123734
122824
121914
121006
120100
119197
118297
117400
116507
115618
114733
113853
112976
112104
111234
110367
109504
108643
107788
106938
106091
105246
104405
103567
102733
101901
101072
100247
99424.4
98605
97789.1
96977
96169.2
95366.2
94567.6
93773.2
92982.2
92193.8
91409
90628.4
89851.7
89079.1
88310.7
87546.1
86784.6
86026.8
85272.8
84521.5
83772.6
83026.2
82281.9
81540.1
80800.5
80062.2
79325.4
78590.3
77857.3
77126.9
76398.6
75671.3
74945.7
74222.2
73500.9
72782
72065.4
71351.3
70640.1
69932
69227.4
68526.8
67830.3
67138.6
66452.2
65771.8
65097.5
64429.3
63766.3
63108
62453.5
61803.2
61157.6
60516.8
59881
59250.1
58624.3
58003.9
57388.9
56780
56177.3
55581.2
54992.1
54410.6
53836.8
53270.9
52713.1
52163.9
51623.9
51093.8
50574
50064.8
49566.2
49077.8
48598.7
48129.3
47670.7
47222.5
46786
46361.1
45947.7
45549.2
45166.3
44797.4
44443.3
44104.5
43781.5
43474.8
43184.1
42909.2
42651.3
42412.1
42194
42001.9
41841.4
41717
41638
41593.2
41567.8
186609
186537
186395
186184
185905
185563
185158
184697
184181
183615
183003
182348
181653
180923
180160
179367
178548
177705
176840
175956
175054
174138
173208
172268
171318
170360
169394
168420
167439
166452
165459
164462
163462
162461
161458
160456
159454
158452
157452
156452
155453
154454
153456
152457
151459
150463
149468
148476
147488
146501
145518
144537
143557
142579
141601
140624
139651
138682
137718
136759
135805
134855
133908
132967
132030
131097
130168
129242
128318
127396
126477
125560
124646
123734
122824
121915
121006
120100
119197
118297
117399
116505
115615
114730
113849
112972
112099
111230
110364
109502
108644
107790
106941
106095
105253
104414
103577
102743
101911
101081
100254
99430.2
98609.9
97793.3
96981
96173.5
95370.9
94572.7
93777.7
92985.7
92197.2
91412.5
90631.6
89855.1
89083.4
88316
87552.8
86793.3
86037.5
85284.9
84534.4
83785.6
83038.8
82293.8
81551.2
80811.2
80072.8
79335.9
78600.9
77867.9
77136.9
76407.6
75679.6
74953.5
74230.4
73509.7
72791.2
72074.5
71360
70648.4
69940.1
69235.2
68534
67837
67144.7
66458.2
65777.7
65103.4
64435.1
63771.8
63113.1
62458.3
61807.6
61161.4
60520
59883.3
59251.3
58624.7
58003.5
57388.1
56778.7
56175.7
55579.3
54990.3
54409.1
53835.7
53270.1
52712.7
52163.7
51623.7
51093.7
50574.6
50066.5
49569.1
49081.6
48603
48132.9
47672.7
47223.1
46785.6
46359.9
45947.5
45550.4
45168.5
44800.5
44446.8
44107.4
43783
43474.4
43181.6
42904.3
42644
42402.8
42183.3
41988.6
41824.7
41695.6
41610.7
41560.9
41534
186758
186685
186540
186324
186041
185692
185281
184812
184289
183716
183097
182435
181734
180997
180228
179430
178605
177757
176888
175999
175094
174174
173241
172298
171347
170387
169420
168445
167462
166472
165477
164478
163476
162472
161469
160465
159463
158461
157462
156463
155465
154467
153468
152469
151471
150473
149478
148485
147495
146508
145524
144542
143563
142585
141606
140629
139655
138686
137722
136764
135810
134860
133913
132972
132036
131103
130173
129246
128322
127400
126480
125563
124649
123736
122826
121916
121008
120103
119200
118299
117400
116505
115614
114727
113845
112968
112096
111228
110364
109504
108648
107796
106947
106102
105261
104423
103587
102753
101920
101089
100260
99435.3
98613.8
97796.5
96984.1
96177
95374.8
94576.6
93781.9
92990
92201.4
91416.6
90636
89860.1
89089.3
88323.4
87562.2
86804.9
86051
85299.6
84549.9
83800.9
83053
82306.7
81562.7
80821.8
80083.3
79346.6
78612
77879.3
77148.1
76418
75689.4
74963.3
74240.4
73520.1
72802
72085.5
71371.3
70659.9
69951.8
69246.9
68545.5
67848.1
67155.5
66468.7
65788.2
65113.7
64444.8
63780.8
63120.9
62465
61813.1
61165.8
60523.2
59885.3
59252
58624
58001.7
57385.4
56775.4
56171.9
55575.2
54986.1
54404.9
53831.8
53266.7
52709.7
52161.1
51621.6
51092.1
50573.6
50066.3
49569.8
49082.9
48604
48132.6
47670.3
47218.6
46779
46353.1
45941.6
45545.3
45163.5
44795.9
44442
44102.2
43776.4
43465.7
43170.4
42891
42628.3
42384.9
42162.8
41964.6
41796.1
41660.2
41565.2
41508.7
41474.9
186958
186883
186734
186513
186223
185866
185446
184967
184434
183851
183222
182551
181840
181095
180318
179512
178681
177827
176952
176057
175146
174222
173285
172339
171385
170423
169453
168475
167490
166498
165500
164498
163494
162489
161483
160478
159475
158474
157475
156477
155480
154483
153484
152485
151486
150487
149490
148496
147504
146516
145531
144549
143570
142592
141613
140636
139662
138693
137729
136771
135817
134867
133921
132979
132042
131108
130177
129249
128324
127402
126482
125566
124652
123739
122829
121919
121012
120107
119204
118303
117403
116506
115614
114727
113845
112968
112097
111230
110367
109508
108653
107802
106954
106109
105268
104430
103594
102760
101926
101094
100265
99438.5
98615.9
97798
96985.4
96178.2
95376.3
94578.7
93784.3
92993
92205.1
91421.2
90641.5
89866.3
89095.9
88331
87571.5
86816.1
86063.9
85313.7
84564.5
83815.2
83065.9
82317.9
81572.4
80830.5
80091.7
79355.5
78621.6
77889.5
77158.4
76428.2
75699.8
74974.3
74251.7
73531.7
72813.7
72097.3
71383
70671.8
69964
69259.5
68558.4
67861
67168.3
66481.3
65800.3
65125.2
64455.3
63790.1
63129
62471.9
61818.8
61170.3
60526.5
59887.1
59252.4
58622.9
57999.2
57381.8
56770.8
56166.4
55569
54979.3
54397.7
53824.3
53259.2
52702.5
52154.6
51616
51087.2
50569.4
50062.7
49566.9
49079.8
48599.8
48126.8
47662.3
47208.4
46767.4
46341.2
45929.9
45533.5
45151.3
44782.7
44427.7
44086.5
43759.4
43446.6
43149.1
42867.7
42603.2
42356.7
42131
41927.5
41752.9
41608
41502.1
41434.4
41391.1
187212
187134
186980
186751
186451
186083
185651
185160
184614
184019
183378
182694
181972
181216
180430
179615
178776
177914
177031
176129
175212
174281
173339
172389
171431
170466
169492
168512
167523
166528
165527
164523
163516
162509
161502
160496
159492
158490
157491
156494
155497
154500
153502
152503
151503
150503
149505
148509
147516
146527
145541
144558
143579
142601
141623
140646
139671
138702
137739
136780
135826
134875
133928
132986
132048
131114
130182
129253
128328
127405
126485
125568
124655
123743
122832
121922
121015
120110
119207
118305
117405
116508
115616
114728
113847
112970
112099
111232
110370
109512
108658
107807
106958
106113
105272
104434
103598
102763
101928
101096
100266
99438.7
98615.3
97797.1
96984.3
96176.9
95374.7
94577.1
93783.4
92993
92206.3
91423.6
90645.1
89870.8
89101.2
88337.2
87578.8
86824.7
86074
85324.7
84575.6
83825.7
83075.4
82326
81579.4
80836.8
80097.8
79361.9
78628.4
77896.4
77165.6
76436.1
75708.6
74983.8
74261.6
73541.6
72823.3
72106.7
71392.4
70681.3
69974.1
69270.2
68569.6
67872.6
67179.9
66492.7
65811.2
65135.2
64464.2
63797.7
63135.5
62477.2
61823.2
61173.5
60528.5
59887.9
59251.7
58620.6
57995.2
57376.3
56764
56158.5
55560.1
54969.4
54386.9
53812.6
53246.9
52690.2
52142.7
51604.9
51077
50559.6
50053.2
49557.3
49069.6
48588.2
48113.7
47647.4
47192.1
46750.2
46323.5
45912
45514.6
45130.7
44760.2
44403.2
44059.8
43730
43414.9
43115.4
42831.6
42564
42313.8
42083.8
41874.8
41692.6
41539.1
41419.7
41337.8
41285
187520
187438
187278
187039
186728
186346
185899
185391
184830
184219
183562
182865
182130
181361
180563
179738
178888
178016
177124
176214
175289
174351
173404
172448
171485
170516
169538
168553
167561
166563
165559
164552
163543
162534
161525
160518
159512
158509
157509
156511
155514
154518
153519
152520
151520
150520
149521
148524
147530
146540
145552
144569
143589
142611
141633
140656
139682
138713
137749
136790
135835
134884
133937
132994
132055
131119
130187
129258
128332
127409
126489
125572
124658
123746
122835
121925
121017
120112
119208
118305
117405
116508
115616
114729
113848
112971
112100
111234
110372
109514
108660
107809
106960
106114
105272
104433
103596
102761
101926
101093
100263
99435.7
98612
97793.4
96980.1
96172.4
95369.7
94572
93778.7
92989.3
92203.9
91422.6
90645.4
89872.3
89103.6
88340.3
87582.5
86828.9
86079
85330.1
84580.8
83830.5
83079.6
82329.8
81582.9
80840
80101.2
79365.3
78631.8
77899.8
77169.3
76440.8
75714.4
74990.3
74268.4
73548.3
72829.7
72113.1
71398.8
70687.8
69980.7
69277.2
68577.2
67880.8
67188.7
66501.6
65819.8
65143.1
64471
63803.3
63139.8
62480.5
61825.4
61174.6
60528.4
59886.7
59249.3
58616.7
57989.8
57369.4
56755.6
56148.7
55548.8
54956.7
54372.6
53797.1
53230.4
52673.1
52125.7
51588.2
51060.7
50543.2
50036.2
49539.2
49050.2
48567.6
48091.9
47624.8
47169
46726.5
46298.9
45886
45486.7
45100.7
44727.7
44367.7
44020.9
43687.9
43369.2
43066.3
42779
42508
42252.8
42017.4
41801.3
41612
41449
41318.4
41222.7
41164.8
187885
187799
187630
187379
187052
186653
186188
185661
185081
184451
183776
183062
182311
181528
180717
179879
179018
178135
177233
176313
175379
174434
173479
172517
171548
170572
169589
168600
167603
166601
165594
164585
163574
162563
161552
160543
159535
158531
157528
156528
155531
154534
153535
152536
151536
150536
149537
148540
147546
146554
145566
144581
143600
142621
141644
140667
139694
138724
137760
136801
135846
134894
133947
133003
132063
131126
130193
129263
128336
127413
126493
125576
124662
123749
122837
121926
121018
120111
119206
118302
117401
116504
115613
114727
113847
112970
112099
111233
110371
109514
108659
107807
106958
106112
105269
104429
103591
102755
101920
101087
100256
99429
98605.4
97786.4
96972.6
96164.4
95361.2
94563.4
93770.7
92982.1
92197.9
91418
90641.9
89869.8
89102
88339
87581
86827.4
86077.2
85328
84578.5
83827.9
83077.3
82328
81581.5
80838.9
80100.3
79364.5
78631
77899.3
77169.3
76441.6
75716.2
74992.8
74271.2
73551.3
72832.7
72116.3
71402.3
70691.5
69984.4
69281
68581.4
67885.6
67194.1
66507.3
65825.5
65148.3
64475.3
63806.5
63141.9
62481.4
61825.4
61173.7
60526.4
59883.7
59245.1
58611.5
57983.3
57361.4
56746.1
56137.5
55535.9
54941.9
54356
53778.7
53210.5
52651.9
52103.5
51565.4
51037.4
50519.4
50011.2
49512.6
49021.9
48538
48061.4
47593.9
47137.4
46694
46264.9
45849.9
45448.4
45059.4
44682.8
44318.7
43967.7
43630
43306.7
42999.3
42707.3
42431.4
42170.2
41928.2
41705.2
41506.8
41335.6
41194.4
41091.5
41027.2
188311
188220
188039
187773
187427
187007
186519
185970
185366
184714
184019
183285
182516
181716
180890
180038
179164
178269
177355
176424
175481
174527
173564
172594
171618
170635
169646
168650
167649
166643
165633
164620
163607
162594
161581
160569
159560
158553
157549
156547
155548
154549
153550
152551
151552
150552
149554
148557
147563
146571
145582
144596
143613
142633
141655
140679
139705
138736
137772
136812
135856
134905
133956
133012
132070
131132
130198
129268
128341
127417
126497
125580
124665
123751
122839
121927
121017
120108
119201
118297
117395
116499
115609
114724
113844
112969
112098
111232
110370
109511
108656
107804
106954
106107
105263
104422
103583
102746
101910
101077
100246
99419
98595.3
97776.1
96961.8
96153.2
95349.7
94551.8
93759.4
92971.7
92188.5
91409.5
90634.5
89863
89095.7
88332.7
87574.3
86819.9
86068.7
85318.6
84568.6
83818.2
83068.2
82319.9
81574.6
80832.7
80094.5
79359
78625.8
77894.7
77165.6
76438.7
75714.2
74991.5
74270.3
73550.8
72832.8
72116.9
71403.6
70693.1
69986.2
69282.8
68583.5
67888.1
67197
66510.5
65828.6
65150.9
64477.2
63807.6
63142.1
62480.7
61823.7
61170.8
60522.4
59878.6
59239.2
58604.6
57975.4
57352.3
56735.5
56125.3
55521.8
54925.8
54337.9
53758.4
53188.1
52627.3
52076.9
51537.1
51008
50488.7
49979.1
49478.4
48985.8
48500.3
48022.5
47554.1
47096.9
46652.2
46220.9
45803.3
45398.5
45006.1
44625.3
44256
43899.4
43556
43226.6
42913.3
42613.9
42331.7
42062.7
41813.4
41581.8
41374.9
41194.9
41045.8
40934.2
40870.1
188802
188703
188509
188223
187854
187408
186894
186318
185688
185010
184290
183534
182744
181925
181081
180214
179326
178417
177490
176548
175594
174630
173658
172679
171695
170704
169708
168706
167699
166688
165674
164658
163642
162627
161612
160598
159586
158577
157571
156567
155566
154566
153566
152567
151567
150569
149571
148575
147581
146589
145599
144611
143627
142646
141667
140691
139718
138749
137784
136824
135867
134915
133966
133021
132078
131139
130204
129273
128345
127421
126501
125583
124667
123753
122840
121927
121016
120105
119196
118291
117390
116494
115604
114720
113841
112966
112096
111230
110367
109508
108652
107799
106949
106101
105256
104414
103574
102735
101899
101065
100234
99406.6
98582.7
97763.3
96948.6
96139.6
95336
94537.9
93745.7
92958.3
92175.8
91397.5
90623.1
89852.1
89084.8
88321.5
87562.2
86806.6
86054.1
85303.1
84552.6
83802.7
83053.6
82306.6
81562.5
80821.6
80083.9
79349.1
78616.5
77886.2
77158.1
76432.2
75708.5
74986.5
74266.1
73547.2
72830.1
72115.1
71402.6
70692.9
69986.4
69283.5
68584.3
67889.2
67198.3
66511.9
65829.8
65151.8
64477.6
63807.5
63141.2
62478.9
61820.7
61166.8
60517
59872.4
59231.8
58596.4
57966.3
57342.2
56724
56112.1
55506.9
54908.9
54318.8
53737
53164.3
52601
52047.9
51505.4
50973.8
50452.4
49940.7
49438
48943.2
48455.6
47976.2
47506.2
47047.3
46600.7
46166.8
45745.8
45337.3
44940.5
44554.6
44179.5
43815.9
43465.8
43128
42806.8
42498.1
42207
41928.2
41669.2
41428.5
41210.5
41021.9
40863.2
40748.8
40678.2
189363
189255
189043
188733
188336
187859
187312
186705
186044
185337
184590
183808
182994
182154
181290
180406
179501
178578
177637
176682
175716
174741
173759
172771
171778
170779
169774
168765
167752
166736
165718
164698
163679
162660
161643
160627
159614
158603
157594
156589
155586
154584
153583
152583
151584
150586
149589
148593
147600
146607
145617
144628
143642
142660
141680
140704
139731
138761
137796
136836
135879
134926
133977
133031
132088
131147
130211
129279
128351
127426
126505
125587
124670
123755
122841
121927
121014
120101
119191
118285
117385
116489
115600
114716
113838
112963
112093
111227
110363
109503
108647
107793
106942
106094
105248
104405
103564
102725
101888
101053
100222
99393.5
98569.1
97749.3
96934.3
96124.9
95321.1
94522.9
93730.4
92943.3
92160.9
91382.7
90608.3
89837.2
89069.6
88305.6
87545.3
86788.5
86034.7
85283
84532.4
83783.1
83035.1
82289.3
81546.2
80806.4
80069.4
79335.4
78603.7
77874.5
77147.4
76422.4
75699.6
74978.4
74258.7
73540.8
72824.7
72110.7
71399.2
70690.4
69984.7
69282.4
68583.6
67888.7
67198
66511.7
65829.6
65151.5
64476.9
63806.4
63139.5
62476.5
61817.2
61162.4
60511.3
59865.5
59224
58587.6
57956.7
57331.5
56712.2
56098.6
55491.8
54891.8
54299.7
53715.5
53140.3
52574.2
52018.1
51472.4
50937.6
50412.9
49898.2
49392.7
48895.3
48405.4
47923.6
47451.1
46989.8
46540.1
46102.8
45677.9
45264.5
44862.2
44469.8
44088.3
43716.2
43358.4
43010.1
42679.4
42358.6
42056.3
41765
41493.2
41240.2
41010.1
40810.5
40643
40519.6
40451.2
190002
189882
189647
189307
188874
188360
187776
187131
186435
185695
184916
184105
183265
182400
181515
180611
179689
178749
177793
176824
175846
174859
173867
172869
171865
170857
169845
168828
167808
166786
165763
164740
163717
162695
161675
160657
159641
158629
157619
156612
155607
154604
153602
152602
151602
150604
149607
148612
147618
146626
145635
144646
143659
142675
141695
140718
139745
138776
137810
136849
135892
134939
133989
133042
132098
131157
130219
129286
128357
127432
126510
125591
124673
123757
122842
121926
121011
120098
119187
118281
117381
116486
115597
114714
113835
112961
112090
111223
110359
109498
108641
107786
106935
106087
105240
104397
103555
102715
101877
101042
100209
99380.5
98555.6
97735.1
96919.7
96109.8
95305.6
94507.2
93714.5
92927.1
92144.6
91366
90591.2
89819.5
89051.4
88286.8
87525.6
86767.9
86013.2
85261
84510.4
83761.6
83014.3
82269.6
81527.5
80788.7
80052.7
79319.6
78589.1
77860.7
77134.6
76410.5
75688.4
74967.8
74249
73531.9
72816.8
72103.8
71393.3
70685.5
69980.6
69279.1
68580.9
67886.4
67196.1
66510.2
65828.1
65150.1
64475.4
63804.8
63137.4
62474.1
61813.9
61158.6
60506.4
59859.4
59216.9
58579.6
57947.7
57321.3
56700.7
56085.7
55477.3
54875.5
54281.3
53694.9
53117.2
52548.3
51989.1
51440.1
50901.3
50372.7
49853.8
49344.5
48843.7
48350.8
47866
47390.2
46925.1
46471.7
46029.5
45599.4
45179.6
44770.8
44370.5
43982.1
43600.1
43233.2
42873
42530.2
42194.7
41877.8
41571.6
41283.1
41014.6
40767.8
40555.2
40375.2
40247.2
40166.3
190728
190591
190327
189949
189473
188913
188284
187597
186860
186081
185268
184424
183555
182663
181753
180827
179885
178927
177955
176972
175980
174982
173978
172970
171957
170939
169918
168894
167867
166839
165811
164783
163756
162730
161707
160687
159670
158655
157644
156636
155630
154626
153623
152621
151621
150622
149625
148629
147636
146643
145653
144663
143676
142692
141712
140735
139762
138792
137826
136864
135906
134952
134002
133054
132109
131167
130228
129294
128364
127438
126515
125594
124676
123758
122841
121925
121009
120095
119184
118278
117378
116484
115595
114712
113833
112958
112087
111219
110355
109493
108635
107780
106928
106079
105232
104388
103546
102705
101867
101031
100198
99368.1
98542.7
97721.3
96905.3
96094.8
95290.1
94491.3
93698.2
92910.5
92127.4
91348.4
90573
89800.9
89032.2
88267.3
87505.5
86747.2
85991.7
85239.2
84488.6
83740.2
82993.6
82249.7
81508.4
80770.3
80035.3
79303.2
78573.4
77846.1
77120.9
76397.5
75676
74956.2
74238.1
73521.8
72807.3
72095.4
71385.6
70678.8
69974.7
69274.1
68576.7
67883
67193.2
66507.9
65825.9
65148.4
64473.7
63803.4
63135.6
62472.5
61811.9
61155.8
60502.9
59855
59211.6
58573.4
57940.4
57312.7
56690.9
56074.4
55464.4
54860.9
54264.7
53676.2
53096.1
52524.4
51962.1
51409.4
50866.5
50333.3
49809.7
49295.5
48790.3
48293.2
47804.5
47324.6
46854.8
46396.4
45948
45511.4
45083.4
44667.4
44257.2
43860.6
43467.3
43089.8
42715.8
42358.7
42006.6
41671.1
41346.5
41037.2
40748.9
40481.8
40250
40054.1
39911
39832
191552
191394
191091
190664
190134
189520
188838
188100
187316
186494
185641
184763
183861
182940
182003
181053
180089
179111
178122
177124
176118
175108
174092
173073
172050
171023
169993
168961
167928
166893
165860
164827
163796
162767
161741
160718
159699
158683
157670
156660
155653
154648
153644
152641
151639
150639
149641
148645
147651
146659
145669
144680
143694
142710
141729
140752
139779
138809
137843
136880
135921
134966
134014
133065
132119
131177
130238
129303
128372
127444
126519
125597
124677
123759
122841
121923
121007
120093
119182
118277
117377
116483
115595
114711
113831
112956
112084
111216
110351
109489
108630
107775
106921
106072
105224
104380
103537
102696
101857
101021
100187
99356.8
98530.7
97708.9
96892.1
96080.9
95275.7
94476.3
93682.6
92894.3
92110.6
91330.9
90555.1
89782.7
89013.8
88248.6
87486.6
86728
85972.1
85219.4
84468.8
83720.6
82974.6
82231.2
81490.5
80753.1
80018.8
79287.3
78558.4
77831.8
77107.2
76384.6
75663.7
74944.8
74227.4
73511.9
72798
72086.8
71377.6
70671.6
69968.4
69268.7
68572
67879.4
67190.1
66505.5
65824.1
65147
64472.7
63802.6
63135.1
62471.8
61811.2
61154.6
60501.6
59853
59209
58569.8
57935.8
57306.8
56683.7
56065.9
55454.3
54849.1
54250.9
53660.1
53077.5
52502.9
51937.4
51380.9
50833.7
50295.9
49767.1
49247.5
48736.7
48234.5
47740.6
47255.7
46779.8
46315.3
45859.3
45415.4
44977.6
44553.1
44131.1
43724.7
43318.3
42927.9
42537.7
42163.7
41792.5
41434.9
41088.5
40754.5
40440.9
40147.6
39890.9
39672.5
39517.6
39417.6
192491
192302
191947
191457
190859
190179
189433
188637
187800
186930
186034
185117
184180
183227
182262
181286
180299
179301
178294
177279
176260
175236
174209
173178
172145
171109
170071
169031
167990
166950
165911
164873
163838
162806
161776
160750
159729
158711
157696
156685
155677
154670
153665
152660
151657
150655
149656
148660
147665
146674
145684
144696
143710
142726
141745
140768
139795
138825
137858
136895
135935
134979
134026
133075
132128
131185
130245
129310
128378
127448
126522
125599
124677
123758
122839
121921
121005
120091
119181
118276
117377
116483
115595
114711
113831
112955
112083
111215
110349
109487
108627
107770
106916
106066
105217
104372
103529
102688
101848
101011
100178
99347.1
98520.7
97698.5
96881.3
96069.5
95263.6
94463.6
93669.1
92880
92095.6
91315.4
90539.2
89766.6
88997.6
88232.3
87470.1
86711.4
85955.3
85202.4
84451.8
83703.8
82958.2
82215.4
81475.2
80738.3
80004.4
79273.5
78545.1
77819
77095
76373.1
75652.8
74934.8
74217.9
73503.3
72790
72079.6
71370.9
70665.7
69962.9
69264.1
68568.2
67876.6
67188
66504.2
65823.3
65146.9
64473.2
63803.4
63136.3
62473.2
61812.9
61156.4
60503.2
59854.2
59209.6
58569.7
57934.8
57304.7
56680.2
56061
55447.7
54840.7
54240.3
53647.1
53061.7
52484.1
51915.2
51354.9
50803.4
50260.8
49726.8
49201.5
48684.6
48176.2
47675.7
47184.6
46701.2
46229.5
45764.1
45311.7
44862.7
44428.3
43993.6
43575
43153.5
42747.5
42339.5
41944.7
41552.4
41169.8
40797.1
40434.3
40089.5
39764.5
39474.4
39225.8
39040.3
38937.7
193566
193332
192905
192331
191647
190886
190066
189203
188307
187385
186443
185484
184510
183525
182529
181526
180514
179495
178470
177439
176404
175366
174327
173285
172242
171196
170150
169102
168055
167008
165963
164921
163882
162845
161812
160783
159759
158739
157723
156710
155699
154691
153683
152677
151672
150669
149669
148672
147677
146686
145696
144709
143723
142739
141758
140780
139807
138838
137872
136908
135947
134990
134035
133083
132135
131190
130250
129314
128380
127450
126523
125598
124676
123755
122836
121918
121001
120088
119179
118275
117376
116483
115594
114710
113830
112954
112082
111213
110347
109484
108624
107767
106912
106061
105212
104366
103522
102681
101841
101004
100170
99339.7
98513.1
97691
96873.5
96061.4
95255
94454.4
93659.2
92869.4
92084.2
91303.6
90526.8
89754.2
88984.9
88219.4
87457.1
86698.1
85941.8
85188.9
84438.3
83690.7
82945.3
82203
81463.1
80726.6
79992.9
79262.4
78534.4
77808.9
77085.3
76364.2
75644.4
74927.4
74211.1
73497.5
72784.7
72075.1
71366.8
70662.2
69959.9
69261.8
68566.6
67875.8
67188
66504.8
65824.8
65149
64476
63806.8
63140.3
62477.6
61817.9
61161.5
60508.6
59859.5
59214.6
58574
57938.2
57307
56681
56060.2
55445.1
54836.1
54233.4
53637.6
53049.4
52468.7
51896.1
51331.8
50775.9
50228.4
49689.1
49157.8
48634.2
48119.1
47610.8
47112.6
46619.9
46140.2
45663.9
45202
44740.3
44294.4
43845.2
43412
42974.7
42550.1
42122.7
41705.3
41289.3
40879.2
40475.9
40080.6
39698.3
39334
39000.8
38709.4
38491.7
38348.3
194813
194505
193970
193282
192491
191633
190729
189793
188833
187855
186864
185861
184849
183829
182803
181772
180736
179695
178650
177601
176551
175499
174447
173393
172339
171285
170230
169175
168121
167068
166018
164970
163926
162886
161849
160817
159790
158767
157748
156732
155720
154709
153700
152692
151685
150681
149679
148681
147687
146695
145706
144718
143732
142748
141767
140789
139816
138847
137880
136917
135955
134997
134041
133088
132138
131192
130250
129313
128379
127448
126520
125595
124671
123750
122830
121913
120997
120084
119176
118272
117374
116481
115593
114709
113829
112953
112080
111211
110346
109483
108622
107765
106910
106058
105208
104362
103518
102676
101836
100999
100165
99335
98508.6
97686.6
96869.2
96057
95250.2
94449.3
93653.6
92863.4
92077.6
91296.6
90519.3
89746.2
88976.4
88210.7
87447.9
86688.9
85932.4
85179.6
84428.9
83681.6
82936.2
82194.3
81454.6
80718.3
79984.8
79254.6
78526.8
77802.1
77078.8
76358.8
75639.5
74923.4
74207.7
73495.1
72782.9
72073.8
71366
70661.8
69960.2
69262.5
68568.2
67877.9
67190.9
66508.3
65829.1
65154
64482
63813.6
63148.1
62486
61827
61171.1
60518.4
59869.5
59224.3
58583.2
57946.6
57314.2
56686.8
56064.2
55447.1
54835.8
54230.8
53632.4
53041.1
52457.1
51880.5
51312
50751.2
50198.8
49653.4
49116.3
48585.3
48063.5
47546.1
47040.3
46536.9
46048.6
45559.3
45087
44611.3
44151.6
43687.4
43236.9
42782.1
42338.1
41890.4
41448.6
41007
40568
40131.3
39699
39273.5
38860.4
38471.1
38119.2
37838.6
37672
196293
195848
195148
194306
193384
192414
191416
190401
189373
188336
187294
186246
185194
184140
183083
182024
180962
179899
178833
177767
176700
175634
174568
173503
172439
171374
170311
169248
168188
167129
166073
165020
163971
162927
161886
160851
159820
158794
157772
156753
155738
154725
153713
152704
151696
150690
149687
148688
147693
146701
145711
144724
143738
142753
141772
140794
139820
138850
137883
136919
135958
134999
134042
133088
132137
131190
130247
129309
128374
127443
126514
125589
124665
123743
122824
121907
120991
120080
119172
118269
117371
116478
115590
114706
113827
112951
112079
111210
110344
109481
108621
107764
106909
106057
105207
104360
103516
102674
101834
100997
100164
99333.6
98507.5
97685.8
96868.4
96056.5
95249.6
94448.7
93652.6
92862.3
92076
91294.8
90516.9
89743.5
88973
88206.9
87443.6
86684.4
85927.5
85174.7
84423.6
83676.4
82931
82189.3
81449.7
80713.8
79980.3
79250.7
78522.9
77799.3
77076.2
76357.3
75638.5
74923.3
74208.3
73496.2
72784.7
72075.9
71368.9
70665.2
69964.3
69267.3
68573.6
67884
67197.8
66516
65837.6
65163.4
64492.4
63824.9
63160.4
62499.2
61840.9
61185.7
60533.5
59884.7
59239.3
58597.8
57960.2
57326.8
56697.8
56073.5
55454.3
54840.7
54233
53631.9
53037.1
52449.6
51868.8
51295.9
50729.8
50172.2
49620
49077.3
48538.1
48009.9
47482.2
46969
46453.1
45955.1
45452.8
44967.3
44477.6
44002.2
43521.5
43053.4
42580.2
42114.8
41645.5
41179.4
40710
40241.1
39768.6
39295.9
38821.8
38352.4
37894.4
37465.5
37100.2
36846.6
198118
197386
196433
195391
194313
193219
192120
191021
189922
188825
187730
186636
185544
184454
183365
182278
181191
180105
179020
177935
176852
175771
174692
173614
172539
171465
170393
169323
168255
167191
166129
165071
164017
162968
161923
160884
159849
158819
157794
156772
155754
154738
153724
152713
151704
150697
149693
148693
147696
146703
145713
144725
143738
142754
141772
140793
139819
138848
137881
136917
135955
134996
134039
133085
132133
131185
130241
129302
128367
127435
126506
125580
124657
123735
122816
121899
120985
120074
119166
118264
117367
116474
115586
114703
113824
112949
112077
111209
110343
109481
108622
107765
106911
106059
105209
104362
103517
102675
101836
100999
100165
99336
98510.2
97688.8
96871.7
96060
95253.3
94452.5
93656.3
92865.8
92079.2
91297.6
90519.3
89745.6
88974.7
88208.4
87444.4
86684.9
85927.3
85174
84422.6
83675.3
82929.9
82188.5
81449.1
80713.6
79980.1
79251.1
78523.5
77800.7
77078.3
76359.9
75641.9
74927.1
74212.8
73501
72790.3
72082.1
71376
70673
69973
69276.6
68583.7
67894.9
67209.6
66528.6
65851.3
65178
64508.1
63841.7
63178.4
62518.1
61860.6
61206
60554.3
59905.6
59260.1
58617.9
57979.5
57345
56714.4
56088.4
55467.1
54851
54240.6
53636.4
53037.8
52446.6
51860.9
51283.6
50711.5
50148.7
49589.1
49040.5
48492.2
47957.7
47419.4
46897.6
46370.7
45860.3
45345.2
44845.8
44340.5
43849.5
43351.6
42864.6
42372
41885
41392.9
40901.6
40404.1
39903.7
39394.8
38879.6
38354.9
37823.3
37287.4
36760.5
36268.4
35908.6
200408
199114
197791
196510
195259
194035
192832
191646
190476
189317
188169
187029
185897
184771
183650
182534
181422
180314
179208
178105
177005
175909
174816
173727
172640
171556
170475
169398
168323
167252
166184
165121
164062
163008
161960
160916
159878
158844
157815
156790
155768
154749
153733
152720
151709
150701
149696
148695
147697
146702
145711
144722
143735
142750
141768
140789
139814
138843
137875
136911
135949
134990
134033
133078
132126
131178
130234
129294
128358
127426
126497
125571
124647
123726
122807
121891
120977
120067
119160
118258
117361
116470
115583
114700
113822
112948
112076
111209
110344
109482
108624
107768
106914
106063
105213
104366
103522
102680
101841
101004
100171
99342.3
98516.8
97695.9
96879.1
96067.8
95261.3
94460.5
93664.2
92873.4
92086.5
91304.7
90526.1
89752.2
88981.2
88214.5
87450.1
86689.8
85931.7
85177.6
84426
83678.4
82933.3
82192.2
81453.1
80718.1
79984.9
79256.4
78529.4
77806.8
77085.2
76367
75649.8
74935.1
74221.6
73510
72800.2
72092.6
71387.4
70685.2
69986.3
69290.9
68599.1
67911.2
67227.2
66547.1
65870.9
65198.7
64530
63864.7
63202.4
62543.2
61886.6
61232.6
60581.2
59932.4
59286.5
58643.8
58004.4
57368.8
56736.5
56108.8
55485
54866.8
54253
53645.8
53042.9
52447.9
51857
51274.9
50696.5
50128.1
49560.7
49005.7
48448.4
47905.5
47358.3
46826
46288.1
45765.7
45237.1
44723.4
44202.8
43694.8
43180.2
42673.8
42161.5
41652.7
41137.1
40620.7
40094.4
39563.7
39017.4
38462.3
37885.5
37293.3
36672.1
36034.8
35383
34804.1
32200.3
26923.9
24069.1
21265
18821.6
16484.1
14326
12318.1
10460.9
8755.35
7193.28
5770.26
4498.51
3361.58
2393.76
1593.65
970.757
529.394
216.645
24.7284
31389.4
26913
24065.3
21269.9
18831.3
16495.9
14337.8
12329.9
10472.2
8765.89
7203.32
5778.86
4506.17
3367.56
2398.09
1596.64
972.707
532.025
219.242
25.3298
30801
26887.9
24064.2
21276
18850.6
16512.3
14359
12347.8
10491.6
8782.37
7219.59
5792
4517.8
3376.38
2404.48
1600.96
975.188
535.6
223.101
26.3006
30319.4
26839.5
24047.7
21281.6
18869.9
16529.1
14382.4
12367
10512.8
8799.43
7236.23
5805.18
4528.99
3384.91
2410.4
1604.91
976.693
537.416
225.661
27.3198
29935.6
26759.3
24011.6
21282.7
18882.4
16541.8
14401.4
12382.3
10529.8
8812.3
7248.66
5814.54
4536.47
3391.03
2414.21
1606.96
976.042
534.962
224.558
27.7167
29637
26650.6
23952.8
21272.8
18881.9
16547
14410.3
12389.7
10537.7
8817.12
7252.93
5817.13
4537.58
3392.99
2414.85
1606.34
972.906
527.521
218.549
27.074
29402.5
26524.5
23871.8
21246
18864
16540.8
14405.5
12385.7
10533.3
8811.55
7247.06
5811.74
4531.65
3390.24
2412.28
1603.42
967.992
516.575
208.532
25.4683
29214.3
26394.5
23773.4
21199.9
18826.2
16519.8
14385.3
12368.7
10516
8795.08
7230.87
5798.62
4519.51
3383.45
2407.67
1599.86
963.195
505.436
197.273
23.4677
29061.9
26273
23666.7
21136.4
18770.3
16482.8
14350.4
12339.2
10486.7
8768.6
7205.68
5778.93
4503.01
3374.35
2403.07
1598.12
961.224
497.957
188.326
21.8425
28939.8
26168.8
23562.7
21061.1
18701.7
16432.2
14303.6
12299
10447.7
8734.18
7174.04
5754.74
4484.65
3365.26
2400.86
1600.87
964.759
497.228
184.67
21.1785
28845.1
26086.7
23471.2
20982.7
18628
16372.9
14249.2
12251.7
10403
8695.38
7139.64
5729.09
4467.33
3358.7
2403.1
1609.78
975.129
504.185
187.205
21.5993
28775.3
26027.8
23398.8
20910.5
18557.2
16312.1
14193.3
12202.6
10357.9
8656.68
7106.6
5705.35
4453.71
3356.52
2410.59
1624.55
991.465
517.373
194.654
22.7972
28727.2
25989
23347.5
20851.3
18495.9
16256.6
14142
12157.3
10317.1
8622.23
7078.57
5686.57
4445.42
3359.13
2422.24
1642.85
1011.04
533.803
204.604
24.2605
28696.2
25965.5
23314.9
20807.9
18447.5
16210.6
14099.2
12119.3
10283.6
8594.89
7057.76
5674.15
4442.31
3365.08
2435.52
1661.4
1030.54
550.209
214.427
25.4708
28677.2
25951.9
23296.2
20778.8
18412.5
16175.6
14066.3
12090.4
10259.1
8575.79
7044.39
5667.48
4442.68
3371.94
2447.56
1677.15
1046.96
563.865
221.991
26.0802
28665.5
25944
23286.1
20760.7
18389
16151.1
14043.2
12070.4
10242.8
8563.86
7036.66
5664.28
4443.98
3377.23
2456.04
1687.89
1058.15
572.9
226.06
26.0058
28657.1
25938.4
23280
20749.5
18373.7
16134.9
14028.1
12057.7
10232.8
8556.76
7032.03
5662.07
4444.17
3379.46
2459.91
1692.71
1063.15
576.47
226.484
25.3911
28650.3
25932.6
23274.7
20741.7
18363.5
16124.5
14018.9
12050.3
10227
8552.42
7028.77
5659.7
4442.75
3378.7
2459.65
1692.43
1062.85
575.44
224.255
24.5449
28644.3
25925.6
23268.8
20735.5
18356.6
16118.1
14013.9
12046.6
10224.1
8549.9
7026.54
5657.54
4440.65
3376.31
2457.06
1689.42
1059.81
572.277
221.268
23.8107
28640.7
25919.2
23264.2
20732
18353.6
16115.8
14012.3
12045.4
10223.2
8548.96
7025.65
5656.47
4439.32
3374.54
2454.96
1686.89
1057.04
569.604
219.144
23.372
)
;

boundaryField
{
    inlet
    {
        type            calculated;
        value           nonuniform List<scalar> 
20
(
394443
394457
394466
394473
394478
394483
394486
394489
394490
394491
394491
394490
394489
394486
394483
394478
394473
394466
394457
394443
)
;
    }
    outlet
    {
        type            calculated;
        value           uniform 0;
    }
    walls
    {
        type            calculated;
        value           nonuniform List<scalar> 
520
(
394443
384496
373823
363241
352804
342518
332385
322404
312575
302900
293378
284012
274803
265757
256882
248193
239715
231490
223582
216074
211507
209454
207451
205497
203594
201743
199942
198190
196485
194826
193210
191636
190101
188604
187141
185710
184309
182937
181591
180269
178970
177693
176434
175194
173970
172763
171570
170390
169223
168069
166925
165792
164668
163554
162449
161352
160263
159181
158107
157039
155978
154923
153874
152830
151793
150760
149733
148711
147694
146682
145675
144672
143675
142681
141693
140708
139728
138751
137779
136810
135845
134883
133925
132970
132018
131070
130125
129184
128247
127313
126383
125457
124535
123617
122703
121793
120887
119985
119086
118191
117301
116416
115534
114658
113786
112917
112051
111190
110331
109477
108623
107775
106924
106079
105232
104392
103549
102714
101878
101050
100220
99399.9
98576.4
97761.4
96943.8
96134
95321.9
94518.4
93713.6
92917.1
92119.5
91330
90540.2
89758.7
88977.4
88204.1
87431.3
86666.2
85900.7
85143.1
84384.2
83633.2
82878.7
82134.3
81387.5
80652.1
79915.4
79188.9
78460.5
77740.7
77018.5
76304.5
75588.8
74881.6
74173.4
73474.1
72774.5
72082.1
71388.8
70702.3
70015.1
69333.2
68648.9
67972.7
67292.3
66625.8
65947.6
65295.1
64616.3
63966.6
63290.9
62641.2
61971.9
61326.7
60663
60018.4
59357.6
58711.6
58049.2
57398.6
56740.9
56083.1
55429.8
54768.5
54123.2
53464.1
52823.5
52171.9
51530
50885.8
50241.6
49598.9
48960
48311.6
47678.3
47035.8
46397.4
45766.7
45126.2
44488.7
43843.8
43190.8
42532.5
41872.8
41203.3
40540.5
39853.8
39199.9
38496.6
37836.1
37112.6
36429.2
35686.1
34977
34218
33468.6
32698.9
31927.6
31142.1
30350.7
28640.7
25919.2
23264.2
20732
18353.6
16115.8
14012.3
12045.4
10223.2
8548.96
7025.65
5656.47
4439.32
3374.54
2454.96
1686.89
1057.04
569.604
219.144
23.372
394443
384496
373823
363241
352804
342517
332384
322401
312570
302891
293361
283981
274746
265653
256691
247847
239081
230332
221436
211901
186461
186510
186609
186758
186958
187212
187520
187885
188311
188802
189363
190002
190728
191552
192491
193566
194813
196293
198118
200408
186461
186391
186251
186044
185771
185434
185036
184581
184073
183514
182909
182261
181573
180848
180091
179304
178490
177651
176791
175912
175014
174101
173175
172237
171288
170331
169366
168394
167415
166429
165439
164445
163448
162448
161448
160446
159444
158443
157442
156443
155443
154444
153444
152445
151447
150452
149459
148469
147481
146495
145511
144530
143550
142572
141595
140621
139648
138680
137716
136758
135803
134851
133903
132960
132023
131090
130162
129235
128311
127389
126471
125556
124643
123733
122824
121915
121006
120100
119196
118296
117399
116506
115618
114733
113854
112978
112106
111237
110370
109506
108645
107789
106937
106087
105241
104398
103560
102725
101894
101066
100241
99420.1
98601.6
97786.1
96974
96165.8
95362.2
94563.3
93768.8
92977.8
92189.8
91405.3
90625.2
89849.4
89077.5
88308.9
87543.3
86780.6
86021.6
85266.5
84514.6
83765.5
83019
82274.8
81532.9
80792.7
80054.3
79317.7
78582.9
77850.6
77120.9
76393
75666.1
74940.8
74217.3
73496
72777
72060.2
71345.9
70634.6
69926.9
69223
68523
67827
67135.7
66449.6
65769.4
65095.1
64426.5
63763.1
63104.2
62449.6
61799.5
61154.1
60513.6
59878.1
59247.8
58622.6
58002.7
57388.1
56779.3
56176.6
55580.5
54991.5
54410.1
53836.4
53270.5
52712.6
52163.3
51623.3
51093
50573
50063.3
49564
49074.4
48594.5
48125.1
47667.3
47219.9
46782.9
46357.5
45944.1
45545.9
45163.2
44793.9
44438.8
44099.7
43777.9
43473.4
43184.9
42911.9
42655.6
42417.7
42200.5
42008.8
41849.4
41726.4
41648.3
41604.9
41579.9
41579.9
41567.8
41534
41474.9
41391.1
41285
41164.8
41027.2
40870.1
40678.2
40451.2
40166.3
39832
39417.6
38937.7
38348.3
37672
36846.6
35908.6
34804.1
32200.3
26923.9
24069.1
21265
18821.6
16484.1
14326
12318.1
10460.9
8755.35
7193.28
5770.26
4498.51
3361.58
2393.76
1593.65
970.757
529.394
216.645
24.7284
)
;
    }
    frontAndBack
    {
        type            empty;
    }
}


// ************************************************************************* //
