/*--------------------------------*- C++ -*----------------------------------*\
| =========                 |                                                 |
| \\      /  F ield         | OpenFOAM: The Open Source CFD Toolbox           |
|  \\    /   O peration     | Version:  2.4.0                                 |
|   \\  /    A nd           | Web:      www.OpenFOAM.org                      |
|    \\/     M anipulation  |                                                 |
\*---------------------------------------------------------------------------*/
FoamFile
{
    version     2.0;
    format      ascii;
    class       volScalarField;
    location    "0.97";
    object      k_0;
}
// * * * * * * * * * * * * * * * * * * * * * * * * * * * * * * * * * * * * * //

dimensions      [0 2 -2 0 0 0 0];

internalField   nonuniform List<scalar> 
8800
(
8.14505
10.2508
8.80103
6.79784
5.74249
4.91826
4.60322
4.07347
3.96177
3.62517
3.58067
3.33586
3.34556
3.11308
3.16971
2.93186
2.99505
2.7386
2.87247
2.51357
1.42606
4.33908
5.32607
5.27541
5.14047
4.76011
4.63219
4.24562
4.14846
3.86924
3.78854
3.56684
3.54763
3.3414
3.37054
3.18992
3.20924
3.05556
3.07151
2.97638
0.0858833
0.723566
1.58319
1.89813
2.31687
2.40477
2.59736
2.5973
2.63625
2.5874
2.58946
2.52838
2.53241
2.45624
2.47318
2.40667
2.41501
2.37145
2.35799
2.31172
0.0034324
0.0696282
0.274821
0.381326
0.598948
0.703783
0.822129
0.948339
1.03414
1.08627
1.17736
1.19781
1.26322
1.28931
1.3209
1.376
1.39586
1.4304
1.45101
1.46934
0.000123397
0.00494125
0.028714
0.0458025
0.0825744
0.132212
0.156437
0.215758
0.244913
0.285094
0.334183
0.351633
0.376498
0.438667
0.448524
0.498536
0.523501
0.576408
0.590234
0.663758
2.50696e-05
0.000316304
0.0021784
0.00356657
0.0067227
0.0147471
0.0183838
0.0296271
0.036552
0.0435684
0.0614125
0.0659662
0.070686
0.0904135
0.0954101
0.110014
0.124414
0.141057
0.145709
0.183618
2.10595e-05
4.80049e-05
0.00020671
0.00027152
0.000401569
0.00105815
0.00142643
0.00289253
0.00358324
0.0041356
0.00680058
0.0073557
0.0078456
0.0112001
0.0117886
0.0132563
0.0186276
0.0193944
0.0201378
0.0269543
2.2056e-05
3.45101e-05
8.57036e-05
9.09462e-05
8.66346e-05
0.000107289
0.000165853
0.00048412
0.000591044
0.000624668
0.000837151
0.000846324
0.000835177
0.00119709
0.00138582
0.00188584
0.00293642
0.00309823
0.0033065
0.00476594
2.12971e-05
2.71379e-05
4.49703e-05
8.76925e-05
8.61029e-05
8.13741e-05
8.09403e-05
9.84678e-05
0.000202634
0.000228879
0.000292275
0.000297303
0.000289413
0.000301832
0.000315181
0.000365131
0.000626953
0.00077681
0.000868072
0.00115689
2.06979e-05
2.76913e-05
4.26318e-05
7.28126e-05
7.54196e-05
7.65702e-05
8.13038e-05
0.000107332
0.000150199
0.000159446
0.000174094
0.000185529
0.000189824
0.000210795
0.000245911
0.000327487
0.000399595
0.000408883
0.000422589
0.000492605
2.12049e-05
2.87982e-05
3.91231e-05
7.72907e-05
9.55827e-05
9.35398e-05
7.79253e-05
7.12982e-05
7.07315e-05
7.48514e-05
0.000101709
0.000121274
0.000140989
0.000141668
0.000140024
0.000139056
0.000141286
0.000143354
0.000148453
0.000171524
2.11684e-05
2.71102e-05
5.46906e-05
9.66541e-05
9.81796e-05
8.95619e-05
8.73508e-05
8.70388e-05
9.79081e-05
0.00011119
0.000135144
0.000145669
0.000145324
0.0001516
0.000171981
0.000169749
0.000199497
0.000247572
0.00028189
0.000285371
2.12337e-05
2.74808e-05
5.10979e-05
0.000121331
0.000124876
0.00013156
0.000158567
0.000161797
0.000182865
0.000264638
0.000300318
0.000450666
0.000544003
0.000868231
0.00118276
0.00127526
0.00167761
0.00216957
0.002323
0.00262854
2.17895e-05
4.07306e-05
0.000168472
0.000682414
0.000748402
0.000922631
0.00152172
0.00172473
0.00224088
0.00394088
0.00461921
0.0064585
0.00781559
0.0114064
0.0134516
0.0148713
0.0187049
0.0227505
0.0243878
0.0297495
2.52107e-05
0.000289373
0.00182735
0.00710012
0.0085284
0.0118338
0.020545
0.0236484
0.0301239
0.0462421
0.0514821
0.0640714
0.0726359
0.0926254
0.100393
0.114705
0.129255
0.149235
0.157932
0.190067
0.000126052
0.00476324
0.0240019
0.0692675
0.0843503
0.118479
0.174665
0.193452
0.230737
0.294273
0.314277
0.357888
0.391671
0.447009
0.464723
0.510375
0.539741
0.591282
0.614937
0.690841
0.00336687
0.0677044
0.259109
0.460212
0.542606
0.704291
0.858874
0.905402
1.00543
1.11008
1.14728
1.21416
1.28004
1.32237
1.33759
1.38726
1.41109
1.45054
1.47411
1.52782
0.0839644
0.712958
1.57915
1.96179
2.24855
2.44145
2.58859
2.58337
2.61638
2.60307
2.58872
2.54536
2.53532
2.48127
2.46203
2.42244
2.40791
2.37723
2.36912
2.33546
1.39357
4.35042
5.33135
5.28563
5.13459
4.79231
4.57646
4.28808
4.12314
3.87065
3.78695
3.58405
3.52036
3.36448
3.32576
3.19493
3.15802
3.04192
3.00214
2.89039
8.09614
10.2692
8.81123
6.79141
5.73846
4.94844
4.52373
4.14308
3.92604
3.64823
3.55964
3.35321
3.29628
3.12467
3.09341
2.92891
2.88264
2.70197
2.63898
2.42307
1.64978
1.21844
1.03428
0.905099
0.849239
0.775753
0.745077
0.689283
0.666993
0.626698
0.612268
0.586953
0.578678
0.562979
0.558758
0.550534
0.549259
0.545521
0.544658
0.543698
0.54259
0.541535
0.535663
0.530586
0.514197
0.502541
0.473846
0.459372
0.427781
0.417138
0.393839
0.387996
0.372797
0.369263
0.356927
0.35274
0.340195
0.33668
0.325435
0.322848
0.314617
0.313935
0.309104
0.304325
0.289512
0.27626
0.246264
0.227332
0.207161
0.196427
0.188801
0.188186
0.190261
0.20402
0.217649
0.248463
0.265605
0.302187
0.319256
0.354659
0.36669
0.384401
0.390888
0.396076
0.396035
0.396851
0.395559
0.396572
0.393938
0.394826
0.391384
0.394164
0.389217
0.386977
0.361614
0.343084
0.295702
0.278719
0.245842
0.23842
0.219857
0.21429
0.202143
0.20661
0.196384
0.196301
0.190454
0.192014
0.184249
0.178638
0.164057
0.155657
0.136511
0.124974
0.110439
0.102163
0.0931902
0.0893939
0.0858946
0.085504
0.0855065
0.086252
0.086735
0.087895
0.0882373
0.0884358
0.0889242
0.090332
0.0929081
0.0963284
0.0985602
0.102607
0.111736
0.136759
0.158282
0.178688
0.188865
0.20072
0.20547
0.215455
0.215615
0.216329
0.202781
0.193827
0.190069
0.193609
0.209764
0.26434
0.294678
0.308005
0.307324
0.304072
0.29136
0.274208
0.255281
0.231735
0.226492
0.214905
0.217638
0.215527
0.221746
0.220673
0.224192
0.220229
0.21753
0.20508
0.193891
0.170456
0.14921
0.121754
0.0898768
0.0542588
0.0327818
0.0195486
0.0119676
0.00835415
0.00579979
0.00492374
0.0042997
0.00405157
0.00402743
0.00397161
0.00416172
0.00470558
0.0063693
0.0104255
0.021168
0.0387613
0.0738171
0.112784
0.143063
0.16788
0.174527
0.174281
0.171329
0.167136
0.15875
0.151774
0.140037
0.130152
0.116296
0.101733
0.0826
0.0594596
0.0419588
0.0333073
0.0309163
0.0312908
0.0334297
0.0390814
0.0522238
0.0823555
0.117704
0.183848
0.20581
0.228649
0.252384
0.239373
0.332447
0.802477
2.49098
2.02829
1.691
1.45898
1.29025
1.1732
1.07889
1.01582
0.953888
0.916799
0.865428
0.841239
0.795913
0.779414
0.744762
0.732219
0.703622
0.694366
0.6728
0.667479
0.652722
0.650882
0.641843
0.640936
0.631786
0.628853
0.615828
0.610428
0.593795
0.587549
0.57072
0.565336
0.551372
0.546392
0.533494
0.52863
0.51564
0.510922
0.498857
0.494336
0.482559
0.479892
0.473231
0.472745
0.468999
0.466168
0.45571
0.444813
0.419966
0.395947
0.368736
0.346579
0.328426
0.32135
0.318957
0.320567
0.324705
0.338353
0.346644
0.364857
0.371204
0.384819
0.387229
0.39233
0.390438
0.39034
0.384224
0.383049
0.378722
0.382477
0.383368
0.39503
0.399127
0.418163
0.416682
0.425117
0.412193
0.407258
0.378941
0.369567
0.344929
0.343033
0.331176
0.336387
0.331082
0.332874
0.331641
0.334366
0.333894
0.334047
0.328926
0.31737
0.294972
0.26313
0.237916
0.211849
0.194492
0.176386
0.164293
0.148843
0.139637
0.12901
0.123588
0.115903
0.110505
0.107081
0.106815
0.106638
0.108487
0.111381
0.11571
0.12041
0.135231
0.15308
0.173828
0.183491
0.194448
0.199101
0.200331
0.199111
0.192542
0.180349
0.161435
0.144408
0.135503
0.134025
0.135605
0.141146
0.153214
0.187754
0.231714
0.256334
0.267502
0.264931
0.26448
0.257794
0.256641
0.248725
0.246424
0.24052
0.236885
0.228866
0.221738
0.208113
0.190785
0.170769
0.143735
0.121384
0.0927509
0.0597791
0.0373418
0.0219012
0.0139867
0.00881316
0.00631117
0.00509093
0.00414311
0.004075
0.00388998
0.00397991
0.00398923
0.0042614
0.00511527
0.00733231
0.0129449
0.0267618
0.0546637
0.111611
0.173832
0.201936
0.213054
0.209718
0.203296
0.193309
0.187089
0.176856
0.171901
0.161706
0.157254
0.147704
0.142204
0.131673
0.116002
0.101664
0.0782642
0.053889
0.0411667
0.0343894
0.0337798
0.0346054
0.0372572
0.0477884
0.0653647
0.0979739
0.164782
0.1882
0.249158
0.247126
0.307274
0.513487
2.06634
1.82573
1.60216
1.43772
1.29088
1.19044
1.09374
1.02914
0.959187
0.922203
0.868424
0.846624
0.801124
0.782721
0.745319
0.729905
0.697662
0.683806
0.656275
0.64456
0.623429
0.615474
0.601246
0.596943
0.588037
0.585205
0.578086
0.574553
0.565463
0.560355
0.548553
0.542362
0.529263
0.522369
0.50961
0.50266
0.491935
0.485589
0.477158
0.473694
0.467998
0.468186
0.468347
0.472647
0.474622
0.481138
0.482522
0.485779
0.484262
0.483277
0.476095
0.470696
0.455631
0.448497
0.432338
0.426462
0.414042
0.410779
0.402279
0.400541
0.393647
0.390935
0.379744
0.373832
0.356324
0.347669
0.3256
0.31762
0.297066
0.294525
0.291654
0.29733
0.303392
0.327221
0.340982
0.37726
0.386557
0.403982
0.400188
0.401638
0.395422
0.39278
0.384941
0.382571
0.377453
0.376499
0.371953
0.37135
0.372324
0.373091
0.37578
0.375255
0.37359
0.368225
0.361963
0.346482
0.334463
0.314224
0.298667
0.280181
0.267048
0.249852
0.236966
0.221668
0.207938
0.197299
0.191584
0.187757
0.187472
0.187254
0.188239
0.19048
0.201206
0.204446
0.205789
0.204519
0.20287
0.19772
0.189707
0.17049
0.145795
0.116674
0.10083
0.0819097
0.0721759
0.0679574
0.068728
0.0714349
0.0801138
0.0892744
0.106645
0.129195
0.158139
0.186636
0.206184
0.217411
0.220694
0.221042
0.217836
0.214852
0.204876
0.195804
0.174953
0.160571
0.135505
0.110698
0.0851606
0.0571719
0.0366471
0.0222561
0.0143194
0.00877884
0.00647317
0.00459217
0.0040823
0.00354053
0.00348868
0.00353458
0.00364664
0.00396102
0.00472373
0.00656759
0.00947798
0.016333
0.0327585
0.0763859
0.147573
0.224972
0.241824
0.24092
0.233919
0.216556
0.206906
0.191403
0.183024
0.171793
0.167232
0.159201
0.154845
0.150636
0.14535
0.144056
0.137761
0.133413
0.121361
0.10389
0.0720777
0.0505079
0.0393367
0.0366058
0.0364745
0.037942
0.044218
0.056054
0.101493
0.129667
0.210526
0.234381
0.249499
0.337551
1.36641
1.25363
1.13122
1.04367
0.953024
0.887073
0.822193
0.777166
0.731085
0.704673
0.671395
0.656454
0.626749
0.613748
0.586244
0.572399
0.545904
0.530475
0.507119
0.492015
0.471667
0.459525
0.442812
0.436094
0.42493
0.422241
0.416075
0.41495
0.411059
0.409855
0.404743
0.402081
0.3935
0.389133
0.37759
0.372324
0.359886
0.354881
0.34335
0.339898
0.330895
0.329925
0.327393
0.330566
0.331603
0.33912
0.34435
0.358864
0.366752
0.385069
0.391563
0.405772
0.406776
0.408718
0.405475
0.403764
0.395648
0.39115
0.378911
0.372092
0.35424
0.343537
0.319264
0.30649
0.279527
0.26508
0.237526
0.22652
0.2078
0.195282
0.18381
0.182891
0.184004
0.191983
0.201935
0.226487
0.246127
0.289915
0.315437
0.341531
0.353314
0.361946
0.363484
0.363144
0.362108
0.359901
0.355657
0.353478
0.348183
0.344626
0.34122
0.331994
0.328201
0.320473
0.317196
0.310881
0.307314
0.305013
0.302307
0.29814
0.296299
0.292832
0.287636
0.284255
0.274107
0.269176
0.258306
0.252376
0.245419
0.240444
0.236709
0.230739
0.226859
0.22157
0.212114
0.201778
0.186587
0.16784
0.139161
0.108893
0.0839902
0.0619364
0.0463573
0.0359979
0.0288943
0.0246546
0.0235854
0.0238412
0.024984
0.0292994
0.0340603
0.0466667
0.0553542
0.0711472
0.0860846
0.10031
0.114067
0.1218
0.121916
0.119737
0.114906
0.10245
0.0899621
0.0718176
0.0542557
0.0390492
0.0267404
0.0179386
0.0117096
0.007694
0.00549074
0.00402697
0.00346394
0.00306193
0.00305953
0.00314133
0.00349801
0.00396899
0.00481959
0.0058664
0.00846827
0.0113362
0.0180976
0.0346522
0.0837079
0.195491
0.253564
0.276925
0.26446
0.253532
0.223943
0.203911
0.179112
0.166892
0.151304
0.14579
0.138695
0.134023
0.131706
0.13257
0.132859
0.135844
0.136328
0.136052
0.135666
0.12857
0.118816
0.0948839
0.0623895
0.0455536
0.0407073
0.0386899
0.0413877
0.046274
0.0612551
0.0931546
0.120291
0.18999
0.205881
0.249716
0.635499
0.607634
0.552486
0.528622
0.479412
0.452653
0.412445
0.388315
0.36303
0.348783
0.338196
0.334949
0.33102
0.329802
0.325558
0.32245
0.312946
0.307061
0.29226
0.284479
0.267242
0.259788
0.243526
0.23742
0.224643
0.220834
0.212745
0.210583
0.206292
0.205764
0.20423
0.204041
0.202165
0.201951
0.199792
0.198839
0.194941
0.192779
0.186866
0.184384
0.178145
0.176449
0.171872
0.172244
0.172427
0.175342
0.178227
0.185864
0.190999
0.202346
0.209235
0.2233
0.230246
0.242428
0.248685
0.251879
0.250907
0.248128
0.239353
0.23076
0.215135
0.200318
0.181093
0.163862
0.145538
0.129836
0.11363
0.100116
0.0900042
0.0814053
0.0745514
0.0722664
0.0726681
0.0748542
0.079058
0.0904687
0.102296
0.122627
0.141879
0.169373
0.199952
0.222587
0.243817
0.258727
0.267601
0.269527
0.268187
0.264813
0.257631
0.247496
0.239706
0.228261
0.219015
0.209136
0.200941
0.194894
0.189167
0.185308
0.183654
0.182602
0.182761
0.185015
0.187117
0.191745
0.193222
0.194284
0.194426
0.194348
0.193735
0.192476
0.188662
0.182935
0.174905
0.161923
0.144053
0.125976
0.101865
0.0766049
0.0555272
0.0403336
0.0294858
0.0218696
0.0166945
0.0133991
0.0110732
0.00952496
0.00853589
0.0083573
0.00848099
0.00892226
0.0103011
0.0127777
0.0158688
0.0211244
0.0264701
0.030771
0.0368083
0.0402921
0.0404758
0.0397116
0.0374504
0.0332981
0.0276536
0.0221631
0.0165166
0.0123228
0.00840372
0.00625493
0.00421907
0.00346248
0.00281676
0.0026167
0.00258249
0.00268155
0.00280099
0.00303454
0.00372695
0.00467319
0.00594045
0.0098054
0.0147933
0.0220031
0.0397558
0.0849834
0.231394
0.276722
0.30387
0.285522
0.264098
0.211173
0.176606
0.153043
0.136558
0.133812
0.128395
0.128901
0.12746
0.128564
0.126482
0.125141
0.124897
0.125478
0.131802
0.132716
0.142411
0.140557
0.13727
0.130378
0.113652
0.074374
0.056216
0.0453216
0.0453035
0.0471155
0.0512543
0.0672929
0.0779227
0.124255
0.140492
0.17094
0.182004
0.180154
0.173174
0.168834
0.156719
0.149042
0.133695
0.12429
0.114551
0.106601
0.103947
0.103103
0.10374
0.10616
0.10912
0.111539
0.111875
0.112192
0.111124
0.10939
0.104009
0.0999752
0.0922972
0.088258
0.0829248
0.0796221
0.0758683
0.0728391
0.0706587
0.0691922
0.0678931
0.0676618
0.0672411
0.0676403
0.0675961
0.0678088
0.067824
0.0676672
0.0677195
0.0672936
0.0668857
0.0663197
0.0645754
0.0638509
0.0638253
0.0642668
0.0652982
0.067593
0.0705003
0.0742396
0.0790842
0.0841426
0.087866
0.0932727
0.0970071
0.0985782
0.0983184
0.0971483
0.0940188
0.0888297
0.0819352
0.0735177
0.0657463
0.0571149
0.0501195
0.0435651
0.0382551
0.0334619
0.0302229
0.0280117
0.0258488
0.0245075
0.0244435
0.0247552
0.0257156
0.0283213
0.031572
0.0387748
0.0461851
0.0554541
0.0683145
0.0809941
0.0928989
0.103181
0.110899
0.117908
0.11913
0.118655
0.116999
0.112203
0.107413
0.102527
0.0948067
0.0896729
0.0830214
0.0784679
0.075296
0.0722676
0.0704926
0.0695179
0.068291
0.0679982
0.0676543
0.0674172
0.0671146
0.0664398
0.0663528
0.066125
0.065473
0.064454
0.0624151
0.0592635
0.0551571
0.0491622
0.0424707
0.0353313
0.0283631
0.0221579
0.0171166
0.0131221
0.0101798
0.00799893
0.00653626
0.00550629
0.00483528
0.00433146
0.00392963
0.00370386
0.00368885
0.00372317
0.00393941
0.00441202
0.00501568
0.00673789
0.00778117
0.00937111
0.0112154
0.0122412
0.012295
0.012096
0.0115658
0.0101495
0.00868584
0.00674369
0.00543428
0.00398341
0.00317639
0.00257333
0.0022173
0.00217217
0.00220306
0.00228263
0.0024944
0.00305369
0.00371128
0.00500163
0.0077058
0.00968937
0.0134358
0.0235724
0.0298969
0.0444283
0.0822784
0.23656
0.308486
0.323519
0.313407
0.262923
0.233784
0.172506
0.155058
0.129301
0.122491
0.120938
0.120609
0.122224
0.121045
0.123679
0.125405
0.121951
0.123092
0.120466
0.124239
0.125551
0.129703
0.145477
0.142713
0.148265
0.141963
0.126167
0.100901
0.0650861
0.0545869
0.049555
0.0496943
0.0540907
0.0596537
0.0838801
0.0972836
0.117982
0.030377
0.0313321
0.0311609
0.0309714
0.0295985
0.0284374
0.0259327
0.0243078
0.0223855
0.020458
0.0197486
0.0193712
0.019561
0.0199773
0.020881
0.0229533
0.0248211
0.0263152
0.0267083
0.0268651
0.0265949
0.0254363
0.0233342
0.0213614
0.0200616
0.0186197
0.0180534
0.0170612
0.0167403
0.0162454
0.0159718
0.0158884
0.0156833
0.0158135
0.016003
0.0167155
0.0173724
0.0177994
0.0183713
0.0184813
0.0187204
0.0187903
0.0187669
0.0182598
0.0178984
0.0178934
0.0180455
0.0183638
0.0192891
0.0200813
0.0219245
0.0235962
0.0249164
0.026952
0.0285646
0.029544
0.0295239
0.0292255
0.0283773
0.0266504
0.0243819
0.0217862
0.0193952
0.0167854
0.0147863
0.012883
0.0114536
0.010188
0.00922812
0.00880542
0.00820385
0.00781787
0.00775103
0.00780795
0.00806635
0.00861328
0.00949435
0.0111932
0.0133147
0.016083
0.0192727
0.0240593
0.028312
0.0321004
0.0350832
0.0384097
0.0398893
0.0398395
0.0393618
0.038158
0.0356709
0.0335142
0.0309445
0.0286596
0.0264624
0.0245863
0.0231431
0.0220373
0.0211057
0.0207068
0.0204047
0.0202807
0.0201989
0.0200637
0.0199041
0.0197003
0.019112
0.0185801
0.0177563
0.0168245
0.0160734
0.0149498
0.013835
0.0125596
0.0111499
0.00964504
0.00816338
0.00678362
0.00557779
0.00458184
0.00386607
0.0033561
0.00308161
0.00288689
0.00277025
0.00268817
0.00262303
0.00252862
0.00244993
0.00241002
0.00240897
0.00243103
0.00253359
0.00272808
0.00301177
0.00340288
0.00388679
0.00406212
0.00405811
0.003978
0.003751
0.0033322
0.00277739
0.00244721
0.00211183
0.00185717
0.00183048
0.00183134
0.00188643
0.00205542
0.00245458
0.0030239
0.00453976
0.00583591
0.00805763
0.0121506
0.0155839
0.0192055
0.031241
0.0392386
0.0513086
0.0820599
0.222285
0.337072
0.348928
0.344751
0.29307
0.245127
0.192855
0.154242
0.139424
0.118871
0.119347
0.115925
0.123654
0.122429
0.131751
0.130984
0.138873
0.12959
0.135645
0.127936
0.126961
0.13059
0.129657
0.143771
0.145716
0.154293
0.168319
0.157429
0.146991
0.107642
0.0785475
0.0570627
0.0532234
0.053564
0.0554503
0.0628541
0.0744934
0.0856519
0.00561013
0.00587162
0.00586037
0.00583929
0.00557863
0.0053673
0.00488689
0.00462912
0.00432252
0.00402279
0.00385613
0.00373884
0.00373461
0.00376299
0.00388081
0.00437606
0.00487595
0.00536012
0.00552612
0.00561879
0.00548265
0.00504489
0.00440895
0.00389664
0.00348048
0.00316379
0.00302987
0.00294233
0.00294116
0.00295135
0.00300146
0.00308809
0.00311662
0.00317241
0.00320964
0.00336566
0.00353152
0.00371695
0.00388248
0.00395502
0.00405559
0.00407742
0.00407461
0.00393837
0.00377875
0.00374497
0.0037551
0.00380451
0.00393317
0.00419786
0.00457277
0.00512689
0.00545145
0.00609616
0.00668048
0.00711566
0.00719074
0.00714659
0.00697595
0.00660135
0.00597926
0.00547217
0.00478824
0.00427498
0.00375748
0.00335914
0.00304909
0.00274726
0.00257336
0.00247911
0.00235004
0.00228412
0.00227848
0.00229926
0.00238094
0.00250999
0.00278137
0.00316642
0.00359236
0.00458595
0.005211
0.00646149
0.00785801
0.00898744
0.00998542
0.0108769
0.0115819
0.0116799
0.0115784
0.0113125
0.0107664
0.0100606
0.00956139
0.00889331
0.00826643
0.00776644
0.00721874
0.00684688
0.00651508
0.00634102
0.00629679
0.00625588
0.00624075
0.00620871
0.00607381
0.00595238
0.00565501
0.00518804
0.00469178
0.00422625
0.0039197
0.00363737
0.00338504
0.00319839
0.00298671
0.00273567
0.00251228
0.00234459
0.00215617
0.00211767
0.00214441
0.00221665
0.00227706
0.0023899
0.00243748
0.00246573
0.00245343
0.00242238
0.00236566
0.00231584
0.00227636
0.00220662
0.00217956
0.00213499
0.00212397
0.00209175
0.00205849
0.0019942
0.00190448
0.00180723
0.00169309
0.00164006
0.00156191
0.00157045
0.00157316
0.00163444
0.00179889
0.0021171
0.00278002
0.00396517
0.00510387
0.00791627
0.010738
0.0133088
0.0194755
0.0256934
0.0298303
0.0424168
0.0548949
0.0638167
0.0865951
0.19886
0.348406
0.373777
0.372903
0.344259
0.280512
0.235978
0.175941
0.151444
0.125843
0.115154
0.11483
0.113308
0.12403
0.121571
0.140068
0.13662
0.148275
0.139945
0.140813
0.147309
0.139168
0.147764
0.145246
0.14703
0.163045
0.160479
0.179637
0.167802
0.166862
0.146468
0.129947
0.0825312
0.0666502
0.0568235
0.0568766
0.0580988
0.0637917
0.0690923
0.00125754
0.00129165
0.00129458
0.001295
0.00127674
0.00125949
0.00122765
0.00118161
0.00114987
0.00111069
0.00109334
0.00106718
0.00105992
0.00105734
0.00105926
0.0010943
0.00117093
0.00126145
0.00130366
0.00132564
0.00129266
0.00117575
0.00102634
0.000904865
0.000811249
0.000751506
0.000728859
0.000720708
0.00073451
0.000793282
0.000864525
0.000922397
0.000969913
0.000992082
0.00100719
0.00100837
0.00100866
0.00100635
0.00100769
0.00100852
0.00101646
0.00101635
0.00100748
0.000964605
0.000922912
0.000903413
0.000900912
0.000905363
0.000919664
0.000969701
0.00104631
0.00117755
0.00125154
0.00139437
0.00153261
0.00161719
0.00163925
0.0016263
0.00159096
0.00152169
0.00140653
0.00131424
0.00117833
0.00107754
0.000971772
0.000891504
0.000831879
0.000772727
0.000750518
0.00072463
0.000717363
0.000719322
0.000724691
0.000739089
0.000770387
0.000811167
0.000869502
0.000979486
0.00106063
0.00126246
0.00145269
0.0016589
0.00203941
0.00230839
0.002608
0.00283618
0.00302012
0.00306713
0.00304322
0.00296423
0.00284866
0.00266365
0.00253472
0.00236398
0.00218482
0.00206737
0.0019183
0.00181219
0.00172571
0.00168073
0.00168298
0.00168371
0.00168675
0.00168598
0.00165432
0.00161533
0.00155336
0.00141164
0.00128597
0.0011744
0.00108746
0.0010444
0.00104183
0.0010688
0.00113247
0.00121074
0.0013227
0.00149282
0.00161949
0.00181248
0.0021048
0.00240592
0.00265828
0.0029067
0.00319028
0.00331317
0.00331249
0.00327264
0.00314071
0.00298557
0.0027055
0.00251207
0.00225074
0.00210033
0.00190464
0.00175553
0.00169174
0.00161022
0.001578
0.00157732
0.00159658
0.00163644
0.00179037
0.00196377
0.00230079
0.00308548
0.00396431
0.00542636
0.00821954
0.0103878
0.0146561
0.0207685
0.0247216
0.0320662
0.0433429
0.0486574
0.0600325
0.0780082
0.0845806
0.100273
0.172598
0.349934
0.394588
0.394802
0.376745
0.336351
0.282455
0.220321
0.169406
0.143502
0.119684
0.116358
0.114308
0.122216
0.122968
0.129515
0.13313
0.151525
0.14508
0.17079
0.159015
0.165078
0.221405
0.193796
0.337052
0.229375
0.407823
0.248444
0.310064
0.223006
0.18974
0.153899
0.142645
0.114771
0.0979889
0.0693935
0.063363
0.0599346
0.0629271
0.0647186
0.000511791
0.000514122
0.000513308
0.000507984
0.000492679
0.000482118
0.000469875
0.000462206
0.000462179
0.00046239
0.00047114
0.000480756
0.000491185
0.000496721
0.000499778
0.000510812
0.000531661
0.000559005
0.000575292
0.000582373
0.000574254
0.0005309
0.000472232
0.000429391
0.00039654
0.000374062
0.000359424
0.000352663
0.000351871
0.00036568
0.000388732
0.000413828
0.000429023
0.000436837
0.000439674
0.000439419
0.000434772
0.000428163
0.000417526
0.000412352
0.000407843
0.00040408
0.000400223
0.00039138
0.000384233
0.00037492
0.000371641
0.000370471
0.000371097
0.000373076
0.00038482
0.000405952
0.000424988
0.000451265
0.000478395
0.000499403
0.000506314
0.000506519
0.00050145
0.000495181
0.000473116
0.000452893
0.000426899
0.000406061
0.000398753
0.000394619
0.00039482
0.000395918
0.000399045
0.000406382
0.00041032
0.000412844
0.000411489
0.000411509
0.000413287
0.000415778
0.000422118
0.000437887
0.000451615
0.000482106
0.000516954
0.000543563
0.000618044
0.000669862
0.000730892
0.000796434
0.000829308
0.000834806
0.0008289
0.000802627
0.000772569
0.00072779
0.000687037
0.000650262
0.000606492
0.000575003
0.000549038
0.000528119
0.000517133
0.000512354
0.00051251
0.000526811
0.000539962
0.000560694
0.000570833
0.000579763
0.000589753
0.000596937
0.000604317
0.000622313
0.000646838
0.000687854
0.000765943
0.000934937
0.00112267
0.00132357
0.00184959
0.0023411
0.00293741
0.00389929
0.00486162
0.00565251
0.00652345
0.00732281
0.007642
0.00761428
0.00746307
0.00709008
0.0064233
0.00585788
0.00512414
0.00458573
0.00396383
0.00353751
0.00322911
0.00286618
0.00273769
0.00272465
0.0027518
0.0029004
0.00315733
0.00351509
0.00445428
0.00530667
0.00707222
0.00939234
0.0118671
0.0180173
0.0222278
0.0291483
0.0407571
0.0472744
0.057248
0.0749696
0.0826452
0.0921944
0.115034
0.121166
0.13156
0.167459
0.32929
0.408606
0.411552
0.399692
0.381569
0.344346
0.291298
0.216709
0.167965
0.138367
0.118236
0.118523
0.116843
0.126035
0.124329
0.138328
0.136466
0.155449
0.149914
0.16708
0.229514
0.203842
0.402473
0.288664
1.14602
0.625487
1.60646
0.783552
1.31585
0.68944
0.37289
0.19592
0.163636
0.129677
0.122181
0.0992486
0.0880283
0.0698148
0.0691779
0.0676925
0.000189031
0.00020102
0.00020721
0.000218368
0.000227612
0.000237316
0.000245236
0.000251004
0.000252595
0.000253302
0.000252847
0.000251971
0.000251535
0.000249481
0.000248014
0.00024769
0.000248572
0.000255426
0.000264951
0.000269011
0.000271214
0.000270877
0.000271862
0.000289586
0.000316723
0.000338995
0.000345701
0.000344588
0.000319801
0.00028865
0.000263524
0.000246491
0.000235516
0.000228235
0.000223051
0.000220423
0.000219941
0.000223131
0.000227401
0.000237242
0.000244215
0.000251512
0.000261344
0.000269362
0.000276724
0.000282631
0.000285998
0.000287712
0.000287297
0.000280547
0.000272973
0.000267146
0.000264587
0.000264605
0.000264588
0.000265885
0.000267002
0.000268716
0.000273244
0.00027771
0.00028411
0.000300837
0.000313945
0.000340304
0.000373333
0.000420533
0.000456672
0.000497731
0.000532209
0.000542184
0.000540595
0.000533514
0.000507529
0.000490482
0.000475886
0.000462083
0.000455471
0.000450007
0.000449672
0.000450237
0.000453743
0.000455675
0.000458366
0.000459755
0.000456004
0.000453449
0.000447416
0.000438706
0.000432308
0.000417581
0.000404049
0.000392632
0.00038077
0.000375567
0.000374971
0.000376132
0.000380039
0.000390697
0.000399017
0.000416421
0.000433548
0.000456179
0.000473449
0.000504643
0.000531423
0.000563841
0.000622686
0.00068056
0.000768695
0.000949801
0.00113474
0.0014814
0.00204116
0.00255451
0.00364959
0.00490721
0.00672119
0.00868533
0.0110684
0.0138468
0.0158566
0.0180765
0.0197937
0.0202523
0.0201471
0.0195782
0.0187391
0.017179
0.0154001
0.0138482
0.012052
0.0106858
0.00938198
0.00849293
0.00779951
0.00719675
0.00713911
0.00720025
0.00742214
0.00814782
0.00903856
0.010686
0.0134443
0.0162142
0.0229664
0.02772
0.0385412
0.0489639
0.0591352
0.0799802
0.0923405
0.106727
0.131729
0.142493
0.15004
0.172678
0.179567
0.183843
0.200095
0.307767
0.420697
0.429971
0.409078
0.392911
0.396426
0.380802
0.308778
0.227121
0.16816
0.139307
0.126438
0.127202
0.123802
0.130751
0.132006
0.14229
0.159683
0.160422
0.167459
0.188955
0.391526
0.258106
1.18181
0.695064
0.88431
0.577194
0.725935
0.739883
1.29293
1.15149
1.0152
0.390535
0.220368
0.14806
0.137971
0.116828
0.112498
0.0970711
0.0933856
0.0823656
0.000281451
0.000286919
0.00029902
0.0003185
0.000384777
0.000455444
0.000516997
0.000539858
0.000546628
0.000531733
0.000493092
0.000450374
0.000414079
0.000390448
0.000380132
0.000369978
0.000373308
0.000379337
0.000402666
0.000440405
0.000549118
0.000757265
0.00093671
0.00116445
0.0012735
0.00138014
0.00139594
0.00138521
0.00124117
0.001029
0.000849984
0.000694853
0.000595916
0.000530721
0.000503444
0.000495513
0.0004979
0.000537346
0.000588432
0.000671483
0.000757201
0.000831957
0.000922045
0.000969217
0.00101048
0.00102196
0.00102582
0.0010249
0.000989002
0.000932116
0.000845885
0.000796462
0.000725674
0.000676968
0.000653978
0.000647619
0.000658177
0.000675239
0.000735433
0.000806032
0.00089203
0.00112125
0.00124733
0.00149499
0.00175903
0.00198354
0.00221785
0.00239865
0.00249166
0.00249508
0.0024681
0.00240376
0.00224319
0.00209264
0.00193449
0.00177484
0.00166164
0.00154178
0.00145242
0.0013664
0.00127992
0.0012069
0.00113
0.00106187
0.00100077
0.000939642
0.000889998
0.000847045
0.000807504
0.000790785
0.000790034
0.000794823
0.000813145
0.000837605
0.000889153
0.00100081
0.0010625
0.00119509
0.00130279
0.00140438
0.00154433
0.00161541
0.00171293
0.00184008
0.00193916
0.00211563
0.00240351
0.00268563
0.00338893
0.00400039
0.00509444
0.00697058
0.00859315
0.0114896
0.0157619
0.0198176
0.0252847
0.0316543
0.037667
0.0429454
0.0481908
0.0522927
0.0529881
0.0524977
0.051128
0.0474398
0.0435843
0.0387929
0.0345849
0.0311753
0.0271536
0.0246554
0.0224398
0.0205375
0.0192858
0.0188665
0.01906
0.0197757
0.021004
0.0241811
0.0273064
0.0326697
0.0438429
0.0510144
0.0666464
0.0831051
0.103147
0.125226
0.152285
0.175515
0.19894
0.228169
0.237486
0.24551
0.263514
0.264764
0.265075
0.27205
0.32192
0.419492
0.433417
0.402262
0.384412
0.405603
0.435642
0.426179
0.36865
0.253574
0.190228
0.162306
0.147017
0.138182
0.128502
0.136649
0.138325
0.126123
0.143708
0.1836
0.206841
0.273787
0.507087
0.568274
0.872045
0.609662
0.408411
0.497878
0.464347
0.693716
0.383753
1.12026
1.03445
0.720561
0.35561
0.187294
0.166898
0.134373
0.130808
0.115698
0.116684
0.115563
0.00263094
0.00268367
0.00286068
0.00325415
0.00368511
0.00398451
0.00423748
0.00435712
0.00439713
0.00435163
0.00408802
0.00383713
0.00358963
0.00345463
0.00341638
0.00339905
0.00353236
0.0036753
0.00424743
0.00496041
0.00621239
0.00734287
0.00800812
0.00867822
0.00874497
0.00881979
0.00863832
0.00813071
0.00732022
0.00637047
0.00582557
0.00521104
0.00493785
0.00474018
0.00470452
0.00475438
0.00484751
0.00522973
0.00549842
0.00597393
0.00635246
0.00662095
0.00687629
0.00691484
0.00695249
0.00692667
0.00687241
0.00677799
0.00641886
0.00625487
0.00584656
0.00563328
0.00530377
0.00513069
0.00513712
0.00513679
0.00527743
0.00542851
0.0057503
0.00636836
0.00670131
0.00766751
0.00834169
0.00927986
0.0101023
0.0108002
0.0115423
0.0117648
0.0117741
0.0116924
0.01135
0.0108662
0.010153
0.00933763
0.00873733
0.00797678
0.00742788
0.00695513
0.00644777
0.0061439
0.00573175
0.00541658
0.00515025
0.00482519
0.00461733
0.00436076
0.00414114
0.00396314
0.00385098
0.00385092
0.00388546
0.00394423
0.00408542
0.0042447
0.00457109
0.00509119
0.00535615
0.00583519
0.00629874
0.00660472
0.00710834
0.00737587
0.00778264
0.00835715
0.00880347
0.00978291
0.0108667
0.0124603
0.0154209
0.0176246
0.0226363
0.0286508
0.0344241
0.0459363
0.0562563
0.0680819
0.0836145
0.0967771
0.108353
0.120569
0.129247
0.131121
0.130246
0.126706
0.120322
0.11016
0.0998263
0.0896753
0.0807187
0.0720853
0.0648427
0.0600145
0.0555436
0.0516471
0.050975
0.05123
0.0523843
0.0564962
0.061338
0.0708325
0.083634
0.0968995
0.12486
0.142501
0.176415
0.212467
0.242027
0.288817
0.316904
0.336825
0.358629
0.360551
0.356601
0.351494
0.343423
0.334903
0.333726
0.356708
0.399796
0.407537
0.377323
0.34795
0.366258
0.434342
0.489607
0.508105
0.464325
0.330055
0.244084
0.204529
0.176941
0.157776
0.151234
0.152428
0.138356
0.13211
0.15004
0.198412
0.265374
0.467186
0.630367
0.460393
0.407546
0.524569
0.425929
0.506341
0.464846
0.625904
0.412668
0.841569
0.601495
0.677854
0.482122
0.257233
0.229669
0.179158
0.176673
0.162943
0.149457
0.144026
0.0308147
0.0314707
0.0322704
0.0329612
0.0335212
0.0338722
0.0340673
0.0342185
0.0342035
0.0337905
0.0322641
0.0310381
0.0300317
0.0296985
0.0296663
0.0296912
0.030913
0.0321071
0.0354184
0.0378269
0.0406146
0.0425064
0.0429606
0.0434463
0.0429656
0.0423353
0.039981
0.0379253
0.0358365
0.0331772
0.0322127
0.0307208
0.0304025
0.0301342
0.0301214
0.0303883
0.0306816
0.0317485
0.0322938
0.0328664
0.0330386
0.0330017
0.0329969
0.0327115
0.0324179
0.0316208
0.0310049
0.0302688
0.0289832
0.0285906
0.0277149
0.0272184
0.026619
0.0264175
0.0266109
0.0267655
0.027488
0.028111
0.0292619
0.0314611
0.0324174
0.0351113
0.0368174
0.0387362
0.0407608
0.0417634
0.0424368
0.0422996
0.0417935
0.0411499
0.0391871
0.0377772
0.0355061
0.0327679
0.0311545
0.028467
0.026649
0.0250571
0.0231241
0.0222372
0.0208388
0.0198321
0.0191694
0.0182695
0.0178768
0.0172363
0.016748
0.0166867
0.0166943
0.0168332
0.0173762
0.0177224
0.018532
0.0194558
0.020174
0.0216146
0.022353
0.0232903
0.024727
0.0254934
0.0270566
0.0280863
0.0301697
0.0322543
0.0344173
0.0390614
0.0431524
0.0493564
0.0591666
0.0679535
0.0832322
0.100126
0.118761
0.14566
0.169351
0.198333
0.22472
0.246249
0.267892
0.284985
0.289129
0.287796
0.282478
0.267668
0.250521
0.23214
0.212987
0.196238
0.178778
0.164886
0.154138
0.142798
0.134448
0.131254
0.131663
0.1341
0.139117
0.150015
0.169567
0.186917
0.216919
0.252953
0.291396
0.337507
0.375662
0.404731
0.425429
0.429528
0.427297
0.424653
0.417761
0.398685
0.391238
0.379535
0.366067
0.36286
0.357161
0.354588
0.352895
0.3186
0.294774
0.301668
0.367083
0.461878
0.550943
0.623506
0.612238
0.454538
0.326017
0.273135
0.235005
0.220845
0.227293
0.224386
0.181222
0.158424
0.167045
0.223214
0.335919
0.421502
0.448335
0.41921
0.37966
0.477769
0.430995
0.455645
0.370721
0.469816
0.382212
0.653919
0.483901
0.571709
0.452388
0.27981
0.265404
0.230155
0.21483
0.197466
0.178216
0.152493
0.187994
0.184535
0.180973
0.175611
0.173381
0.171255
0.167347
0.164062
0.159582
0.155672
0.149397
0.144491
0.140191
0.138592
0.137994
0.137883
0.139955
0.142107
0.146112
0.147081
0.14781
0.147892
0.146287
0.144568
0.138477
0.134565
0.127266
0.122721
0.118853
0.11396
0.112699
0.110164
0.109649
0.109209
0.109177
0.10954
0.109513
0.109756
0.10965
0.109614
0.109115
0.107831
0.106938
0.103959
0.102469
0.0999282
0.0975935
0.095994
0.093777
0.0928489
0.0910917
0.0908816
0.0909422
0.0911841
0.0925529
0.0937007
0.0965192
0.0990119
0.102523
0.108075
0.110557
0.116897
0.119775
0.124197
0.127115
0.127353
0.127384
0.126144
0.12389
0.12191
0.116148
0.11277
0.107678
0.101424
0.0978934
0.090343
0.0862077
0.0816441
0.0761044
0.0734265
0.0695392
0.0671731
0.0652506
0.0630728
0.0628039
0.0628768
0.0632489
0.0647908
0.0663123
0.0684161
0.0719704
0.0739135
0.0776935
0.0801894
0.0820764
0.084873
0.0864378
0.0880614
0.0907137
0.0927264
0.0955472
0.0996711
0.105277
0.110093
0.120052
0.130446
0.142943
0.161061
0.18275
0.206163
0.239092
0.273162
0.312664
0.35981
0.404448
0.436845
0.466025
0.488782
0.494124
0.492649
0.486127
0.474682
0.454427
0.429423
0.405012
0.375366
0.348642
0.326808
0.307345
0.289695
0.276529
0.269094
0.268182
0.269247
0.273578
0.287077
0.299567
0.330479
0.35648
0.392932
0.431454
0.454362
0.475882
0.482821
0.482091
0.481844
0.472983
0.463729
0.4434
0.423721
0.408152
0.400095
0.389941
0.375444
0.348597
0.298982
0.265841
0.250413
0.235616
0.228627
0.235342
0.271691
0.361416
0.472585
0.594496
0.738448
0.855541
0.713149
0.476382
0.373401
0.326744
0.305185
0.302235
0.313876
0.309143
0.267954
0.237058
0.274613
0.418417
0.456187
0.357881
0.392266
0.415569
0.398581
0.451592
0.395325
0.400106
0.424562
0.381393
0.541447
0.368006
0.442729
0.384718
0.271186
0.266772
0.238413
0.200629
0.191627
0.18212
0.159866
0.666497
0.63375
0.599072
0.564853
0.54025
0.516298
0.492987
0.473338
0.452006
0.434916
0.415661
0.403065
0.38944
0.383142
0.376145
0.372473
0.369873
0.364354
0.36185
0.354805
0.34907
0.339366
0.327928
0.320809
0.307664
0.301872
0.291849
0.286708
0.281702
0.277125
0.275962
0.273511
0.272656
0.271413
0.270923
0.270676
0.268741
0.267581
0.265099
0.263149
0.259354
0.255783
0.25304
0.24834
0.24538
0.241627
0.239309
0.237004
0.234742
0.234346
0.23437
0.2351
0.236694
0.238625
0.243944
0.246995
0.253972
0.259254
0.266006
0.274074
0.279565
0.287109
0.291585
0.296149
0.297364
0.296891
0.295713
0.292084
0.287941
0.28311
0.273343
0.268334
0.258672
0.249577
0.243143
0.231173
0.223919
0.214939
0.206218
0.200613
0.193346
0.189202
0.187907
0.187763
0.188775
0.191492
0.194666
0.201799
0.205966
0.212263
0.218542
0.222014
0.226853
0.229877
0.231996
0.235328
0.237023
0.239478
0.243142
0.245885
0.25249
0.25875
0.266872
0.28112
0.293578
0.314492
0.33805
0.365967
0.403669
0.44302
0.490668
0.536756
0.570455
0.5955
0.609116
0.610089
0.607825
0.600346
0.586856
0.569855
0.551596
0.535278
0.512836
0.493987
0.472367
0.452964
0.433867
0.419341
0.405478
0.399364
0.397713
0.398192
0.402153
0.410849
0.433473
0.455413
0.480473
0.498452
0.514284
0.523694
0.525652
0.52591
0.519497
0.508445
0.482205
0.463152
0.446153
0.422659
0.405349
0.392857
0.365567
0.331338
0.26321
0.204315
0.161444
0.139129
0.139823
0.147877
0.158862
0.179494
0.202293
0.250937
0.334917
0.43392
0.572232
0.74716
0.973204
1.1026
0.756296
0.515348
0.441551
0.408251
0.399587
0.452119
0.484708
0.488462
0.410013
0.335066
0.404755
0.457764
0.358414
0.378727
0.478889
0.331193
0.497363
0.326671
0.444145
0.433691
0.328387
0.447123
0.276451
0.319092
0.287974
0.283552
0.30978
0.272479
0.205192
0.16881
0.163858
0.154632
1.42537
1.30456
1.18598
1.09295
1.01897
0.952192
0.898087
0.84656
0.804516
0.763409
0.729342
0.7006
0.673979
0.656526
0.634869
0.623267
0.605831
0.592996
0.579687
0.564277
0.552762
0.5372
0.526372
0.514972
0.504636
0.498526
0.490616
0.48711
0.483185
0.48034
0.478859
0.476273
0.475078
0.473054
0.470461
0.469061
0.46486
0.462446
0.457667
0.454119
0.449434
0.444912
0.441832
0.438553
0.435797
0.434142
0.433368
0.433369
0.433631
0.434576
0.436802
0.439657
0.44412
0.449307
0.45467
0.461792
0.46829
0.475754
0.481593
0.486718
0.492571
0.496862
0.498777
0.49887
0.498031
0.495528
0.491729
0.48375
0.477456
0.467231
0.45636
0.446103
0.433939
0.423016
0.4125
0.401746
0.394257
0.386405
0.380359
0.377
0.375893
0.376143
0.377513
0.380042
0.386022
0.39088
0.396374
0.40309
0.407883
0.413358
0.418017
0.420512
0.423653
0.425552
0.427153
0.429431
0.431024
0.433038
0.437557
0.441259
0.448626
0.459063
0.469581
0.488434
0.511091
0.539735
0.574016
0.606614
0.633859
0.655762
0.668346
0.670302
0.670117
0.667758
0.660909
0.64521
0.628035
0.608152
0.588879
0.568987
0.553032
0.537082
0.524333
0.514466
0.507091
0.501867
0.499231
0.498742
0.499154
0.504643
0.511044
0.523665
0.530539
0.542609
0.547711
0.549338
0.550346
0.546141
0.538967
0.524432
0.500858
0.482432
0.449462
0.430174
0.400833
0.378874
0.340588
0.279642
0.220568
0.17929
0.148343
0.119894
0.0832311
0.0638696
0.0606354
0.0630887
0.0741305
0.0962575
0.129591
0.164959
0.191405
0.235348
0.281765
0.346318
0.448997
0.622936
0.922085
1.2349
1.20109
0.705969
0.502971
0.445554
0.421816
0.415778
0.422493
0.402466
0.359201
0.338463
0.36744
0.416186
0.421995
0.349558
0.505439
0.307631
0.514774
0.320073
0.476104
0.571122
0.328192
0.336902
0.242792
0.228522
0.23816
0.288753
0.337896
0.339418
0.273666
0.183234
0.144051
0.137645
2.07695
1.80862
1.59411
1.43649
1.31026
1.20924
1.1243
1.05178
0.992316
0.940929
0.901169
0.865768
0.838943
0.815374
0.796115
0.78007
0.762985
0.750711
0.735702
0.725687
0.713594
0.70447
0.696918
0.690171
0.686635
0.682207
0.680743
0.678603
0.677491
0.676261
0.674196
0.673183
0.670129
0.668423
0.664685
0.662385
0.658019
0.65511
0.651584
0.64894
0.646148
0.644278
0.643045
0.64234
0.642081
0.642186
0.642824
0.644167
0.645268
0.647687
0.650333
0.654036
0.657877
0.662018
0.666572
0.671461
0.674425
0.677585
0.678271
0.678651
0.67832
0.67634
0.67302
0.666988
0.661254
0.653307
0.643313
0.634905
0.624612
0.615304
0.605514
0.596439
0.588155
0.580538
0.57417
0.569617
0.567198
0.56665
0.566858
0.568349
0.572506
0.578025
0.584487
0.590799
0.597716
0.604205
0.609611
0.614227
0.617759
0.620505
0.622265
0.622698
0.622454
0.622451
0.622704
0.623712
0.625862
0.630245
0.637357
0.647397
0.659631
0.674102
0.69192
0.709628
0.721205
0.72336
0.723287
0.722403
0.719376
0.71138
0.695678
0.6733
0.646679
0.618126
0.593511
0.572849
0.557399
0.544742
0.535495
0.52801
0.523083
0.519542
0.518428
0.517755
0.518149
0.518961
0.521704
0.522988
0.525275
0.526049
0.526189
0.525079
0.520182
0.514793
0.499862
0.487221
0.461577
0.436988
0.405008
0.371836
0.338286
0.287452
0.251781
0.209998
0.171326
0.144351
0.105615
0.0763122
0.0617985
0.053512
0.0460641
0.037703
0.0294672
0.0273472
0.0284539
0.0330582
0.0438402
0.0666936
0.107345
0.144839
0.172903
0.203377
0.224978
0.237604
0.272969
0.341002
0.521313
1.17116
1.35514
1.06544
0.546036
0.42313
0.401318
0.431167
0.483385
0.421577
0.315816
0.310448
0.351812
0.482865
0.505808
0.348815
0.612643
0.296001
0.530599
0.437953
0.5163
0.715916
0.276781
0.270708
0.193526
0.18331
0.198711
0.204799
0.20385
0.252244
0.241773
0.185498
0.152103
0.149555
2.40155
1.95262
1.65607
1.45647
1.31831
1.22038
1.14647
1.09182
1.05131
1.02034
0.995978
0.976193
0.962234
0.949866
0.939246
0.928768
0.919112
0.911422
0.903929
0.898772
0.893151
0.890052
0.886667
0.884435
0.882126
0.879427
0.877586
0.874284
0.872044
0.868637
0.865812
0.862992
0.859631
0.857759
0.854623
0.853172
0.850636
0.849472
0.848093
0.847171
0.846276
0.845765
0.844945
0.844349
0.843034
0.842367
0.840806
0.83968
0.837654
0.835951
0.833666
0.830813
0.827385
0.823635
0.818663
0.813786
0.807387
0.80226
0.795203
0.789312
0.782042
0.77577
0.769598
0.763791
0.758907
0.754343
0.750839
0.748431
0.746126
0.745636
0.745419
0.746149
0.748305
0.75211
0.756404
0.762104
0.768212
0.775737
0.782816
0.79134
0.798969
0.80702
0.813983
0.820458
0.826222
0.831431
0.835078
0.838729
0.841237
0.844173
0.846315
0.848237
0.850685
0.853716
0.856789
0.860753
0.862825
0.862409
0.860578
0.856786
0.849637
0.838615
0.8227
0.80128
0.773989
0.739292
0.696091
0.647358
0.597857
0.551374
0.511212
0.478785
0.45474
0.437516
0.426555
0.418744
0.415047
0.411912
0.411569
0.41123
0.412167
0.41327
0.414706
0.41591
0.416234
0.416021
0.413055
0.408803
0.40041
0.389457
0.374751
0.35442
0.334459
0.307227
0.282961
0.252966
0.224037
0.196637
0.166986
0.143579
0.117845
0.0974848
0.0827285
0.0664998
0.0601712
0.0540667
0.046316
0.0418233
0.0419084
0.0420027
0.0417638
0.0408066
0.0408712
0.0403815
0.0404221
0.0425646
0.0507068
0.0719034
0.112596
0.151996
0.190208
0.226392
0.257184
0.329178
0.674152
1.01412
0.974792
0.861249
1.18025
1.26918
0.887473
0.536857
0.489349
0.671867
0.827956
0.611863
0.410284
0.412953
0.625554
0.687066
0.631862
0.402026
0.801693
0.386912
0.556388
0.490783
0.311615
0.384669
0.329214
0.273566
0.253708
0.208873
0.246735
0.228704
0.231284
0.248921
0.260243
0.270095
0.316641
0.371298
1.71289
1.35995
1.20108
1.13392
1.1097
1.10541
1.10448
1.10233
1.09606
1.08195
1.06463
1.04593
1.02721
1.00932
0.993399
0.979226
0.967051
0.956874
0.948022
0.940864
0.934305
0.929042
0.923812
0.919196
0.914519
0.910184
0.90622
0.902287
0.899083
0.89575
0.893247
0.890957
0.889064
0.887964
0.88675
0.886438
0.886069
0.886388
0.886591
0.887192
0.887687
0.888263
0.888467
0.888525
0.887868
0.887031
0.884991
0.882591
0.878688
0.873974
0.867162
0.858893
0.848677
0.837039
0.82353
0.809094
0.793221
0.777635
0.761794
0.747401
0.733795
0.722705
0.71376
0.708016
0.705611
0.706499
0.711285
0.71975
0.731044
0.746088
0.763529
0.784265
0.80653
0.830974
0.855865
0.88157
0.906361
0.930529
0.952327
0.972304
0.988773
1.00268
1.01297
1.02057
1.02493
1.02698
1.02667
1.02528
1.02232
1.01807
1.01239
1.00515
0.996349
0.984781
0.968999
0.949184
0.923702
0.892208
0.853142
0.806619
0.752447
0.691956
0.625943
0.556805
0.486277
0.417252
0.351432
0.291208
0.237751
0.192605
0.156156
0.128625
0.108982
0.0961973
0.0886076
0.0852605
0.0843712
0.0853373
0.0873141
0.0897682
0.0923973
0.094846
0.0970714
0.0988548
0.100087
0.100641
0.100298
0.0995526
0.0976354
0.0962225
0.0937533
0.0915407
0.0878645
0.0842335
0.0806821
0.0762332
0.0751134
0.0731077
0.0731766
0.0753064
0.0761963
0.0803511
0.0849852
0.0883121
0.0966492
0.106094
0.115026
0.121551
0.143315
0.160642
0.170862
0.189818
0.214623
0.224187
0.23679
0.261268
0.312654
0.4041
0.548221
0.782657
1.04495
1.44686
2.2121
2.92187
3.07426
2.95929
2.64523
2.17888
1.71642
1.39807
1.05695
0.720729
0.678693
0.888365
1.04154
1.05368
0.953121
0.877009
1.01197
1.10461
1.48405
0.810376
1.06934
0.521123
0.425318
0.493093
0.319333
0.365155
0.40934
0.501829
0.433041
0.461715
0.611928
0.825607
1.0453
1.08204
1.11305
1.40148
2.11878
2.75543
0.00141464
0.00222667
0.0042976
0.00699749
0.00959379
0.0120342
0.0147146
0.0172439
0.0175177
0.0164883
0.0129803
0.00970773
0.00862018
0.00892132
0.0107971
0.0164975
0.0235271
0.0373902
0.058022
0.0819456
0.104119
0.108581
0.102871
0.0800277
0.0436028
0.0240492
0.0169832
0.016877
0.0175995
0.0195406
0.0171847
0.0136656
0.0675297
0.151894
0.163294
0.153365
0.135361
0.121065
0.10517
0.0945589
0.0896707
0.0834774
0.0691593
0.052043
0.0413175
0.0344361
0.0277407
0.0254932
0.0267492
0.0316494
0.0415116
0.0530392
0.0748583
0.102257
0.122759
0.168761
0.200078
0.247568
0.256839
0.260598
0.241038
0.14026
0.0221007
0.0291429
0.0467116
0.0526694
0.0659733
0.0918751
0.12271
0.154839
0.209561
0.26722
0.287677
0.255578
0.122937
0.0839787
0.0884185
0.0756781
0.102275
0.107322
0.0870103
0.0660292
0.0571364
0.057826
0.0747406
0.112591
0.162728
0.246957
0.345711
0.428903
0.473279
0.488145
0.473042
0.428464
0.371814
0.317957
0.270768
0.236274
0.212367
0.206959
0.199962
0.199091
0.216788
0.279612
0.304252
0.406297
0.477511
0.653296
0.779846
0.442879
0.0772905
0.139933
0.216262
0.230363
0.226821
0.229899
0.213936
0.197973
0.17465
0.144454
0.129796
0.122239
0.114652
0.110745
0.119027
0.137868
0.156913
0.180681
0.202005
0.226103
0.285387
0.375192
0.426121
0.429245
0.401091
0.380785
0.420467
0.474303
0.41578
0.205373
0.149868
0.487198
1.2007
1.66928
2.03095
2.30488
2.50156
2.63233
2.69853
2.723
2.72076
2.67306
2.60521
2.51234
2.39926
2.27369
2.14191
2.00726
1.87294
1.74043
1.61181
1.48614
1.36677
1.26133
1.16831
1.08128
1.00112
0.939725
0.890199
0.849435
0.816787
0.7988
0.788655
0.78478
0.784983
0.78987
0.790876
0.790527
0.788991
0.787569
0.787335
0.782452
0.766413
0.752938
0.711817
0.646478
0.562706
0.497915
0.431028
0.377761
0.34032
0.300035
0.232538
0.155041
0.118046
0.0861353
0.0682626
0.0479334
0.0392863
0.0337238
0.00137489
0.00337491
0.00946312
0.0105165
0.0100384
0.00901364
0.00810075
0.00721923
0.00713048
0.0069962
0.00640298
0.00465542
0.00304591
0.00275468
0.00296439
0.00367817
0.00486794
0.00682501
0.0077857
0.00964265
0.0155637
0.0267561
0.0461727
0.0572431
0.0498582
0.0370438
0.0232666
0.0203374
0.0235099
0.0545684
0.12543
0.115047
0.102563
0.0976041
0.0526125
0.0334052
0.0240632
0.0206356
0.0197014
0.0193659
0.0192393
0.0186673
0.0165291
0.0139255
0.0127737
0.0123771
0.0126025
0.0155149
0.0245219
0.0304216
0.0327307
0.0324247
0.0307287
0.0296857
0.0272621
0.02741
0.0302602
0.0410184
0.064992
0.0896212
0.145755
0.141721
0.13222
0.123023
0.105001
0.0816604
0.0759994
0.0757359
0.0770462
0.0770677
0.0783395
0.0925659
0.132037
0.217153
0.21468
0.193074
0.124441
0.0910488
0.0850369
0.0607997
0.0493336
0.0426372
0.0549719
0.0757847
0.116485
0.187378
0.25082
0.289011
0.310071
0.312784
0.288008
0.274855
0.262806
0.258795
0.263274
0.26993
0.277526
0.282669
0.286364
0.285619
0.289852
0.264511
0.269254
0.259391
0.228057
0.21003
0.214984
0.255722
0.44672
0.483472
0.517402
0.399437
0.302916
0.33196
0.385278
0.410497
0.421349
0.416897
0.397654
0.347574
0.292913
0.262242
0.197329
0.14359
0.135537
0.124398
0.103045
0.0897925
0.0883968
0.0936498
0.117735
0.138768
0.179484
0.331133
0.341161
0.384831
0.804044
1.36583
1.46957
1.34989
1.26404
1.24633
1.23213
1.20948
1.01638
0.896401
0.758721
0.649604
0.554516
0.474424
0.41358
0.361318
0.32356
0.289238
0.267815
0.249042
0.233506
0.217836
0.204871
0.191551
0.181216
0.169804
0.161381
0.153664
0.14803
0.142817
0.140272
0.139151
0.139028
0.141394
0.14519
0.150481
0.156471
0.159814
0.160738
0.159678
0.152304
0.14607
0.144119
0.138187
0.132198
0.126236
0.109131
0.0990761
0.0819502
0.0654671
0.0585094
0.0526739
0.0478151
0.0428499
0.0387531
0.0355456
0.0344605
0.0343407
0.0355224
0.0355382
0.0332459
0.03078
0.0299685
0.0375883
0.0011502
0.0102354
0.0129262
0.0116366
0.00927287
0.00758431
0.00648519
0.0056989
0.00529832
0.00519304
0.00500519
0.00450176
0.00363218
0.00357845
0.00389411
0.0048608
0.00667705
0.00746602
0.00769097
0.00764373
0.00783241
0.00903579
0.0130427
0.0217982
0.0315878
0.0305113
0.0254799
0.0363804
0.0941313
0.112873
0.10912
0.0756305
0.0474471
0.0247213
0.0160119
0.0133397
0.012615
0.0125105
0.0128207
0.0132569
0.0133524
0.0126673
0.0102966
0.00744727
0.00664045
0.0068397
0.0089474
0.0149743
0.0274322
0.0304433
0.0288378
0.0255665
0.0217611
0.0205303
0.019223
0.0185255
0.0168902
0.0171373
0.0192185
0.0248937
0.0386954
0.0686052
0.0913623
0.0909681
0.0856665
0.0721984
0.0676799
0.0676274
0.0675342
0.0653884
0.0599598
0.0584684
0.0647463
0.0960512
0.168037
0.191296
0.173736
0.0839002
0.0574532
0.053318
0.0438613
0.0435574
0.0667811
0.115777
0.16611
0.20745
0.230213
0.236155
0.220173
0.203048
0.19394
0.187319
0.184311
0.183414
0.185924
0.189474
0.19343
0.204002
0.211065
0.215305
0.223281
0.224609
0.219313
0.239441
0.201288
0.203404
0.191496
0.189173
0.221664
0.323486
0.431476
0.433711
0.412142
0.391475
0.38795
0.378139
0.352007
0.340521
0.342614
0.342917
0.326495
0.295825
0.26312
0.200932
0.154339
0.116549
0.0968565
0.102127
0.120144
0.152061
0.2499
0.28932
0.413831
0.963738
1.29437
1.28107
1.25372
1.21564
1.04246
0.898609
0.763226
0.617523
0.448722
0.303947
0.247967
0.200657
0.177315
0.16125
0.153563
0.150077
0.149017
0.149653
0.150276
0.150465
0.149795
0.148583
0.146493
0.144088
0.140842
0.136908
0.133266
0.127329
0.121934
0.114208
0.109367
0.102366
0.0985191
0.0928298
0.0898236
0.0873604
0.0862902
0.0860918
0.0877313
0.0913231
0.0960257
0.101742
0.1054
0.107683
0.108549
0.107788
0.106173
0.0994403
0.0887269
0.0768807
0.0634208
0.0504102
0.0432185
0.0389434
0.0357449
0.0320301
0.0287262
0.0276002
0.0277014
0.0294345
0.0333538
0.0359273
0.0364777
0.031877
0.0302014
0.0387091
0.00539875
0.0170783
0.0140144
0.00908788
0.00576604
0.00401754
0.00311552
0.00298769
0.00306417
0.00332258
0.0037404
0.00382114
0.00388697
0.00425598
0.00530365
0.00758877
0.00900626
0.00923028
0.00910895
0.00881359
0.00820616
0.00826572
0.00904369
0.0118534
0.0202452
0.0240274
0.0342622
0.0869903
0.0965839
0.0935211
0.0549235
0.0289199
0.0178446
0.0127308
0.0108189
0.00986789
0.00870958
0.00798198
0.00741283
0.00720824
0.00710415
0.00678974
0.00587304
0.00516372
0.00514863
0.00660339
0.013017
0.0285323
0.0322408
0.0296108
0.0244771
0.0217007
0.0197794
0.0190375
0.0185317
0.0171832
0.0159869
0.0154139
0.0153285
0.0159431
0.0190461
0.0266921
0.0435763
0.0561664
0.0590015
0.0645342
0.0798582
0.081861
0.0766493
0.0660775
0.0580263
0.0526223
0.0529202
0.0603372
0.0941848
0.169892
0.186316
0.0921333
0.0669184
0.0629232
0.0510357
0.05379
0.0921598
0.14188
0.167996
0.184758
0.18493
0.167133
0.149701
0.138074
0.130872
0.127044
0.125457
0.125765
0.128975
0.132161
0.135759
0.142259
0.147761
0.154178
0.168513
0.183135
0.189483
0.200046
0.195525
0.202795
0.19472
0.191022
0.194652
0.244079
0.278592
0.339177
0.334624
0.319368
0.298893
0.280551
0.267193
0.251915
0.238857
0.226599
0.199815
0.190676
0.198111
0.170611
0.150171
0.129327
0.138282
0.207271
0.336629
0.402225
0.750711
1.1045
1.11565
1.09786
1.07123
0.917517
0.762243
0.566843
0.446891
0.353557
0.281059
0.222474
0.191931
0.17927
0.177121
0.180405
0.185248
0.192042
0.195759
0.199264
0.200638
0.200991
0.201119
0.200699
0.200418
0.200168
0.199925
0.19933
0.19894
0.19747
0.196835
0.196889
0.194913
0.192016
0.18685
0.180456
0.168325
0.156578
0.138885
0.125411
0.107369
0.0965067
0.0856219
0.0803546
0.0756205
0.0738004
0.0730554
0.0737932
0.0769403
0.0808159
0.0880002
0.093631
0.0952672
0.0957466
0.0954111
0.0905493
0.0826489
0.0745014
0.0620717
0.05577
0.0466265
0.0406244
0.0368756
0.0342548
0.0340549
0.0383178
0.0428084
0.0453916
0.047862
0.0621567
0.0229042
0.0188854
0.00983196
0.0042759
0.0024496
0.00170909
0.00145199
0.00148125
0.00160892
0.00193355
0.00254713
0.00336207
0.00410331
0.00591244
0.00847695
0.0103262
0.0104467
0.0102125
0.00993732
0.00963443
0.00911578
0.00873007
0.00909064
0.0107934
0.0169108
0.0247203
0.0628764
0.0880624
0.0832022
0.0479535
0.0239249
0.0146496
0.0108217
0.00902461
0.00797463
0.00759401
0.00736658
0.00668727
0.00566669
0.0051296
0.00489234
0.00481235
0.00484972
0.00500147
0.00614731
0.0124431
0.0284877
0.0355386
0.0315305
0.0259958
0.0229819
0.0211104
0.0198745
0.0188337
0.0175621
0.0156976
0.0146131
0.0141595
0.0135122
0.0137865
0.0153191
0.0187742
0.0266808
0.0443891
0.0573509
0.0994726
0.100299
0.0896031
0.0692158
0.0563261
0.0484837
0.0455302
0.0459448
0.0491874
0.0674839
0.13554
0.187013
0.101558
0.0747497
0.0646339
0.0608002
0.0733104
0.113209
0.139258
0.150197
0.148918
0.131094
0.112323
0.102904
0.0981819
0.0968431
0.0981646
0.100735
0.105573
0.110045
0.114371
0.117548
0.120914
0.122226
0.124834
0.129972
0.14115
0.16214
0.18325
0.193835
0.203318
0.209824
0.224906
0.223138
0.26821
0.286359
0.329958
0.336663
0.339327
0.339001
0.348011
0.344716
0.326513
0.283636
0.227597
0.191108
0.185744
0.161198
0.164366
0.161376
0.162165
0.295554
0.516862
0.837016
0.93412
0.908282
0.925368
0.812598
0.687371
0.511161
0.420844
0.325716
0.256384
0.220933
0.193946
0.181801
0.177223
0.178901
0.182887
0.188246
0.192013
0.193551
0.193796
0.192393
0.189263
0.187772
0.184257
0.18265
0.18095
0.180448
0.181246
0.181989
0.185785
0.187458
0.191892
0.19384
0.200034
0.202843
0.208696
0.211332
0.214373
0.214311
0.215001
0.211481
0.207443
0.197748
0.184391
0.161384
0.139973
0.11546
0.0986139
0.0837091
0.0760802
0.0695086
0.0654572
0.0642189
0.0649292
0.0683499
0.0720963
0.0766222
0.0861378
0.0951677
0.100052
0.101659
0.1005
0.0915426
0.080032
0.0738711
0.059527
0.0516988
0.0495735
0.050315
0.0564121
0.075399
0.119377
0.0296104
0.0160711
0.00471451
0.00215919
0.00139862
0.00108601
0.00104004
0.0010827
0.00122557
0.00155259
0.00239425
0.00402396
0.00572023
0.00881582
0.0105386
0.0119127
0.0116238
0.01133
0.0117081
0.0117361
0.0112879
0.0102436
0.0100823
0.0113126
0.0171754
0.0320702
0.074005
0.0803011
0.051148
0.0240068
0.0140485
0.0100283
0.00812844
0.00748388
0.0074168
0.00747535
0.00739015
0.00669977
0.00557851
0.00487505
0.00459406
0.00453444
0.004805
0.00588903
0.0102837
0.0242844
0.0353351
0.0356497
0.0295091
0.0258844
0.0246243
0.0231361
0.0214744
0.018548
0.0156249
0.0127267
0.0111345
0.0108764
0.011061
0.012882
0.014975
0.0191089
0.0287562
0.0562335
0.106605
0.122007
0.102773
0.0725957
0.0616973
0.052019
0.04599
0.0418934
0.0415074
0.0435781
0.0559903
0.113942
0.184747
0.102539
0.0787521
0.0717609
0.0710819
0.0835413
0.110778
0.120712
0.121126
0.109805
0.0947674
0.0887415
0.0870516
0.0903177
0.09442
0.0994877
0.104737
0.110302
0.116272
0.119415
0.120665
0.120477
0.118657
0.117342
0.116903
0.118757
0.124735
0.142703
0.172528
0.198892
0.218203
0.24607
0.263071
0.311803
0.334437
0.397454
0.419042
0.465309
0.463719
0.472605
0.44145
0.413662
0.380672
0.322001
0.250172
0.193229
0.160839
0.163901
0.165899
0.259653
0.730242
0.786276
0.742669
0.673403
0.608409
0.472886
0.399366
0.31852
0.26021
0.218283
0.19099
0.178259
0.174359
0.173037
0.173044
0.176528
0.177863
0.178117
0.175776
0.168133
0.155916
0.144852
0.135556
0.124283
0.119249
0.115458
0.114461
0.115549
0.116074
0.12091
0.123298
0.130034
0.134199
0.141013
0.146172
0.15405
0.159595
0.168711
0.17721
0.185688
0.197455
0.205218
0.213563
0.217777
0.2229
0.223738
0.221781
0.213992
0.203822
0.183034
0.164561
0.134268
0.112668
0.0955094
0.0796428
0.0734147
0.0643268
0.0610565
0.0578911
0.0588245
0.059874
0.065288
0.0751812
0.0901967
0.0972422
0.0973953
0.0904316
0.0865706
0.0812997
0.0756075
0.071546
0.0692026
0.0932199
0.18856
0.0299215
0.00816318
0.00265325
0.00153747
0.00113871
0.000970406
0.000982005
0.00105951
0.00129071
0.00183353
0.00351382
0.00569081
0.00844787
0.0101996
0.0118855
0.0126839
0.0122321
0.0130415
0.0144425
0.0141299
0.013333
0.0117941
0.0110941
0.0122128
0.0197776
0.0518462
0.0710437
0.0616415
0.0277844
0.0150966
0.0102083
0.00787209
0.00706256
0.00706465
0.00766719
0.00791346
0.007907
0.00738096
0.00607812
0.0051549
0.00481102
0.00470994
0.00541928
0.00826568
0.017187
0.0330367
0.0373525
0.0352522
0.0306572
0.030563
0.0305081
0.0274429
0.021564
0.0157611
0.0126545
0.0108087
0.00973442
0.00912293
0.0105337
0.0133136
0.0167397
0.0245073
0.0474186
0.110514
0.142445
0.106617
0.0833924
0.068704
0.0613082
0.0518031
0.0465418
0.0414882
0.0398572
0.0403611
0.0492919
0.100661
0.178341
0.102491
0.0814785
0.0742207
0.0742211
0.0862459
0.098622
0.100649
0.0985417
0.0877272
0.0837155
0.0832751
0.089556
0.0995907
0.109489
0.118563
0.126987
0.130756
0.134225
0.141297
0.146513
0.151607
0.152063
0.138305
0.123411
0.115342
0.113487
0.115878
0.127217
0.160325
0.196903
0.234848
0.279668
0.334904
0.378992
0.440594
0.466486
0.490644
0.473955
0.479859
0.431096
0.42943
0.412594
0.391044
0.321649
0.217618
0.18319
0.189904
0.379892
0.804792
0.697395
0.519377
0.422275
0.362335
0.304019
0.254505
0.214185
0.190282
0.175402
0.166773
0.164052
0.16839
0.169854
0.169734
0.170442
0.170882
0.163241
0.150895
0.135934
0.115408
0.105336
0.0922617
0.0877116
0.0856586
0.0848699
0.0872095
0.0895612
0.0952976
0.0985883
0.10574
0.110715
0.117675
0.124063
0.1299
0.136716
0.143999
0.149956
0.157511
0.165449
0.17198
0.179653
0.187047
0.193672
0.199856
0.205898
0.212041
0.218578
0.220377
0.221649
0.220716
0.215573
0.201497
0.181645
0.168306
0.140019
0.122985
0.101368
0.0833807
0.0740595
0.0603821
0.0577018
0.0543822
0.054964
0.0565012
0.0622989
0.0743531
0.0830308
0.0883919
0.0885795
0.0850069
0.0846126
0.087898
0.0989271
0.232207
0.025277
0.00490769
0.00211663
0.00142044
0.00110473
0.00098892
0.00106246
0.0012596
0.00169671
0.00300325
0.0062239
0.00746997
0.00958698
0.0107842
0.012432
0.0129328
0.0128108
0.0146275
0.0151467
0.0143915
0.0134477
0.0122153
0.0117146
0.014327
0.0290667
0.0556772
0.0629059
0.0363707
0.0176647
0.0113964
0.00852998
0.00688296
0.00665866
0.00715461
0.00832248
0.00897257
0.00912188
0.00895185
0.00744234
0.00571642
0.00530156
0.00531851
0.00681726
0.0122122
0.0249169
0.0369935
0.0393693
0.0371627
0.0366499
0.0377613
0.0358128
0.0289015
0.020292
0.0145996
0.0120815
0.0102031
0.0092678
0.00935784
0.0114458
0.0159268
0.0270533
0.0593509
0.110461
0.123874
0.1093
0.0864478
0.0781596
0.0701886
0.0632988
0.0559587
0.0493297
0.0436324
0.0402604
0.0394274
0.044699
0.0980306
0.164197
0.101125
0.0836776
0.0763089
0.07536
0.0833569
0.0885068
0.0898463
0.0868501
0.0813473
0.080843
0.0846612
0.0938843
0.10314
0.109026
0.112371
0.114826
0.115681
0.116032
0.125474
0.141274
0.159961
0.170301
0.173412
0.172643
0.144964
0.121997
0.111452
0.109373
0.113043
0.132743
0.174076
0.218785
0.267395
0.310367
0.323253
0.317326
0.29586
0.278269
0.291848
0.307168
0.387226
0.40359
0.41879
0.400587
0.347924
0.328893
0.489371
0.637237
0.632932
0.387848
0.279394
0.2368
0.208579
0.1828
0.169704
0.162691
0.158999
0.156862
0.158088
0.162833
0.164583
0.16441
0.162878
0.157212
0.14282
0.125832
0.104122
0.0930546
0.0784647
0.0731477
0.0707733
0.0701347
0.0729291
0.076005
0.0808617
0.0859431
0.0928118
0.0980377
0.105548
0.112533
0.119244
0.129054
0.133498
0.141398
0.149167
0.153265
0.161945
0.165843
0.173956
0.178583
0.1865
0.192574
0.199193
0.203524
0.210508
0.214585
0.217568
0.217348
0.220044
0.218973
0.218915
0.214517
0.207311
0.189828
0.171115
0.154584
0.129821
0.116728
0.099814
0.0810488
0.0700878
0.057101
0.0539709
0.0538432
0.0540498
0.0552693
0.0641594
0.0750484
0.0840507
0.0858848
0.0952142
0.105867
0.242983
0.0197954
0.00368358
0.0020596
0.00148051
0.00127528
0.00124105
0.00143946
0.00193169
0.00312536
0.00548496
0.00708834
0.00862872
0.00994773
0.0113019
0.0124266
0.0122631
0.0130917
0.0150497
0.0152637
0.014595
0.0141083
0.0134574
0.013735
0.020406
0.0413756
0.0523663
0.0465643
0.0221942
0.0133123
0.0100394
0.00765963
0.00662897
0.00666361
0.00737241
0.00910643
0.0108349
0.0114536
0.0115961
0.0105401
0.00725096
0.00615322
0.00616676
0.0083511
0.0154987
0.0295978
0.0400546
0.0426455
0.0425372
0.0430433
0.0438793
0.0411595
0.0323802
0.0216247
0.0156809
0.0129521
0.0111089
0.0104299
0.0110532
0.0158832
0.0281127
0.0614128
0.0951564
0.105586
0.101549
0.0846712
0.0802309
0.0755728
0.0741581
0.0692973
0.0658493
0.0579922
0.0494469
0.0422802
0.0406895
0.045117
0.0945178
0.151555
0.100438
0.0881673
0.0822923
0.0810205
0.0838739
0.0851258
0.0847504
0.0832311
0.0792646
0.0797203
0.0846635
0.0914931
0.0945092
0.0918956
0.0801689
0.0715987
0.0658676
0.0639413
0.066644
0.0765515
0.0981636
0.141104
0.17422
0.188176
0.186168
0.176384
0.13963
0.11597
0.1046
0.102266
0.103058
0.11075
0.118427
0.124689
0.128608
0.130889
0.136268
0.144083
0.170903
0.19364
0.257364
0.314168
0.374185
0.397014
0.417236
0.451789
0.479773
0.46879
0.283697
0.206751
0.172979
0.157722
0.149879
0.147931
0.151096
0.150909
0.151549
0.154607
0.155813
0.15652
0.156024
0.150994
0.138014
0.122671
0.100577
0.090196
0.0737394
0.0665195
0.0630026
0.060735
0.0639607
0.0662219
0.0702262
0.0762697
0.082032
0.092435
0.100524
0.109535
0.117178
0.123691
0.1279
0.136152
0.140652
0.148594
0.153234
0.158356
0.164733
0.167815
0.174658
0.178601
0.184803
0.194279
0.199433
0.20874
0.213745
0.224141
0.232006
0.238009
0.23854
0.237303
0.230261
0.226385
0.216817
0.210191
0.196098
0.188975
0.170494
0.156052
0.138709
0.118251
0.0995055
0.0893398
0.071248
0.0602711
0.0528859
0.0509372
0.0505536
0.0522159
0.0639066
0.0793734
0.0955068
0.107975
0.232514
0.0147309
0.00362299
0.00241355
0.00191301
0.00176665
0.00185869
0.00247985
0.00348713
0.00499899
0.00627391
0.00746742
0.00903475
0.00972539
0.0106208
0.0112079
0.0114199
0.0123913
0.0149937
0.0157784
0.0159453
0.0168045
0.0175597
0.0202671
0.0306445
0.0409996
0.0447806
0.0295747
0.0159574
0.0115697
0.00951758
0.00724927
0.00667426
0.00679138
0.00760891
0.00946158
0.0117382
0.0133901
0.0138537
0.0135893
0.0104498
0.00746604
0.00704495
0.00876871
0.0167238
0.0322626
0.0437682
0.0474723
0.0485132
0.0501335
0.0513171
0.048588
0.039407
0.0281666
0.0212737
0.0176478
0.0155
0.0146483
0.0163758
0.0278989
0.0559298
0.0820774
0.0901679
0.0888042
0.0783164
0.0774712
0.077813
0.0773874
0.0782472
0.0780232
0.076613
0.0721993
0.0609516
0.0510788
0.0462596
0.0474065
0.0840755
0.143109
0.100503
0.0919444
0.0902471
0.0920793
0.0930273
0.0868409
0.0849466
0.0836004
0.0788588
0.0784788
0.0818137
0.0826241
0.07502
0.0665791
0.0584486
0.0529495
0.0505933
0.049962
0.0499543
0.0547939
0.0584217
0.0750723
0.0946448
0.156111
0.18557
0.19462
0.185044
0.171878
0.12979
0.109199
0.0990055
0.0951292
0.093574
0.0948761
0.0982749
0.104038
0.111327
0.123239
0.136469
0.154106
0.179205
0.227887
0.289561
0.327235
0.348841
0.35384
0.306182
0.20754
0.160724
0.140854
0.133307
0.132102
0.137845
0.139837
0.141777
0.146133
0.147517
0.147166
0.145069
0.140209
0.131343
0.118522
0.0990377
0.0904375
0.0738027
0.0644875
0.0609547
0.05568
0.0585122
0.0586266
0.0624521
0.0670898
0.0739142
0.0828863
0.0900274
0.101377
0.105302
0.113168
0.121522
0.127512
0.130781
0.136952
0.141647
0.149559
0.1517
0.158305
0.159858
0.163141
0.165523
0.169454
0.173476
0.181841
0.186599
0.195731
0.202858
0.214906
0.223635
0.235412
0.247372
0.259516
0.261379
0.260555
0.254094
0.240611
0.220805
0.207459
0.193205
0.176947
0.167209
0.151856
0.138288
0.117369
0.103467
0.0839202
0.0717402
0.055626
0.0502671
0.0486575
0.049224
0.0579431
0.087709
0.109388
0.202082
0.0114996
0.00381901
0.0028257
0.00243994
0.00238082
0.00288865
0.00365433
0.00441343
0.00529346
0.00652707
0.00778423
0.00794934
0.00792183
0.00855606
0.00993932
0.010471
0.011368
0.0144399
0.0164346
0.01748
0.0195412
0.0217395
0.0255104
0.032088
0.0368198
0.0322388
0.0194349
0.0133087
0.0110527
0.00951806
0.00733378
0.00686568
0.00701338
0.00762245
0.00957886
0.0118095
0.0144813
0.0166372
0.0169108
0.0146323
0.00948898
0.00784597
0.00855165
0.0166191
0.033569
0.048184
0.0537646
0.056086
0.0585872
0.060025
0.0583515
0.0505532
0.0391452
0.0311525
0.0275935
0.0260305
0.0256027
0.0299659
0.0489245
0.0698893
0.0769325
0.0754447
0.0683745
0.068518
0.0798658
0.0849266
0.0877943
0.0881719
0.0884975
0.0877698
0.0873631
0.0826858
0.0741381
0.0586968
0.0547843
0.0733243
0.126794
0.104234
0.0932167
0.094281
0.100703
0.110122
0.0978338
0.0878876
0.0844691
0.079003
0.0752102
0.0752489
0.0726663
0.0630627
0.055533
0.0522239
0.0496387
0.0484118
0.0485842
0.0462552
0.0498494
0.0492585
0.0598049
0.0635486
0.0888002
0.116705
0.167906
0.187164
0.191229
0.181513
0.162249
0.127554
0.114019
0.104789
0.102254
0.101445
0.108377
0.1117
0.124126
0.130679
0.145058
0.152096
0.164999
0.179174
0.195472
0.201856
0.195707
0.157737
0.133462
0.122188
0.11892
0.121698
0.125293
0.124853
0.129973
0.13348
0.132702
0.131648
0.127091
0.118319
0.114618
0.0958807
0.0885976
0.0760653
0.0651549
0.0616761
0.0557646
0.0560613
0.054798
0.0571958
0.0601691
0.0670915
0.0724447
0.0807263
0.0911181
0.0951657
0.105089
0.108076
0.112532
0.119835
0.127759
0.135606
0.13859
0.14269
0.148754
0.149986
0.15279
0.152645
0.153328
0.15478
0.158263
0.160027
0.161598
0.168455
0.174675
0.182887
0.191404
0.200501
0.207845
0.222982
0.243078
0.252076
0.262197
0.270712
0.271231
0.268944
0.257589
0.245971
0.219001
0.20674
0.18351
0.174251
0.155683
0.138335
0.117339
0.0943123
0.0786368
0.0598345
0.0519883
0.047431
0.0496328
0.0677027
0.108305
0.180874
0.0089133
0.00384416
0.00298013
0.00274697
0.00280448
0.00340028
0.00391812
0.00437909
0.00542482
0.00674722
0.00698344
0.00675096
0.00678848
0.00771205
0.00923142
0.00995984
0.0107913
0.012854
0.0158332
0.0182982
0.0202909
0.0229951
0.0263178
0.0294928
0.0285143
0.0220215
0.0151112
0.0123245
0.0111128
0.00966108
0.00764935
0.00727049
0.00741374
0.00771055
0.00951455
0.011751
0.0144296
0.0185143
0.0216324
0.0215672
0.0149887
0.00939116
0.00839449
0.0138009
0.0315988
0.0524282
0.0616925
0.0662622
0.0697013
0.0736484
0.0741258
0.0682878
0.0545774
0.0436221
0.0393481
0.0384214
0.040432
0.0473154
0.0593975
0.0660835
0.06626
0.0627206
0.063104
0.0765678
0.0917678
0.0991018
0.108692
0.112962
0.113148
0.104629
0.100987
0.100421
0.0988846
0.0876987
0.0748623
0.0749863
0.100859
0.105293
0.0940874
0.0933042
0.0982875
0.112209
0.121354
0.0996914
0.0858966
0.0804358
0.0726039
0.0692149
0.0650584
0.0594022
0.0515074
0.0469859
0.0464996
0.04186
0.0422268
0.0367461
0.0405712
0.0394905
0.0533058
0.054488
0.0708168
0.0758474
0.111357
0.159828
0.189447
0.192967
0.194449
0.176674
0.166189
0.146016
0.140475
0.134788
0.137758
0.135826
0.143551
0.144033
0.153849
0.15588
0.155998
0.15213
0.148003
0.145241
0.143791
0.125557
0.117341
0.113886
0.115714
0.112506
0.112206
0.117131
0.115691
0.112704
0.113407
0.103602
0.108454
0.0921809
0.0868553
0.076893
0.0669815
0.0641092
0.0575904
0.0567445
0.0549867
0.0557223
0.0569357
0.0610112
0.0664974
0.0715502
0.0765696
0.0855809
0.0947936
0.101013
0.1082
0.112288
0.121402
0.123503
0.128018
0.138769
0.145313
0.147629
0.147594
0.14715
0.144103
0.14416
0.143627
0.142378
0.141336
0.141911
0.142402
0.144866
0.148111
0.155438
0.165606
0.174066
0.185706
0.200111
0.212127
0.221472
0.238403
0.255615
0.26523
0.273393
0.276157
0.275531
0.272161
0.260284
0.246335
0.217122
0.206248
0.176411
0.161643
0.133454
0.104608
0.0839264
0.0657917
0.0538276
0.0486081
0.0600615
0.111561
0.173605
0.00707824
0.00380381
0.0029803
0.00276815
0.00286081
0.00335954
0.00363026
0.00434889
0.00603307
0.00664177
0.00634576
0.00588331
0.00593188
0.00676397
0.00857651
0.0099421
0.0106114
0.012139
0.0144148
0.0168015
0.0193933
0.0218109
0.0231634
0.0233562
0.0212045
0.0170226
0.0139437
0.0123388
0.0113215
0.0100153
0.00832983
0.00807859
0.00818939
0.00804396
0.00953237
0.0115447
0.0142831
0.018106
0.0238113
0.0275598
0.0255739
0.0148436
0.0103279
0.0111513
0.0251516
0.0504344
0.0699851
0.0798871
0.0877235
0.0979207
0.101425
0.0981998
0.082547
0.061153
0.0512913
0.0485638
0.0497713
0.0561339
0.0594854
0.0607329
0.0583296
0.0572399
0.0625107
0.0773227
0.0929297
0.100278
0.110544
0.124176
0.131324
0.134854
0.12635
0.117746
0.117664
0.1196
0.114484
0.0965692
0.100476
0.102711
0.0942107
0.0886981
0.0907451
0.103004
0.121075
0.113828
0.0932286
0.0830105
0.0729654
0.0662475
0.0601375
0.055647
0.0512076
0.0430506
0.0417195
0.0367267
0.0357472
0.0322825
0.034124
0.0349327
0.0425683
0.0474132
0.0627205
0.0638209
0.0813353
0.0915171
0.144208
0.176212
0.201329
0.194891
0.19664
0.182611
0.185072
0.173024
0.178413
0.17149
0.179922
0.178926
0.183995
0.185852
0.182564
0.168992
0.161727
0.157643
0.146017
0.128499
0.121774
0.11885
0.111417
0.108668
0.108673
0.0980128
0.107781
0.0915074
0.0998063
0.0884608
0.085613
0.0779189
0.0684104
0.0664635
0.0606546
0.0587988
0.0566304
0.0564687
0.0570997
0.0583467
0.0623596
0.0650626
0.0704496
0.0781388
0.0846857
0.0909973
0.0968291
0.108065
0.120632
0.129619
0.136436
0.140405
0.145327
0.146655
0.147089
0.147036
0.144941
0.142461
0.135512
0.126923
0.119101
0.116435
0.113645
0.10815
0.10335
0.102484
0.103268
0.105957
0.113484
0.124366
0.138647
0.152232
0.173122
0.190245
0.20698
0.225636
0.237966
0.257544
0.267632
0.274262
0.27436
0.274404
0.27165
0.263953
0.245064
0.232452
0.203096
0.186605
0.143109
0.120326
0.0932338
0.066944
0.0545942
0.0553854
0.113875
0.184558
0.00580457
0.00372882
0.00285757
0.00262031
0.00261129
0.00297643
0.00347216
0.00469984
0.00629164
0.0065886
0.00615115
0.0058026
0.0058062
0.0062259
0.00750836
0.00919943
0.0107072
0.0121138
0.014141
0.0157381
0.0172298
0.0185258
0.0191129
0.0192604
0.0176789
0.0160028
0.0140673
0.0125881
0.0117728
0.0107164
0.00967045
0.00946993
0.00908626
0.0086469
0.00916032
0.0107997
0.0137772
0.0174276
0.0232745
0.0298262
0.0344427
0.0280691
0.0155755
0.0103445
0.0156424
0.037056
0.0658853
0.0893693
0.103116
0.112445
0.128949
0.135594
0.133157
0.104357
0.0724296
0.0606395
0.0583367
0.059433
0.0599543
0.0569058
0.0545763
0.0544327
0.057756
0.0652875
0.0685701
0.0650803
0.0643371
0.0854173
0.116306
0.142097
0.152585
0.144397
0.133531
0.130105
0.139068
0.137121
0.119033
0.109209
0.0961645
0.0863171
0.0803435
0.081394
0.0941128
0.108779
0.103075
0.0912087
0.0758236
0.0668063
0.0604113
0.0523044
0.0500565
0.0434835
0.0420552
0.0368106
0.0357239
0.0322734
0.0333623
0.0338775
0.0386905
0.0444152
0.0595523
0.0632951
0.0746732
0.075275
0.0958197
0.105136
0.155519
0.16839
0.197108
0.18449
0.196445
0.184833
0.194107
0.191644
0.2007
0.201875
0.207533
0.208149
0.21538
0.202416
0.206727
0.172787
0.161498
0.140778
0.135853
0.119002
0.118654
0.099193
0.109223
0.0914227
0.0983735
0.0879333
0.0850531
0.0810758
0.0728033
0.0711984
0.0651215
0.0635937
0.0602129
0.0585699
0.0584813
0.0586912
0.0604301
0.0625024
0.0699222
0.0750362
0.0818247
0.0852895
0.0934349
0.108023
0.115298
0.125828
0.133909
0.148232
0.152737
0.153393
0.152365
0.149969
0.144874
0.13905
0.129789
0.117175
0.107052
0.100833
0.0858336
0.0734229
0.0637646
0.0547262
0.0488865
0.0432236
0.0420442
0.0427924
0.0456448
0.0507898
0.0620469
0.0733055
0.0975495
0.115033
0.154526
0.173955
0.20567
0.222347
0.244968
0.258583
0.2672
0.269894
0.269829
0.267397
0.264121
0.255676
0.240029
0.226308
0.193373
0.163449
0.125351
0.0916347
0.0719499
0.0614091
0.0884189
0.23814
0.00504989
0.00372036
0.00265753
0.00241769
0.00247292
0.00301608
0.00391772
0.00516453
0.0062706
0.00652139
0.00629469
0.00608263
0.00620667
0.00664878
0.00735915
0.00864836
0.010447
0.0121819
0.0143548
0.0163714
0.0175293
0.0185997
0.0190944
0.0190474
0.0176678
0.0164561
0.0147638
0.0133498
0.0126787
0.0117919
0.0111279
0.0111423
0.0109452
0.0101123
0.0100875
0.0105402
0.0120921
0.0150628
0.0199771
0.0286245
0.0374817
0.0401375
0.0307014
0.0144943
0.0124047
0.0185908
0.0416056
0.074041
0.092375
0.109827
0.134025
0.149102
0.157606
0.15696
0.131832
0.0847265
0.0698958
0.0658651
0.0636985
0.0576285
0.0530006
0.0493698
0.0457649
0.0440436
0.0453648
0.0436357
0.0435243
0.0468211
0.0627573
0.077931
0.132441
0.15519
0.16042
0.142806
0.140494
0.145815
0.151777
0.131917
0.10729
0.0900905
0.0807404
0.0695545
0.0704836
0.0833666
0.0984807
0.0958356
0.0878064
0.0721063
0.0635528
0.0530983
0.0508538
0.0446128
0.043367
0.0384507
0.0368694
0.0331215
0.0334147
0.0333875
0.0364119
0.0404686
0.0519192
0.0597397
0.0766467
0.0814882
0.0935292
0.0951295
0.117801
0.124429
0.156095
0.163175
0.185918
0.18478
0.19392
0.198657
0.209651
0.215319
0.231974
0.220609
0.248334
0.21726
0.251943
0.185753
0.2262
0.138822
0.179495
0.120883
0.134671
0.104751
0.109155
0.0966233
0.0927683
0.0897983
0.0819493
0.080489
0.0731688
0.0715884
0.0670337
0.0647461
0.0628461
0.0626337
0.063576
0.0650485
0.0681125
0.0717659
0.0800042
0.0874057
0.0954553
0.100717
0.108276
0.125738
0.140661
0.152724
0.157207
0.159369
0.15868
0.156082
0.152946
0.144564
0.13299
0.110302
0.098596
0.0787166
0.0622741
0.0446571
0.0321069
0.0247052
0.0198589
0.0166137
0.0146719
0.0131647
0.0130435
0.0133774
0.0141846
0.0162199
0.0188299
0.0229909
0.0334173
0.0435498
0.0627867
0.0899202
0.124406
0.161452
0.197032
0.225297
0.243838
0.25684
0.261279
0.26227
0.261796
0.256945
0.25321
0.245929
0.224909
0.210214
0.169803
0.138103
0.0917107
0.0877233
0.100321
0.212063
0.00437052
0.00363756
0.00249347
0.00233678
0.00263281
0.00366142
0.00498314
0.00592352
0.00639373
0.00661542
0.00675491
0.00732326
0.0085011
0.00941815
0.00977301
0.0101286
0.0108496
0.0120451
0.0136877
0.0160672
0.017902
0.0192395
0.0200311
0.0199876
0.0192523
0.0183219
0.0170406
0.0155217
0.0146038
0.013001
0.0120947
0.0119341
0.0120229
0.0117261
0.0113614
0.0112932
0.0116774
0.0130449
0.0169756
0.0223177
0.034944
0.0435686
0.0459183
0.0333243
0.0169432
0.0142757
0.0182595
0.0326186
0.0538347
0.0677275
0.066667
0.0662556
0.101573
0.168089
0.177138
0.14791
0.103154
0.0797489
0.0717848
0.0620132
0.0565062
0.0495234
0.0437898
0.0404975
0.0386968
0.0395418
0.0430021
0.0442914
0.0569904
0.060932
0.0779387
0.0925922
0.148189
0.157368
0.149605
0.134781
0.136586
0.134013
0.12646
0.102221
0.083365
0.0710712
0.0668683
0.0685466
0.0761976
0.0870663
0.0857558
0.0796239
0.0724622
0.0570605
0.0533448
0.0452818
0.0428814
0.0375812
0.0348702
0.0333548
0.0335341
0.0344268
0.0373218
0.0400928
0.0468236
0.0555998
0.0641637
0.0772827
0.0910011
0.109342
0.119981
0.134278
0.145589
0.161855
0.170179
0.189771
0.192535
0.219357
0.218793
0.247251
0.252206
0.260925
0.27773
0.252005
0.272832
0.220147
0.242019
0.183414
0.186022
0.15082
0.144359
0.128698
0.113093
0.108383
0.0967869
0.0947849
0.0860926
0.0837919
0.0790196
0.0761624
0.0735824
0.0721528
0.0720154
0.0727963
0.0735653
0.075612
0.0777936
0.0823862
0.0883463
0.0991041
0.110445
0.124427
0.135029
0.145912
0.160006
0.165465
0.165611
0.163306
0.160194
0.152718
0.141243
0.116815
0.0942684
0.0707263
0.0474618
0.0309319
0.0216215
0.0147423
0.0110965
0.00862463
0.00723231
0.0063249
0.00606625
0.00614858
0.00635897
0.0071
0.00767347
0.0088244
0.00960656
0.0114536
0.0131865
0.017563
0.022805
0.0360949
0.0497768
0.0790161
0.106501
0.147363
0.190598
0.219713
0.241311
0.248349
0.253893
0.251814
0.250923
0.246496
0.241702
0.231958
0.203889
0.174417
0.148039
0.0960681
0.0996595
0.267
0.00399575
0.00378863
0.00263305
0.0026703
0.00346263
0.00525334
0.00698775
0.00750752
0.0076011
0.00745265
0.00724255
0.00732833
0.008134
0.00965183
0.0117867
0.0145346
0.0162394
0.0168821
0.0172613
0.0176125
0.0188241
0.0202204
0.0212375
0.0216026
0.0214005
0.0206426
0.0192005
0.017384
0.0159344
0.0138212
0.0126374
0.0119711
0.0120958
0.0119293
0.0119137
0.0118762
0.0121713
0.0130501
0.0161699
0.0200854
0.0274739
0.0391134
0.050396
0.0507796
0.0407994
0.0221207
0.0179894
0.018606
0.0228918
0.027376
0.0267613
0.0265376
0.0322863
0.0529339
0.106323
0.174455
0.164511
0.128773
0.100092
0.0824888
0.0790076
0.0606001
0.0520818
0.0429488
0.0447743
0.0458628
0.0523057
0.0550707
0.0627071
0.0656777
0.073238
0.0758562
0.0938576
0.10329
0.148706
0.162132
0.151083
0.114845
0.115043
0.0956412
0.0846196
0.0793922
0.0727704
0.0631508
0.0636552
0.070328
0.0763347
0.0770984
0.0739425
0.0631865
0.0559484
0.0473234
0.0420911
0.0379666
0.0349293
0.0348801
0.0349534
0.0366957
0.0376516
0.0409098
0.043551
0.0520649
0.0573405
0.0709395
0.0792879
0.105306
0.116138
0.150135
0.157146
0.191999
0.191888
0.222217
0.214884
0.254683
0.240615
0.291404
0.26776
0.316707
0.291704
0.33153
0.298119
0.316384
0.271319
0.260646
0.21414
0.203676
0.170569
0.162483
0.137986
0.132308
0.117374
0.110157
0.101469
0.0934736
0.0900947
0.0873385
0.0847194
0.0813025
0.0799361
0.0795032
0.0809494
0.0829019
0.0873212
0.0913484
0.0987507
0.114028
0.132995
0.152089
0.166948
0.17211
0.173787
0.171503
0.168642
0.16109
0.149895
0.129031
0.1021
0.0729755
0.0449819
0.0283581
0.0180488
0.0121153
0.00856048
0.00635948
0.00519668
0.00461265
0.0043934
0.00445566
0.00471376
0.00523806
0.0057696
0.00729165
0.00817823
0.00944622
0.0109452
0.0111932
0.01189
0.0124501
0.0136489
0.015926
0.0207689
0.0286199
0.0465665
0.0650314
0.100543
0.133739
0.18327
0.2127
0.232818
0.240968
0.244656
0.243117
0.239921
0.240795
0.226273
0.210139
0.162575
0.164132
0.137813
0.447273
0.00692937
0.00423573
0.00382726
0.00494696
0.00827429
0.0128891
0.0171325
0.0179821
0.0178425
0.0152116
0.0134596
0.0118665
0.0119355
0.012338
0.0148428
0.0158178
0.0195764
0.0210601
0.0244426
0.0242695
0.0252525
0.0241725
0.0246692
0.0241468
0.0240765
0.0227803
0.0215766
0.0192686
0.0179296
0.0152777
0.0142809
0.0134031
0.0137223
0.0138137
0.0144183
0.0148155
0.0165348
0.0178844
0.0212362
0.0232272
0.0272641
0.0326261
0.0473711
0.054257
0.0573409
0.0500333
0.0363494
0.0250608
0.0241068
0.0240817
0.0256678
0.0287876
0.0377142
0.0496661
0.0759181
0.110263
0.166722
0.177223
0.184016
0.135536
0.14305
0.112178
0.0969135
0.0806227
0.0809178
0.0740621
0.0743525
0.0721831
0.0733262
0.0724565
0.076608
0.0791122
0.09097
0.0904557
0.105643
0.112782
0.156248
0.13334
0.140046
0.107453
0.102099
0.0935646
0.0857071
0.0671136
0.0642273
0.0718935
0.0765865
0.081811
0.0800581
0.073038
0.06205
0.0524148
0.0435723
0.0396698
0.0351276
0.0346476
0.0338106
0.0349077
0.0350745
0.0379289
0.0394486
0.0461384
0.0507026
0.0687493
0.0768354
0.100551
0.106445
0.132558
0.140586
0.177916
0.186168
0.222848
0.222448
0.253514
0.249599
0.281632
0.273697
0.308042
0.298227
0.332648
0.321493
0.347473
0.332929
0.336653
0.297374
0.263894
0.205486
0.1897
0.160787
0.149546
0.134665
0.120629
0.112309
0.104347
0.100301
0.0944324
0.0901884
0.0871377
0.0864377
0.0864356
0.0877248
0.0910213
0.0966798
0.112727
0.128532
0.15371
0.168492
0.181451
0.183565
0.182247
0.178587
0.171149
0.162211
0.140568
0.117365
0.0818237
0.0501463
0.0302619
0.0187251
0.0121633
0.00821326
0.00607339
0.00482968
0.00419911
0.0039343
0.00394076
0.00405981
0.00440853
0.00549817
0.00714023
0.00980551
0.0151966
0.0177522
0.0224811
0.0240222
0.0237596
0.0227747
0.0208188
0.0180357
0.017537
0.0178312
0.0190083
0.0221155
0.029483
0.0410482
0.0644701
0.0938263
0.129091
0.180362
0.209008
0.227493
0.237422
0.238328
0.238504
0.23033
0.229092
0.237534
0.205996
0.216734
0.428268
0.0293283
0.0230378
0.0266617
0.0298417
0.0434001
0.0516106
0.0713071
0.0812775
0.0927859
0.0861102
0.0825706
0.0694319
0.0713672
0.0642896
0.0775602
0.0714462
0.0876477
0.0837652
0.0963622
0.0828121
0.0842972
0.0667599
0.0632089
0.0486721
0.0458476
0.0374264
0.0353134
0.0299354
0.0284857
0.0248634
0.02443
0.0231694
0.0237116
0.0235612
0.0242983
0.0248493
0.026989
0.0278051
0.0301904
0.031834
0.0368218
0.0398396
0.0480285
0.0518814
0.0656984
0.0682769
0.0692663
0.0631275
0.0539425
0.0459076
0.0460322
0.0483924
0.0607289
0.0759632
0.119166
0.136879
0.177961
0.203027
0.261207
0.244843
0.236346
0.214829
0.206637
0.189352
0.182314
0.174458
0.17301
0.164419
0.160277
0.144468
0.138325
0.120349
0.114923
0.102372
0.106966
0.102756
0.118081
0.117317
0.131105
0.122947
0.118721
0.10502
0.106996
0.0925948
0.0889416
0.0869107
0.0889382
0.0907992
0.0951719
0.0924419
0.0815621
0.0664075
0.0530288
0.0462363
0.039546
0.0370684
0.0347194
0.0352414
0.0356112
0.0384978
0.0405251
0.048255
0.0530635
0.0686432
0.0762387
0.0965445
0.10192
0.115359
0.117015
0.128135
0.13452
0.158199
0.167877
0.191691
0.198874
0.214732
0.221775
0.238186
0.248727
0.270446
0.283379
0.315151
0.33069
0.352943
0.354311
0.354936
0.333462
0.277791
0.227013
0.191538
0.165634
0.144596
0.130349
0.118656
0.109193
0.103882
0.0986423
0.0971919
0.0959924
0.0977905
0.101181
0.114661
0.12748
0.157868
0.174288
0.191682
0.194237
0.193489
0.190095
0.184417
0.173001
0.153696
0.129645
0.0950281
0.0600024
0.0357979
0.0218884
0.0135532
0.00905038
0.00645533
0.00504217
0.00429903
0.0039284
0.00378395
0.00379634
0.00402492
0.00470065
0.00672047
0.0105577
0.0169886
0.0275265
0.0387354
0.0487147
0.0566381
0.0614591
0.0610139
0.0586237
0.0537741
0.0439779
0.0349445
0.0279619
0.023265
0.022862
0.0235238
0.0256773
0.0312092
0.0440299
0.063767
0.0946612
0.136177
0.183478
0.214972
0.228319
0.23186
0.241743
0.241803
0.235276
0.213513
0.215153
0.565465
0.283672
0.24431
0.249652
0.2408
0.257085
0.255557
0.270286
0.271155
0.288286
0.287267
0.29758
0.288559
0.293515
0.285928
0.295157
0.291558
0.302883
0.29972
0.310886
0.30291
0.307764
0.288666
0.278923
0.240029
0.220764
0.177356
0.162207
0.133838
0.126346
0.111886
0.109073
0.102385
0.101027
0.0967516
0.0963148
0.0941208
0.0944998
0.0936954
0.0942679
0.0955429
0.100608
0.103837
0.110165
0.109386
0.108638
0.107269
0.107556
0.106469
0.106297
0.105648
0.107293
0.112029
0.124453
0.140953
0.170256
0.197165
0.236371
0.279225
0.304141
0.331119
0.337337
0.346109
0.342766
0.34317
0.338321
0.337301
0.335763
0.335379
0.331351
0.32048
0.307433
0.280295
0.257544
0.215932
0.189345
0.160428
0.152023
0.14335
0.143174
0.141889
0.138029
0.125445
0.125949
0.122469
0.114753
0.114508
0.111564
0.112286
0.111056
0.110317
0.106167
0.0965781
0.0816619
0.0718139
0.0615846
0.0552115
0.0503262
0.0503216
0.0507257
0.0541339
0.0569535
0.064614
0.0687277
0.0786448
0.0832708
0.0920543
0.0942398
0.0985843
0.100273
0.105698
0.108699
0.117083
0.125183
0.14913
0.16565
0.188217
0.196649
0.211241
0.217741
0.228112
0.231526
0.237225
0.244011
0.27469
0.304718
0.341439
0.359744
0.362202
0.353756
0.326268
0.275238
0.235949
0.192978
0.170406
0.146894
0.138465
0.130439
0.12967
0.130587
0.135439
0.150759
0.169747
0.192558
0.20304
0.208923
0.206984
0.204463
0.193142
0.184479
0.162083
0.140478
0.10973
0.0741246
0.0443927
0.0264668
0.0163865
0.010291
0.00721771
0.00547577
0.00456759
0.00415342
0.00390454
0.00378944
0.00387021
0.00426978
0.00548781
0.00846539
0.016445
0.0264491
0.0508834
0.0655344
0.0909283
0.103476
0.116952
0.119693
0.118377
0.114941
0.107087
0.0974011
0.0846018
0.0684145
0.0489441
0.0367727
0.0290619
0.0271635
0.0276968
0.0297705
0.0351326
0.0468639
0.0674919
0.105534
0.150921
0.198278
0.21807
0.230356
0.243959
0.234382
0.233898
0.296199
0.983004
7.84301
3.39497
1.34934
0.704718
0.390325
0.369231
0.567892
0.830674
1.45815
1.79723
1.26115
0.717812
0.767551
0.893831
0.927187
1.01263
1.28493
1.97903
3.06617
3.02642
4.00119
3.69749
1.67662
0.701854
1.05739
0.793551
0.841531
0.652654
0.627428
0.653335
0.74292
0.825352
1.1118
1.60704
1.88444
2.32231
2.61255
2.68129
2.78786
2.57254
1.74145
3.85016
2.71812
1.357
1.89284
1.93339
1.85783
1.22511
0.758255
0.618163
0.735776
1.11487
1.57188
2.23922
2.46956
2.6897
2.87034
2.81622
2.7152
2.30823
0.685214
3.15088
3.0238
3.01669
2.77243
2.93356
2.80256
2.44618
1.67926
1.01522
0.933519
1.42633
1.80842
2.12305
2.37985
2.51696
2.64182
2.57569
2.58431
2.31595
0.319231
1.79319
2.35769
3.46762
3.07727
3.09598
2.91163
2.80301
2.52862
1.86856
1.29978
1.53551
1.88595
1.92872
2.01449
2.14132
2.22799
2.04428
2.11299
2.08384
0.175215
0.926929
1.35693
2.73706
2.46881
2.26834
1.99728
2.08295
2.43746
2.53242
1.92186
1.70724
1.8421
1.82053
1.87348
1.9112
1.91591
1.57714
1.54265
1.67673
0.115514
0.460909
0.686885
1.45512
1.36313
1.10281
0.938113
0.971217
1.237
2.23922
2.27355
1.91112
1.86679
1.78545
1.82954
1.77884
1.58964
1.0333
0.933208
1.10691
0.097437
0.25262
0.3491
0.684525
0.651859
0.480471
0.415843
0.417895
0.461993
0.937103
1.94417
1.90644
1.88722
1.75388
1.72991
1.53382
0.969198
0.729634
0.654367
0.732067
0.0885289
0.164038
0.217433
0.354035
0.342072
0.266551
0.237911
0.235152
0.232654
0.284909
0.928576
1.55939
1.63371
1.55307
1.42149
0.912567
0.650441
0.63997
0.601503
0.572833
0.0933054
0.121825
0.188537
0.222766
0.220824
0.207151
0.202992
0.204427
0.206353
0.22959
0.353418
0.862973
1.0217
0.958346
0.779105
0.57111
0.578537
0.713728
0.741382
0.636248
0.110051
0.129537
0.205443
0.225063
0.221261
0.210939
0.213334
0.216729
0.222657
0.256512
0.299408
0.491169
0.549703
0.529468
0.494397
0.51363
0.657921
1.08817
1.12502
0.881625
0.155573
0.185055
0.290383
0.303499
0.29231
0.242661
0.216277
0.217098
0.219821
0.228075
0.28212
0.41808
0.451374
0.457471
0.481008
0.596467
1.08895
1.55909
1.56091
1.23631
0.164638
0.232388
0.287462
0.312394
0.308907
0.261004
0.185843
0.18343
0.180183
0.163759
0.202389
0.328963
0.435716
0.461991
0.536561
0.841843
1.68856
2.01991
1.97531
1.57603
0.15975
0.211532
0.214115
0.240914
0.26386
0.23498
0.167836
0.146473
0.129812
0.12451
0.132553
0.196993
0.330535
0.402692
0.604473
1.40656
2.25086
2.29358
2.19469
1.79538
0.161507
0.166788
0.163049
0.17513
0.194386
0.185939
0.162548
0.130816
0.116878
0.122705
0.124975
0.146556
0.223656
0.397357
0.983277
2.23917
2.52977
2.39269
2.23875
1.90412
0.154807
0.168192
0.170928
0.169651
0.169264
0.184777
0.230964
0.204525
0.199513
0.261069
0.262177
0.273561
0.387019
0.79068
2.11815
2.6725
2.59672
2.21753
2.12758
1.96719
0.164612
0.232165
0.247547
0.23412
0.241102
0.439783
0.806785
0.791787
0.834257
1.07607
1.04216
1.04664
1.30953
2.32418
3.03438
2.82425
2.18479
1.87317
1.9789
1.93377
0.236033
0.58331
0.869558
0.988974
1.24652
2.22262
2.94667
2.89686
2.99982
3.19863
2.99804
2.96528
3.47256
3.6626
3.3532
2.10474
1.55602
1.52962
1.71367
1.79759
1.40291
3.25815
4.03983
4.54092
5.65197
6.11774
5.94646
5.73133
5.6245
5.28978
5.04016
5.042
4.92598
4.14611
2.41814
1.16913
0.986135
1.02878
1.26036
1.51704
7.30041
8.93558
8.6205
8.41432
8.29255
7.36846
6.2376
5.85751
5.61874
5.20904
5.1732
5.11646
4.40928
2.8511
1.56857
0.666247
0.433743
0.578783
0.830648
0.604313
)
;

boundaryField
{
    inlet
    {
        type            fixedValue;
        value           uniform 2e-05;
    }
    outlet
    {
        type            inletOutlet;
        inletValue      uniform 0;
        value           nonuniform List<scalar> 
20
(
3.02642
2.57254
2.30823
2.31595
2.08384
1.67673
1.10691
0.732067
0.572833
0.636248
0.881625
1.23631
1.57603
1.79538
1.90412
1.96719
1.93377
1.79759
0
0
)
;
    }
    walls
    {
        type            fixedValue;
        value           uniform 0;
    }
    frontAndBack
    {
        type            empty;
    }
}


// ************************************************************************* //
