/*--------------------------------*- C++ -*----------------------------------*\
| =========                 |                                                 |
| \\      /  F ield         | OpenFOAM: The Open Source CFD Toolbox           |
|  \\    /   O peration     | Version:  2.4.0                                 |
|   \\  /    A nd           | Web:      www.OpenFOAM.org                      |
|    \\/     M anipulation  |                                                 |
\*---------------------------------------------------------------------------*/
FoamFile
{
    version     2.0;
    format      ascii;
    class       volScalarField;
    location    "1.15";
    object      k;
}
// * * * * * * * * * * * * * * * * * * * * * * * * * * * * * * * * * * * * * //

dimensions      [0 2 -2 0 0 0 0];

internalField   nonuniform List<scalar> 
8800
(
8.11146
10.2769
8.78295
6.84422
5.67652
5.01094
4.48831
4.18163
3.87251
3.71807
3.48723
3.42088
3.24675
3.20897
3.05189
3.03138
2.90201
2.87134
2.82069
2.6438
1.39112
4.36318
5.30973
5.29616
5.10672
4.85754
4.52965
4.33269
4.0718
3.93899
3.71234
3.64068
3.47291
3.41896
3.28665
3.25073
3.14439
3.10545
3.01123
3.00929
0.0833524
0.746755
1.53877
1.9708
2.24608
2.46539
2.55076
2.62262
2.61199
2.60861
2.57944
2.55904
2.50786
2.48769
2.45001
2.41677
2.39048
2.35992
2.31055
2.29253
0.00328459
0.0712259
0.240011
0.437632
0.580245
0.708283
0.82717
0.941734
1.01944
1.08576
1.17344
1.20745
1.26682
1.29246
1.34783
1.35941
1.40188
1.40673
1.42239
1.41458
0.000119096
0.00506728
0.0206759
0.0513602
0.0944003
0.120588
0.16313
0.204984
0.246305
0.27223
0.329598
0.351839
0.396695
0.419404
0.469157
0.487309
0.533926
0.552037
0.590811
0.606358
2.55532e-05
0.000324782
0.00138478
0.0035503
0.00882682
0.0122209
0.0183835
0.0257217
0.0337634
0.0395495
0.0544402
0.0618354
0.0738225
0.0837953
0.0985625
0.105713
0.119063
0.1345
0.143284
0.162324
2.20291e-05
4.53311e-05
0.000116161
0.000250978
0.000605937
0.000922607
0.00124769
0.00209018
0.00255154
0.00336985
0.00459724
0.00616806
0.00712008
0.00970902
0.0113901
0.0137714
0.0151339
0.0188709
0.0205366
0.0266456
2.12007e-05
3.52427e-05
4.74316e-05
7.01783e-05
8.42222e-05
0.000119782
0.000139252
0.000196584
0.000213588
0.000273427
0.000321572
0.000440265
0.000476
0.00069574
0.000797847
0.00105487
0.00112882
0.00154263
0.0017153
0.00269923
2.09749e-05
3.15718e-05
4.04855e-05
5.40127e-05
6.62723e-05
7.78556e-05
8.08349e-05
8.1598e-05
7.96045e-05
8.10156e-05
8.70974e-05
0.000104989
0.000108108
0.000117925
0.0001179
0.000123111
0.000129375
0.00016244
0.000170863
0.000224513
2.06445e-05
2.65947e-05
4.24361e-05
6.40042e-05
6.33633e-05
6.02688e-05
6.21404e-05
7.19055e-05
7.42536e-05
7.46784e-05
7.47967e-05
7.49855e-05
7.79291e-05
8.08413e-05
8.00296e-05
7.93337e-05
7.98793e-05
8.55193e-05
8.74286e-05
9.06407e-05
2.05237e-05
2.71543e-05
4.85051e-05
5.95873e-05
5.67773e-05
5.68717e-05
6.60862e-05
7.51768e-05
7.61653e-05
7.83726e-05
7.77525e-05
7.52436e-05
7.50257e-05
7.7442e-05
7.80403e-05
7.89238e-05
8.44187e-05
8.89294e-05
8.8167e-05
8.88762e-05
2.08106e-05
2.86454e-05
3.80684e-05
5.70371e-05
7.16231e-05
7.73971e-05
7.69797e-05
7.51397e-05
7.71102e-05
8.90841e-05
9.27088e-05
9.58961e-05
0.000101293
0.000100856
0.00010146
0.000113137
0.000148835
0.000167267
0.000178554
0.000193215
2.10027e-05
2.94729e-05
5.3879e-05
8.71985e-05
9.18875e-05
0.000101462
0.000118676
0.000157629
0.000248137
0.000340749
0.000357486
0.000414772
0.000529663
0.000589484
0.000670298
0.00101301
0.00134272
0.00170338
0.0019404
0.00245566
2.16116e-05
4.30775e-05
0.000167055
0.000357011
0.000447526
0.000783566
0.00119195
0.00205269
0.00289527
0.00429046
0.00474922
0.00618074
0.00741604
0.00916426
0.0104109
0.0143682
0.0166072
0.0209665
0.0233809
0.0299156
2.49457e-05
0.000307315
0.00205893
0.00450928
0.00640535
0.0123932
0.0181469
0.0260643
0.0345671
0.0467742
0.0512423
0.0633264
0.0712545
0.085258
0.0929051
0.113711
0.123374
0.144393
0.156025
0.190202
0.000123351
0.0049315
0.027346
0.0530516
0.0764013
0.129376
0.166213
0.200508
0.246812
0.294426
0.312542
0.357365
0.387241
0.430152
0.452172
0.510052
0.533328
0.586378
0.613701
0.68951
0.00336969
0.0695753
0.264196
0.412623
0.576633
0.715867
0.835056
0.917424
1.03648
1.10419
1.14082
1.21668
1.26688
1.30137
1.32711
1.38884
1.40685
1.44968
1.47068
1.52438
0.084663
0.728046
1.57035
1.92981
2.28345
2.43854
2.57648
2.59285
2.63178
2.59826
2.58383
2.54112
2.52756
2.47261
2.4589
2.42153
2.41068
2.37858
2.36788
2.34279
1.40695
4.34967
5.31962
5.28412
5.1343
4.79512
4.59077
4.27802
4.12593
3.86739
3.78213
3.57671
3.51776
3.37102
3.33243
3.1967
3.17111
3.05678
3.0167
2.91465
8.12032
10.2631
8.79307
6.8155
5.71934
4.95201
4.54234
4.13288
3.92187
3.64616
3.56106
3.34841
3.29787
3.13668
3.10981
2.94058
2.90759
2.73635
2.67669
2.45703
1.86561
1.35258
1.02769
0.837498
0.717503
0.660101
0.619892
0.603907
0.585985
0.577296
0.560913
0.554684
0.541227
0.535631
0.522288
0.517054
0.504847
0.500087
0.4891
0.485196
0.476887
0.473503
0.466561
0.463124
0.45687
0.451928
0.446529
0.441403
0.436752
0.431373
0.427581
0.423693
0.420176
0.41814
0.417074
0.416622
0.417185
0.41834
0.421463
0.426495
0.434467
0.440238
0.455796
0.459803
0.456511
0.442688
0.412709
0.365346
0.313484
0.269225
0.236877
0.215618
0.200222
0.188168
0.179273
0.176078
0.175214
0.177539
0.182026
0.194825
0.20465
0.217945
0.232114
0.245002
0.254968
0.258057
0.265291
0.274256
0.283206
0.29055
0.307566
0.324465
0.335717
0.349334
0.3606
0.367797
0.381138
0.389889
0.406936
0.417563
0.436657
0.444419
0.446402
0.439633
0.423885
0.381583
0.351954
0.306667
0.28337
0.256795
0.241816
0.224138
0.213748
0.206578
0.199817
0.192539
0.190423
0.186764
0.183256
0.179826
0.173522
0.163946
0.15616
0.140509
0.12237
0.0908083
0.0497355
0.0272085
0.0150111
0.00946769
0.00666085
0.00576407
0.00563678
0.00592025
0.00710643
0.0107215
0.0199795
0.0401786
0.0835983
0.148658
0.183972
0.195386
0.193298
0.186323
0.17705
0.169353
0.162233
0.153697
0.146044
0.140486
0.135014
0.12988
0.125995
0.121102
0.115854
0.111984
0.103859
0.0849565
0.0554225
0.040017
0.0346501
0.0341442
0.0346935
0.0367568
0.0397577
0.0435169
0.0441734
0.0441054
0.0451597
0.0466989
0.0470802
0.0507957
0.0631305
0.063732
0.0532585
0.0314968
0.0239949
0.0227668
0.0246549
0.0528534
0.173276
0.266213
0.301223
0.311008
0.302277
0.266737
0.205268
0.158
0.135775
0.115634
0.103756
0.0963626
0.0978564
0.100982
0.110997
0.130021
0.183271
0.203949
0.200317
0.184805
0.162568
0.142525
0.1331
0.123847
0.122571
0.119595
0.120456
0.118611
0.118576
0.12288
0.143343
0.151844
0.145178
0.104759
0.0842006
0.0709492
0.0455794
0.0416725
0.098305
0.975716
2.56831
2.12065
1.77777
1.52505
1.32958
1.1905
1.0816
1.00812
0.947215
0.9037
0.856997
0.820868
0.784297
0.76001
0.734301
0.718151
0.699468
0.686771
0.670523
0.656614
0.644254
0.632042
0.622238
0.612863
0.605063
0.597114
0.590451
0.582323
0.576749
0.568693
0.562012
0.55488
0.548526
0.541914
0.537158
0.52988
0.52672
0.52035
0.517866
0.512869
0.510301
0.509517
0.509997
0.510918
0.512894
0.514149
0.512561
0.508032
0.497228
0.483356
0.460971
0.442338
0.417068
0.395552
0.376554
0.358905
0.341248
0.330343
0.320427
0.314874
0.308774
0.302242
0.298114
0.296324
0.296239
0.297023
0.302045
0.308938
0.318365
0.329708
0.338675
0.348044
0.350987
0.352453
0.352344
0.350797
0.348946
0.345103
0.336593
0.335228
0.336383
0.342939
0.349941
0.36635
0.383859
0.384999
0.381544
0.373909
0.357382
0.339671
0.316326
0.301523
0.279394
0.264775
0.247258
0.232847
0.222426
0.210025
0.19852
0.18632
0.169582
0.153762
0.12613
0.096
0.0561473
0.0315328
0.0182021
0.0111865
0.00714042
0.00560478
0.00495193
0.00505615
0.00547694
0.00704599
0.0112988
0.0222041
0.0479351
0.0992133
0.186474
0.21458
0.217825
0.210888
0.199929
0.187569
0.177085
0.169494
0.155247
0.144734
0.135684
0.128126
0.124214
0.12292
0.122171
0.120024
0.116202
0.112708
0.109399
0.103146
0.0858497
0.0577157
0.042996
0.0376984
0.0370382
0.0375994
0.0394339
0.0436375
0.0445857
0.044551
0.0452787
0.0462834
0.0488869
0.0585076
0.0640098
0.062881
0.0476539
0.0283209
0.0222626
0.0220425
0.0283982
0.0852056
0.239588
0.303636
0.336917
0.333244
0.300697
0.226181
0.16324
0.122822
0.0999289
0.0824751
0.0695911
0.0672102
0.0682982
0.0728886
0.0802491
0.0928035
0.118664
0.166518
0.183755
0.180509
0.167926
0.144463
0.133192
0.121219
0.120047
0.122982
0.126863
0.12467
0.11966
0.116602
0.124445
0.137655
0.136598
0.115329
0.0826348
0.0744439
0.0635338
0.0539625
0.11377
0.478964
2.07628
1.84321
1.64632
1.47944
1.33002
1.20503
1.10212
1.02687
0.967902
0.923211
0.886944
0.850644
0.811483
0.774783
0.738198
0.709955
0.687118
0.671578
0.660509
0.648762
0.637546
0.62432
0.60964
0.595921
0.582888
0.573581
0.565873
0.560084
0.557038
0.550628
0.547008
0.539454
0.532315
0.525468
0.518027
0.511223
0.506419
0.499738
0.496702
0.491608
0.486794
0.484276
0.479818
0.477173
0.475811
0.475317
0.474284
0.473355
0.471631
0.468694
0.466166
0.460432
0.457571
0.453595
0.447558
0.443159
0.436866
0.431482
0.42786
0.424718
0.419763
0.416437
0.408771
0.403394
0.394866
0.391151
0.383764
0.38112
0.375677
0.372973
0.366316
0.362232
0.352668
0.346277
0.333482
0.323719
0.305866
0.298264
0.280805
0.274516
0.266301
0.262812
0.262261
0.26415
0.267266
0.275158
0.281282
0.289694
0.290402
0.28912
0.283298
0.277056
0.263962
0.253395
0.238532
0.224106
0.207436
0.187265
0.16604
0.135287
0.107576
0.0749245
0.0469083
0.0290257
0.0173261
0.0111715
0.00759715
0.00546333
0.00438425
0.00433827
0.00451132
0.0052238
0.00728954
0.0124135
0.0241908
0.054147
0.120422
0.211261
0.24404
0.239069
0.230106
0.21143
0.196928
0.183972
0.165992
0.149856
0.137407
0.128106
0.122913
0.11754
0.111787
0.110508
0.111426
0.114242
0.114109
0.112123
0.110133
0.108338
0.102687
0.0874027
0.0600334
0.0462676
0.0416199
0.0405523
0.0409875
0.0438132
0.0452503
0.0466509
0.0476503
0.0525015
0.0604455
0.0648577
0.0645768
0.0577643
0.0350515
0.024013
0.0216096
0.0229452
0.041417
0.170242
0.291203
0.350721
0.360906
0.34513
0.276358
0.188873
0.13825
0.100626
0.0797456
0.0653621
0.0561742
0.0528939
0.0532737
0.0553659
0.0607607
0.0701205
0.0826153
0.113364
0.150878
0.165873
0.162958
0.151573
0.133399
0.122878
0.12007
0.127186
0.130972
0.131985
0.1217
0.112172
0.116515
0.129531
0.128534
0.114556
0.0849706
0.0708464
0.0705788
0.062044
0.100838
0.247068
1.32592
1.22074
1.13919
1.06309
0.991155
0.926065
0.85168
0.786361
0.729116
0.688807
0.668845
0.653157
0.641665
0.622519
0.594582
0.565019
0.531527
0.507018
0.491555
0.481572
0.47854
0.476458
0.471338
0.461955
0.44635
0.431144
0.41659
0.404276
0.399762
0.398206
0.398731
0.401591
0.401873
0.400073
0.39236
0.380885
0.372468
0.363637
0.35589
0.353001
0.350127
0.349504
0.350119
0.350231
0.349381
0.347649
0.344827
0.343902
0.343164
0.341188
0.341378
0.341833
0.342161
0.344435
0.345918
0.348292
0.351043
0.352941
0.357257
0.359923
0.363074
0.365655
0.36565
0.364812
0.363085
0.358978
0.355197
0.346275
0.338915
0.329464
0.314137
0.300612
0.288286
0.263387
0.251173
0.230544
0.207046
0.190634
0.171361
0.152454
0.143167
0.131187
0.124676
0.124472
0.125122
0.127805
0.132481
0.135771
0.141608
0.143133
0.142325
0.139803
0.134943
0.124997
0.11569
0.101985
0.0850692
0.0685388
0.0524831
0.0388892
0.0280702
0.0192824
0.0138128
0.00932603
0.0064379
0.00507911
0.00410347
0.0036319
0.00372699
0.00410003
0.00529183
0.00826165
0.0143431
0.027012
0.0564795
0.137763
0.235984
0.270656
0.264413
0.245115
0.230687
0.20124
0.185475
0.161605
0.146176
0.138158
0.129991
0.123656
0.120938
0.117175
0.112493
0.107646
0.106688
0.107863
0.109832
0.109394
0.109058
0.108925
0.108444
0.105002
0.0840985
0.0650184
0.051603
0.0456633
0.0444004
0.0454155
0.0476347
0.0486027
0.0493952
0.055575
0.0634474
0.0646585
0.0613341
0.0438721
0.0275407
0.0228182
0.0229539
0.0281295
0.07176
0.240631
0.322415
0.382848
0.38104
0.350591
0.250265
0.167623
0.114402
0.0823191
0.0658938
0.0559048
0.0498161
0.0465492
0.0466829
0.0477249
0.051021
0.0575588
0.0652546
0.0801196
0.111435
0.14043
0.150053
0.148446
0.134523
0.129212
0.123921
0.1305
0.134059
0.133281
0.116031
0.106405
0.106026
0.11418
0.117248
0.107289
0.0994519
0.0729681
0.0880266
0.0708555
0.0752029
0.144628
0.584456
0.551921
0.529768
0.50881
0.489992
0.477163
0.448632
0.423253
0.387937
0.355864
0.337053
0.325935
0.325146
0.326039
0.327011
0.327812
0.319147
0.293003
0.26857
0.24761
0.239245
0.237017
0.238102
0.245942
0.250428
0.252252
0.248807
0.229634
0.213914
0.201839
0.196028
0.195781
0.198653
0.206896
0.212761
0.214725
0.214795
0.20854
0.19576
0.186837
0.17868
0.174993
0.174517
0.174526
0.176187
0.179736
0.18052
0.181094
0.180935
0.178798
0.177938
0.176694
0.175813
0.17616
0.176733
0.177681
0.181034
0.182964
0.18698
0.191521
0.195369
0.19964
0.204048
0.204754
0.204645
0.203057
0.200236
0.194465
0.18628
0.177706
0.165688
0.152429
0.139801
0.122677
0.108797
0.0940641
0.0795823
0.0696603
0.0602027
0.0519673
0.0469452
0.042257
0.0388599
0.0367081
0.0361112
0.0361953
0.0365188
0.0375374
0.038829
0.0398117
0.039671
0.0389857
0.0374609
0.0344974
0.0313757
0.0270184
0.0226724
0.0186713
0.0145248
0.0116585
0.00861395
0.00665945
0.00526487
0.00389456
0.00338961
0.00315629
0.00316007
0.00334439
0.00403969
0.00573926
0.0102481
0.0180369
0.0310482
0.0601801
0.133804
0.267037
0.296023
0.292763
0.267989
0.245058
0.21288
0.178427
0.166254
0.146739
0.138816
0.134337
0.127162
0.125311
0.121652
0.119646
0.117316
0.109679
0.106912
0.107699
0.109406
0.108938
0.108637
0.108793
0.111074
0.11095
0.10397
0.0802997
0.0619246
0.0525747
0.0512876
0.0513231
0.0530317
0.0532456
0.0550881
0.0590645
0.0627586
0.06064
0.0489699
0.0317383
0.0237817
0.0229548
0.02482
0.036187
0.12669
0.265103
0.364705
0.407851
0.400715
0.34629
0.225204
0.147968
0.0957514
0.0730839
0.059048
0.0526474
0.0468456
0.0435037
0.0424017
0.042751
0.0441642
0.0489839
0.0542081
0.0642949
0.0826483
0.11454
0.132248
0.141668
0.136325
0.128803
0.127583
0.129089
0.133727
0.129545
0.112412
0.105615
0.103951
0.10828
0.113932
0.10708
0.109391
0.081486
0.0910936
0.0797075
0.0741029
0.105626
0.159317
0.152911
0.148609
0.144901
0.141999
0.141316
0.137767
0.134021
0.124324
0.112474
0.105814
0.100689
0.100123
0.101463
0.104627
0.109011
0.109822
0.109078
0.101688
0.087978
0.0792898
0.0739973
0.0724263
0.0744457
0.0808319
0.0872567
0.0906506
0.0907124
0.0863573
0.0758844
0.0671871
0.0630507
0.0613622
0.0620539
0.0680967
0.0731385
0.0770225
0.0783976
0.0779084
0.0739751
0.0672125
0.061855
0.0594031
0.0582291
0.0582061
0.0592653
0.0604148
0.062474
0.063503
0.0634919
0.0635201
0.0633345
0.0625967
0.0625049
0.0622053
0.0621958
0.0626488
0.0630631
0.0638163
0.065605
0.066391
0.068413
0.0701087
0.0704204
0.0702934
0.0696301
0.0682591
0.0662243
0.0616419
0.0581936
0.0524392
0.0475519
0.0423548
0.0367369
0.0322913
0.0279374
0.0239206
0.0208989
0.0179446
0.0157376
0.0138912
0.0122464
0.0111631
0.0101642
0.00938471
0.00898414
0.00887457
0.00887372
0.00884506
0.00897196
0.00897612
0.00892617
0.00868624
0.00830931
0.00771406
0.0067733
0.00606863
0.00516742
0.00440323
0.00386682
0.00307135
0.00289238
0.00248167
0.00245551
0.00260308
0.00275581
0.00321937
0.00469338
0.0072953
0.0123542
0.0234585
0.0369487
0.0646274
0.132764
0.286775
0.331273
0.317289
0.298445
0.24981
0.228808
0.184673
0.164113
0.155493
0.138086
0.136349
0.132026
0.12783
0.126296
0.122376
0.120725
0.117864
0.112368
0.108263
0.108668
0.109846
0.109575
0.109036
0.109297
0.11386
0.113838
0.111715
0.0926936
0.0749395
0.0663314
0.0622121
0.0571817
0.0567768
0.0559482
0.0571554
0.0592982
0.0602704
0.053473
0.0376224
0.0248121
0.0204816
0.0212632
0.025104
0.0447878
0.162189
0.280438
0.411186
0.427902
0.421481
0.347066
0.211903
0.132294
0.0841566
0.068404
0.0561756
0.0520949
0.0456335
0.0441707
0.0408774
0.042052
0.042027
0.0450128
0.0474734
0.0554604
0.0643658
0.0914529
0.114739
0.12946
0.131898
0.127928
0.130942
0.129141
0.133564
0.129643
0.116323
0.105938
0.104424
0.107602
0.11288
0.109112
0.109897
0.0873276
0.0780341
0.0779019
0.0736005
0.0829453
0.0263279
0.0253081
0.0245685
0.0240139
0.0238078
0.0239478
0.0237637
0.0236434
0.0232553
0.0215692
0.0207333
0.0194385
0.0189945
0.0190054
0.0193412
0.0211674
0.0222358
0.0226001
0.0225069
0.0199515
0.016953
0.0146795
0.0135696
0.0135716
0.0156345
0.0198517
0.0228845
0.0237189
0.0233964
0.020178
0.0162814
0.0133687
0.0116746
0.0111692
0.0121655
0.0163699
0.0203315
0.0226914
0.0232922
0.0227881
0.0199368
0.0169172
0.0148961
0.0136599
0.0133391
0.0135266
0.0143916
0.0158307
0.0168144
0.017114
0.0172844
0.0172518
0.0170157
0.0169191
0.0166702
0.0165966
0.0166746
0.0167663
0.0169863
0.0172809
0.0174371
0.0179226
0.0182499
0.0182933
0.0182583
0.0180517
0.0176946
0.0171292
0.0160439
0.0149457
0.0134499
0.0121456
0.0107538
0.00937063
0.00832445
0.00720726
0.00631638
0.00555675
0.00482808
0.00428874
0.00378965
0.00334332
0.00301977
0.00272109
0.00244967
0.00223959
0.00215192
0.00209745
0.00210133
0.00208481
0.00211528
0.00213747
0.00211938
0.00208475
0.00197557
0.00187385
0.00175188
0.00163783
0.00166064
0.00163407
0.00171063
0.0018659
0.00195713
0.00228192
0.00274146
0.00368071
0.00623819
0.0107255
0.0165507
0.0298776
0.0448223
0.0713884
0.132404
0.302125
0.364281
0.352965
0.319731
0.282919
0.228558
0.203562
0.162552
0.156166
0.142269
0.134844
0.135867
0.131115
0.130783
0.128076
0.126264
0.124442
0.118574
0.112523
0.111205
0.112285
0.112412
0.111242
0.110146
0.110441
0.116729
0.120179
0.12302
0.11235
0.0943238
0.0821183
0.0676427
0.0601472
0.0579522
0.057362
0.057257
0.0573569
0.0535729
0.0408605
0.0290003
0.0211051
0.0190494
0.0197622
0.02476
0.055302
0.166244
0.321707
0.43002
0.454793
0.452425
0.351914
0.202224
0.118908
0.0787788
0.0659397
0.0553316
0.0524375
0.0459736
0.0450462
0.0416269
0.0428345
0.0421928
0.044203
0.0464024
0.0527801
0.0592886
0.0710037
0.099373
0.112886
0.126859
0.125914
0.130358
0.129341
0.131989
0.130372
0.118998
0.108249
0.106625
0.108646
0.113269
0.108874
0.10397
0.0896399
0.0760125
0.0783142
0.074323
0.0768244
0.00286241
0.00284038
0.00279372
0.00269821
0.00266842
0.00268194
0.00267671
0.00271636
0.00274807
0.00272046
0.0026568
0.00246631
0.00235629
0.00231514
0.00231197
0.00251655
0.00274391
0.00284466
0.00286205
0.00261324
0.00224212
0.00197248
0.00183893
0.0018542
0.00229549
0.00308248
0.00358513
0.00366069
0.00339975
0.00273408
0.00220348
0.00188504
0.00177472
0.00183129
0.00271461
0.00394798
0.00481185
0.00517382
0.00512434
0.00445901
0.00364362
0.0030995
0.00282665
0.00270079
0.00269014
0.00283284
0.00302687
0.00321503
0.00327453
0.00324742
0.00319905
0.00310305
0.00305654
0.00307011
0.00315863
0.00333804
0.00347181
0.00351484
0.00353499
0.00353296
0.00348044
0.0034513
0.00343894
0.00342893
0.00341571
0.00338782
0.00332288
0.00325017
0.00308897
0.0029396
0.00265387
0.00245236
0.00219663
0.00194635
0.00178741
0.00156661
0.00141074
0.00127745
0.00114739
0.00105524
0.000949407
0.000878362
0.000802633
0.000747044
0.000687326
0.00064401
0.000614522
0.000588744
0.000586988
0.000584624
0.000591417
0.000601155
0.000632923
0.000659324
0.000707518
0.000806879
0.000854561
0.000995181
0.00114017
0.00127202
0.00165128
0.0019452
0.00261066
0.00399571
0.00560882
0.00898385
0.0167777
0.0232815
0.0383244
0.0587849
0.0841012
0.140567
0.311036
0.39809
0.390022
0.349178
0.303256
0.247511
0.212465
0.177563
0.153345
0.150004
0.136016
0.136719
0.136032
0.130763
0.134576
0.129973
0.129933
0.129327
0.124798
0.115268
0.113294
0.114841
0.117485
0.114764
0.113336
0.113305
0.119075
0.126528
0.128611
0.122736
0.100925
0.0879587
0.070114
0.0638538
0.0626618
0.061943
0.0599677
0.0552501
0.0440961
0.0312777
0.0216753
0.0170708
0.0168709
0.0180458
0.0245438
0.0586153
0.170127
0.332834
0.434014
0.491231
0.485455
0.361711
0.198459
0.113391
0.0774669
0.0650138
0.0581578
0.0551083
0.048038
0.0474127
0.0438786
0.0441995
0.0430005
0.0439051
0.0487734
0.0528007
0.0610523
0.065887
0.0906956
0.100812
0.121686
0.122451
0.12642
0.133914
0.132726
0.136985
0.126751
0.117067
0.113292
0.111416
0.111341
0.10846
0.101267
0.100322
0.0893524
0.0876644
0.0791906
0.0752571
0.000234868
0.00023512
0.000237701
0.000235286
0.000232473
0.000233853
0.000247938
0.000267735
0.000279535
0.000280199
0.000272451
0.000255
0.000243703
0.000240074
0.000240838
0.000255448
0.000268295
0.000273397
0.000273575
0.000259726
0.000246097
0.00023878
0.000236213
0.000243936
0.000276527
0.000295524
0.000296589
0.000290833
0.000308187
0.000345428
0.000359408
0.000351391
0.000344796
0.000439611
0.000653944
0.000787272
0.000803907
0.00073607
0.000668353
0.000659418
0.000665275
0.000662341
0.000617045
0.000584606
0.000582959
0.000593122
0.000589561
0.00055807
0.000516365
0.000497794
0.00050162
0.000535776
0.000587707
0.000631087
0.000649244
0.000652643
0.000652917
0.000640951
0.000606151
0.00056349
0.000525187
0.00049555
0.00046831
0.000449404
0.000440765
0.000436957
0.000441767
0.000445522
0.000445012
0.000444821
0.000439862
0.000437666
0.000433212
0.000423265
0.000425376
0.000428627
0.000432386
0.000438359
0.000448621
0.000449388
0.000450475
0.000452697
0.00045029
0.00045292
0.000454988
0.000458945
0.000460655
0.000459365
0.000461311
0.000467243
0.000478327
0.000496503
0.000548095
0.000587919
0.000700016
0.000797231
0.000963948
0.00129788
0.00158525
0.00229643
0.0031748
0.00435969
0.0073174
0.0102572
0.0145708
0.0258947
0.0349962
0.0487501
0.0813044
0.108824
0.163068
0.322832
0.433132
0.429208
0.383668
0.312544
0.267078
0.225631
0.194777
0.163889
0.149771
0.142776
0.130207
0.137175
0.128023
0.130993
0.137443
0.13195
0.136241
0.131143
0.129916
0.123879
0.121746
0.119672
0.120586
0.115734
0.115052
0.115862
0.121705
0.135438
0.135929
0.128461
0.107118
0.0925342
0.0783639
0.0709253
0.0691273
0.0648496
0.0576346
0.0450876
0.0344433
0.0266405
0.0202811
0.0166521
0.0166033
0.0179242
0.0244481
0.0585346
0.169878
0.313031
0.453833
0.541589
0.528687
0.378677
0.198233
0.111833
0.0799448
0.0675132
0.0643565
0.0594648
0.0519305
0.0498548
0.0457926
0.0447171
0.0453239
0.045015
0.0556314
0.0559998
0.0642249
0.0662454
0.0820389
0.0931859
0.109536
0.121658
0.123583
0.140823
0.13792
0.143631
0.134906
0.120469
0.115835
0.110954
0.109329
0.107886
0.10294
0.105686
0.0990875
0.0962028
0.0823249
0.0735879
9.05811e-05
9.16213e-05
9.56977e-05
9.64629e-05
9.70973e-05
9.84632e-05
9.88936e-05
9.97028e-05
0.000100738
0.000101181
0.000101226
0.000101382
0.000101216
0.00010035
0.000100287
0.000103779
0.000107852
0.000109349
0.000109432
0.000110766
0.000113426
0.000114456
0.000114226
0.0001129
0.00011259
0.000114482
0.000120303
0.000123087
0.000121325
0.000117028
0.000126043
0.000184433
0.000235311
0.000247603
0.000235665
0.000221528
0.000230941
0.000271617
0.000293404
0.000291237
0.000280938
0.000284043
0.000299173
0.000303774
0.000288487
0.000265567
0.000261479
0.000281622
0.000305069
0.000311423
0.000307544
0.000297411
0.000296215
0.000299756
0.00030229
0.000299711
0.00027982
0.000254415
0.000228886
0.000210867
0.00019457
0.000184399
0.00017854
0.000174924
0.00017498
0.00017561
0.000176805
0.000181693
0.000196198
0.000210181
0.000233033
0.000247429
0.000270998
0.00030528
0.000332546
0.00040503
0.000445273
0.000524921
0.000599081
0.000660445
0.000775378
0.000816259
0.000851513
0.000931248
0.000991689
0.00106779
0.00111096
0.00114333
0.00117102
0.00119655
0.00122896
0.00129961
0.00137123
0.00154697
0.00180572
0.00209167
0.00282422
0.00351789
0.00480964
0.00700227
0.00911262
0.0135398
0.0195526
0.0256323
0.0394127
0.0554034
0.0720382
0.11076
0.15422
0.202053
0.339817
0.467165
0.467015
0.415192
0.321526
0.282292
0.251024
0.214507
0.176762
0.154282
0.143358
0.132839
0.128584
0.132771
0.124562
0.141103
0.129618
0.13095
0.144738
0.13158
0.135718
0.12792
0.131319
0.129204
0.127094
0.117921
0.117424
0.120854
0.129491
0.147652
0.147634
0.136197
0.117673
0.0977506
0.0824842
0.0744536
0.0700591
0.0614421
0.0449039
0.0340415
0.0272124
0.0231853
0.0186425
0.0164756
0.0165456
0.0178801
0.0244081
0.0581987
0.143835
0.284279
0.458197
0.588842
0.577734
0.418381
0.21268
0.117571
0.0833541
0.0717544
0.0714008
0.0657784
0.0561442
0.0502884
0.0517196
0.0481346
0.0531996
0.0496036
0.0708921
0.063404
0.0703524
0.0692164
0.0750966
0.0885393
0.0952215
0.118818
0.120955
0.14273
0.138653
0.141399
0.133087
0.118913
0.114237
0.108902
0.106336
0.106365
0.102726
0.103495
0.10046
0.0962496
0.0857447
0.0778626
8.87328e-05
8.95292e-05
9.24477e-05
9.43456e-05
9.52027e-05
9.82258e-05
0.000104879
0.000108504
0.000109595
0.00010955
0.000109541
0.000111759
0.000112886
0.000114025
0.000115207
0.0001156
0.000119787
0.000129016
0.000136108
0.000137156
0.000134999
0.000131206
0.000130014
0.000131493
0.000132357
0.000132181
0.000131032
0.000131044
0.000144221
0.000180702
0.000206684
0.000224427
0.000231397
0.000236375
0.000238927
0.000230248
0.000206178
0.000194632
0.000199374
0.000228194
0.000250958
0.000252188
0.000249642
0.000251042
0.000267044
0.000273517
0.000268851
0.000261905
0.000268055
0.000323119
0.000389168
0.000430448
0.000441295
0.000426451
0.000377885
0.000332078
0.000292227
0.000265163
0.000251723
0.000250558
0.00025282
0.000261635
0.000286706
0.000297198
0.000316443
0.000336322
0.000350661
0.000387321
0.000417029
0.000472702
0.00058357
0.000656347
0.000857958
0.00104044
0.00126321
0.00164044
0.0018209
0.00224372
0.00255229
0.00285856
0.00325619
0.00337496
0.00358799
0.00379459
0.00393104
0.00407877
0.00411025
0.00413876
0.00419557
0.00423976
0.00434873
0.00453304
0.00479473
0.00543829
0.00610666
0.00750614
0.0092014
0.0110581
0.015695
0.0193397
0.0260776
0.0372528
0.0462855
0.0645569
0.0891008
0.111875
0.158328
0.226797
0.268396
0.362897
0.493259
0.505205
0.446967
0.336964
0.292763
0.271547
0.241501
0.199413
0.168567
0.149451
0.133602
0.129234
0.128019
0.125574
0.122249
0.141099
0.121428
0.135008
0.130657
0.123596
0.139569
0.129331
0.136485
0.129671
0.124323
0.12095
0.121016
0.133246
0.145814
0.158436
0.154687
0.138898
0.117977
0.0976246
0.0813094
0.0745302
0.0631911
0.0467948
0.0336147
0.0277973
0.0241226
0.0210642
0.0174719
0.0163056
0.0165578
0.0178546
0.0239198
0.0474416
0.115256
0.232284
0.441696
0.611501
0.632291
0.496747
0.247578
0.126277
0.0869337
0.0801644
0.0791419
0.0709374
0.060324
0.0519497
0.0590511
0.0547953
0.0780717
0.0614697
0.11221
0.0841559
0.0878196
0.0785651
0.0771714
0.0892928
0.092618
0.117733
0.120705
0.138876
0.136443
0.135198
0.12911
0.114776
0.110081
0.106681
0.104683
0.105417
0.103009
0.102856
0.101088
0.0998679
0.0967815
0.0952093
0.000204472
0.000214771
0.000241309
0.00027631
0.000300421
0.000305555
0.000304605
0.000295785
0.000292279
0.000291554
0.000294536
0.00031269
0.000339281
0.00037423
0.000398171
0.000413259
0.000435763
0.000497698
0.000606871
0.000693893
0.000758553
0.000786249
0.00078623
0.000743426
0.00064321
0.000556843
0.000505056
0.000485204
0.000529614
0.00075271
0.000969288
0.00111489
0.00115342
0.00111755
0.00103213
0.000941751
0.000904774
0.000896479
0.000857317
0.000823117
0.000783551
0.000745635
0.000703053
0.000657544
0.000646382
0.000752532
0.00105876
0.00139129
0.00161952
0.00172788
0.00175132
0.00166129
0.00144871
0.0012404
0.00107274
0.000979669
0.0009459
0.000948705
0.00100637
0.00114196
0.001277
0.00136415
0.00148387
0.00155216
0.00166009
0.00178542
0.0018931
0.00219723
0.00243973
0.00289982
0.00344875
0.00386952
0.00488241
0.00540488
0.00635146
0.00737513
0.0079977
0.00955366
0.0102144
0.011309
0.0121442
0.012688
0.013497
0.0138228
0.0139369
0.0139512
0.0138778
0.0137446
0.0137568
0.0138621
0.0141718
0.0147448
0.0159553
0.0175478
0.0197025
0.0239891
0.0274473
0.0345473
0.0432748
0.0513751
0.071142
0.0858655
0.110244
0.151938
0.182386
0.242876
0.332838
0.362677
0.408796
0.512361
0.536969
0.480831
0.345879
0.302452
0.283007
0.269107
0.238034
0.195423
0.164865
0.142886
0.1288
0.123685
0.122173
0.121116
0.121956
0.124428
0.121905
0.131798
0.121863
0.127782
0.13225
0.128787
0.133996
0.126608
0.124207
0.123749
0.125016
0.140951
0.155699
0.162523
0.154079
0.1371
0.113048
0.0918635
0.0763646
0.0672572
0.0495421
0.0349165
0.0265969
0.0244878
0.0235157
0.0212581
0.0174952
0.0166164
0.0167973
0.0178515
0.0223993
0.0373156
0.0875672
0.169003
0.399495
0.595759
0.725869
0.606439
0.286531
0.141213
0.103882
0.0916337
0.0820841
0.0774838
0.0784473
0.0613209
0.0674096
0.0682436
0.127155
0.0818197
0.133998
0.102008
0.101926
0.0914812
0.0845254
0.0963223
0.0967969
0.117522
0.124053
0.135352
0.135591
0.130923
0.127894
0.115252
0.110273
0.10736
0.105438
0.106926
0.104357
0.104009
0.103082
0.103443
0.104305
0.104833
0.00286827
0.00311377
0.00322833
0.0032721
0.00327577
0.00318196
0.00310525
0.00309132
0.00311139
0.00317594
0.0033344
0.00361902
0.00384897
0.00402668
0.00410589
0.00416623
0.00452995
0.00543753
0.0063804
0.00696825
0.00726337
0.00729197
0.00690799
0.00607977
0.00522707
0.0046951
0.00444269
0.0044467
0.00517918
0.00623428
0.00716122
0.00777024
0.00797613
0.0080088
0.00786961
0.00744774
0.00718756
0.00687772
0.00646191
0.00607754
0.00564384
0.00530444
0.00518485
0.00521522
0.00588212
0.00680634
0.00747302
0.00806995
0.00831684
0.00839205
0.00828267
0.00757559
0.00695528
0.00645521
0.0062272
0.00621249
0.00624367
0.00653534
0.00692175
0.00721932
0.0076514
0.00786948
0.00822172
0.00853099
0.00910596
0.0096892
0.0104469
0.0119963
0.0129001
0.0148157
0.0163714
0.0182059
0.0209536
0.0223895
0.0257026
0.0279675
0.0302745
0.0338693
0.0355867
0.0379464
0.0395467
0.0411704
0.0422133
0.042269
0.0422135
0.0419214
0.0412079
0.0407386
0.0408163
0.0412504
0.0422124
0.0445358
0.0476052
0.0514024
0.0594232
0.0661546
0.0759574
0.0929612
0.106807
0.131107
0.162909
0.191335
0.251648
0.306783
0.375464
0.425042
0.437693
0.455839
0.509981
0.553879
0.494745
0.341387
0.302137
0.292735
0.292114
0.282638
0.241148
0.195313
0.164131
0.140532
0.125033
0.118643
0.116555
0.117657
0.120338
0.121128
0.121146
0.124095
0.121247
0.127573
0.125565
0.127871
0.126451
0.124301
0.126661
0.130756
0.143819
0.156623
0.160922
0.161867
0.145851
0.125564
0.0936875
0.0720088
0.0630213
0.0532883
0.039255
0.0289858
0.0238321
0.0231949
0.0226863
0.0203862
0.0170332
0.016441
0.0168169
0.0178046
0.0208603
0.0299306
0.0548962
0.113468
0.30523
0.553775
0.820134
0.708605
0.370728
0.1884
0.128224
0.0995867
0.0879574
0.0914568
0.0892599
0.0761294
0.0895607
0.103766
0.15112
0.101518
0.105218
0.100729
0.104309
0.102807
0.112591
0.112866
0.116554
0.124461
0.139054
0.13811
0.139403
0.13034
0.128918
0.117551
0.112265
0.110843
0.108086
0.108158
0.104319
0.1038
0.103169
0.10509
0.10622
0.108911
0.0319722
0.0319976
0.0318494
0.0316308
0.0310685
0.0302893
0.0302032
0.0302948
0.0307816
0.031356
0.0321016
0.0327617
0.03316
0.0333674
0.0334247
0.0337742
0.0353738
0.0375265
0.0394281
0.0402867
0.0405602
0.0401453
0.0378285
0.0354363
0.0334819
0.0326144
0.0324324
0.0331057
0.0353161
0.0365871
0.0376415
0.0379556
0.0378222
0.0375593
0.0367074
0.0357404
0.0353163
0.0344823
0.0337924
0.0328317
0.0316714
0.0311421
0.0309496
0.0309616
0.0319709
0.0327914
0.0333121
0.0337083
0.0336837
0.0333272
0.0324554
0.0308402
0.0299139
0.0291504
0.0289181
0.029023
0.0291891
0.0296069
0.0303253
0.030691
0.0314883
0.032129
0.0333509
0.0345312
0.0365532
0.0389918
0.042088
0.0458379
0.0492009
0.0546319
0.0585166
0.0642465
0.0708761
0.0751391
0.0837728
0.0886123
0.0948921
0.102369
0.105484
0.11097
0.113897
0.116327
0.117278
0.116644
0.116256
0.115321
0.113411
0.113494
0.113789
0.114872
0.118142
0.123046
0.128126
0.140426
0.15014
0.163848
0.189491
0.206639
0.242796
0.28169
0.328468
0.402344
0.442712
0.473526
0.479535
0.474617
0.47384
0.501525
0.521758
0.457242
0.312573
0.283892
0.296258
0.313995
0.32185
0.307554
0.269008
0.220625
0.179718
0.14245
0.124723
0.117194
0.114185
0.113281
0.114209
0.117358
0.120512
0.121602
0.121948
0.126014
0.123235
0.125509
0.124322
0.129238
0.144156
0.15534
0.167882
0.174191
0.159518
0.150844
0.114519
0.0909731
0.0687529
0.0613412
0.0571454
0.0476954
0.0338889
0.0271574
0.0233157
0.0233292
0.0230804
0.0201352
0.0171217
0.0166192
0.0166692
0.0169782
0.0184516
0.0234816
0.0374595
0.0723329
0.183585
0.486788
0.826084
0.832237
0.546855
0.265402
0.164188
0.125112
0.106278
0.0973483
0.0954902
0.101635
0.106307
0.103155
0.111194
0.112637
0.127535
0.105472
0.132159
0.143295
0.187477
0.158527
0.181058
0.155052
0.16737
0.152016
0.152412
0.133701
0.1319
0.12001
0.113991
0.112983
0.108284
0.106521
0.101161
0.101013
0.100605
0.104485
0.105589
0.108831
0.188322
0.185545
0.179116
0.174602
0.16811
0.163577
0.159713
0.157108
0.156309
0.155399
0.154214
0.152272
0.150035
0.148149
0.147372
0.14758
0.147659
0.147683
0.147633
0.14732
0.145054
0.138147
0.132039
0.127536
0.124888
0.124589
0.124759
0.125885
0.126745
0.126796
0.126751
0.125561
0.122125
0.120635
0.117412
0.115695
0.114643
0.112161
0.111202
0.109195
0.107749
0.107649
0.107466
0.107487
0.107958
0.107889
0.107497
0.10691
0.104036
0.101628
0.0995042
0.0968246
0.0961691
0.0957559
0.0958263
0.096626
0.0971806
0.0982105
0.0998302
0.100768
0.10316
0.105325
0.108512
0.114472
0.117976
0.126244
0.132677
0.140332
0.1509
0.158356
0.171681
0.182206
0.19462
0.208414
0.219868
0.23276
0.242198
0.253667
0.260107
0.266455
0.272091
0.272341
0.2724
0.271386
0.267638
0.266797
0.262278
0.26204
0.262416
0.263253
0.267775
0.272002
0.279906
0.295234
0.307289
0.331639
0.361461
0.390328
0.435882
0.471859
0.494288
0.512641
0.513556
0.508418
0.490075
0.478534
0.481604
0.468837
0.377034
0.26262
0.241367
0.272754
0.314901
0.349241
0.370973
0.365509
0.336892
0.286573
0.22704
0.168452
0.136401
0.122098
0.115608
0.113031
0.112393
0.113806
0.116018
0.117233
0.121332
0.126661
0.127822
0.132159
0.133795
0.146116
0.163216
0.1693
0.16652
0.171124
0.151447
0.126973
0.0875938
0.0715354
0.0586145
0.0579656
0.0536254
0.0405986
0.0304261
0.025711
0.0241426
0.0243964
0.0242036
0.0208181
0.0176956
0.016722
0.0165728
0.0169509
0.0180631
0.0205616
0.0268706
0.0421895
0.0950017
0.334932
0.787177
0.965984
0.806599
0.407469
0.243226
0.165178
0.128846
0.117058
0.11459
0.124737
0.127809
0.122516
0.126678
0.151207
0.197967
0.140001
0.178895
0.165749
0.210456
0.169885
0.233246
0.177854
0.183029
0.155971
0.157102
0.139001
0.134937
0.122383
0.114887
0.113235
0.107381
0.102249
0.0955271
0.0952436
0.094539
0.0979746
0.0987235
0.101757
0.665264
0.634413
0.592705
0.561778
0.529672
0.506188
0.487487
0.470452
0.457668
0.44232
0.428265
0.415038
0.403368
0.393673
0.385944
0.380848
0.373416
0.365238
0.355535
0.3438
0.333174
0.322586
0.315535
0.310859
0.308145
0.307254
0.305634
0.304125
0.300949
0.295184
0.292123
0.285739
0.281688
0.279049
0.274685
0.273088
0.270947
0.268636
0.267989
0.266527
0.265365
0.264912
0.263399
0.261877
0.260841
0.257585
0.255643
0.254231
0.250801
0.249662
0.24808
0.24605
0.245615
0.244264
0.24417
0.244829
0.245678
0.247201
0.251518
0.254326
0.260449
0.266466
0.272888
0.282655
0.289565
0.301953
0.311836
0.325027
0.340369
0.353075
0.372664
0.389225
0.404722
0.424311
0.436135
0.448608
0.458271
0.46423
0.467831
0.467082
0.465012
0.462602
0.454489
0.450447
0.443228
0.436263
0.433295
0.427001
0.425192
0.425523
0.426914
0.432666
0.439317
0.451741
0.474883
0.487751
0.507548
0.52198
0.529406
0.538625
0.536094
0.522814
0.515224
0.489591
0.457685
0.418283
0.339837
0.265545
0.2048
0.192795
0.230433
0.297587
0.349654
0.391225
0.427798
0.454331
0.461988
0.424715
0.350049
0.254862
0.182043
0.146933
0.128918
0.120905
0.118554
0.119829
0.123873
0.126847
0.131344
0.138568
0.146342
0.150176
0.151663
0.151719
0.161441
0.165577
0.152929
0.157661
0.116841
0.0892976
0.072891
0.0600653
0.0577557
0.0585809
0.0504381
0.0353451
0.0270729
0.0234648
0.0241975
0.0241779
0.0233809
0.0204912
0.0181104
0.0174484
0.0173467
0.0177057
0.0185858
0.0209772
0.0240109
0.0292915
0.0498997
0.166942
0.631845
0.989529
1.1268
0.623677
0.370351
0.240602
0.187341
0.172417
0.169316
0.180218
0.183974
0.170399
0.155465
0.208649
0.224608
0.242464
0.273162
0.17938
0.265402
0.167462
0.231518
0.181784
0.18481
0.156034
0.162329
0.144886
0.140586
0.131199
0.119306
0.117472
0.109344
0.105042
0.097221
0.0967617
0.0958331
0.0973032
0.0981058
0.0998794
1.42499
1.30767
1.18969
1.09503
1.01734
0.952408
0.899733
0.851801
0.809362
0.770397
0.734524
0.707314
0.681599
0.659642
0.642018
0.622885
0.60621
0.588172
0.571179
0.557944
0.544606
0.535178
0.529193
0.522502
0.518503
0.513822
0.507271
0.502846
0.495714
0.490285
0.486501
0.481294
0.478872
0.476485
0.473372
0.472085
0.469893
0.467928
0.467112
0.465346
0.464061
0.463311
0.460834
0.459194
0.456736
0.452664
0.45068
0.447623
0.444529
0.443606
0.441959
0.441346
0.441458
0.44172
0.442677
0.444452
0.445857
0.449623
0.452712
0.457937
0.463043
0.470363
0.479634
0.486627
0.500554
0.512568
0.523489
0.540921
0.552535
0.565091
0.575448
0.580124
0.587207
0.589057
0.588528
0.588321
0.586064
0.582433
0.57884
0.571066
0.567349
0.559272
0.553108
0.547644
0.539676
0.535998
0.530766
0.526705
0.526269
0.52683
0.528725
0.532948
0.538496
0.548048
0.551143
0.550286
0.55047
0.549883
0.546218
0.535153
0.508585
0.454765
0.378213
0.292025
0.231666
0.191349
0.164027
0.148623
0.146764
0.178168
0.236966
0.295111
0.366763
0.45682
0.546651
0.616224
0.655631
0.662137
0.599023
0.480855
0.334831
0.239568
0.179546
0.146503
0.132034
0.128102
0.129567
0.132312
0.135277
0.14091
0.148906
0.153992
0.155327
0.148277
0.146976
0.148039
0.132795
0.118593
0.0832083
0.0738521
0.0646743
0.0630114
0.0659086
0.0593413
0.041501
0.0293082
0.0257346
0.0251935
0.0268273
0.0267505
0.0260773
0.0245108
0.0212441
0.0194976
0.019492
0.0198428
0.020457
0.0225891
0.0242678
0.0256651
0.0314894
0.0748202
0.335133
0.937273
1.23053
0.94956
0.701577
0.434738
0.278004
0.223088
0.213194
0.223614
0.225258
0.225335
0.223646
0.234074
0.203183
0.214962
0.197609
0.208608
0.256465
0.178382
0.208277
0.192117
0.19843
0.161157
0.177507
0.161457
0.159483
0.155403
0.136598
0.133058
0.118158
0.113865
0.107503
0.106048
0.106193
0.105821
0.106797
0.106566
2.09217
1.82688
1.60622
1.44237
1.31487
1.21191
1.128
1.05665
0.998302
0.948688
0.90855
0.875143
0.845299
0.820614
0.798319
0.779221
0.762113
0.747043
0.736718
0.72683
0.719582
0.714033
0.708041
0.703998
0.698695
0.693639
0.689905
0.684572
0.681369
0.678939
0.675816
0.674692
0.672943
0.671134
0.670089
0.667397
0.665415
0.663343
0.660726
0.658213
0.656149
0.653661
0.65128
0.648968
0.646741
0.644348
0.642173
0.640042
0.637739
0.636485
0.635139
0.634189
0.634187
0.634592
0.635369
0.637287
0.639531
0.642051
0.646652
0.651444
0.655427
0.660621
0.666017
0.670156
0.672055
0.672109
0.671507
0.66981
0.665244
0.660468
0.656372
0.649701
0.642281
0.63604
0.627923
0.620141
0.612877
0.606022
0.598894
0.592939
0.587916
0.582329
0.578576
0.575473
0.571982
0.57018
0.568823
0.568591
0.569047
0.569298
0.571722
0.57323
0.571618
0.567723
0.559384
0.542132
0.514116
0.467677
0.397109
0.292679
0.207556
0.15699
0.1216
0.10122
0.0975011
0.0987045
0.101716
0.10907
0.127447
0.175891
0.235059
0.311403
0.415269
0.531305
0.653014
0.780477
0.881478
0.943642
0.985973
0.949591
0.770471
0.566332
0.420941
0.293914
0.205797
0.161104
0.140125
0.131685
0.129392
0.132069
0.13669
0.14369
0.146245
0.14266
0.12513
0.117444
0.106103
0.0853391
0.0790141
0.0731892
0.0674807
0.0725259
0.0696992
0.0558405
0.0416451
0.0345236
0.0341958
0.0379845
0.0403134
0.0423159
0.0419304
0.0393227
0.0312317
0.0273114
0.0281139
0.0319898
0.032892
0.0345763
0.0360869
0.0371608
0.0391024
0.0524967
0.138118
0.633368
1.19239
1.24063
1.24769
0.896561
0.498436
0.34431
0.286348
0.268071
0.25232
0.224905
0.222126
0.234461
0.228789
0.196197
0.194609
0.200428
0.228685
0.210157
0.206873
0.224495
0.205001
0.176803
0.196136
0.180802
0.182772
0.170641
0.160724
0.150245
0.14144
0.13857
0.138974
0.138932
0.141696
0.141323
0.143712
0.143745
2.42831
1.97372
1.67272
1.47191
1.33275
1.23347
1.16091
1.10524
1.06284
1.02949
1.00402
0.983166
0.965457
0.95136
0.939693
0.930159
0.922233
0.915588
0.910148
0.904752
0.899858
0.895019
0.890356
0.885718
0.881037
0.876915
0.872663
0.868579
0.864993
0.861134
0.857515
0.853839
0.849876
0.846389
0.842335
0.838915
0.835579
0.831946
0.829269
0.826277
0.823403
0.821286
0.818751
0.816558
0.815162
0.813353
0.81218
0.811531
0.81082
0.810712
0.81089
0.810918
0.81124
0.811708
0.811582
0.811004
0.809667
0.807036
0.80181
0.795078
0.786633
0.776434
0.764394
0.750282
0.734481
0.717193
0.698782
0.679972
0.660451
0.64121
0.622861
0.606926
0.592641
0.580657
0.571712
0.565012
0.560108
0.557308
0.556267
0.55615
0.556847
0.559145
0.561145
0.564019
0.565916
0.565858
0.564783
0.561771
0.554627
0.538577
0.518551
0.493483
0.451285
0.399477
0.349212
0.294695
0.238532
0.187644
0.143156
0.108447
0.0875002
0.0775438
0.0738538
0.0738686
0.0778914
0.0869721
0.0958995
0.105497
0.121943
0.158031
0.200718
0.244458
0.294604
0.382739
0.567452
0.807285
0.982437
1.06515
1.15001
1.29059
1.40594
1.44466
1.32006
1.13787
0.899312
0.669824
0.484315
0.336492
0.231925
0.183229
0.162534
0.15617
0.151569
0.144308
0.12807
0.115758
0.103986
0.0952875
0.0953585
0.0972244
0.0947138
0.0943199
0.0904751
0.0758535
0.069091
0.0737095
0.07566
0.0905767
0.0983383
0.110458
0.110744
0.111216
0.105576
0.10029
0.107639
0.13315
0.14241
0.162466
0.191601
0.205576
0.200547
0.1957
0.209684
0.317793
0.88362
1.26593
1.42083
1.41621
1.32036
1.01445
0.785349
0.701917
0.663702
0.453513
0.314009
0.384235
0.458255
0.315763
0.344587
0.248872
0.3943
0.314039
0.229629
0.265997
0.236789
0.245873
0.259357
0.243213
0.250806
0.245335
0.249738
0.267851
0.284901
0.329403
0.36036
0.41602
0.485219
0.534197
0.629961
0.70499
1.73799
1.38645
1.22689
1.15761
1.13218
1.12457
1.11979
1.11133
1.09703
1.0783
1.0575
1.03696
1.01822
1.00184
0.987362
0.974605
0.96328
0.953256
0.944176
0.935565
0.927535
0.919837
0.912335
0.905186
0.898316
0.891884
0.885962
0.880592
0.875764
0.871336
0.867417
0.863923
0.860727
0.858048
0.855751
0.854135
0.853137
0.852772
0.85283
0.853402
0.854946
0.85698
0.859476
0.862637
0.866148
0.86998
0.874135
0.878202
0.882089
0.88536
0.887293
0.887685
0.886921
0.883451
0.876347
0.866401
0.852971
0.836145
0.815724
0.791821
0.76506
0.73546
0.703469
0.669791
0.634552
0.598753
0.562481
0.526443
0.491409
0.457954
0.426699
0.397842
0.371971
0.349293
0.32983
0.313502
0.300137
0.289536
0.281167
0.274352
0.269039
0.264519
0.259892
0.255039
0.249447
0.24285
0.234949
0.224986
0.212967
0.198173
0.180792
0.161319
0.142085
0.126248
0.114006
0.105226
0.100383
0.0987684
0.0990413
0.100756
0.104605
0.110756
0.118175
0.128399
0.142367
0.1647
0.19342
0.22952
0.278382
0.352023
0.463186
0.601352
0.742912
0.859023
0.90644
0.901849
0.820394
0.619612
0.60146
0.914704
1.44327
1.94016
2.40418
2.79306
3.02893
3.12189
3.07905
2.89969
2.58046
2.19445
1.82727
1.49089
1.09777
0.745976
0.575716
0.388212
0.292288
0.206928
0.166258
0.128198
0.1113
0.103732
0.116126
0.137804
0.147708
0.200182
0.226605
0.291218
0.326377
0.373213
0.403368
0.43012
0.472784
0.522928
0.637585
0.758067
0.867158
1.04884
1.17612
1.25555
1.29781
1.38314
1.4382
1.46051
1.39977
1.15245
1.08511
1.38664
1.76513
1.96628
2.09106
2.14167
2.2735
2.09369
1.53253
1.48771
1.5652
1.28484
1.36953
0.608556
0.645039
0.579706
0.364305
0.407539
0.36801
0.417989
0.600092
0.613379
0.846698
1.05021
1.3832
1.78946
2.23018
2.85759
3.38622
4.14825
4.64609
5.53649
6.01765
6.71667
0.0020147
0.00867806
0.0117834
0.0153951
0.0200208
0.0264129
0.0330668
0.038335
0.0375246
0.0312705
0.0138682
0.00768218
0.00894675
0.00946548
0.00833529
0.00641402
0.0159486
0.0248862
0.0241532
0.0165147
0.0141707
0.0140233
0.0156756
0.0202242
0.0238084
0.0246672
0.0247693
0.0258936
0.0306437
0.0338858
0.0339628
0.0328439
0.0322402
0.0334739
0.0365881
0.0432688
0.0571082
0.0761879
0.104583
0.145041
0.185199
0.241582
0.305428
0.380195
0.44732
0.481477
0.481878
0.465389
0.418102
0.366147
0.314556
0.247581
0.177504
0.123429
0.0893457
0.0632878
0.0402784
0.0317614
0.0327419
0.0397072
0.0431651
0.0428995
0.0414079
0.0412851
0.0456411
0.0578059
0.0804981
0.1302
0.180902
0.292383
0.388835
0.581855
0.811833
1.08691
1.46048
1.88602
2.31583
2.71718
2.77851
2.66586
2.2919
1.47881
0.76458
0.428303
0.335148
0.326859
0.309805
0.25203
0.246969
0.28574
0.438159
0.529471
0.588281
0.635031
0.570711
0.358224
0.369709
2.17268
3.36417
3.96545
4.34867
4.53134
4.57927
4.44166
4.18086
3.79168
3.33278
2.94686
2.56945
2.07928
1.71429
1.41538
1.13732
0.988349
0.714394
0.53104
0.459956
0.374457
0.260967
0.220383
0.183034
0.139286
0.122349
0.1069
0.0934405
0.0819786
0.0772659
0.0706989
0.0653652
0.0629126
0.0601751
0.0591811
0.0589798
0.0602912
0.0631086
0.0674989
0.0734467
0.0807781
0.0896337
0.100251
0.112276
0.12556
0.140708
0.158543
0.179227
0.203188
0.23114
0.264639
0.303768
0.348538
0.39735
0.448299
0.498243
0.543967
0.582755
0.615283
0.643959
0.668449
0.686065
0.699032
0.707992
0.715407
0.720907
0.723837
0.72281
0.709413
0.676727
0.635122
0.591645
0.55572
0.526355
0.503811
0.481037
0.453665
0.415076
0.370077
0.324765
0.283312
0.247151
0.222872
0.210746
0.202589
0.193483
0.18401
0.180999
0.186361
0.208472
0.244866
0.257881
0.258255
0.254998
0.245587
0.21925
0.178992
0.146729
0.104143
0.0633718
0.0405869
0.0338725
0.0333907
0.0119956
0.0140892
0.0127209
0.00992901
0.00861161
0.0076411
0.00856843
0.0117599
0.0181449
0.0267368
0.0246554
0.0198941
0.0124449
0.0109068
0.0129694
0.0164079
0.0162972
0.0121353
0.00557072
0.00408769
0.00404188
0.00460756
0.00653817
0.00818693
0.00896003
0.00917403
0.00967908
0.0124245
0.0166374
0.0215162
0.0271951
0.0319749
0.0345461
0.0366079
0.0389429
0.0379574
0.0347463
0.0304471
0.0282385
0.0283587
0.0289462
0.0306425
0.0331289
0.0369559
0.0481413
0.0752405
0.103721
0.132501
0.149474
0.153095
0.152762
0.15148
0.147147
0.134377
0.123778
0.118992
0.115171
0.105998
0.0805309
0.0548183
0.0407691
0.0346536
0.0299666
0.026784
0.0305756
0.0411142
0.0582666
0.0833974
0.102155
0.124148
0.138139
0.160022
0.172266
0.186436
0.199316
0.209031
0.247841
0.355262
0.581777
0.890435
1.17942
1.17926
1.07192
0.84552
0.673993
0.484414
0.334615
0.20694
0.168696
0.201476
0.326674
0.470422
0.661532
1.69988
2.73863
2.5446
2.32367
2.24829
2.14314
1.67674
1.30393
1.01364
0.729805
0.530308
0.404663
0.329452
0.297042
0.277063
0.257651
0.229481
0.212157
0.199966
0.190904
0.183653
0.168628
0.148938
0.141931
0.138593
0.120365
0.110446
0.107132
0.0935415
0.0854006
0.0812577
0.0746859
0.0692815
0.0654261
0.0625807
0.0597387
0.0583063
0.0571793
0.0567221
0.0561794
0.0560346
0.0562232
0.0567119
0.0572145
0.0580019
0.0593999
0.0613845
0.0639269
0.066346
0.0690754
0.072354
0.0757067
0.0796399
0.0843771
0.0906825
0.0982213
0.106882
0.117042
0.130022
0.146335
0.16633
0.187943
0.204881
0.221875
0.245416
0.274442
0.301026
0.320537
0.337386
0.349777
0.358356
0.365849
0.370532
0.370335
0.361764
0.328239
0.279732
0.227804
0.184351
0.152621
0.135727
0.128895
0.12298
0.11505
0.107239
0.0973247
0.0825852
0.0725968
0.0710217
0.0698959
0.0664998
0.0579472
0.0464113
0.0426298
0.0441406
0.0532996
0.0894068
0.102319
0.11942
0.126469
0.117033
0.107291
0.101123
0.0753454
0.0502453
0.0583911
0.0624685
0.0204427
0.0154347
0.00955942
0.00735874
0.0063972
0.00583285
0.00530367
0.00560478
0.00715217
0.0121143
0.0206231
0.0204227
0.0180914
0.0144546
0.0130344
0.0133056
0.00879302
0.00423627
0.00323962
0.00294963
0.00286751
0.00312892
0.00412987
0.00565326
0.00728112
0.008791
0.0112041
0.0157653
0.0222284
0.0258333
0.0272684
0.0280816
0.0297446
0.0314361
0.032668
0.0298794
0.0257415
0.0229004
0.0208817
0.0207787
0.0202389
0.020017
0.0202917
0.0210287
0.0225446
0.0261404
0.0296606
0.0365691
0.0456033
0.0502674
0.0520843
0.0537609
0.0575839
0.0668697
0.0714025
0.0764855
0.0876375
0.0952784
0.0898132
0.0755466
0.0570285
0.041076
0.0289766
0.0246881
0.034665
0.075018
0.112792
0.132448
0.145731
0.169095
0.183114
0.197105
0.208277
0.216417
0.216533
0.213779
0.201844
0.18449
0.192982
0.230675
0.319173
0.444449
0.607163
0.601312
0.543047
0.402943
0.328796
0.19972
0.219899
0.483696
0.892642
2.13947
2.45137
2.22332
2.13234
1.60762
1.32533
0.919103
0.547167
0.3932
0.281784
0.232219
0.210816
0.205278
0.210831
0.218291
0.222373
0.226666
0.227807
0.228682
0.231628
0.233153
0.229829
0.228803
0.227072
0.218873
0.219858
0.2198
0.201126
0.19845
0.188135
0.165683
0.15617
0.13737
0.124945
0.111654
0.101967
0.0922939
0.084904
0.0788246
0.0733605
0.0688344
0.0646051
0.0612751
0.0585234
0.0561932
0.0536787
0.0511967
0.0493602
0.0480643
0.047239
0.0468002
0.0469788
0.0479067
0.0489523
0.0504388
0.052489
0.0548409
0.0565999
0.0577635
0.0581514
0.0575187
0.0561657
0.0542946
0.0521547
0.0500932
0.0489844
0.0487585
0.0489765
0.0504166
0.0552079
0.0617399
0.0683461
0.0745362
0.0842761
0.10396
0.132945
0.164217
0.19308
0.209083
0.211558
0.206502
0.17237
0.118269
0.0850759
0.0643781
0.0510644
0.043963
0.0382052
0.0302413
0.0245798
0.0232165
0.0232511
0.0228848
0.0209344
0.0183283
0.0175144
0.0174317
0.0180997
0.0208783
0.0249802
0.0295572
0.0359005
0.0497676
0.0873569
0.098913
0.072956
0.0536069
0.0639055
0.0669214
0.023181
0.0123493
0.00772051
0.00648723
0.00590333
0.00542902
0.00504183
0.00468602
0.00492984
0.00639702
0.0112403
0.0188326
0.0198115
0.0181062
0.0110617
0.00721979
0.00515156
0.0042384
0.00397101
0.0036707
0.00333167
0.00333474
0.00409919
0.00587986
0.00843454
0.0119092
0.0164239
0.0202763
0.0223501
0.023532
0.0244125
0.0270556
0.0291304
0.0301385
0.0302656
0.0265314
0.0221152
0.0205637
0.0190228
0.0186462
0.0173666
0.0165443
0.0165621
0.01702
0.018649
0.0221262
0.0249972
0.0280671
0.0309474
0.0319753
0.0319189
0.0310957
0.0310687
0.0319072
0.0334693
0.0362308
0.0408858
0.0512325
0.0657341
0.0631825
0.0539903
0.0409208
0.0323659
0.0380697
0.0817612
0.132037
0.136262
0.146812
0.159452
0.177706
0.186677
0.194644
0.2046
0.213229
0.220097
0.220039
0.216811
0.210372
0.189813
0.176707
0.181772
0.202904
0.262934
0.32242
0.316741
0.321507
0.264076
0.243157
0.47192
1.7009
2.13885
2.04958
1.79212
1.33936
0.883015
0.661883
0.418109
0.287413
0.220014
0.195207
0.18763
0.190522
0.19626
0.201221
0.208793
0.216973
0.221063
0.224143
0.224009
0.224484
0.225579
0.230006
0.22977
0.230716
0.228462
0.222934
0.231805
0.235629
0.222055
0.227725
0.224185
0.220296
0.215043
0.202509
0.187912
0.16667
0.148115
0.130248
0.115415
0.102829
0.0919597
0.0842825
0.0773277
0.0707425
0.0647321
0.0602576
0.0567448
0.0532079
0.0500343
0.0474726
0.0452518
0.0431671
0.0418235
0.0414311
0.0415763
0.042767
0.0451105
0.0480295
0.0505856
0.0528069
0.0544945
0.0552037
0.0550092
0.0533083
0.0501844
0.0470663
0.0434327
0.0394293
0.0358753
0.0333309
0.0317432
0.0307217
0.0304215
0.0305382
0.0313651
0.0329254
0.0361181
0.0439443
0.0525786
0.0663155
0.110344
0.153989
0.161286
0.155075
0.116274
0.0767975
0.0537835
0.0400695
0.0313513
0.0254742
0.0216791
0.0195633
0.0186179
0.0182348
0.0177179
0.0177452
0.0184326
0.0188824
0.019246
0.0200518
0.0227564
0.0269888
0.0332869
0.0524303
0.0855636
0.0916803
0.0615036
0.05258
0.0541569
0.0642469
0.0240605
0.0107069
0.00727994
0.0063833
0.00581043
0.00534385
0.00498019
0.00465627
0.00442687
0.00480457
0.00703002
0.0142828
0.0194744
0.0183415
0.00950158
0.00545447
0.00465288
0.0045428
0.00463641
0.00468053
0.00438815
0.00419604
0.00458769
0.00670202
0.0104527
0.0147631
0.0180423
0.0196502
0.0210436
0.0217233
0.0240088
0.0275006
0.0290877
0.0297044
0.0292988
0.0250263
0.0204247
0.0189893
0.0178955
0.0176192
0.0165676
0.0159586
0.0158093
0.0161123
0.0172191
0.0193254
0.0222137
0.0249168
0.027734
0.0289142
0.0294545
0.0291353
0.0284172
0.027898
0.0275131
0.0275878
0.0282129
0.030637
0.0370139
0.0418726
0.0414366
0.0410068
0.0434419
0.0768215
0.142684
0.142669
0.14034
0.145114
0.144813
0.142157
0.136297
0.146651
0.16815
0.178919
0.197204
0.205816
0.207384
0.204591
0.196964
0.178381
0.172078
0.174347
0.187835
0.221762
0.263213
0.253788
0.230432
0.512433
1.85644
1.8373
1.64789
1.24014
0.808657
0.564789
0.368839
0.277456
0.20297
0.177345
0.169726
0.168766
0.17537
0.179636
0.187389
0.193057
0.196785
0.19835
0.198557
0.194167
0.192894
0.192777
0.198204
0.197075
0.194717
0.194099
0.19338
0.198583
0.210418
0.209289
0.213812
0.219286
0.223409
0.225668
0.22689
0.226842
0.225271
0.221079
0.210898
0.193153
0.169855
0.149885
0.131481
0.114421
0.100753
0.0901344
0.0806615
0.0726484
0.0661805
0.0604198
0.0551942
0.0511997
0.0478612
0.0446141
0.0421915
0.0408449
0.0397609
0.0389356
0.0385977
0.0388586
0.0406466
0.0447453
0.0472506
0.0477276
0.04734
0.0466865
0.0466353
0.046772
0.04693
0.0465927
0.0437873
0.0387146
0.035173
0.032064
0.0294307
0.0276428
0.0271415
0.0272939
0.0282918
0.0290099
0.0301316
0.0325085
0.0389549
0.0544184
0.108905
0.134092
0.133003
0.109888
0.0701914
0.0471982
0.0340349
0.0264895
0.0225928
0.0201933
0.0185453
0.0178277
0.0176708
0.0177317
0.0182187
0.0198181
0.0209323
0.0230488
0.0276711
0.029946
0.0346196
0.0543697
0.0792066
0.0731115
0.0469472
0.0491701
0.041173
0.0555161
0.0243933
0.00996341
0.00725466
0.00657681
0.0057442
0.00524773
0.00487322
0.00458472
0.00426102
0.00431916
0.00528143
0.00996877
0.0182779
0.0179919
0.00927776
0.00518226
0.00454982
0.00451443
0.00492052
0.00561383
0.00576597
0.00554235
0.00555716
0.00748471
0.0119605
0.016131
0.0177367
0.018403
0.0193879
0.0207295
0.0234831
0.027422
0.0298656
0.0306151
0.0297918
0.0248431
0.0197329
0.0177458
0.0169349
0.0171226
0.0168904
0.0170785
0.0172942
0.0177314
0.0183798
0.0201942
0.023017
0.0258945
0.0307342
0.0326068
0.0351336
0.0360362
0.0353427
0.0338211
0.0312767
0.0290476
0.027795
0.0280793
0.0298245
0.0342226
0.0389227
0.0457374
0.0637253
0.139999
0.150026
0.125525
0.116057
0.112386
0.113137
0.11454
0.120213
0.139745
0.162813
0.178544
0.20256
0.207306
0.211413
0.204503
0.190153
0.172395
0.159868
0.160748
0.167194
0.188081
0.205285
0.220079
0.391206
1.57382
1.76915
1.34691
0.831133
0.602302
0.374736
0.268038
0.202693
0.172581
0.157974
0.154538
0.156164
0.163958
0.172083
0.175181
0.177489
0.178226
0.177465
0.17062
0.166537
0.158392
0.158284
0.156012
0.15662
0.152014
0.151271
0.153696
0.155954
0.16039
0.164322
0.168142
0.172253
0.176062
0.185566
0.194332
0.204701
0.214592
0.221791
0.226266
0.227956
0.227759
0.224606
0.211501
0.188692
0.164745
0.144405
0.127827
0.11247
0.100988
0.0921172
0.0836592
0.075195
0.0689921
0.0633589
0.0574202
0.0522583
0.049004
0.0459918
0.0421835
0.0392335
0.0379579
0.0380313
0.0401849
0.0438226
0.044825
0.0446561
0.0431837
0.0398729
0.037067
0.0357999
0.0356883
0.0364388
0.0369214
0.0363058
0.0320744
0.0278453
0.0252351
0.0239181
0.0235145
0.0238929
0.0258657
0.0267298
0.0272545
0.0284333
0.0322441
0.0436838
0.0918725
0.120165
0.118642
0.0940227
0.0623522
0.0442647
0.0337468
0.0267636
0.0224187
0.0201113
0.0194585
0.0193616
0.018872
0.0188748
0.0194978
0.021163
0.0252751
0.0339357
0.0340772
0.0351128
0.0537838
0.0675627
0.0574502
0.0383193
0.0428489
0.0352694
0.0496235
0.0235862
0.00978635
0.00793884
0.00673868
0.00570068
0.00520615
0.00481464
0.00445496
0.00419135
0.00400513
0.00447276
0.00747415
0.0155875
0.0170539
0.00921385
0.00508248
0.00442697
0.00430271
0.00454614
0.0059215
0.00697225
0.00726764
0.00715771
0.00834278
0.0128444
0.0161669
0.0169799
0.0169219
0.0175389
0.0191117
0.0211892
0.0250763
0.0305884
0.0332361
0.0335127
0.0284294
0.0206068
0.0181091
0.0171637
0.0172826
0.0179047
0.019292
0.0210585
0.022238
0.0247011
0.0283027
0.0323855
0.0385937
0.0477858
0.0573671
0.0647379
0.0674812
0.0649177
0.0596899
0.0511484
0.0419441
0.0329134
0.0292378
0.0297044
0.0328429
0.0392969
0.0514591
0.102967
0.154978
0.134332
0.107119
0.103401
0.105388
0.110595
0.117818
0.127756
0.154311
0.182028
0.202319
0.228279
0.248716
0.264092
0.252017
0.218434
0.182638
0.161001
0.156926
0.159644
0.174364
0.204092
0.330088
1.24274
1.56728
1.247
0.669219
0.430809
0.313246
0.213448
0.173446
0.154264
0.147202
0.145389
0.149831
0.157875
0.161716
0.168806
0.170716
0.17115
0.169263
0.166082
0.156271
0.152125
0.146228
0.143762
0.141226
0.139871
0.138902
0.139236
0.141558
0.145962
0.149569
0.152969
0.157255
0.159611
0.161068
0.162441
0.164826
0.167455
0.173053
0.182977
0.195489
0.207512
0.218347
0.225368
0.226589
0.225521
0.220937
0.204782
0.181697
0.163359
0.145287
0.127854
0.116255
0.104118
0.0921879
0.0832984
0.0763159
0.0696608
0.0645517
0.0602105
0.0531931
0.0460211
0.0406796
0.0382962
0.0381797
0.0401452
0.0432943
0.0434666
0.0423952
0.0386268
0.0345093
0.0312731
0.0292002
0.0275031
0.0263232
0.025884
0.0258476
0.0249814
0.0216344
0.0194688
0.0187338
0.0187309
0.0205815
0.0236275
0.0248675
0.02615
0.0287867
0.0348084
0.0491667
0.0924046
0.11146
0.110402
0.0903928
0.0578179
0.0415383
0.0342923
0.0288362
0.0262192
0.0250773
0.0246223
0.0235964
0.0221073
0.0220823
0.0227786
0.0254209
0.0369976
0.0402686
0.0365971
0.0442506
0.060435
0.0485572
0.0341765
0.03603
0.0347809
0.0479578
0.0222667
0.0114961
0.00865644
0.00714786
0.00591389
0.00532007
0.00480131
0.00442254
0.00410115
0.00381233
0.00405446
0.00595608
0.0126722
0.0157225
0.00931734
0.00495807
0.00413995
0.00395882
0.00404526
0.00507672
0.00688904
0.00868112
0.00928235
0.00968327
0.0130468
0.0157509
0.016026
0.0155215
0.0155467
0.016384
0.0172936
0.0210215
0.0282469
0.0344904
0.037181
0.0346558
0.0246782
0.0210129
0.0196492
0.0195127
0.0203589
0.022121
0.0246806
0.0285778
0.0342631
0.0408147
0.0543564
0.0733691
0.0947327
0.107359
0.108532
0.104498
0.0955541
0.085302
0.0738651
0.0611994
0.0484294
0.0359642
0.0308766
0.033112
0.0408458
0.0683536
0.147065
0.15681
0.110133
0.100561
0.10254
0.114907
0.126236
0.130059
0.137818
0.162097
0.185104
0.203881
0.230244
0.261894
0.29477
0.315451
0.314575
0.270951
0.210679
0.18923
0.187613
0.212783
0.401758
1.00158
1.30128
1.25187
0.616461
0.358404
0.248759
0.193899
0.158977
0.146594
0.141839
0.14074
0.142285
0.149516
0.15799
0.160533
0.162895
0.163351
0.162215
0.158284
0.156155
0.151862
0.146489
0.142501
0.13659
0.133654
0.132023
0.133825
0.135271
0.137398
0.141331
0.147038
0.151195
0.154197
0.156554
0.15719
0.156779
0.156648
0.156728
0.157128
0.158523
0.16216
0.170186
0.179091
0.192631
0.208037
0.216587
0.217487
0.216103
0.211859
0.202186
0.18812
0.167482
0.147273
0.130035
0.11476
0.10234
0.0930078
0.0850823
0.0777966
0.0729268
0.0667801
0.0578469
0.0484276
0.0414328
0.0386346
0.0388886
0.0414332
0.0425275
0.0420064
0.0387723
0.0338069
0.0295501
0.0266787
0.0242852
0.0217588
0.0201522
0.019548
0.0186385
0.0174154
0.0159375
0.0152465
0.0151981
0.0166879
0.0208879
0.0233021
0.0257579
0.03131
0.0369832
0.0434495
0.0575511
0.0898098
0.103988
0.103363
0.0912302
0.0579029
0.041827
0.0356677
0.034701
0.0344981
0.0315346
0.029262
0.0263461
0.024721
0.025168
0.0265471
0.0341832
0.0474723
0.0429764
0.0397971
0.0461116
0.0423777
0.0303372
0.0331229
0.0344147
0.0499616
0.0214888
0.0129542
0.00966861
0.00773092
0.00629266
0.00560028
0.0048797
0.00444913
0.00407444
0.00373661
0.00368695
0.0049707
0.0101899
0.0141847
0.00964417
0.00496478
0.00393923
0.00375195
0.00382536
0.004528
0.00563188
0.00785893
0.0105271
0.0115019
0.013045
0.015147
0.015345
0.0143291
0.0135834
0.0132322
0.0131619
0.0157301
0.0221353
0.0326046
0.0394045
0.0409208
0.0299261
0.0243767
0.0234419
0.0240805
0.0269125
0.0290183
0.0330089
0.0410084
0.0529102
0.0709984
0.0981639
0.121098
0.129825
0.129963
0.122427
0.108107
0.0948811
0.0855324
0.0748943
0.0645396
0.0539119
0.0428627
0.0351365
0.0346076
0.0460061
0.101936
0.162721
0.145682
0.115128
0.114109
0.121473
0.126423
0.128079
0.126033
0.127514
0.137491
0.148839
0.167054
0.198722
0.244767
0.293283
0.33722
0.380422
0.40097
0.385708
0.377648
0.400385
0.544393
0.896133
1.05423
1.117
0.613514
0.334489
0.223276
0.174848
0.151249
0.139849
0.136532
0.135933
0.13954
0.142853
0.150406
0.155388
0.157277
0.157202
0.15601
0.15172
0.150331
0.150517
0.148855
0.142546
0.139003
0.132017
0.126452
0.125829
0.130292
0.133428
0.13542
0.138113
0.146009
0.14998
0.152186
0.152133
0.151505
0.150006
0.147843
0.147251
0.14709
0.147279
0.148115
0.150034
0.155578
0.164077
0.173949
0.186234
0.199161
0.205387
0.205547
0.202778
0.195258
0.185267
0.169743
0.155459
0.142929
0.126019
0.108694
0.0956603
0.0843798
0.0767682
0.0721744
0.0663535
0.057524
0.0483165
0.042244
0.0405685
0.0411778
0.0419322
0.0416644
0.0396401
0.0340542
0.0291373
0.0255583
0.0223745
0.0192818
0.0173295
0.0163074
0.0154227
0.0144467
0.0133383
0.0126868
0.0125208
0.0128675
0.0150456
0.0199406
0.0284656
0.038322
0.0431325
0.0466753
0.0540522
0.0666244
0.0830331
0.0957126
0.0981121
0.0876433
0.0612354
0.0560511
0.0538966
0.0448991
0.0414168
0.0393988
0.0360595
0.0294987
0.0273834
0.0280996
0.0311606
0.0468567
0.0494091
0.042388
0.0378872
0.0310998
0.0264785
0.0280433
0.0381754
0.0560853
0.0211417
0.0153709
0.010855
0.00878241
0.00700007
0.00612635
0.00513465
0.00463716
0.00412137
0.00375934
0.00365995
0.00427752
0.00825559
0.0123275
0.0101518
0.0052566
0.00393159
0.00360617
0.00362028
0.00413024
0.00474754
0.00600145
0.00900615
0.0121297
0.0133706
0.0149021
0.0147504
0.0132469
0.011872
0.0113918
0.0111105
0.0121814
0.0150929
0.0231174
0.0400348
0.0470586
0.0409022
0.0290192
0.0274083
0.029764
0.0359706
0.0412199
0.0499148
0.0646587
0.0855706
0.112985
0.13225
0.137944
0.136866
0.118733
0.0971308
0.0779187
0.0689392
0.0665351
0.0651975
0.061514
0.0530846
0.0426073
0.0368438
0.0372621
0.0608441
0.143668
0.168703
0.142097
0.126866
0.12588
0.126107
0.124781
0.119288
0.117693
0.119743
0.126767
0.137747
0.157669
0.186552
0.21991
0.259724
0.323969
0.386067
0.436027
0.486068
0.536812
0.613038
0.755051
0.868366
0.902631
0.612448
0.325865
0.21241
0.165388
0.145955
0.137888
0.135414
0.134906
0.134716
0.139073
0.142967
0.14839
0.148384
0.151133
0.150924
0.147577
0.145492
0.144307
0.142697
0.140614
0.135351
0.132095
0.126622
0.124265
0.122976
0.12555
0.130766
0.134698
0.136543
0.14101
0.142225
0.140185
0.13379
0.126767
0.12142
0.115763
0.114931
0.115934
0.11852
0.124485
0.130181
0.135566
0.142497
0.149604
0.158455
0.16945
0.17901
0.188801
0.192101
0.190633
0.185157
0.176384
0.163432
0.150003
0.138963
0.126104
0.111591
0.0959094
0.0817979
0.0739941
0.0694862
0.0633155
0.054573
0.0468236
0.0434131
0.0433162
0.0435146
0.0430441
0.04119
0.0354507
0.0296572
0.0253244
0.021152
0.0175333
0.0153443
0.0141849
0.0134601
0.0128099
0.0122622
0.0119509
0.0118744
0.0119473
0.0128588
0.0162662
0.0239738
0.0414481
0.0523448
0.0548889
0.0576362
0.0636701
0.0740162
0.0864948
0.0934256
0.0891909
0.0791493
0.0768426
0.0684526
0.0567506
0.055826
0.0576235
0.0558427
0.0465525
0.0351668
0.0325237
0.0333321
0.0425348
0.0576209
0.0526663
0.0388366
0.0265674
0.0225925
0.0268741
0.0378055
0.0563684
0.0214369
0.0185957
0.0127755
0.0102869
0.00826432
0.00702569
0.00569516
0.00486527
0.00433908
0.00389838
0.00377508
0.00413912
0.00662943
0.0107033
0.0102858
0.00670483
0.00433822
0.00374658
0.00365258
0.00392333
0.00431155
0.00497314
0.00657927
0.0101289
0.0131174
0.0147861
0.014733
0.0133225
0.0114457
0.010372
0.0101112
0.0108782
0.0124201
0.0160581
0.0303753
0.04967
0.0537807
0.0356376
0.0310219
0.033492
0.0417998
0.050656
0.0631777
0.0826993
0.107726
0.126655
0.133214
0.13401
0.122579
0.101534
0.0869135
0.0666982
0.0533619
0.0488826
0.048175
0.0486682
0.0472621
0.0405198
0.0381706
0.0447448
0.0938061
0.156763
0.162422
0.12967
0.120168
0.118791
0.123599
0.130447
0.13345
0.132748
0.130043
0.13002
0.139738
0.158248
0.186689
0.216913
0.244362
0.278442
0.347273
0.419604
0.480937
0.5423
0.623346
0.683189
0.681378
0.535173
0.323945
0.212489
0.16538
0.145877
0.137898
0.134443
0.134006
0.135158
0.135564
0.138603
0.141288
0.144557
0.141151
0.142569
0.139292
0.137276
0.137109
0.137213
0.135567
0.135511
0.13032
0.125168
0.121683
0.123457
0.122411
0.123663
0.128142
0.134277
0.134431
0.132307
0.127361
0.11623
0.0997722
0.0836477
0.0705253
0.0592921
0.0542479
0.0546824
0.0571605
0.0628856
0.075405
0.089856
0.106064
0.123038
0.137746
0.148475
0.156543
0.161449
0.168525
0.174447
0.174905
0.172495
0.165391
0.152768
0.140256
0.128026
0.1182
0.107009
0.0918842
0.0802577
0.0741807
0.0678501
0.0592348
0.0509831
0.0458106
0.0442839
0.0442385
0.0440061
0.0426185
0.0375401
0.0311655
0.0251309
0.0197341
0.0157836
0.0136369
0.0128246
0.0124337
0.0122507
0.0121042
0.0119919
0.0119912
0.0121132
0.0126835
0.0151693
0.0214059
0.0362475
0.058526
0.0680309
0.0680167
0.0688105
0.0745024
0.0875313
0.092406
0.0882665
0.083859
0.0821453
0.0750607
0.0740196
0.0767632
0.0760945
0.0715842
0.0623656
0.0484855
0.0420012
0.0386524
0.0400841
0.0523201
0.0566452
0.0479012
0.0285821
0.0217956
0.0248624
0.0360878
0.0713225
0.0236972
0.0215327
0.0151099
0.0124533
0.0107311
0.00892326
0.00718912
0.00561249
0.00490154
0.00433407
0.00415888
0.0042705
0.00558452
0.00888131
0.0100618
0.00814062
0.00618731
0.0049111
0.00444657
0.00430503
0.00438021
0.00460693
0.00530057
0.00674778
0.0105399
0.0137021
0.0145563
0.0137469
0.0118072
0.0104022
0.00998673
0.0103949
0.0112874
0.0130644
0.0181436
0.0471795
0.0607055
0.0486747
0.036495
0.0366158
0.0455009
0.0567633
0.071732
0.0952432
0.116982
0.125064
0.127173
0.12633
0.120105
0.11272
0.104069
0.0874447
0.06445
0.0490154
0.0432018
0.0416903
0.0415995
0.0412308
0.041786
0.0598959
0.122343
0.152587
0.145715
0.121474
0.118602
0.12219
0.132182
0.144134
0.157242
0.162776
0.163132
0.154229
0.153315
0.164566
0.190383
0.221116
0.242051
0.261296
0.293863
0.348794
0.408103
0.46994
0.498912
0.499726
0.434104
0.314428
0.216785
0.172927
0.153758
0.144092
0.138724
0.135417
0.134756
0.135377
0.1374
0.137726
0.138968
0.138958
0.135445
0.132894
0.129312
0.129414
0.128041
0.129991
0.129239
0.130986
0.127808
0.123256
0.119331
0.121589
0.121726
0.123274
0.12685
0.128158
0.126266
0.117783
0.100746
0.0745365
0.051725
0.0368727
0.0283287
0.0233471
0.0208813
0.0206713
0.0210534
0.0223811
0.0257535
0.0311626
0.0402743
0.0587649
0.0866816
0.110622
0.129233
0.142724
0.152231
0.156468
0.157958
0.158753
0.157769
0.152284
0.143657
0.13113
0.117672
0.107537
0.096004
0.084578
0.0783533
0.0734349
0.0647616
0.0550762
0.0489247
0.0472984
0.0467353
0.0456187
0.0434246
0.0382662
0.0315953
0.0250474
0.0194577
0.0152807
0.0131555
0.0126879
0.0129095
0.0134607
0.0136097
0.0136751
0.0138059
0.0142676
0.0161222
0.0187845
0.0230346
0.0323773
0.0574109
0.0777778
0.0829695
0.0811812
0.0820381
0.0908616
0.093738
0.0913542
0.0870614
0.0838872
0.0824047
0.0866841
0.0919961
0.0921296
0.0864077
0.0776195
0.0675074
0.0491121
0.0457042
0.0419641
0.0439663
0.0541177
0.0531541
0.0379572
0.0247807
0.0249434
0.0369473
0.11086
0.0266674
0.0237828
0.0180649
0.0158638
0.0145087
0.0130335
0.0106624
0.00802344
0.00631176
0.00536483
0.00497855
0.00481035
0.00544495
0.00719627
0.0089757
0.00820771
0.00730918
0.00635697
0.00559344
0.00501793
0.00466481
0.004622
0.00484916
0.00530208
0.00656475
0.00951033
0.0132925
0.0133582
0.0126386
0.0111195
0.0102867
0.0103258
0.0107113
0.0119021
0.0132391
0.0250503
0.0625137
0.0649501
0.0445255
0.0421971
0.0502561
0.065103
0.0800991
0.101235
0.116611
0.120801
0.121395
0.122307
0.127431
0.132188
0.133648
0.131378
0.114103
0.0840755
0.0592706
0.0493017
0.0464647
0.0466132
0.0521993
0.0786007
0.127495
0.142427
0.134007
0.120811
0.120518
0.126555
0.12943
0.134378
0.159833
0.174259
0.182319
0.186066
0.183079
0.183787
0.197204
0.225093
0.249581
0.262468
0.280736
0.307435
0.346203
0.364559
0.3698
0.341188
0.29948
0.238252
0.190557
0.168776
0.154493
0.145575
0.14259
0.140222
0.139479
0.136945
0.139564
0.138199
0.138305
0.136483
0.132528
0.126246
0.123197
0.123159
0.123998
0.127805
0.127234
0.127824
0.123462
0.121379
0.118368
0.120876
0.121148
0.122976
0.122353
0.119459
0.11012
0.086212
0.0544444
0.0344725
0.0230048
0.0172425
0.0139314
0.0122923
0.0117923
0.0118805
0.0122294
0.0131443
0.0141813
0.0156812
0.0186592
0.0234044
0.0301823
0.0443642
0.0705422
0.0994446
0.122769
0.137262
0.145217
0.146765
0.146316
0.144744
0.140694
0.13087
0.12006
0.111228
0.0999393
0.0871658
0.0795937
0.0761658
0.0701518
0.059746
0.0524476
0.0495636
0.0481754
0.0464724
0.04374
0.0393458
0.0331297
0.0259525
0.0196574
0.0152391
0.013267
0.0129494
0.0136441
0.0157961
0.0172488
0.0181746
0.0194485
0.0221245
0.0310297
0.0383466
0.0405585
0.0431347
0.0502901
0.0826705
0.102211
0.104119
0.100951
0.0993308
0.0976219
0.0979
0.0988605
0.0940202
0.0966905
0.102491
0.108251
0.113776
0.116443
0.115107
0.0960577
0.0717989
0.0568534
0.0496658
0.0475494
0.0490854
0.0502506
0.0470594
0.0312709
0.0338985
0.0542206
0.124488
0.0295076
0.0238412
0.0211033
0.0204832
0.0206196
0.0200186
0.0172219
0.0134371
0.0093376
0.00740881
0.00640929
0.0057816
0.00571737
0.00675996
0.00750913
0.00761889
0.00723419
0.0065029
0.00583203
0.00524002
0.00485477
0.00477487
0.00478585
0.00473977
0.00480268
0.00570688
0.00879225
0.0117988
0.0120681
0.0115871
0.0107572
0.0102881
0.0103703
0.010763
0.0113939
0.0146227
0.0509789
0.0720713
0.0586376
0.0498887
0.0535679
0.0720447
0.09448
0.111785
0.119664
0.122759
0.124467
0.132041
0.150511
0.168299
0.176367
0.179287
0.178554
0.159623
0.127799
0.088463
0.0712334
0.0662715
0.0705813
0.0991267
0.12848
0.135955
0.129551
0.118236
0.114896
0.0974425
0.0789757
0.0799369
0.100421
0.143517
0.183235
0.197711
0.203593
0.208195
0.209574
0.224571
0.25322
0.274245
0.298697
0.315404
0.321906
0.324954
0.325497
0.293595
0.253913
0.226565
0.190089
0.172789
0.161774
0.151804
0.149519
0.149627
0.149401
0.143837
0.144533
0.141355
0.139857
0.133736
0.130551
0.123406
0.120734
0.120038
0.122593
0.126763
0.12714
0.127055
0.122052
0.120214
0.117971
0.120684
0.121113
0.120609
0.116448
0.104972
0.0792254
0.0439761
0.026995
0.0177006
0.0128677
0.010733
0.00978387
0.00971063
0.00989065
0.0102907
0.0111177
0.0122725
0.0133155
0.0143372
0.0148417
0.016109
0.0180353
0.0211182
0.0311394
0.0429621
0.0642819
0.0938228
0.116369
0.129973
0.134598
0.134307
0.132834
0.128318
0.119143
0.111335
0.103713
0.0928154
0.0832232
0.0786693
0.0726371
0.0620928
0.0542871
0.050459
0.0484981
0.0464253
0.0437138
0.041631
0.037544
0.0284997
0.0206086
0.0157413
0.0138154
0.0136053
0.0141404
0.0157534
0.019359
0.0269167
0.0381901
0.0524097
0.0747572
0.0876109
0.0909313
0.0876508
0.0827075
0.0864114
0.108533
0.126229
0.127841
0.117524
0.106342
0.103042
0.104317
0.115504
0.116725
0.119669
0.125856
0.12778
0.132124
0.137123
0.134901
0.116396
0.07368
0.0620373
0.0471036
0.0460226
0.0483781
0.0474689
0.0395523
0.035924
0.0627043
0.146166
0.0347915
0.0227988
0.0210664
0.0224184
0.0243852
0.0253072
0.0261623
0.0242577
0.0161383
0.0110201
0.00879114
0.00767869
0.00694556
0.00691168
0.0074216
0.00725919
0.0068021
0.00629517
0.00581757
0.00535345
0.00511695
0.00506817
0.00493079
0.00421551
0.00347913
0.00375084
0.00479798
0.00744746
0.010156
0.0107978
0.0106095
0.0102394
0.00994988
0.00984574
0.0103084
0.0118451
0.0236745
0.0692814
0.0704682
0.0641889
0.0596803
0.0712636
0.0991309
0.120302
0.130406
0.133425
0.139017
0.15789
0.179973
0.193592
0.20509
0.212978
0.222156
0.224388
0.214437
0.187051
0.139662
0.1115
0.103427
0.113786
0.135345
0.139027
0.131551
0.11504
0.101028
0.0813228
0.0662063
0.0696326
0.0824742
0.0989915
0.121676
0.168596
0.204523
0.21748
0.225025
0.238152
0.251761
0.271931
0.289064
0.318811
0.334593
0.337448
0.323036
0.294056
0.257868
0.232865
0.197678
0.185128
0.179832
0.169409
0.161451
0.157973
0.157149
0.151428
0.151109
0.147489
0.14296
0.130628
0.124741
0.119453
0.119452
0.119272
0.123877
0.126907
0.128184
0.126765
0.121546
0.12061
0.120219
0.121047
0.119579
0.11548
0.102094
0.0721363
0.0394857
0.0226176
0.0149767
0.0109409
0.00939482
0.00900811
0.00908809
0.0094395
0.0103535
0.0117112
0.0147979
0.0170794
0.0195303
0.0206778
0.0204643
0.0194502
0.0189441
0.0189742
0.0198669
0.0224654
0.0293034
0.0421231
0.0633044
0.0919126
0.111733
0.120936
0.121941
0.121041
0.116095
0.110485
0.103579
0.0932289
0.0849317
0.0807833
0.0747227
0.0632506
0.0552313
0.051071
0.0481417
0.0458016
0.045295
0.0450976
0.0413157
0.0296094
0.0207367
0.0168699
0.0158822
0.0159167
0.0165925
0.0198184
0.0298914
0.061994
0.109288
0.148974
0.169175
0.177321
0.176383
0.172228
0.153568
0.124343
0.12404
0.138555
0.146189
0.14574
0.126049
0.113094
0.111828
0.118257
0.125174
0.128474
0.13319
0.133623
0.139378
0.14725
0.14986
0.145607
0.124261
0.0846371
0.0549708
0.0462117
0.0411828
0.039638
0.0372436
0.0366059
0.0523356
0.227743
0.0391708
0.0196011
0.0194687
0.0200075
0.0207219
0.0248158
0.0292198
0.0307249
0.0303974
0.0188657
0.0121681
0.00974329
0.00889543
0.0081849
0.00792604
0.00738483
0.00688106
0.00632527
0.00594935
0.00557479
0.00541023
0.00507421
0.00403424
0.00299632
0.0027393
0.00289747
0.0033189
0.00427474
0.00619091
0.00824798
0.00909783
0.00910266
0.0091378
0.0093807
0.00999389
0.0111839
0.0124537
0.0263292
0.0693582
0.0811087
0.0709293
0.0641504
0.084255
0.12013
0.144161
0.154848
0.159663
0.166647
0.177533
0.182105
0.188507
0.204834
0.231237
0.250551
0.258592
0.260104
0.244282
0.201893
0.162716
0.147198
0.148977
0.148341
0.138264
0.118228
0.102759
0.0872364
0.0804788
0.0834509
0.0871183
0.0902427
0.101807
0.125399
0.144078
0.182986
0.227492
0.244306
0.255809
0.263777
0.275323
0.305415
0.331074
0.339683
0.338276
0.30836
0.276147
0.253709
0.223611
0.202934
0.194455
0.183842
0.178037
0.167409
0.165561
0.159874
0.156463
0.151301
0.138948
0.126508
0.121502
0.118449
0.119212
0.122474
0.13092
0.131406
0.130951
0.126585
0.123457
0.123638
0.122494
0.121157
0.114832
0.100198
0.0654118
0.035514
0.020165
0.0129115
0.00986289
0.00854358
0.00853396
0.00876204
0.0095116
0.0115826
0.0147609
0.020429
0.0279009
0.0328166
0.0385457
0.0415052
0.0412608
0.0393937
0.0348955
0.0281746
0.0239273
0.0233371
0.0237391
0.0256993
0.0313529
0.0434327
0.0678494
0.0893662
0.104018
0.108646
0.10812
0.105983
0.101925
0.0929577
0.0852895
0.0811553
0.0743751
0.0619759
0.0554301
0.0501258
0.0469807
0.0471202
0.0498816
0.0503357
0.0425779
0.0265586
0.0188741
0.0167991
0.0167968
0.0181137
0.0239281
0.0421517
0.0865446
0.167735
0.219495
0.240996
0.245244
0.247393
0.243468
0.243406
0.24086
0.225125
0.170982
0.158121
0.161342
0.160489
0.155124
0.133622
0.130195
0.124092
0.127118
0.130462
0.133389
0.133698
0.137095
0.147373
0.158059
0.157738
0.148264
0.1084
0.0742231
0.0494887
0.0404686
0.037538
0.0371587
0.0435431
0.0739795
0.451322
0.0484053
0.0200856
0.0158499
0.0150004
0.0151086
0.0158905
0.0192497
0.0282406
0.0357844
0.0354976
0.0237114
0.0128294
0.0100287
0.00914439
0.00844597
0.00774179
0.00742439
0.00683456
0.0061514
0.00583703
0.00518552
0.00436073
0.00363917
0.00320556
0.00318178
0.00331167
0.00356722
0.00417528
0.00507525
0.00685606
0.00832256
0.00947039
0.010195
0.0114329
0.0127071
0.0127417
0.0119861
0.0125578
0.0210033
0.0673201
0.0878237
0.080859
0.0848236
0.108604
0.137524
0.154027
0.162871
0.164892
0.172024
0.175247
0.180156
0.18632
0.200254
0.235863
0.271712
0.285456
0.287151
0.290514
0.26784
0.213288
0.188447
0.17828
0.158351
0.132242
0.110852
0.0955123
0.0847391
0.0799895
0.0803005
0.08334
0.0940381
0.106985
0.121678
0.147656
0.180489
0.208154
0.249681
0.274583
0.288642
0.27844
0.301671
0.313808
0.331407
0.313064
0.299483
0.271396
0.255184
0.228601
0.214378
0.201121
0.187497
0.181467
0.168239
0.164122
0.155176
0.149557
0.134723
0.125498
0.12127
0.121465
0.125011
0.131936
0.134856
0.133954
0.132294
0.127843
0.127993
0.126202
0.122654
0.11494
0.0972997
0.0603129
0.031494
0.0181203
0.0115881
0.0088506
0.00793635
0.00798988
0.00840753
0.00962023
0.0127187
0.018636
0.0283568
0.0401571
0.0523964
0.0613343
0.069008
0.0742383
0.0742866
0.0728918
0.0689548
0.0602756
0.0453974
0.0341386
0.0277516
0.0261739
0.0263927
0.0283803
0.0345876
0.0490476
0.069276
0.0849266
0.0924579
0.0937633
0.0932187
0.0896901
0.082778
0.0788585
0.0711143
0.0592206
0.0511671
0.0467929
0.0461928
0.0508758
0.0567346
0.0544024
0.0357932
0.0215479
0.0168976
0.0157875
0.0164544
0.0235161
0.0526522
0.148473
0.222632
0.262461
0.270691
0.267021
0.265454
0.257937
0.258419
0.256351
0.261455
0.261052
0.257081
0.213363
0.184647
0.171586
0.164322
0.156266
0.143876
0.140139
0.133083
0.135169
0.132802
0.133162
0.132024
0.13727
0.160619
0.17444
0.163987
0.12801
0.0952647
0.0630627
0.0488978
0.0421717
0.0402752
0.0535543
0.0824465
0.492585
0.0510125
0.0247925
0.0167645
0.0143046
0.0131597
0.0134562
0.0154352
0.0200183
0.0296759
0.0419664
0.0527592
0.0415093
0.0256925
0.0176202
0.0143115
0.0120351
0.0117264
0.0101035
0.0099638
0.00962307
0.0100283
0.0100073
0.0108011
0.0109153
0.0119438
0.0120716
0.0115744
0.0107259
0.0106997
0.0113059
0.0123133
0.0132033
0.0148276
0.0180551
0.0230966
0.0279941
0.0311069
0.0336021
0.0360607
0.0410001
0.0537221
0.0849275
0.104131
0.111093
0.124679
0.139405
0.153869
0.155262
0.154437
0.152999
0.153938
0.15888
0.170622
0.195819
0.222339
0.228538
0.268069
0.328985
0.338645
0.293713
0.251251
0.213669
0.193976
0.173573
0.143488
0.120608
0.10314
0.0889556
0.081141
0.0812668
0.084133
0.0925381
0.11488
0.141376
0.167569
0.196153
0.23324
0.256925
0.294584
0.30765
0.32236
0.310818
0.319968
0.308293
0.297537
0.276255
0.257004
0.242072
0.218145
0.209876
0.19074
0.18446
0.169375
0.162871
0.150325
0.141217
0.131527
0.129386
0.129536
0.132592
0.138575
0.139542
0.139238
0.136131
0.135074
0.132222
0.13019
0.125267
0.114408
0.094187
0.052108
0.0278916
0.0159432
0.0104204
0.00804821
0.00733881
0.00746295
0.0080435
0.00982068
0.0137533
0.0238821
0.0358381
0.0570902
0.0740072
0.08925
0.1011
0.109221
0.113115
0.11263
0.110432
0.105414
0.0981454
0.0900258
0.0698573
0.0479432
0.0348062
0.028914
0.0280745
0.0286264
0.031488
0.0391839
0.0546991
0.0669487
0.0740818
0.0768869
0.076465
0.072883
0.0695227
0.0622622
0.053648
0.0480511
0.0458059
0.0468547
0.0570297
0.0606492
0.051943
0.0299869
0.0197302
0.0165204
0.0165326
0.021943
0.0521224
0.168908
0.254783
0.286089
0.289622
0.282433
0.273269
0.256231
0.238603
0.229755
0.231871
0.235809
0.250896
0.256161
0.256105
0.225682
0.201283
0.171812
0.165944
0.152813
0.146109
0.140684
0.137867
0.134824
0.127122
0.121113
0.121411
0.145303
0.173976
0.174588
0.153463
0.114284
0.0795242
0.0541366
0.042121
0.0430437
0.0496926
0.09575
0.530194
0.0581476
0.0399476
0.0266804
0.0212806
0.019031
0.0196834
0.0230112
0.0304881
0.0445903
0.0553045
0.0663974
0.0751495
0.0813613
0.0779624
0.0751011
0.068187
0.0667793
0.0620553
0.0618434
0.0622356
0.0637536
0.065586
0.0684638
0.0699465
0.071278
0.0740738
0.0737591
0.0728548
0.0705482
0.0703532
0.0707357
0.0722408
0.0762085
0.0828943
0.0908057
0.103353
0.112893
0.124551
0.133656
0.134631
0.127774
0.128891
0.123997
0.123974
0.126686
0.132131
0.13943
0.139087
0.136713
0.131507
0.124283
0.123918
0.126486
0.132804
0.147618
0.165466
0.203379
0.212947
0.236658
0.272757
0.30905
0.297907
0.271777
0.2376
0.206226
0.174412
0.149157
0.12509
0.11704
0.11864
0.126643
0.147196
0.18586
0.222836
0.262975
0.299549
0.314257
0.327993
0.327799
0.326911
0.313919
0.310018
0.306141
0.30532
0.295104
0.284652
0.259491
0.248641
0.225211
0.213552
0.196671
0.184925
0.174547
0.161405
0.152344
0.146246
0.146052
0.146362
0.14911
0.149585
0.1493
0.147582
0.145407
0.143551
0.140128
0.13412
0.128006
0.113804
0.0848321
0.0450727
0.0236906
0.0138945
0.00927165
0.00726516
0.00674152
0.00695823
0.00772632
0.0100446
0.0155096
0.0271076
0.0516421
0.0773313
0.107498
0.127921
0.142802
0.146971
0.146468
0.144234
0.14084
0.134314
0.128624
0.124457
0.115075
0.105446
0.0934796
0.0638505
0.0430337
0.0328676
0.0299495
0.0300746
0.0312293
0.035715
0.0434206
0.0536151
0.0596804
0.0598751
0.0589362
0.056899
0.0512407
0.0481172
0.0460459
0.0454474
0.0510989
0.0632482
0.0630124
0.0463174
0.0266335
0.0201342
0.0193588
0.0218073
0.0464075
0.152799
0.249349
0.287214
0.296774
0.292633
0.275568
0.250669
0.208396
0.188869
0.171015
0.171493
0.175737
0.195981
0.228013
0.246092
0.241081
0.220418
0.190283
0.170002
0.156818
0.144233
0.140951
0.136659
0.135465
0.122486
0.116474
0.116036
0.122893
0.151448
0.17105
0.1659
0.128472
0.0867582
0.0576103
0.0430807
0.0400699
0.0409055
0.0743824
0.686004
0.289501
0.221671
0.164142
0.136819
0.128097
0.132012
0.142545
0.162386
0.18035
0.198354
0.209841
0.219164
0.223333
0.230541
0.231652
0.234743
0.232872
0.234055
0.231659
0.233016
0.232065
0.234013
0.233505
0.234964
0.234163
0.234791
0.234072
0.233976
0.232465
0.231545
0.230818
0.232043
0.23403
0.238609
0.244105
0.253589
0.261946
0.274834
0.284215
0.301135
0.316153
0.316661
0.310351
0.28982
0.242692
0.203823
0.179746
0.163073
0.151373
0.140828
0.132957
0.124961
0.122836
0.123508
0.126238
0.131881
0.142734
0.155532
0.180028
0.20463
0.226483
0.256107
0.270924
0.270931
0.266487
0.256704
0.245014
0.228578
0.22726
0.230309
0.239969
0.261374
0.289428
0.31923
0.340294
0.364674
0.377382
0.401423
0.410414
0.424599
0.423697
0.416326
0.370801
0.342719
0.313254
0.296148
0.277424
0.255329
0.242597
0.221628
0.213552
0.197923
0.1924
0.179999
0.176169
0.1688
0.167402
0.164467
0.163324
0.160665
0.160354
0.158216
0.154623
0.147284
0.140685
0.126895
0.108746
0.0704185
0.036547
0.0198729
0.011468
0.00807617
0.00654045
0.00616868
0.00639045
0.0074288
0.0104558
0.0179383
0.0336464
0.0686823
0.109328
0.148717
0.168613
0.172188
0.170286
0.16524
0.160182
0.152827
0.145957
0.141076
0.135751
0.130734
0.125195
0.118896
0.110233
0.100559
0.0783183
0.0500281
0.0372061
0.0320584
0.0318279
0.0329179
0.0348721
0.0398771
0.0458822
0.0480555
0.0482563
0.0469727
0.0455827
0.0459579
0.0456701
0.0465366
0.0582201
0.0659602
0.060782
0.0375106
0.0244943
0.0224779
0.0231296
0.0345593
0.113981
0.231663
0.281994
0.299038
0.298771
0.286695
0.252879
0.199841
0.168114
0.142064
0.127434
0.122056
0.125365
0.132597
0.155506
0.201909
0.227471
0.219795
0.206327
0.175893
0.158828
0.14215
0.133612
0.131321
0.127913
0.117943
0.115094
0.115759
0.116656
0.129476
0.162049
0.164054
0.145246
0.0948948
0.0747031
0.0501257
0.0391956
0.0402247
0.0734963
1.30502
5.11054
2.938
1.46516
0.722963
1.11561
0.975865
0.9662
1.00202
0.976791
1.24637
1.38795
1.68694
1.90793
2.1303
2.3138
2.38649
2.32068
2.21964
2.17619
2.05231
2.53523
2.97088
1.63665
1.89944
1.69159
1.63742
1.6048
1.59483
1.59851
1.79624
1.89084
1.98117
2.14429
2.25686
2.3437
2.42712
2.43034
2.37636
2.35421
2.23889
0.988203
3.28323
1.68529
1.72922
1.58372
1.61561
1.69001
1.65432
1.67049
1.68992
1.74978
1.76515
1.80322
1.81526
1.78468
1.79626
1.88043
1.88233
1.88866
1.867
0.392856
2.45288
1.43753
0.858657
0.749985
0.943443
1.12796
1.13338
1.24198
1.20069
1.19795
1.23017
1.31427
1.36221
1.34154
1.2896
1.31808
1.34203
1.35339
1.39399
0.204207
1.06679
0.798439
0.413758
0.305959
0.37594
0.451556
0.451693
0.512954
0.500519
0.491971
0.495757
0.550949
0.677
0.757691
0.787816
0.81678
0.850992
0.855909
0.889523
0.132533
0.434486
0.394783
0.266612
0.165608
0.16625
0.190962
0.199303
0.233669
0.260438
0.259277
0.232392
0.220059
0.22873
0.262525
0.315651
0.35431
0.406566
0.423337
0.459205
0.104583
0.242677
0.243342
0.189794
0.123677
0.106631
0.119845
0.206211
0.265614
0.275929
0.269286
0.222213
0.159539
0.131221
0.122445
0.125855
0.138075
0.161982
0.171255
0.191168
0.0972106
0.180606
0.190579
0.152489
0.117168
0.102162
0.113379
0.233762
0.321124
0.319777
0.29951
0.24374
0.161848
0.117503
0.0961081
0.0885136
0.0874122
0.0889824
0.0912979
0.0929485
0.0962456
0.156486
0.157984
0.128394
0.134409
0.149114
0.164279
0.21415
0.232046
0.224971
0.194736
0.172648
0.13315
0.104544
0.0919359
0.0819576
0.0743625
0.0725872
0.0720695
0.070763
0.100322
0.141388
0.128512
0.121496
0.136117
0.202114
0.225348
0.226446
0.212267
0.181859
0.14172
0.121702
0.111201
0.0964462
0.0851508
0.0775876
0.070435
0.0668297
0.0661247
0.0650714
0.113699
0.122732
0.114861
0.145223
0.15048
0.169969
0.18366
0.185069
0.175134
0.153746
0.126878
0.10921
0.10515
0.0996294
0.0856091
0.0730459
0.0676327
0.0660866
0.0656357
0.0656447
0.117239
0.109775
0.120297
0.172805
0.152955
0.142082
0.139031
0.141781
0.145399
0.142507
0.129892
0.116248
0.107802
0.103939
0.0964808
0.0808131
0.0735629
0.0735322
0.0734186
0.072975
0.114356
0.102867
0.138045
0.144437
0.130818
0.123836
0.124098
0.134017
0.172067
0.180784
0.179934
0.174515
0.148785
0.13563
0.114947
0.0921666
0.0877233
0.0898826
0.091153
0.0896413
0.104369
0.10222
0.142263
0.135064
0.124459
0.129415
0.14508
0.207873
0.314955
0.326946
0.319187
0.306342
0.256722
0.219274
0.173698
0.135395
0.134378
0.146676
0.146338
0.141612
0.100186
0.112807
0.159847
0.162783
0.165485
0.186323
0.249988
0.464239
0.704849
0.721484
0.688045
0.656219
0.53232
0.449016
0.370383
0.308992
0.327377
0.362487
0.343897
0.330307
0.102495
0.126779
0.203734
0.353399
0.382774
0.470933
0.767168
1.36443
1.77156
1.78279
1.68209
1.50637
1.16239
1.04114
0.956712
0.909979
0.969591
0.966748
0.87874
0.837336
0.115672
0.156499
0.520123
1.32862
1.4552
1.80211
2.79723
3.6088
3.66658
3.46545
2.9674
2.49096
2.1471
2.03563
1.96979
1.92547
1.89167
1.73442
1.6288
1.52599
0.198041
0.682206
2.70978
4.85892
5.08392
5.7596
5.78673
5.52416
4.75763
4.16499
3.64438
3.22308
3.06008
2.87057
2.74741
2.6214
2.46159
2.31852
2.26487
2.15537
2.00782
6.927
10.4317
10.1858
9.39876
8.32748
6.88045
5.73261
4.70333
4.32271
3.9199
3.62536
3.48231
3.20093
3.04727
2.95775
2.85719
2.81547
2.81798
2.77853
13.2398
17.2491
14.8494
10.4052
8.25926
6.721
5.10738
4.00753
3.26741
3.06499
2.88464
2.78373
2.68333
2.54487
2.46467
2.4857
2.50681
2.54727
2.61836
2.63455
)
;

boundaryField
{
    inlet
    {
        type            fixedValue;
        value           uniform 2e-05;
    }
    outlet
    {
        type            inletOutlet;
        inletValue      uniform 0;
        value           nonuniform List<scalar> 
20
(
2.05231
2.23889
1.867
1.39399
0.889523
0.459205
0.191168
0.0929485
0.070763
0.0650714
0.0656447
0.072975
0.0896413
0.141612
0.330307
0.837336
1.52599
2.15537
2.77853
2.63455
)
;
    }
    walls
    {
        type            fixedValue;
        value           uniform 0;
    }
    frontAndBack
    {
        type            empty;
    }
}


// ************************************************************************* //
