/*--------------------------------*- C++ -*----------------------------------*\
| =========                 |                                                 |
| \\      /  F ield         | OpenFOAM: The Open Source CFD Toolbox           |
|  \\    /   O peration     | Version:  2.4.0                                 |
|   \\  /    A nd           | Web:      www.OpenFOAM.org                      |
|    \\/     M anipulation  |                                                 |
\*---------------------------------------------------------------------------*/
FoamFile
{
    version     2.0;
    format      ascii;
    class       volScalarField;
    location    "1.45";
    object      k;
}
// * * * * * * * * * * * * * * * * * * * * * * * * * * * * * * * * * * * * * //

dimensions      [0 2 -2 0 0 0 0];

internalField   nonuniform List<scalar> 
8800
(
8.29732
10.4449
9.3395
6.51856
6.1377
4.47554
5.2294
3.78825
4.6874
3.43058
4.34558
3.1393
4.16094
2.97207
3.9945
2.81476
3.9078
2.67994
3.93528
2.61467
1.65312
4.04655
5.83727
5.29846
5.56305
4.61154
5.15785
4.12491
4.76887
3.85462
4.41462
3.59223
4.24414
3.40411
4.10143
3.29761
3.97412
3.17879
3.92146
3.42845
0.102876
0.608519
1.88497
2.0089
2.72503
2.52764
2.9007
2.616
3.03518
2.60143
2.9996
2.6159
2.92447
2.5507
2.91532
2.54111
2.81758
2.52445
2.76062
2.63448
0.00704796
0.0669698
0.400928
0.494636
0.87627
0.915136
1.03018
1.05333
1.25559
1.15386
1.32599
1.28757
1.36884
1.3335
1.44946
1.43615
1.44312
1.50341
1.47334
1.55109
0.00046468
0.0065638
0.0587318
0.0784637
0.175424
0.246684
0.250365
0.309906
0.343862
0.351221
0.373438
0.433355
0.428408
0.465597
0.472675
0.552384
0.533843
0.613805
0.575493
0.657253
0.00341285
0.0117966
0.0146146
0.0151279
0.0414927
0.0671846
0.110185
0.130823
0.16552
0.171909
0.19846
0.222349
0.229134
0.247764
0.254077
0.282292
0.280527
0.30029
0.292288
0.308842
0.00340373
0.0139757
0.024029
0.0307118
0.0730829
0.0820004
0.126274
0.154827
0.215357
0.227741
0.242762
0.249225
0.247807
0.251898
0.248286
0.246429
0.238519
0.236793
0.226432
0.223753
0.000178533
0.0037821
0.0242715
0.0330761
0.06435
0.10761
0.153956
0.227126
0.236863
0.250192
0.245115
0.244136
0.237565
0.23597
0.223514
0.216796
0.214897
0.211015
0.196323
0.19325
2.1901e-05
0.000533595
0.021963
0.0457823
0.0658679
0.11747
0.13976
0.179512
0.162545
0.174059
0.165978
0.166292
0.174053
0.176885
0.171782
0.173748
0.176792
0.174046
0.162414
0.163367
4.67032e-05
0.00167345
0.01958
0.058615
0.0642907
0.0833416
0.0816364
0.0822601
0.0783728
0.0847547
0.093084
0.106864
0.112562
0.113707
0.114509
0.117858
0.118403
0.116065
0.114747
0.116455
0.000555516
0.00506703
0.0489337
0.0618617
0.0565745
0.0589892
0.0557569
0.0566763
0.060738
0.0725776
0.0918554
0.0950837
0.0974848
0.0991482
0.100442
0.100262
0.100098
0.0990883
0.0992562
0.0987215
0.00131807
0.0344247
0.0399072
0.0383175
0.0397099
0.0466248
0.0557145
0.0685677
0.0741351
0.083505
0.0938016
0.102688
0.102444
0.101787
0.101468
0.103206
0.102258
0.0972393
0.097077
0.101249
5.22647e-05
0.0109489
0.00747713
0.00898422
0.0154322
0.0171543
0.0201872
0.0357858
0.037711
0.0400938
0.0442781
0.0564177
0.0543942
0.0545534
0.060836
0.0627845
0.0619631
0.0599219
0.0642264
0.0705059
0.000652619
0.00187067
0.00228943
0.00269848
0.00620782
0.00867732
0.00990024
0.0149067
0.0211068
0.0221687
0.0244909
0.0312697
0.0322712
0.0328395
0.0383648
0.0431392
0.04343
0.0459333
0.0497959
0.0617186
2.96053e-05
0.000237174
0.00599728
0.00514838
0.0114976
0.0250763
0.0255008
0.0373948
0.0609414
0.0589927
0.0634993
0.0899331
0.0906714
0.0927521
0.109884
0.134675
0.133117
0.149005
0.161658
0.211872
0.000111651
0.00362404
0.0457605
0.0510788
0.0898239
0.167728
0.167955
0.222474
0.300124
0.292279
0.308272
0.403052
0.39214
0.403414
0.471993
0.523469
0.512186
0.56249
0.617682
0.703481
0.00298922
0.0589143
0.311957
0.38347
0.59264
0.80139
0.812878
0.953767
1.09052
1.06899
1.11673
1.26026
1.21416
1.2451
1.3544
1.36735
1.34773
1.43319
1.47843
1.50499
0.0761625
0.676528
1.6196
1.85503
2.3829
2.54746
2.55648
2.62991
2.64551
2.55107
2.55849
2.55561
2.46592
2.45315
2.45986
2.41412
2.36532
2.37975
2.36837
2.33679
1.27459
4.43774
5.24269
5.43993
5.22242
4.77947
4.67323
4.24497
4.07665
3.90458
3.73794
3.55664
3.52175
3.37774
3.30445
3.20468
3.17337
3.04221
3.00914
2.9146
7.90583
10.5148
8.74489
7.12392
5.6086
4.88517
4.56605
4.05473
3.87526
3.68487
3.57032
3.32298
3.31319
3.17332
3.08151
2.93205
2.93028
2.75025
2.669
2.44312
1.67828
1.24863
1.14212
0.919747
0.88477
0.774718
0.772224
0.714717
0.72075
0.669522
0.672581
0.611938
0.604672
0.527729
0.51389
0.439829
0.437759
0.400571
0.422438
0.418249
0.455126
0.465777
0.513301
0.52442
0.549475
0.536849
0.530943
0.497189
0.482017
0.429666
0.415443
0.378848
0.389527
0.414569
0.543602
0.54651
0.511523
0.279763
0.175695
0.0793366
0.0590685
0.037274
0.0431633
0.0521478
0.10144
0.13646
0.168909
0.184501
0.197652
0.217347
0.2247
0.227449
0.226717
0.22511
0.221273
0.208637
0.193869
0.18167
0.199083
0.222783
0.226852
0.18971
0.185859
0.205552
0.215732
0.180092
0.116608
0.081378
0.0738902
0.0674935
0.0672291
0.0633447
0.0605985
0.058241
0.0642082
0.068313
0.0796125
0.0829551
0.111848
0.146245
0.185172
0.206631
0.218542
0.222954
0.223293
0.217788
0.189641
0.152781
0.137565
0.128407
0.134388
0.153243
0.26359
0.325879
0.358674
0.301992
0.249386
0.173188
0.166744
0.135452
0.12295
0.0838068
0.0785872
0.0676168
0.0694953
0.0679713
0.0702682
0.0784997
0.0896187
0.119179
0.136943
0.162978
0.170684
0.184794
0.186861
0.189124
0.185038
0.180101
0.164911
0.153619
0.146399
0.142648
0.140472
0.135847
0.124942
0.0920163
0.0679256
0.0451798
0.0358966
0.0260018
0.0222176
0.0174442
0.0161385
0.0143666
0.0141826
0.0140471
0.0137969
0.0137708
0.0144162
0.0167742
0.031876
0.0822991
0.120478
0.203662
0.323839
0.337595
0.270078
0.180985
0.16541
0.127139
0.135305
0.116069
0.126646
0.109431
0.0964197
0.0867154
0.0820588
0.0812261
0.0810228
0.0811472
0.0811028
0.0770162
0.0799185
0.0751144
0.0842255
0.0816946
0.103562
0.110661
0.13981
0.137311
0.135799
0.116119
0.108036
0.095133
0.096735
0.0961814
0.107439
0.111403
0.137074
0.14047
0.156958
0.152162
0.156991
0.148484
0.147245
0.13376
0.122953
0.092608
0.0792256
0.0703298
0.073322
0.074474
0.0849302
0.0888397
0.112887
0.121665
0.192341
0.23071
0.573426
1.32374
2.63784
2.10586
1.88094
1.57309
1.46832
1.2781
1.22583
1.1117
1.08287
1.00725
0.991621
0.939877
0.933144
0.894452
0.885132
0.836865
0.81771
0.759316
0.739188
0.693812
0.680237
0.651999
0.641897
0.61866
0.599723
0.559309
0.530776
0.468057
0.432414
0.373893
0.350745
0.309268
0.30045
0.292418
0.308873
0.390644
0.526605
0.516582
0.437199
0.222898
0.145615
0.0939784
0.0912695
0.0927719
0.111153
0.155143
0.174344
0.203407
0.217502
0.229913
0.229794
0.228797
0.222145
0.221183
0.218865
0.211802
0.187988
0.164011
0.157165
0.162352
0.196072
0.187944
0.165347
0.161337
0.197079
0.204488
0.187558
0.113359
0.0844536
0.0672209
0.063153
0.0564792
0.0536949
0.053023
0.0555472
0.0607275
0.0681523
0.0786607
0.110094
0.154298
0.179912
0.204369
0.210182
0.218965
0.218805
0.216164
0.183447
0.148332
0.121675
0.108684
0.106563
0.107062
0.115094
0.148038
0.298303
0.346422
0.354793
0.274994
0.226185
0.171393
0.166483
0.15307
0.143767
0.131249
0.122151
0.122954
0.124857
0.142328
0.150366
0.171034
0.177665
0.192484
0.192504
0.195165
0.19271
0.188821
0.1704
0.153858
0.143273
0.141319
0.139758
0.138357
0.135527
0.128089
0.105573
0.0749115
0.0550058
0.0373485
0.0297795
0.0215436
0.0193011
0.0161208
0.0153827
0.0135298
0.0134486
0.0131521
0.0133741
0.0132166
0.0132264
0.0135733
0.015373
0.0224323
0.0583517
0.112307
0.216559
0.328769
0.322205
0.241499
0.166692
0.13423
0.11824
0.114915
0.108009
0.110815
0.0972079
0.090353
0.0867982
0.0831853
0.0880669
0.0831955
0.0877103
0.0802534
0.0895886
0.0843356
0.100231
0.102666
0.125193
0.128147
0.128994
0.118626
0.104732
0.0974927
0.0972397
0.0986785
0.109039
0.114343
0.141121
0.146027
0.164964
0.161416
0.166353
0.156794
0.155479
0.13913
0.124177
0.0875552
0.0729246
0.0571021
0.0618815
0.0603059
0.0716847
0.0711667
0.0904686
0.0898698
0.122171
0.123902
0.203164
0.228575
0.372407
0.819653
2.30692
2.00439
1.77387
1.60122
1.44454
1.33886
1.22441
1.15829
1.07036
1.02668
0.957845
0.935243
0.89011
0.87928
0.85288
0.845307
0.820813
0.809766
0.774569
0.757354
0.713544
0.691991
0.638763
0.607349
0.540808
0.496901
0.408843
0.340497
0.268238
0.217912
0.180682
0.165788
0.166294
0.179551
0.204155
0.231126
0.304343
0.425047
0.454449
0.439906
0.345188
0.227285
0.163206
0.149686
0.149936
0.173437
0.189863
0.216749
0.227309
0.234009
0.231202
0.23149
0.22806
0.225848
0.217886
0.200962
0.161275
0.143637
0.134887
0.131656
0.137765
0.153576
0.150937
0.138839
0.143196
0.177363
0.192593
0.181785
0.127841
0.0851006
0.0687683
0.0590883
0.0549279
0.0541137
0.0552288
0.0591674
0.0646959
0.0835383
0.115694
0.161536
0.178248
0.200996
0.205012
0.215307
0.214947
0.213335
0.175017
0.146855
0.114837
0.106829
0.0988398
0.0986711
0.0979808
0.101047
0.109901
0.182119
0.286346
0.316408
0.305789
0.247237
0.191806
0.178944
0.166293
0.173815
0.169888
0.178746
0.177278
0.18726
0.187857
0.194462
0.19389
0.196542
0.19504
0.191783
0.171801
0.1514
0.137297
0.135597
0.135672
0.138193
0.138106
0.136622
0.131038
0.110438
0.0787232
0.0513106
0.0377414
0.0268664
0.0228482
0.0180333
0.017232
0.0155336
0.01539
0.0138965
0.0139554
0.0131588
0.0137377
0.0135832
0.0143468
0.0139785
0.0143329
0.0154783
0.0208511
0.0422705
0.0958539
0.2527
0.31417
0.318357
0.22779
0.166217
0.119642
0.114026
0.103565
0.0994828
0.101805
0.0935027
0.0998294
0.0907483
0.102891
0.0922655
0.0986995
0.0912475
0.0968338
0.0976176
0.106318
0.115941
0.11889
0.117832
0.110333
0.104384
0.107532
0.107043
0.120042
0.120869
0.144219
0.158951
0.174294
0.178338
0.173633
0.169944
0.151856
0.139998
0.114342
0.086723
0.0621293
0.0479892
0.0478271
0.0475017
0.0588956
0.0605455
0.0846751
0.0877499
0.122204
0.119989
0.156693
0.151615
0.187547
0.215157
0.249073
0.437606
1.44271
1.35163
1.19162
1.13073
1.01013
0.967216
0.87621
0.845277
0.774301
0.749479
0.689658
0.67082
0.625183
0.615279
0.588022
0.587439
0.57728
0.580111
0.568262
0.561334
0.530299
0.50889
0.457091
0.415307
0.344936
0.285081
0.228027
0.191247
0.160211
0.142604
0.125608
0.112913
0.105826
0.106824
0.111605
0.127876
0.150074
0.205609
0.323395
0.408528
0.403571
0.389802
0.328821
0.295129
0.248674
0.23825
0.238318
0.244738
0.247952
0.250264
0.249744
0.245057
0.232918
0.227733
0.21604
0.192041
0.141291
0.111829
0.107376
0.111836
0.111625
0.114361
0.118122
0.117893
0.119252
0.129985
0.17064
0.184504
0.180306
0.141452
0.0951878
0.0739118
0.0662814
0.0661606
0.0669882
0.0739945
0.0812685
0.113446
0.130689
0.163233
0.172581
0.193293
0.199386
0.214167
0.213423
0.210652
0.17084
0.147618
0.112715
0.107004
0.0973611
0.100084
0.0956069
0.095319
0.0886818
0.0923207
0.108598
0.224108
0.266208
0.28452
0.260631
0.238728
0.190732
0.186237
0.178128
0.181807
0.180048
0.184547
0.184038
0.1854
0.182099
0.177704
0.159524
0.14424
0.131028
0.127708
0.127217
0.13247
0.138414
0.140449
0.138682
0.13221
0.111309
0.0765055
0.048933
0.0329204
0.0250521
0.0199706
0.0185738
0.016089
0.0158695
0.0148106
0.0152359
0.0142346
0.0147657
0.0139283
0.0149611
0.014215
0.016111
0.0156036
0.0185454
0.018335
0.0219865
0.0276901
0.0545486
0.104302
0.257956
0.297338
0.353816
0.272398
0.228208
0.137368
0.141159
0.110378
0.133981
0.112003
0.121967
0.107245
0.108218
0.102402
0.103469
0.103757
0.107009
0.111586
0.11561
0.116499
0.116115
0.11276
0.115281
0.112872
0.116676
0.132526
0.150657
0.196371
0.18731
0.213002
0.187478
0.193616
0.157621
0.150774
0.110083
0.0999059
0.0653466
0.0535347
0.0401772
0.0387223
0.0412963
0.0447222
0.065373
0.0739428
0.112013
0.120088
0.158729
0.162544
0.183586
0.18443
0.187887
0.213619
0.220676
0.281838
0.628849
0.604368
0.552744
0.530586
0.485116
0.46839
0.43209
0.419228
0.389148
0.377316
0.349272
0.338554
0.314331
0.307206
0.290665
0.287359
0.278394
0.278058
0.273682
0.270898
0.260149
0.251341
0.23131
0.210432
0.184642
0.163902
0.147075
0.135175
0.124121
0.116294
0.10506
0.0970569
0.0889539
0.0877058
0.0876513
0.0927101
0.0994405
0.116028
0.14257
0.234858
0.318597
0.36306
0.355301
0.350999
0.333294
0.323383
0.303373
0.293197
0.281067
0.275309
0.267122
0.24993
0.233116
0.216163
0.179803
0.143338
0.118924
0.0999338
0.0930123
0.0959767
0.0972078
0.0936182
0.0911567
0.0929264
0.0950407
0.100709
0.115261
0.159992
0.178343
0.179636
0.166413
0.126411
0.0954766
0.0893618
0.088974
0.0961528
0.101757
0.122751
0.132221
0.151455
0.163188
0.189312
0.202268
0.212786
0.212097
0.201964
0.156877
0.128
0.101255
0.0994993
0.0972247
0.101686
0.0996205
0.0974635
0.0809728
0.0767665
0.0763816
0.0897839
0.14245
0.233027
0.244395
0.250336
0.238487
0.220261
0.191913
0.185892
0.173774
0.169814
0.160982
0.156798
0.147481
0.138729
0.13054
0.130516
0.13055
0.137028
0.143194
0.147167
0.145881
0.142217
0.131001
0.102156
0.0646466
0.0424871
0.0289275
0.022478
0.0188879
0.0173279
0.0168609
0.0157933
0.0156208
0.0146946
0.0147638
0.0139859
0.0143477
0.0132045
0.0137855
0.0129541
0.0147685
0.0146082
0.0183641
0.0178674
0.024518
0.0249483
0.0404306
0.0557614
0.153461
0.21539
0.364678
0.329203
0.369638
0.260214
0.265028
0.182482
0.174967
0.134231
0.125458
0.117587
0.11425
0.117595
0.1177
0.122211
0.122563
0.12393
0.122843
0.119142
0.114719
0.114756
0.115904
0.131929
0.139677
0.180099
0.176735
0.197025
0.17428
0.173569
0.139267
0.129242
0.0959874
0.0879254
0.0646606
0.0574101
0.0393831
0.0354973
0.0333395
0.035359
0.0443581
0.0554008
0.0983952
0.116077
0.169129
0.178907
0.210301
0.210203
0.216554
0.214926
0.209356
0.218773
0.219371
0.235779
0.301589
0.292218
0.280636
0.268972
0.256652
0.248994
0.23746
0.231466
0.220606
0.214427
0.204178
0.197152
0.187784
0.182132
0.174979
0.170158
0.164315
0.161203
0.157938
0.154871
0.150764
0.146038
0.142036
0.136016
0.129361
0.123303
0.118338
0.115255
0.108849
0.104363
0.0957161
0.0883631
0.0804275
0.0793479
0.0788747
0.0815831
0.0842519
0.0920655
0.0998151
0.119759
0.153209
0.229821
0.281867
0.312106
0.314628
0.313447
0.307422
0.29472
0.28182
0.265421
0.247194
0.219564
0.181911
0.147898
0.127255
0.10679
0.0898236
0.0846629
0.0854254
0.0887167
0.0889615
0.0858417
0.076502
0.0750453
0.0779667
0.0930766
0.101642
0.119849
0.150659
0.174587
0.17654
0.175177
0.160951
0.139798
0.116732
0.115065
0.115619
0.124189
0.130686
0.146054
0.172877
0.198076
0.208696
0.209798
0.203959
0.17056
0.132034
0.102234
0.0839634
0.0781297
0.0781126
0.0916372
0.100617
0.102267
0.0882669
0.0719234
0.0638329
0.0642592
0.0703262
0.0948346
0.156216
0.20949
0.219442
0.219227
0.211567
0.204231
0.18695
0.180639
0.166769
0.160834
0.15272
0.152198
0.151843
0.154412
0.154042
0.154751
0.152509
0.147651
0.136553
0.113638
0.0756543
0.0504865
0.0339553
0.025224
0.019791
0.0176989
0.0163691
0.0164073
0.0161124
0.0164375
0.0163664
0.0161103
0.0159742
0.0152717
0.0147532
0.0130586
0.0125887
0.0113013
0.0115393
0.0111366
0.0119921
0.0120389
0.0135947
0.0140183
0.0172761
0.0225047
0.0429119
0.075571
0.188652
0.261989
0.324585
0.302778
0.278741
0.246822
0.215041
0.173232
0.142694
0.134389
0.125316
0.126023
0.123798
0.125651
0.122932
0.123171
0.118925
0.117325
0.113522
0.116265
0.118566
0.135937
0.140291
0.151314
0.143311
0.141887
0.125357
0.117588
0.0970121
0.0894415
0.0717444
0.0645864
0.0488615
0.0386915
0.0309064
0.0300783
0.0313615
0.0365115
0.0701354
0.0930016
0.171558
0.194327
0.258677
0.263494
0.268116
0.26154
0.251685
0.246028
0.234898
0.237642
0.227829
0.231313
0.217867
0.210775
0.205905
0.197832
0.193419
0.186893
0.182571
0.176495
0.171961
0.166322
0.161403
0.155378
0.150132
0.144749
0.140194
0.135577
0.131275
0.127695
0.125192
0.1228
0.120489
0.11806
0.116922
0.114897
0.111641
0.109103
0.107267
0.105049
0.10095
0.0956867
0.0876154
0.0810901
0.0754083
0.0736665
0.0730512
0.073687
0.0755094
0.0814779
0.0859562
0.0911368
0.101357
0.117153
0.143345
0.179732
0.213927
0.238639
0.245251
0.243394
0.234704
0.217588
0.190969
0.145846
0.11217
0.0970244
0.0874113
0.0783762
0.0751436
0.0767757
0.0833077
0.0871318
0.0861892
0.0796468
0.0700494
0.067183
0.0666256
0.0719624
0.0816587
0.0952431
0.105805
0.141906
0.160687
0.171741
0.171622
0.170217
0.164769
0.154302
0.146958
0.144108
0.147484
0.170841
0.195013
0.202323
0.202497
0.195529
0.16604
0.132734
0.108477
0.0887231
0.0754008
0.0668525
0.0651417
0.0743212
0.0953463
0.101629
0.0956519
0.0731874
0.0596286
0.0558978
0.056053
0.0591227
0.068689
0.0940069
0.136129
0.174148
0.187802
0.190322
0.187044
0.18458
0.178659
0.175202
0.16882
0.167047
0.162322
0.159303
0.149373
0.141172
0.126021
0.102558
0.0739983
0.0527504
0.0370749
0.0278064
0.0213728
0.0181862
0.0162074
0.0161954
0.0159641
0.0165625
0.0168208
0.0173842
0.0170527
0.0168405
0.016345
0.0162018
0.0160438
0.0157506
0.01457
0.0132382
0.0123012
0.0116683
0.0111471
0.0109663
0.0103948
0.0104111
0.0104909
0.0114952
0.01426
0.0233087
0.0441495
0.118089
0.159974
0.255234
0.252946
0.25778
0.239371
0.229469
0.19613
0.176492
0.14899
0.139648
0.129059
0.127892
0.123611
0.122701
0.118232
0.117747
0.116564
0.120927
0.126996
0.138059
0.13717
0.137688
0.130209
0.124767
0.108409
0.100682
0.084457
0.076548
0.0611913
0.0476841
0.0340437
0.0288582
0.0283035
0.0289867
0.0391987
0.0577859
0.142387
0.183674
0.295828
0.309916
0.3131
0.304733
0.28751
0.275195
0.256188
0.2518
0.239817
0.245333
0.24542
0.240759
0.188513
0.183782
0.180696
0.174337
0.171044
0.165197
0.161682
0.155928
0.152059
0.14702
0.14276
0.137561
0.132491
0.12752
0.12295
0.118603
0.11449
0.111524
0.109462
0.108078
0.107271
0.10683
0.106713
0.106192
0.104429
0.102143
0.100421
0.0971552
0.0911138
0.0837537
0.07787
0.0739806
0.0719301
0.0706187
0.069584
0.0692848
0.0694336
0.0720931
0.0760716
0.07889
0.0817157
0.085075
0.0949767
0.103863
0.115362
0.132402
0.141088
0.140777
0.136019
0.129316
0.115144
0.0932149
0.0803234
0.0753291
0.0702855
0.0673287
0.0672106
0.0745927
0.0830686
0.0848743
0.0825628
0.0740332
0.0670089
0.0658937
0.0659767
0.0698762
0.073837
0.0841983
0.0895401
0.100592
0.116991
0.146962
0.159536
0.166606
0.16868
0.171265
0.175601
0.182935
0.191825
0.19798
0.199623
0.198643
0.190227
0.156852
0.131459
0.111818
0.0968046
0.0834357
0.0727332
0.0637253
0.0591404
0.0606912
0.0830936
0.101112
0.102706
0.0830527
0.0605313
0.051153
0.0497224
0.0513531
0.0564888
0.0624503
0.0708548
0.087503
0.108278
0.125867
0.140763
0.147627
0.147983
0.146771
0.142709
0.135774
0.124807
0.115352
0.100378
0.0840354
0.0670706
0.0512708
0.0386609
0.0296305
0.0231456
0.0195393
0.0172156
0.0161893
0.0158819
0.0164721
0.0171484
0.0188663
0.0192711
0.0203086
0.0202412
0.0201962
0.0190009
0.0184947
0.0174908
0.0178644
0.0172211
0.017454
0.0167337
0.0166364
0.0164607
0.0158574
0.0160495
0.0150121
0.0153256
0.0145903
0.0160666
0.0188503
0.0264754
0.0550635
0.0801606
0.150079
0.181801
0.23319
0.229041
0.226568
0.213571
0.196435
0.180829
0.165095
0.152003
0.141322
0.134307
0.130416
0.130085
0.130789
0.134573
0.139741
0.141491
0.141785
0.137937
0.132987
0.119206
0.110955
0.0936288
0.0847032
0.0687258
0.0514431
0.0365783
0.028981
0.0265536
0.0263736
0.0281266
0.0355342
0.0763425
0.130461
0.299266
0.362802
0.368463
0.359728
0.330269
0.31314
0.272365
0.261606
0.235085
0.23481
0.230187
0.232831
0.245193
0.256879
0.161433
0.158831
0.156547
0.151931
0.148447
0.142773
0.139702
0.134475
0.130364
0.124543
0.119226
0.113147
0.107588
0.102648
0.0993064
0.0968509
0.0954652
0.0943624
0.0939314
0.0935174
0.0933628
0.092402
0.0913491
0.0894999
0.0882772
0.0858578
0.0821796
0.0770716
0.0724423
0.0691484
0.068047
0.0682038
0.0697217
0.0702396
0.0696766
0.0685722
0.0685171
0.070217
0.0725252
0.0737677
0.0747523
0.0769334
0.0810147
0.0824186
0.0831822
0.0869057
0.0899172
0.0894262
0.0865509
0.0844479
0.0790424
0.0721708
0.0692761
0.0675893
0.0641925
0.0615973
0.061249
0.0712855
0.0849309
0.0877643
0.0836579
0.0766569
0.0712485
0.0703753
0.0691827
0.0700564
0.071089
0.0748184
0.0764876
0.0800982
0.0836315
0.0944938
0.105989
0.127267
0.143313
0.15929
0.170192
0.179678
0.183292
0.183752
0.182525
0.167579
0.144217
0.127633
0.114801
0.103625
0.0927399
0.0823494
0.0720835
0.0628939
0.0569075
0.0545395
0.0600424
0.0838666
0.100183
0.10263
0.0889267
0.0634612
0.049742
0.0454476
0.0453932
0.0484117
0.0575466
0.066195
0.0731032
0.0791153
0.0866732
0.0904013
0.0905423
0.0897807
0.0869561
0.0832283
0.0764231
0.0699474
0.0610034
0.0497853
0.0397345
0.0309415
0.024621
0.0212563
0.0188701
0.0174076
0.0174201
0.0181124
0.0199459
0.0233922
0.0266058
0.0282622
0.0283524
0.0279063
0.0263354
0.0253287
0.0229673
0.0220056
0.0190084
0.0192265
0.0180743
0.0199549
0.0189013
0.0214244
0.02026
0.0234432
0.0224879
0.026237
0.0253982
0.027685
0.0271448
0.0275606
0.0300789
0.0421966
0.0535318
0.0929445
0.113255
0.16756
0.190254
0.20791
0.205215
0.196296
0.189138
0.176301
0.171288
0.161303
0.158628
0.152884
0.152655
0.150393
0.150765
0.149052
0.144665
0.139497
0.127772
0.119354
0.101032
0.0898599
0.0726433
0.0537366
0.0378252
0.0294747
0.025343
0.0243917
0.0251732
0.0275429
0.0380341
0.0718742
0.208571
0.352965
0.43343
0.424212
0.387516
0.362042
0.300041
0.280986
0.241891
0.2322
0.208369
0.201862
0.198351
0.200582
0.213457
0.252078
0.114958
0.113253
0.110845
0.108261
0.105502
0.103055
0.100678
0.0981921
0.0952035
0.0924677
0.0897695
0.0874165
0.0854653
0.0837451
0.082992
0.0819892
0.0813087
0.0800104
0.0789892
0.0772598
0.0759054
0.0745058
0.073838
0.0732357
0.0725643
0.0711718
0.0691104
0.0667893
0.0650194
0.0642062
0.0640865
0.0657632
0.0715239
0.0741172
0.0737974
0.0695951
0.0669398
0.0664194
0.0665224
0.0669014
0.0692283
0.07174
0.0723874
0.0721838
0.0726915
0.0760777
0.076354
0.0752112
0.0747662
0.0744892
0.0697953
0.0670277
0.0666709
0.0652411
0.0607911
0.0592573
0.059279
0.0648456
0.0795244
0.0901926
0.0927638
0.0929768
0.0880861
0.0868837
0.0859689
0.0848999
0.0796283
0.077123
0.0773999
0.0786097
0.0829647
0.087159
0.0922583
0.101321
0.112683
0.127066
0.136707
0.1399
0.139946
0.13985
0.13916
0.134034
0.128403
0.120056
0.111071
0.101468
0.0914517
0.0813364
0.0715912
0.0623731
0.0546146
0.0501166
0.0487172
0.050571
0.064556
0.0796092
0.0871359
0.0889828
0.0845693
0.0639311
0.0490089
0.0431766
0.0429603
0.0442294
0.0495516
0.057105
0.0638349
0.0675035
0.0677353
0.0675724
0.0659149
0.0637452
0.0582674
0.0501728
0.0398806
0.0310542
0.0255181
0.022642
0.0201173
0.0195394
0.0200472
0.0217662
0.0263379
0.0318963
0.040537
0.0459245
0.0486012
0.0481201
0.0471626
0.0432772
0.0389871
0.0339464
0.0296953
0.0263275
0.0215436
0.0198035
0.0162575
0.0164375
0.0154247
0.017717
0.0168892
0.0208609
0.0199377
0.0249452
0.0239241
0.0287051
0.027419
0.0309976
0.0306377
0.0372456
0.0413185
0.0597543
0.0703359
0.103147
0.118412
0.155944
0.175401
0.181905
0.180774
0.175432
0.1719
0.164608
0.162485
0.157124
0.154687
0.151496
0.146641
0.141433
0.130208
0.121781
0.103703
0.0901493
0.0694119
0.0528094
0.0367331
0.0290492
0.0241632
0.0230041
0.0230106
0.0239711
0.0285439
0.0412147
0.0845759
0.214359
0.454902
0.479795
0.473781
0.425524
0.364404
0.317865
0.281135
0.255831
0.233529
0.219302
0.199391
0.182468
0.170763
0.168599
0.171071
0.208636
0.0973698
0.0963513
0.0953891
0.094219
0.0928766
0.0914816
0.0896474
0.0879035
0.0859713
0.0844807
0.0830879
0.0820161
0.0810475
0.0799544
0.0785739
0.0770285
0.0756717
0.074774
0.0743606
0.0742747
0.0743521
0.0744482
0.0744354
0.0740267
0.0723626
0.0698704
0.0669448
0.0643291
0.0627458
0.0622721
0.0623433
0.0635232
0.0678436
0.0723559
0.0742666
0.0742995
0.0726601
0.0709556
0.0704381
0.0707737
0.0724818
0.0727675
0.0724621
0.0724566
0.0737478
0.0742533
0.073971
0.0728754
0.0692949
0.0655859
0.0646828
0.0648698
0.064135
0.0598847
0.0575813
0.0574094
0.0580208
0.0597175
0.0680551
0.0805621
0.0871797
0.0883901
0.0879146
0.0878826
0.0904781
0.0978218
0.0982076
0.0941993
0.0847482
0.082626
0.0837495
0.0873086
0.0942623
0.105747
0.117248
0.128072
0.136052
0.142367
0.147543
0.148917
0.148606
0.146741
0.134437
0.115957
0.103903
0.0936488
0.0839226
0.0764916
0.0700114
0.0636148
0.0558268
0.0495017
0.04575
0.044926
0.0454843
0.0502033
0.0591623
0.0642474
0.0647979
0.0630975
0.0567085
0.0472902
0.0400218
0.0367891
0.0365975
0.037236
0.0401053
0.0414877
0.0415624
0.0412759
0.0401475
0.0370678
0.0313299
0.0272265
0.0244592
0.0221572
0.0211751
0.0214636
0.0231175
0.0273243
0.0366967
0.0479304
0.0636792
0.0787817
0.0915901
0.0943447
0.094088
0.0896958
0.0848079
0.0728334
0.0658735
0.0516307
0.0455201
0.0357819
0.0314707
0.0251822
0.0206143
0.0175746
0.0142313
0.0134537
0.0120433
0.0129704
0.0127952
0.0153517
0.0156823
0.0197345
0.0208565
0.0250624
0.0264599
0.0296501
0.0315777
0.0379295
0.0432399
0.0570998
0.0671988
0.0885127
0.105817
0.128895
0.140351
0.1496
0.151119
0.149982
0.147435
0.144223
0.137617
0.132026
0.118213
0.107194
0.0905559
0.0761351
0.0577553
0.0443472
0.0328329
0.0266725
0.0219585
0.0211181
0.0210643
0.021899
0.0248567
0.0328138
0.0502411
0.0983393
0.266966
0.501689
0.554486
0.518414
0.459388
0.380372
0.350457
0.292183
0.276243
0.244077
0.236337
0.218345
0.211144
0.186523
0.175862
0.164191
0.163887
0.167029
0.100311
0.099642
0.0977371
0.0965521
0.093902
0.092259
0.0890875
0.0868213
0.0841738
0.0819977
0.0798624
0.0782959
0.0774353
0.0770772
0.0770811
0.0771541
0.0777419
0.077871
0.0780303
0.0779551
0.0778376
0.0773831
0.0755229
0.0721023
0.0683305
0.0641332
0.0602614
0.0571598
0.0554557
0.0548843
0.0549086
0.0552302
0.0564375
0.0625117
0.0723672
0.0817955
0.0882443
0.0913329
0.0926623
0.0931079
0.092572
0.0885079
0.0837806
0.0797626
0.0750078
0.0695024
0.063865
0.0597121
0.057999
0.0579278
0.0579803
0.0567121
0.055957
0.0559735
0.0562714
0.0574427
0.060175
0.0624987
0.0643209
0.064391
0.0641909
0.0645389
0.0665707
0.0682326
0.070813
0.0776281
0.0893388
0.0932922
0.0949111
0.0938838
0.0927199
0.09267
0.0938264
0.0986764
0.107
0.115724
0.120796
0.122794
0.121674
0.114398
0.104284
0.0965594
0.0919266
0.0906045
0.0904345
0.0891047
0.0820203
0.0757834
0.0729106
0.0694818
0.0621246
0.0533129
0.0468972
0.0443137
0.0441126
0.0443574
0.0442509
0.0437242
0.0441618
0.0451445
0.0448786
0.0430981
0.0387212
0.0355264
0.0331784
0.0317129
0.0303815
0.0297203
0.0290749
0.0275694
0.0256851
0.0241388
0.0225478
0.0218424
0.0220498
0.0232577
0.0268158
0.0355614
0.0505121
0.075344
0.102401
0.132155
0.163437
0.184155
0.188913
0.186929
0.180797
0.162012
0.144401
0.11918
0.104352
0.0826946
0.0714959
0.0554254
0.0481252
0.0370542
0.0321874
0.0247761
0.0211783
0.0171649
0.0146613
0.0132313
0.0122243
0.0118031
0.0117426
0.0120733
0.0126305
0.0140312
0.01539
0.0176623
0.0192651
0.0225794
0.0251129
0.0303599
0.035702
0.0443398
0.052777
0.0648284
0.073036
0.0827522
0.0883622
0.0906463
0.0899239
0.0875118
0.0819603
0.0742885
0.0654797
0.0553042
0.0451305
0.0365046
0.0284765
0.0236551
0.0205331
0.0193531
0.019254
0.0199966
0.0221977
0.0296517
0.0446366
0.0694871
0.125266
0.313176
0.5626
0.617359
0.585917
0.482806
0.442029
0.365125
0.339163
0.283338
0.26845
0.239928
0.235374
0.219734
0.214409
0.196007
0.190552
0.177062
0.171796
0.16944
0.0694849
0.0687137
0.0670799
0.0660538
0.0639353
0.0624449
0.0604367
0.0589143
0.0573691
0.056585
0.0562381
0.0562342
0.0563194
0.0568989
0.0577532
0.0586319
0.0590231
0.0592221
0.059262
0.0592599
0.0591054
0.0582981
0.0570116
0.0557047
0.0542579
0.0529098
0.0518279
0.0510677
0.0502029
0.0490789
0.0478017
0.0469994
0.0468767
0.0482319
0.0546516
0.0634009
0.0712778
0.0775557
0.0807202
0.0820481
0.0819522
0.0789717
0.0715305
0.0636983
0.0567014
0.0517151
0.0492513
0.0484002
0.0483789
0.0486869
0.0490094
0.049409
0.0519631
0.0579719
0.0642705
0.0702803
0.0765984
0.0790955
0.0790807
0.0776593
0.0737381
0.0722242
0.0720974
0.072194
0.0693498
0.0664489
0.0670983
0.0707093
0.0814762
0.0856799
0.0896203
0.090814
0.0932013
0.0959073
0.099579
0.10073
0.100695
0.0971374
0.0906559
0.0859914
0.0843592
0.0843806
0.0858975
0.0874395
0.0877435
0.0860126
0.0851306
0.0849913
0.0850132
0.08446
0.0779679
0.0643081
0.052527
0.0446614
0.0403353
0.0376858
0.035935
0.0339105
0.0318331
0.0297908
0.0289011
0.0287121
0.0283246
0.0276149
0.0264612
0.0255497
0.0243323
0.0236429
0.023196
0.0221253
0.0212672
0.0213833
0.0222644
0.0251605
0.0329673
0.0461967
0.0710592
0.115288
0.163238
0.216112
0.275382
0.319751
0.355147
0.359693
0.356094
0.342103
0.309056
0.26409
0.22528
0.186359
0.15644
0.126654
0.106179
0.0850373
0.0720119
0.0575586
0.0499719
0.0402367
0.0354665
0.0287643
0.024831
0.0202139
0.0172621
0.0146752
0.0130918
0.0122773
0.0116909
0.0116394
0.0117285
0.0121819
0.0127231
0.013997
0.0152736
0.0169405
0.0196011
0.0225514
0.0259993
0.0308859
0.0347512
0.0387339
0.0421984
0.0431657
0.042859
0.0417788
0.0393219
0.035458
0.0315166
0.0266256
0.0230792
0.0203745
0.0187536
0.0181454
0.0182669
0.0190947
0.0219377
0.0285675
0.0414778
0.0760489
0.110862
0.181117
0.357706
0.652101
0.675929
0.65666
0.508471
0.469705
0.434742
0.360474
0.330071
0.266855
0.260098
0.239482
0.239158
0.225446
0.221716
0.20921
0.210304
0.2066
0.198519
0.181205
0.0628195
0.0625268
0.0617544
0.0601852
0.0590539
0.0571115
0.0548295
0.0536708
0.0535305
0.0536264
0.0547647
0.0565418
0.0581904
0.0590288
0.0594113
0.0596281
0.0597572
0.0602652
0.0607768
0.06243
0.0636696
0.0650216
0.0666014
0.0670765
0.0678221
0.0683632
0.0690524
0.0689755
0.0684418
0.0674136
0.062858
0.0569972
0.0526761
0.050389
0.0497805
0.0499058
0.0503558
0.0507118
0.0513238
0.0537601
0.0561032
0.0575569
0.0581173
0.0582099
0.0573151
0.0546747
0.0521288
0.0497385
0.0482738
0.0479152
0.048576
0.0518572
0.0650029
0.0854864
0.106704
0.122851
0.139995
0.151871
0.153399
0.15213
0.146848
0.139608
0.132443
0.114041
0.090682
0.0737144
0.0629504
0.0589699
0.0589146
0.0603661
0.0663982
0.0712712
0.0741547
0.0743895
0.0737441
0.0705942
0.0676167
0.0658674
0.0657752
0.0676239
0.0694052
0.0718363
0.0756509
0.0811206
0.0926889
0.114373
0.131132
0.13729
0.137004
0.134272
0.121091
0.0962217
0.0736017
0.0575241
0.0473579
0.0417971
0.0381219
0.035065
0.031849
0.0298396
0.0279979
0.0265393
0.0248341
0.0239299
0.0231671
0.0218409
0.0204554
0.0203031
0.02057
0.0217314
0.024836
0.0320206
0.0450809
0.0711311
0.113379
0.165965
0.250632
0.347988
0.422261
0.490827
0.526049
0.530922
0.525762
0.505876
0.483141
0.442768
0.407355
0.357067
0.308936
0.260246
0.221554
0.183378
0.157658
0.130515
0.114322
0.0969303
0.0861028
0.0740015
0.0666059
0.057133
0.0502317
0.0422089
0.0356677
0.0287543
0.0235556
0.0191607
0.0159482
0.0140338
0.0127752
0.0123436
0.0123109
0.0124335
0.0127805
0.0131573
0.0139338
0.0149893
0.0157284
0.017665
0.0188593
0.020058
0.0216827
0.0220424
0.0219237
0.021611
0.020826
0.0194606
0.0185374
0.0175086
0.0170692
0.0171899
0.0179324
0.0196012
0.024479
0.0318397
0.0509105
0.075582
0.129007
0.199194
0.277079
0.504981
0.696601
0.760951
0.658321
0.542041
0.462562
0.475883
0.42429
0.359369
0.300607
0.256573
0.256304
0.24476
0.255566
0.243413
0.250849
0.24003
0.245834
0.241697
0.243267
0.215792
0.211077
0.208228
0.201882
0.191142
0.18146
0.170413
0.162542
0.160438
0.160472
0.16105
0.164076
0.166249
0.168765
0.168948
0.169141
0.169099
0.169328
0.17035
0.171415
0.174286
0.175254
0.176162
0.176151
0.174201
0.173266
0.17148
0.170574
0.168502
0.164767
0.158026
0.146332
0.134114
0.121546
0.111287
0.104349
0.098745
0.0962892
0.0946998
0.0946179
0.0952074
0.0980275
0.0997297
0.0987177
0.0921747
0.08227
0.0737275
0.070044
0.0699831
0.0712696
0.0761685
0.0882042
0.124437
0.179621
0.222152
0.266525
0.304582
0.324451
0.325693
0.321804
0.310006
0.288003
0.254982
0.21119
0.162708
0.118916
0.0870391
0.0687053
0.0605709
0.0576881
0.0571458
0.0578545
0.0603193
0.0618073
0.0622789
0.0626597
0.0627973
0.0630882
0.0641454
0.0662376
0.0711746
0.0797028
0.0910491
0.112863
0.154639
0.206852
0.250167
0.270413
0.271932
0.268144
0.25151
0.217294
0.180976
0.145624
0.116736
0.0942887
0.0791195
0.0676006
0.0589508
0.0518062
0.0463108
0.0423295
0.0391627
0.03601
0.0338891
0.0331792
0.0333618
0.0346179
0.0381266
0.045557
0.0610483
0.0851928
0.118679
0.182965
0.267201
0.378034
0.490814
0.562145
0.609109
0.627053
0.626498
0.614601
0.599282
0.566516
0.532013
0.498763
0.46066
0.425829
0.384988
0.347866
0.310346
0.275544
0.244873
0.220941
0.196703
0.18265
0.167184
0.158774
0.147555
0.138947
0.126517
0.114994
0.100868
0.0880438
0.0727682
0.0598267
0.0475642
0.0374165
0.0293332
0.0235316
0.0195477
0.016795
0.0154703
0.0147034
0.0141809
0.0142646
0.0146818
0.0148875
0.015409
0.0159235
0.0163217
0.0168554
0.0172129
0.0174084
0.0174137
0.0173652
0.0174877
0.0178105
0.018642
0.0204879
0.0250316
0.0313527
0.044022
0.069996
0.097702
0.160922
0.2457
0.334842
0.487188
0.670065
0.791224
0.812216
0.681461
0.444328
0.43348
0.458954
0.493247
0.415478
0.371761
0.273319
0.257463
0.249664
0.243449
0.260091
0.254744
0.272621
0.266951
0.285886
0.275305
0.284677
0.257437
0.676211
0.643299
0.5959
0.559566
0.518821
0.494256
0.471782
0.46379
0.454773
0.450941
0.445206
0.437219
0.431836
0.418719
0.410832
0.397944
0.39227
0.385442
0.379875
0.374481
0.366299
0.362405
0.357679
0.354994
0.352575
0.350852
0.348525
0.34128
0.328213
0.314258
0.298993
0.287427
0.277129
0.267319
0.258683
0.252507
0.249598
0.246702
0.238825
0.224122
0.206929
0.187373
0.166901
0.150587
0.144473
0.144995
0.149354
0.165643
0.186235
0.221206
0.308203
0.412048
0.493063
0.538239
0.549672
0.547722
0.539968
0.52312
0.493884
0.451643
0.396651
0.334595
0.270318
0.210544
0.159184
0.120645
0.0967091
0.0847194
0.08067
0.0802719
0.082037
0.0886892
0.0946973
0.0997837
0.104818
0.109045
0.11474
0.123785
0.136218
0.15276
0.189555
0.254477
0.329637
0.401891
0.455025
0.476335
0.47602
0.467764
0.440979
0.405019
0.368505
0.330993
0.295131
0.259569
0.227525
0.197457
0.171949
0.149545
0.13068
0.114995
0.103275
0.0955796
0.0940762
0.0946794
0.0972531
0.105117
0.117308
0.141817
0.1838
0.235845
0.309127
0.42165
0.526816
0.596519
0.647182
0.672192
0.678029
0.675758
0.665701
0.64217
0.599771
0.562248
0.519256
0.490898
0.451603
0.42693
0.399518
0.373673
0.345806
0.322977
0.300855
0.288035
0.277316
0.272945
0.26975
0.268257
0.26955
0.270372
0.268776
0.264267
0.256316
0.238669
0.221327
0.194971
0.167614
0.13826
0.11061
0.0873074
0.0689469
0.0550846
0.0434815
0.0365732
0.0311808
0.0265724
0.0243146
0.0229854
0.0212619
0.0211136
0.0212185
0.0212525
0.0215467
0.0223686
0.0228183
0.0240347
0.0265156
0.0290774
0.0362391
0.044399
0.0569851
0.0810623
0.104504
0.162717
0.224489
0.327065
0.487115
0.636235
0.740206
0.829335
0.862819
0.82664
0.581759
0.353239
0.307196
0.377765
0.514602
0.544086
0.458354
0.380018
0.264497
0.28529
0.247319
0.246635
0.264907
0.265595
0.279301
0.283488
0.315588
0.303885
0.325401
0.291983
1.40751
1.29504
1.17489
1.08752
1.003
0.951582
0.893241
0.85951
0.814626
0.785996
0.745689
0.720738
0.689421
0.66879
0.646925
0.629077
0.617072
0.601697
0.593199
0.581473
0.575484
0.570337
0.565551
0.562283
0.553799
0.548244
0.537363
0.527267
0.513216
0.502987
0.489812
0.481378
0.469598
0.456415
0.440022
0.420957
0.401098
0.378885
0.354482
0.332086
0.315019
0.307723
0.307124
0.309745
0.319427
0.345871
0.398453
0.463558
0.535516
0.60226
0.650784
0.683196
0.690324
0.689079
0.682053
0.668551
0.640475
0.603211
0.55925
0.51458
0.468168
0.422703
0.373004
0.325021
0.282085
0.250165
0.229872
0.219994
0.218846
0.220798
0.224132
0.226649
0.22908
0.232803
0.237797
0.247418
0.261257
0.287059
0.343919
0.416035
0.497273
0.584077
0.651526
0.677751
0.678244
0.669983
0.643007
0.607706
0.566014
0.524586
0.483678
0.447314
0.412858
0.381864
0.353036
0.326605
0.30283
0.281242
0.263647
0.250847
0.246351
0.246622
0.2501
0.258964
0.282963
0.311586
0.347783
0.410747
0.491909
0.56863
0.629252
0.67328
0.694719
0.702188
0.701353
0.694795
0.677028
0.63659
0.593474
0.552184
0.522183
0.494512
0.468476
0.44156
0.41463
0.395976
0.381024
0.373101
0.367008
0.364918
0.365435
0.372123
0.389531
0.408434
0.422746
0.436896
0.442851
0.442713
0.44051
0.435353
0.422029
0.409253
0.387772
0.367596
0.336573
0.31159
0.278469
0.243057
0.210302
0.177546
0.147532
0.124379
0.106148
0.0889841
0.0801877
0.0732968
0.0662134
0.0636935
0.0630559
0.0631499
0.0644268
0.0684969
0.0730357
0.0804464
0.100442
0.116431
0.142906
0.189976
0.234866
0.286103
0.402762
0.539414
0.703283
0.851849
0.906021
0.91187
0.913235
0.88102
0.629602
0.356454
0.226062
0.189709
0.209342
0.37494
0.56712
0.618052
0.565456
0.412523
0.28863
0.317031
0.233341
0.270745
0.259813
0.253311
0.288287
0.300327
0.307736
0.317615
0.353088
0.324032
2.08776
1.82704
1.60371
1.43925
1.30976
1.2115
1.12516
1.06015
0.999483
0.95544
0.910091
0.881775
0.848238
0.829139
0.80351
0.790395
0.771153
0.760762
0.750231
0.74428
0.740814
0.737675
0.735844
0.731245
0.724154
0.717744
0.706886
0.698471
0.682522
0.6704
0.65265
0.638496
0.619658
0.602631
0.583839
0.567767
0.552761
0.542484
0.53646
0.535848
0.537647
0.547137
0.570064
0.599737
0.638316
0.684625
0.726869
0.755736
0.767003
0.768217
0.766409
0.756819
0.736956
0.720183
0.696702
0.673794
0.640872
0.607202
0.571914
0.541146
0.512578
0.486745
0.461952
0.439215
0.419563
0.405027
0.394062
0.389041
0.389113
0.391496
0.39724
0.404654
0.414328
0.433743
0.472081
0.522534
0.582543
0.65565
0.729332
0.782867
0.807974
0.812352
0.808199
0.789182
0.75847
0.725138
0.687705
0.651253
0.615159
0.583561
0.55466
0.530487
0.507656
0.488196
0.471125
0.458161
0.44963
0.446235
0.446062
0.448123
0.456383
0.475847
0.501401
0.53472
0.576257
0.623644
0.665454
0.695605
0.712748
0.720768
0.721405
0.718088
0.703455
0.666425
0.623376
0.588281
0.560711
0.540744
0.523742
0.506614
0.491364
0.477246
0.466055
0.458053
0.453637
0.453568
0.458708
0.466951
0.473019
0.480719
0.487637
0.496115
0.502246
0.508595
0.512846
0.516902
0.517565
0.5164
0.515311
0.511374
0.507778
0.501533
0.493165
0.480287
0.46705
0.445515
0.428199
0.402318
0.381106
0.350118
0.325542
0.305322
0.277649
0.247661
0.233146
0.218708
0.207046
0.207207
0.210013
0.215521
0.226091
0.25481
0.282579
0.337485
0.425727
0.481802
0.598026
0.70515
0.781205
0.968864
1.12772
1.13795
1.12231
1.06929
0.997114
0.765738
0.467091
0.27907
0.16806
0.117489
0.104491
0.108817
0.154932
0.355408
0.600357
0.740632
0.70531
0.517565
0.422247
0.332546
0.297108
0.304235
0.256557
0.284204
0.274886
0.288483
0.308346
0.317457
0.348914
0.38806
2.43234
1.97512
1.6701
1.47042
1.32884
1.23004
1.15832
1.10584
1.05968
1.02622
0.996936
0.976644
0.955522
0.941882
0.925856
0.918318
0.908817
0.904763
0.896795
0.892618
0.885536
0.880391
0.870906
0.861979
0.851044
0.841808
0.830729
0.823994
0.814639
0.808493
0.801779
0.799726
0.797995
0.797772
0.797552
0.79975
0.803552
0.812237
0.819006
0.831073
0.843055
0.858064
0.869836
0.87862
0.880919
0.877851
0.86092
0.837226
0.806365
0.771061
0.731587
0.695833
0.664308
0.644637
0.630253
0.624125
0.617573
0.614776
0.61203
0.612214
0.613864
0.617405
0.619948
0.625644
0.632556
0.644712
0.659855
0.681788
0.708206
0.741018
0.777574
0.820606
0.867382
0.916121
0.961228
0.997359
1.0169
1.02077
1.01337
0.976122
0.921924
0.872331
0.830212
0.794803
0.765886
0.744067
0.728101
0.717305
0.709936
0.7056
0.703382
0.703056
0.704338
0.70849
0.714441
0.723267
0.734271
0.74857
0.764901
0.783829
0.803396
0.823043
0.838941
0.850018
0.854127
0.852677
0.835459
0.795669
0.744991
0.691595
0.637132
0.59084
0.553931
0.529285
0.51129
0.500075
0.490498
0.483729
0.47809
0.473649
0.470268
0.468055
0.46636
0.465874
0.465317
0.462753
0.458092
0.452225
0.445641
0.438718
0.431315
0.424584
0.420393
0.421061
0.424959
0.434931
0.443788
0.456052
0.466441
0.476428
0.485482
0.49227
0.500762
0.5095
0.516765
0.520304
0.52045
0.515067
0.511447
0.510996
0.512721
0.520732
0.529618
0.545614
0.579559
0.609043
0.637502
0.708381
0.789472
0.850694
0.991444
1.17969
1.36727
1.5597
1.7492
1.90025
1.94629
1.93204
1.87077
1.73199
1.51055
1.22024
0.895108
0.613672
0.404482
0.274117
0.200739
0.160851
0.139254
0.1303
0.130575
0.140408
0.17702
0.29883
0.669124
0.90386
0.909634
0.805834
0.655128
0.541734
0.496597
0.417317
0.389027
0.339041
0.339603
0.307289
0.314149
0.342035
0.380441
0.584999
1.72976
1.37855
1.21482
1.14298
1.11579
1.10522
1.09468
1.08042
1.05864
1.03413
1.00788
0.985197
0.963264
0.94529
0.9256
0.90757
0.885091
0.863275
0.837529
0.813053
0.786189
0.762175
0.739141
0.721194
0.7069
0.697991
0.692904
0.693809
0.699164
0.712606
0.729313
0.754184
0.782687
0.818657
0.857097
0.900295
0.942243
0.98592
1.02434
1.05914
1.08195
1.09212
1.08601
1.05832
1.0068
0.940022
0.855939
0.766555
0.674423
0.591198
0.517768
0.461397
0.420627
0.398469
0.390026
0.395761
0.411092
0.438098
0.472066
0.517646
0.570717
0.637166
0.713301
0.803676
0.903659
1.01624
1.1338
1.25634
1.37377
1.48389
1.5752
1.6437
1.68163
1.69012
1.66621
1.59844
1.50219
1.38613
1.25399
1.12019
0.990137
0.87552
0.777895
0.70391
0.650581
0.618528
0.603291
0.603408
0.615847
0.640389
0.673165
0.715436
0.764688
0.821504
0.883216
0.949518
1.01689
1.08346
1.14466
1.19734
1.23583
1.25735
1.25975
1.23981
1.18999
1.11847
1.02511
0.914628
0.791215
0.662533
0.537146
0.424556
0.330289
0.258472
0.207194
0.173929
0.15343
0.14248
0.137323
0.135697
0.135294
0.135281
0.134402
0.132982
0.130232
0.127255
0.123808
0.121046
0.117912
0.114704
0.113121
0.113232
0.116586
0.123192
0.132165
0.143853
0.157807
0.174086
0.191799
0.212093
0.235114
0.263167
0.296114
0.33809
0.389516
0.458218
0.545626
0.659192
0.794575
0.960243
1.15859
1.39335
1.65809
1.95899
2.28929
2.61273
2.95106
3.2919
3.59427
3.80913
3.91304
3.91645
3.86046
3.67324
3.36286
3.03787
2.73963
2.47975
2.22237
1.9458
1.61189
1.32343
1.11584
1.01505
0.97683
0.976944
0.988607
1.01401
1.035
1.09372
1.21014
1.396
1.5814
1.70802
1.68606
1.38457
1.07801
0.913337
0.887531
0.911193
0.952924
0.977144
0.97218
0.926073
0.937777
0.770328
0.802993
0.627114
0.732727
0.661995
0.00120959
0.00264532
0.00596323
0.00760964
0.00913181
0.0109435
0.0126854
0.0132275
0.0130504
0.0126466
0.0126858
0.013133
0.014434
0.0172383
0.0216518
0.0264569
0.0327324
0.0387075
0.0432013
0.0428157
0.0389207
0.0231083
0.00444114
0.0037061
0.00580696
0.00646682
0.00650681
0.00611343
0.00602173
0.00647781
0.00720099
0.00829409
0.0100857
0.0121483
0.0163696
0.0204249
0.0189772
0.0131719
0.00952681
0.00979032
0.0113674
0.0159227
0.0293754
0.0316246
0.0311792
0.0292427
0.0289082
0.0298772
0.0344779
0.0442323
0.0511516
0.052286
0.0453657
0.0357775
0.031029
0.0276676
0.025939
0.0277799
0.0344566
0.0457291
0.0691452
0.0976847
0.144848
0.204444
0.275248
0.325039
0.337535
0.331473
0.310297
0.264066
0.218466
0.177315
0.131745
0.0896628
0.0598125
0.0464664
0.048013
0.0579473
0.064291
0.0663719
0.0689927
0.116721
0.212911
0.239204
0.209695
0.127933
0.0993547
0.0831307
0.0640242
0.0541275
0.0513715
0.0506362
0.0534129
0.0597659
0.0718868
0.0872717
0.100655
0.10391
0.0992118
0.0802637
0.049932
0.0301344
0.0319465
0.0598812
0.113206
0.175364
0.261521
0.377257
0.489915
0.574938
0.64482
0.715738
0.797436
0.897312
1.00134
1.09702
1.17477
1.24253
1.29856
1.34405
1.38681
1.40653
1.37859
1.34386
1.22594
1.08911
0.98784
0.856479
0.745886
0.652249
0.558645
0.494644
0.450388
0.436512
0.460489
0.524331
0.64499
0.846985
1.13928
1.64132
2.84654
4.10112
4.30051
4.01626
3.03485
1.86667
0.996299
0.524911
0.354216
0.321788
0.338541
0.382989
0.453526
0.599368
0.797832
0.936906
0.862964
0.713778
0.731091
0.891788
1.12305
1.21339
1.19837
1.0727
0.675578
0.560604
0.83403
1.36402
1.8246
2.28363
2.7175
3.11153
3.43657
3.68741
3.80866
3.83863
3.68346
3.37409
2.88194
2.33856
1.86428
1.35372
1.01878
0.756693
0.700552
0.825764
1.27874
1.58164
1.45655
0.891438
0.742871
0.472862
0.308278
0.232008
0.128631
0.0904168
0.0706729
0.0630504
0.0568037
0.0484002
0.00109589
0.00737525
0.00894898
0.0085055
0.00753585
0.00656494
0.00594567
0.00568379
0.00537622
0.00469088
0.00408016
0.00357456
0.00347063
0.00355021
0.00375914
0.00409546
0.00474379
0.00631369
0.00980978
0.0148407
0.025132
0.0270769
0.0262091
0.0229625
0.0146918
0.00847076
0.00653686
0.00576749
0.00515299
0.00502379
0.00505287
0.00498272
0.00484863
0.00486433
0.00547864
0.00870994
0.0132296
0.0120989
0.00923804
0.0197596
0.0389702
0.0353541
0.0355134
0.035694
0.0314946
0.0287977
0.0268235
0.0250531
0.0257587
0.0312224
0.0363707
0.0365911
0.0316866
0.027298
0.0259212
0.0260611
0.0300565
0.0365992
0.0424212
0.0447309
0.0431255
0.0387537
0.0343905
0.029691
0.0286587
0.032698
0.0417686
0.0494937
0.0622662
0.0682496
0.0689292
0.068684
0.066644
0.0610413
0.0538952
0.0484795
0.0467137
0.056798
0.091919
0.136426
0.145763
0.134362
0.117603
0.0636191
0.0412626
0.0344389
0.0285176
0.0262624
0.0255063
0.0261051
0.0307347
0.0357347
0.0374926
0.0391351
0.0393494
0.0388127
0.0365183
0.0361272
0.0371099
0.0365494
0.0312109
0.0284168
0.0399029
0.10107
0.244286
0.365284
0.416862
0.446483
0.464124
0.465492
0.472069
0.480606
0.48477
0.482753
0.467429
0.443498
0.421437
0.405488
0.380523
0.358381
0.345512
0.324006
0.296964
0.281435
0.270736
0.269208
0.269057
0.269676
0.278028
0.290873
0.311427
0.335343
0.358388
0.376361
0.409522
0.425783
0.448563
0.490865
0.526077
0.558862
0.590367
0.674961
1.0076
1.66026
1.83058
1.74835
1.57688
1.02011
0.550087
0.403751
0.342795
0.309826
0.273772
0.258043
0.251629
0.256722
0.382142
0.423518
0.403262
0.429534
0.526274
0.588973
1.08017
1.67609
1.62259
1.49974
1.48923
1.51784
1.55792
1.48478
1.38562
1.24445
1.08899
0.928567
0.753024
0.543182
0.397583
0.3158
0.283611
0.279455
0.299676
0.311437
0.30906
0.287892
0.290052
0.383206
0.424714
0.330568
0.174183
0.152764
0.141672
0.137175
0.126649
0.10975
0.104594
0.091464
0.0744179
0.0659109
0.0630217
0.0607343
0.00231574
0.0110776
0.00958746
0.00730472
0.00552336
0.0045733
0.00424872
0.00403805
0.00385776
0.00355032
0.00321072
0.00310193
0.00318957
0.00347148
0.00385845
0.00414861
0.00418489
0.0041455
0.00431702
0.00501961
0.00740606
0.0135702
0.0206488
0.021328
0.0193185
0.0152753
0.0103836
0.00760845
0.00515724
0.00442864
0.00436912
0.00426978
0.00423972
0.00427025
0.00446143
0.00522792
0.00715592
0.00931849
0.0187243
0.0434772
0.0373584
0.0320953
0.0304254
0.0266095
0.0253601
0.026523
0.0267682
0.0271706
0.0273209
0.0307759
0.0376999
0.0399466
0.0384713
0.0327411
0.0305225
0.0329857
0.0406191
0.0493605
0.0554444
0.0578366
0.0552068
0.0475108
0.0382763
0.0307122
0.0254652
0.0214961
0.0202698
0.0205637
0.0224224
0.0247169
0.0254748
0.0267447
0.0298129
0.0346339
0.039251
0.0459554
0.059091
0.0986442
0.112056
0.115253
0.103008
0.0605263
0.0435939
0.0399117
0.0392206
0.0328879
0.0245546
0.0208194
0.0193525
0.0193093
0.0228794
0.0294909
0.0328176
0.0354552
0.0391196
0.0422663
0.0455111
0.0451802
0.043066
0.0398861
0.0384733
0.0438551
0.0956957
0.243808
0.314646
0.335008
0.324867
0.312185
0.304687
0.302096
0.301028
0.291144
0.272907
0.252502
0.23181
0.218267
0.211182
0.20351
0.194656
0.188495
0.183346
0.178864
0.177267
0.177202
0.183119
0.188178
0.198393
0.204358
0.206285
0.211315
0.225102
0.233451
0.246795
0.260365
0.285379
0.31196
0.322824
0.337558
0.370084
0.403195
0.437872
0.435927
0.436777
0.487554
0.578349
0.798618
1.10558
1.07473
0.94587
0.725583
0.561128
0.449821
0.345215
0.250225
0.205632
0.189987
0.206008
0.229339
0.259439
0.439362
1.07994
1.5981
1.58768
1.50598
1.26015
1.10046
0.934376
0.729627
0.523593
0.418546
0.31765
0.23558
0.177429
0.135512
0.105646
0.0926359
0.0896536
0.0998395
0.116013
0.137839
0.171266
0.224142
0.26896
0.277519
0.266314
0.227691
0.176688
0.159327
0.163402
0.168888
0.131236
0.112341
0.108986
0.0946883
0.0893466
0.0808328
0.0695947
0.0652656
0.0564575
0.059954
0.0141029
0.0120863
0.00716801
0.00394597
0.00270351
0.00234268
0.00240937
0.00262861
0.00307703
0.00333097
0.00371446
0.00462256
0.00564759
0.00611984
0.00617453
0.00608166
0.00584073
0.00554942
0.00518372
0.00471322
0.00490983
0.00610056
0.00892018
0.0140104
0.0159085
0.0145229
0.0117583
0.0086539
0.00576151
0.00469666
0.00465156
0.00446695
0.00449484
0.00481349
0.00532875
0.00551722
0.00691784
0.0129999
0.0405535
0.0421848
0.0326721
0.0293836
0.0276439
0.0249279
0.0259232
0.02857
0.0308606
0.0321594
0.0326621
0.0372968
0.0413957
0.0413387
0.0364045
0.0316228
0.0314455
0.0363871
0.0443983
0.0516392
0.0567446
0.0588603
0.0561805
0.048023
0.038594
0.0306995
0.0256236
0.0220897
0.0202365
0.0195932
0.0196404
0.0202968
0.0227219
0.0252685
0.0281619
0.0332281
0.038504
0.0468753
0.0723055
0.105397
0.0977907
0.0590769
0.0474087
0.0413426
0.041538
0.0482203
0.0499159
0.0506197
0.0447892
0.028408
0.0205019
0.0188181
0.0202517
0.0227552
0.0261172
0.0306074
0.0356022
0.0395656
0.0437478
0.0478184
0.0501623
0.0521567
0.0572697
0.091732
0.20381
0.265297
0.279596
0.238024
0.217527
0.205513
0.1962
0.190359
0.179075
0.162263
0.146892
0.137342
0.130617
0.127058
0.124969
0.123404
0.12163
0.121065
0.121866
0.123961
0.127136
0.132678
0.136808
0.141411
0.15017
0.153586
0.154242
0.154444
0.157166
0.159959
0.168829
0.181022
0.192959
0.219432
0.242871
0.256673
0.267347
0.285296
0.344736
0.38399
0.385101
0.359194
0.351071
0.374339
0.446796
0.69357
0.740052
0.697211
0.584295
0.487
0.376729
0.265651
0.235576
0.206633
0.206011
0.211396
0.378007
1.34208
1.55636
1.4536
1.16807
0.819168
0.632163
0.470405
0.324714
0.222226
0.159083
0.118613
0.0907649
0.0773826
0.0713444
0.0694271
0.0700906
0.0730885
0.0789651
0.0880897
0.0970564
0.110373
0.126984
0.154883
0.214602
0.292546
0.310989
0.295953
0.189163
0.158687
0.153454
0.144633
0.137125
0.10615
0.0942784
0.085541
0.0822362
0.0806193
0.072335
0.0725681
0.057747
0.0614648
0.0181534
0.0102771
0.0039993
0.00241725
0.00186501
0.00187409
0.00210013
0.00267193
0.00372292
0.00461919
0.00640291
0.00722159
0.00712209
0.00683378
0.00653901
0.00618458
0.00576322
0.00526139
0.00508145
0.00472697
0.00454212
0.0047154
0.00546588
0.00740944
0.010143
0.011048
0.0103217
0.0088194
0.00597588
0.00547601
0.00523974
0.00477326
0.00506521
0.00626376
0.00740187
0.00720811
0.00914949
0.0281742
0.0429107
0.0369538
0.0299398
0.0284696
0.0243262
0.0232267
0.0250072
0.0268735
0.0315728
0.0331462
0.0355278
0.0383553
0.0389293
0.034857
0.0275996
0.0264531
0.0299375
0.0360114
0.0373775
0.0438705
0.0533544
0.0567714
0.0545227
0.0465697
0.037732
0.03001
0.0248003
0.0225192
0.0216303
0.021452
0.0221469
0.0251035
0.0347992
0.0416887
0.0421068
0.0420895
0.0428791
0.0518644
0.0787695
0.0951113
0.0807071
0.045289
0.0389684
0.0416504
0.0484674
0.0510403
0.0522551
0.0563068
0.057138
0.0506041
0.0318972
0.0231696
0.0216678
0.0230209
0.0262567
0.0311939
0.0369304
0.0416977
0.0462983
0.0532936
0.0583513
0.0668596
0.0951764
0.16458
0.226084
0.242125
0.201565
0.163653
0.147845
0.13451
0.123043
0.11404
0.104013
0.0968111
0.0936902
0.0926424
0.092713
0.0955676
0.0982469
0.101285
0.104325
0.108374
0.11329
0.118403
0.123835
0.127312
0.128986
0.130926
0.133558
0.134874
0.134548
0.131919
0.129919
0.129382
0.134072
0.142606
0.154083
0.17924
0.209113
0.233075
0.232159
0.239128
0.276947
0.288243
0.289265
0.279222
0.266162
0.266791
0.28068
0.345835
0.427443
0.479413
0.461821
0.411103
0.33819
0.245661
0.197273
0.184919
0.18304
0.320801
1.30544
1.65396
1.34628
0.880077
0.577966
0.394912
0.27231
0.17596
0.118573
0.089042
0.075264
0.0695792
0.0678156
0.0688922
0.0703455
0.0742795
0.0789669
0.0847094
0.0892867
0.0954258
0.0986995
0.104197
0.117411
0.127192
0.153514
0.202544
0.288493
0.345069
0.347307
0.247302
0.130452
0.104729
0.105087
0.104992
0.0856585
0.0805914
0.0751869
0.0719179
0.0709428
0.0731329
0.064671
0.0649818
0.0171052
0.00581993
0.00286508
0.0020912
0.00180762
0.00200813
0.00273316
0.0038864
0.00585493
0.0079164
0.00813162
0.00734564
0.00652437
0.00598987
0.00572351
0.00515493
0.00477366
0.00443547
0.00422378
0.00427012
0.00422857
0.00429348
0.00455427
0.00527194
0.00677789
0.00823904
0.00817893
0.00754588
0.00595097
0.00582225
0.0055866
0.00549822
0.00668385
0.0090261
0.0105268
0.0114964
0.0190784
0.0360733
0.0402958
0.0301909
0.0266336
0.0251994
0.0221676
0.0220384
0.0225618
0.0249941
0.0290391
0.0304513
0.0319883
0.0323268
0.0273659
0.0223584
0.0214059
0.0230585
0.0244765
0.0224168
0.0231731
0.0365206
0.0524956
0.0578754
0.0564433
0.0495813
0.0418865
0.0340131
0.0295474
0.0280539
0.0283102
0.0323293
0.0484233
0.063516
0.067278
0.0626951
0.0556228
0.0511181
0.0527301
0.0642328
0.0726404
0.0647218
0.0516042
0.038362
0.0360869
0.0431609
0.0475542
0.0466972
0.04509
0.0485421
0.0558198
0.0565376
0.0496408
0.0359011
0.0300121
0.0284869
0.0293271
0.03333
0.0410303
0.0473555
0.0534649
0.0595865
0.0702097
0.0912833
0.135157
0.188853
0.20975
0.187581
0.13554
0.114513
0.103227
0.0949185
0.0902894
0.0879238
0.0869745
0.087194
0.0897996
0.0931003
0.0976911
0.104468
0.110203
0.114048
0.117717
0.122771
0.128152
0.131575
0.132927
0.133312
0.132592
0.132043
0.130572
0.124115
0.116864
0.109495
0.104958
0.102099
0.0998084
0.103854
0.123709
0.151056
0.190597
0.226337
0.22392
0.219517
0.242923
0.247744
0.263355
0.273278
0.25767
0.229549
0.231423
0.245453
0.28571
0.324046
0.320995
0.310541
0.278501
0.22042
0.205134
0.213966
0.318084
1.19623
1.58949
1.41377
0.771068
0.44625
0.271513
0.180412
0.116498
0.0846172
0.0712452
0.0675215
0.0694068
0.0728148
0.0784345
0.0838964
0.0893956
0.0927607
0.0970085
0.10245
0.104237
0.106924
0.110543
0.110793
0.114096
0.122581
0.134507
0.155498
0.166728
0.1845
0.190555
0.176236
0.116474
0.0948338
0.0904226
0.0896979
0.0865567
0.0846309
0.0760446
0.0711784
0.0719761
0.0731271
0.0714573
0.0724996
0.0132645
0.0043425
0.00271597
0.00221425
0.00226747
0.00299065
0.0046284
0.00728817
0.00817515
0.00793193
0.00637357
0.00574576
0.00547526
0.00529088
0.00508678
0.00483654
0.00464154
0.00444524
0.00421601
0.00415642
0.00419334
0.00431673
0.00456379
0.00499574
0.00573164
0.00699752
0.00704852
0.00662942
0.00585782
0.00591818
0.00570745
0.00659232
0.00885231
0.0103602
0.0131635
0.0160397
0.0276415
0.0356922
0.0339945
0.0263839
0.0249298
0.0236164
0.0215823
0.0210874
0.0204858
0.0212388
0.0225907
0.0228127
0.0227606
0.0204086
0.0186596
0.0183188
0.0187078
0.0189438
0.0181256
0.0172305
0.0183533
0.0282583
0.0524552
0.0640293
0.0629549
0.0576531
0.0534186
0.0458598
0.0454195
0.0522518
0.0654971
0.0791108
0.0831067
0.0785625
0.0709362
0.0630663
0.0552656
0.0512606
0.0541907
0.0616946
0.057395
0.0419629
0.0362536
0.0330293
0.0329987
0.0384255
0.0420391
0.0424018
0.0407619
0.0398734
0.0431897
0.0519996
0.0542666
0.0497844
0.038374
0.0331736
0.0315198
0.0339618
0.042568
0.0494775
0.057318
0.0668857
0.0828828
0.110713
0.153526
0.17578
0.170077
0.124942
0.103085
0.0944549
0.0911575
0.0899856
0.0906375
0.0932496
0.0974202
0.104278
0.111528
0.119175
0.126609
0.13169
0.133644
0.134194
0.134502
0.135435
0.136579
0.137586
0.137669
0.136053
0.133763
0.133052
0.130135
0.121577
0.111576
0.101313
0.0926821
0.0850393
0.079609
0.0782876
0.0870898
0.121231
0.172704
0.225798
0.236325
0.21487
0.227405
0.234503
0.2228
0.208263
0.193511
0.202644
0.204843
0.208297
0.219195
0.249661
0.263853
0.261805
0.236824
0.228312
0.254897
0.48424
0.947554
1.49462
1.46946
0.785533
0.387275
0.21695
0.133645
0.0923002
0.0715984
0.0650089
0.0657239
0.0696973
0.0787679
0.0857656
0.090699
0.09549
0.096989
0.102755
0.107926
0.110195
0.114831
0.115002
0.117034
0.120627
0.123931
0.131113
0.135392
0.151337
0.156294
0.156017
0.147635
0.13126
0.116197
0.102732
0.0924285
0.0908455
0.097578
0.10118
0.0891213
0.0753962
0.0756151
0.0813073
0.0810419
0.0845202
0.0112878
0.0040225
0.00324487
0.00297322
0.00341601
0.00527808
0.00695918
0.00745613
0.00744601
0.00627635
0.00562222
0.00518402
0.00500118
0.0049167
0.00482231
0.00480961
0.00471712
0.00466751
0.00449535
0.00438646
0.00442907
0.00456915
0.0048352
0.00529031
0.00598528
0.00704509
0.00690475
0.00645666
0.00603257
0.00587792
0.0057191
0.00754066
0.00973043
0.0113799
0.0157004
0.022706
0.029406
0.0330928
0.0270829
0.0241278
0.0241374
0.0232773
0.0222041
0.0215498
0.0198447
0.0194569
0.0189843
0.0185198
0.0182016
0.0173626
0.017286
0.0189013
0.0195364
0.0188915
0.0170457
0.0162994
0.0164845
0.0220716
0.0489391
0.0691205
0.0706797
0.0666778
0.0673035
0.0693579
0.0761594
0.0847937
0.0875181
0.0840869
0.0778271
0.06937
0.062694
0.0570593
0.0510584
0.0491317
0.0522529
0.054446
0.042687
0.0339673
0.0330489
0.0331257
0.0341471
0.0383888
0.0420923
0.0429749
0.0414339
0.0377983
0.0356846
0.0390189
0.0469955
0.0522967
0.041353
0.0364853
0.0353345
0.036536
0.0435545
0.0512889
0.0609584
0.0742251
0.0915298
0.120985
0.142393
0.145119
0.12357
0.100319
0.0939112
0.0926423
0.0971004
0.105274
0.116679
0.127033
0.133352
0.136454
0.137126
0.136066
0.133079
0.132687
0.133051
0.133535
0.133728
0.13568
0.137938
0.141052
0.142486
0.142872
0.141286
0.138227
0.129618
0.121278
0.110572
0.098293
0.0850074
0.0760227
0.071462
0.0692433
0.0694611
0.0849018
0.14475
0.221181
0.263065
0.221748
0.220949
0.231927
0.189058
0.168274
0.159075
0.155581
0.156738
0.166914
0.187146
0.209643
0.238628
0.234462
0.235557
0.28932
0.511805
0.968114
1.23272
1.40852
0.917734
0.398135
0.194004
0.111859
0.077879
0.0653848
0.0616716
0.0647062
0.0727489
0.0827605
0.0885551
0.0939335
0.096758
0.10167
0.108369
0.111113
0.116559
0.118287
0.123605
0.125494
0.131143
0.136968
0.138556
0.148721
0.152841
0.158746
0.160496
0.159792
0.155711
0.143517
0.129448
0.123465
0.117542
0.115313
0.121433
0.124328
0.115279
0.0874281
0.0816023
0.0946388
0.091976
0.0989438
0.00879398
0.00483333
0.00421418
0.00399406
0.0051253
0.00655816
0.00707671
0.00720973
0.00677541
0.00575466
0.00517192
0.00475751
0.00467304
0.00466216
0.00469985
0.00475611
0.00472691
0.00476787
0.00467815
0.00467893
0.00488092
0.00521812
0.00548901
0.00592652
0.00661987
0.00729291
0.00722044
0.00656402
0.00598155
0.00530431
0.00590873
0.00854721
0.00996369
0.0121971
0.0181909
0.0259449
0.02925
0.028768
0.0226248
0.0211024
0.0221558
0.0225754
0.0237397
0.0242611
0.0221509
0.0212147
0.0205394
0.0203475
0.0203163
0.0204466
0.019585
0.0189519
0.0189674
0.0188419
0.0174948
0.0164388
0.0164774
0.0200763
0.0368221
0.071199
0.0801095
0.0740144
0.0712056
0.0758641
0.0831077
0.0851202
0.0821756
0.0709043
0.0562652
0.0474324
0.0444384
0.0426168
0.0416573
0.0431393
0.0454789
0.0436179
0.0358698
0.0335829
0.0342993
0.0376068
0.0444606
0.049293
0.0503005
0.0504837
0.0444679
0.0360844
0.032343
0.0342143
0.039414
0.0437034
0.038724
0.0375228
0.0394182
0.0412026
0.0443785
0.05262
0.0625993
0.0780565
0.0948093
0.114262
0.120364
0.118117
0.0983427
0.0905537
0.0895273
0.0950161
0.107629
0.119882
0.129488
0.133483
0.134784
0.134808
0.132224
0.128191
0.124434
0.12348
0.123747
0.12798
0.13517
0.141568
0.147031
0.148727
0.149293
0.14818
0.144428
0.138974
0.128068
0.118828
0.107984
0.0940246
0.0795236
0.0690432
0.0654702
0.0638989
0.0640598
0.0704617
0.108097
0.201668
0.265202
0.254005
0.221321
0.234085
0.185168
0.122369
0.118927
0.125865
0.149071
0.148534
0.157587
0.180165
0.2076
0.216322
0.264193
0.549954
0.81924
1.06215
1.21116
0.988976
0.445156
0.197742
0.1049
0.0710119
0.0608508
0.0593814
0.06284
0.0732726
0.0849945
0.0923788
0.095022
0.0979125
0.102702
0.105491
0.114615
0.115895
0.125636
0.128397
0.132518
0.139416
0.139967
0.147619
0.150008
0.156888
0.162126
0.168759
0.173792
0.173095
0.166874
0.161481
0.154871
0.150242
0.142209
0.139337
0.131363
0.136877
0.136551
0.10426
0.0932406
0.111269
0.111605
0.122685
0.00773432
0.00571778
0.00524046
0.00506225
0.00615369
0.00697111
0.0071862
0.00719583
0.0065258
0.00560996
0.00496195
0.00456016
0.00445902
0.00445909
0.0046691
0.00487154
0.0049283
0.00491404
0.00491256
0.00503005
0.00532253
0.00581755
0.00630904
0.00701839
0.00783936
0.00805514
0.00740454
0.00621819
0.00532838
0.00524694
0.00694839
0.00901772
0.0102676
0.0128176
0.0198631
0.0264279
0.028572
0.0245388
0.019204
0.0180442
0.0189481
0.0199609
0.0229438
0.0253385
0.0257109
0.0262942
0.0260555
0.0259686
0.0256713
0.0250983
0.0250895
0.0248538
0.0227488
0.0213238
0.0194982
0.0182864
0.018024
0.0198939
0.0312453
0.0678854
0.0854402
0.0833814
0.0716923
0.0669309
0.0662459
0.0652296
0.0624279
0.0554013
0.046582
0.0392469
0.0371048
0.0366181
0.037068
0.0395551
0.0405172
0.0390405
0.0358368
0.0352417
0.0390635
0.0446809
0.0542225
0.0591177
0.0541563
0.0522868
0.0398782
0.0311741
0.0291847
0.0307383
0.0350873
0.0355179
0.0333212
0.0335038
0.0412049
0.046509
0.0482828
0.055553
0.0651788
0.0779011
0.090725
0.0981546
0.100806
0.0961615
0.0853684
0.0830259
0.0861962
0.094464
0.106284
0.117023
0.122081
0.122253
0.116839
0.1113
0.108205
0.108041
0.110835
0.116242
0.123233
0.128857
0.137795
0.141187
0.146114
0.145324
0.143027
0.137809
0.129214
0.120045
0.107404
0.0948961
0.0862776
0.0778104
0.0679496
0.0627439
0.0615617
0.0614887
0.0625535
0.06737
0.0838428
0.168436
0.258571
0.290917
0.229748
0.231767
0.193029
0.113547
0.100346
0.102353
0.109471
0.121119
0.147808
0.168402
0.187408
0.233235
0.462946
0.722729
0.914491
1.03377
0.98124
0.524986
0.223058
0.10759
0.068949
0.0584867
0.057165
0.0606309
0.0717204
0.0850885
0.09055
0.0933259
0.0970261
0.09799
0.104285
0.10607
0.115785
0.122629
0.126737
0.132925
0.134042
0.141147
0.141169
0.147622
0.150378
0.1559
0.161917
0.164373
0.173571
0.176988
0.176975
0.170332
0.162575
0.161676
0.155511
0.157405
0.140611
0.14264
0.15655
0.128838
0.110726
0.126449
0.111773
0.131952
0.00638022
0.00616481
0.00610282
0.00591469
0.00654163
0.00732115
0.00750001
0.00742979
0.00698732
0.00632365
0.00523737
0.00454901
0.00439005
0.00440975
0.00464223
0.00498343
0.00537826
0.00553725
0.00570037
0.00583754
0.0063138
0.00698849
0.00790329
0.00843167
0.00863777
0.00815452
0.00687958
0.0057177
0.00524871
0.00564893
0.00764008
0.00909416
0.0107272
0.0146012
0.0208192
0.0263256
0.0274043
0.0211726
0.0164339
0.0156726
0.0167193
0.0171825
0.0194
0.0238039
0.0253134
0.0268658
0.0278352
0.0290043
0.0295231
0.0298234
0.0298927
0.0293374
0.0287885
0.0275515
0.0255811
0.0235783
0.0229038
0.0229441
0.0292675
0.0483565
0.0879187
0.0989693
0.0761683
0.0614837
0.0557783
0.0539383
0.0527129
0.0508208
0.0466326
0.0397321
0.0374814
0.0370051
0.0375919
0.040505
0.0420364
0.0419339
0.0431374
0.0498505
0.056863
0.0623022
0.061269
0.0590948
0.0473857
0.041392
0.0351815
0.0324723
0.0316176
0.0325414
0.0348477
0.0334156
0.0310138
0.0290628
0.0378994
0.050419
0.0557227
0.0591033
0.0683939
0.0783687
0.0873525
0.0908513
0.091776
0.0860893
0.0794969
0.0783433
0.0806823
0.091151
0.0977012
0.0999698
0.0965498
0.0923155
0.0897199
0.0893794
0.0924813
0.0977841
0.10501
0.108795
0.116253
0.118543
0.121112
0.118017
0.118031
0.112091
0.107567
0.103602
0.0992893
0.0945999
0.0875921
0.080419
0.0758678
0.0719077
0.0657883
0.0625644
0.0619759
0.062365
0.0633838
0.0670145
0.0790129
0.121698
0.231862
0.300581
0.257671
0.230227
0.230696
0.128412
0.0875741
0.0851749
0.0932494
0.125964
0.139044
0.156771
0.204574
0.392326
0.618202
0.760314
0.881376
0.848644
0.581643
0.267344
0.123148
0.0719519
0.0574873
0.0552591
0.0587198
0.0720644
0.0811245
0.0856556
0.0906923
0.0925104
0.0957165
0.0948717
0.102111
0.104965
0.109264
0.12087
0.123347
0.131805
0.132092
0.138556
0.136835
0.138179
0.140049
0.141688
0.143585
0.145496
0.152392
0.161319
0.162984
0.162144
0.163047
0.166315
0.163852
0.168678
0.170631
0.152324
0.165173
0.161431
0.141384
0.142728
0.135601
0.144026
0.00571213
0.0063814
0.00644385
0.00643758
0.00704482
0.00792014
0.00827934
0.00832905
0.00846509
0.00846427
0.00744563
0.00555974
0.00486352
0.00473665
0.00484893
0.0051765
0.00560572
0.0060327
0.00649142
0.00695367
0.00756294
0.00821526
0.00878128
0.00900931
0.00884818
0.00813608
0.00654329
0.00596162
0.00589399
0.00713743
0.00851448
0.00927921
0.0108168
0.0152968
0.0213852
0.0258499
0.026285
0.0205753
0.0148168
0.0136787
0.0155082
0.0161171
0.0171443
0.0201978
0.0227041
0.0255923
0.027789
0.0298257
0.031855
0.0351109
0.0386716
0.042297
0.0444038
0.0446356
0.0425529
0.0374244
0.0342561
0.0324083
0.0324718
0.0410286
0.0762155
0.105135
0.0987421
0.0693257
0.0610763
0.0579148
0.0560941
0.0539597
0.0511255
0.0472075
0.0457941
0.0458192
0.0465457
0.0494455
0.0521078
0.0540903
0.0564442
0.055255
0.0543687
0.0550847
0.0487851
0.0425136
0.0402203
0.039729
0.0446473
0.0477772
0.0446694
0.0423945
0.0402654
0.0353859
0.0320972
0.0282481
0.0313188
0.0456844
0.0613989
0.0708428
0.0772754
0.0820179
0.0879932
0.0904402
0.0897864
0.0850136
0.0780158
0.0757148
0.0755134
0.0814231
0.083137
0.0822717
0.0807302
0.0797814
0.0802146
0.081779
0.0869052
0.0892423
0.0976873
0.0968829
0.101475
0.097506
0.0960951
0.0925287
0.0930273
0.0929873
0.0945472
0.0950906
0.0949416
0.0929035
0.0877251
0.0818324
0.078525
0.0762424
0.07248
0.0705859
0.0712016
0.0716517
0.0706323
0.0708842
0.0786288
0.0998206
0.182878
0.294751
0.30744
0.235105
0.232758
0.194147
0.114201
0.10007
0.102225
0.112855
0.129331
0.179666
0.344713
0.507193
0.632403
0.730623
0.719592
0.568229
0.324799
0.147635
0.0795637
0.0591936
0.055392
0.0567608
0.0662079
0.0772791
0.0831177
0.0850649
0.0874524
0.0848845
0.0879204
0.0890208
0.0907031
0.0996835
0.101086
0.112964
0.116882
0.12394
0.123267
0.125316
0.124062
0.120279
0.119339
0.119233
0.117504
0.120054
0.120675
0.126812
0.131376
0.135775
0.143044
0.145852
0.16215
0.168039
0.183301
0.179592
0.172417
0.180594
0.173294
0.195045
0.155689
0.157764
0.00510217
0.00662485
0.00688605
0.00681834
0.00714002
0.00790406
0.00847214
0.00877959
0.0100961
0.0110834
0.0113215
0.00942231
0.006469
0.00553213
0.00538169
0.00543279
0.00577144
0.00634706
0.00673214
0.00737107
0.00798905
0.00861207
0.00926512
0.00970288
0.0099339
0.0100797
0.00915578
0.00847514
0.00837072
0.00902202
0.00968394
0.0102366
0.0118665
0.0164231
0.0224602
0.0258582
0.0244667
0.0187184
0.0128485
0.0116422
0.0134099
0.0148084
0.0158662
0.0187084
0.0225017
0.0263256
0.0300496
0.0353979
0.0438113
0.0563491
0.0706595
0.0854819
0.0931564
0.0962101
0.0912405
0.0782601
0.0651501
0.0526681
0.0470353
0.0420091
0.055417
0.100331
0.11807
0.0934779
0.0765532
0.0701849
0.0670872
0.0627935
0.0601115
0.0561648
0.0547326
0.0555451
0.056358
0.0590868
0.0615209
0.0626775
0.0601594
0.0573325
0.0530945
0.0520559
0.0502587
0.0479252
0.0479759
0.0487272
0.0521675
0.0563706
0.0590714
0.0606082
0.0544288
0.0482712
0.0401085
0.0325448
0.0304399
0.034247
0.0485407
0.0647476
0.0777318
0.0885696
0.0935296
0.0935992
0.0916725
0.0864721
0.0789101
0.0757196
0.074358
0.0755186
0.0770377
0.0767184
0.0760934
0.0757072
0.077302
0.077941
0.0822633
0.0815907
0.0848155
0.0824883
0.0820198
0.0790491
0.0810733
0.0827376
0.0880749
0.0917587
0.0977592
0.102431
0.106879
0.109025
0.108349
0.10312
0.100923
0.100386
0.0971853
0.0954822
0.0967361
0.0962547
0.0924887
0.0864652
0.0863733
0.099013
0.138661
0.26197
0.325113
0.270342
0.230245
0.227789
0.17934
0.124345
0.107574
0.12319
0.188573
0.316105
0.423539
0.515255
0.580076
0.571433
0.50799
0.354395
0.185406
0.0970715
0.0638343
0.0560907
0.0554452
0.0644571
0.0739543
0.0775486
0.0812552
0.0807156
0.076917
0.0769057
0.076248
0.0815023
0.0830316
0.0881059
0.0948153
0.100433
0.105438
0.109339
0.111597
0.108168
0.106558
0.105438
0.104979
0.107727
0.107922
0.110689
0.111555
0.114947
0.121641
0.123544
0.130659
0.131182
0.140785
0.148339
0.177421
0.191201
0.190538
0.189601
0.202282
0.231731
0.167631
0.168576
0.00471922
0.00641981
0.00687965
0.00704351
0.00738401
0.00772874
0.00836316
0.00864296
0.0098635
0.0124852
0.0149394
0.0158372
0.0128456
0.00812409
0.00677386
0.00645849
0.00637845
0.00662127
0.00717677
0.00775689
0.00864044
0.00983289
0.0115835
0.0141276
0.0172267
0.0191188
0.019791
0.0167796
0.0153744
0.0136585
0.0126658
0.0123054
0.0134208
0.0177161
0.024513
0.0269836
0.0251509
0.0181963
0.0120708
0.010755
0.011503
0.0124891
0.0142548
0.0181683
0.0232053
0.0299882
0.0396435
0.05562
0.083116
0.115719
0.139345
0.157113
0.166491
0.1715
0.17332
0.162657
0.138957
0.102083
0.0743447
0.0611625
0.0545981
0.0712449
0.119077
0.120864
0.0918504
0.0920083
0.0926504
0.0883774
0.0835584
0.0788353
0.0740972
0.0747369
0.0751423
0.0769249
0.0779634
0.0736685
0.0690347
0.0607363
0.0560066
0.0534564
0.0510086
0.0504949
0.0522832
0.0536073
0.0548733
0.0583805
0.0639309
0.0694745
0.0729746
0.0714078
0.0584759
0.0407011
0.0361946
0.0371201
0.0432821
0.0553204
0.0691356
0.0829253
0.0934583
0.0981031
0.0967179
0.092624
0.0841931
0.0779684
0.0748759
0.0745392
0.074743
0.0740265
0.0737314
0.0730197
0.0743233
0.0731135
0.0737774
0.0711583
0.0704403
0.0678314
0.0695597
0.0715482
0.0798088
0.0861476
0.101532
0.114249
0.129855
0.138644
0.145131
0.147268
0.144221
0.139176
0.131824
0.129356
0.126073
0.122404
0.12186
0.122442
0.120804
0.114752
0.109533
0.109143
0.124787
0.197164
0.321168
0.332534
0.243527
0.22356
0.213384
0.192316
0.192799
0.239241
0.297517
0.356386
0.42046
0.452849
0.453413
0.425621
0.35094
0.227756
0.11724
0.0732939
0.0596185
0.0568099
0.0576178
0.0668063
0.0741886
0.0766005
0.0732387
0.0727912
0.0688685
0.0732819
0.0730656
0.0784893
0.0797953
0.0818559
0.08521
0.0919014
0.0955927
0.0941601
0.0943245
0.0936286
0.0945723
0.0963042
0.0990034
0.102487
0.104561
0.105077
0.107994
0.10931
0.114899
0.121766
0.126249
0.129253
0.133283
0.144887
0.158813
0.191794
0.196798
0.204057
0.219584
0.285452
0.21591
0.18779
0.00362188
0.00614032
0.00688358
0.0070819
0.00738662
0.00762018
0.00791951
0.00813382
0.00840758
0.0102207
0.0151379
0.020417
0.0223014
0.0177248
0.011355
0.00975639
0.00910297
0.00886052
0.00954506
0.0106077
0.012624
0.0160048
0.0214219
0.0287559
0.0374384
0.046064
0.0499838
0.0477301
0.0423847
0.0334448
0.0252116
0.0200822
0.01776
0.0199507
0.0275267
0.0301335
0.028037
0.0198886
0.0128234
0.011187
0.0115453
0.0121018
0.0135729
0.0179072
0.0261897
0.0399418
0.0695505
0.109014
0.142322
0.161615
0.172125
0.177643
0.188018
0.191338
0.199734
0.202938
0.205362
0.193353
0.15504
0.10489
0.0765124
0.0694312
0.0890508
0.127162
0.120112
0.0991439
0.0982671
0.106918
0.112246
0.111803
0.105558
0.101986
0.101709
0.0959714
0.0960012
0.0826137
0.0760505
0.0624043
0.055039
0.0503555
0.049921
0.052359
0.0584896
0.0654872
0.0705377
0.0714989
0.0738047
0.0753899
0.0815829
0.0854746
0.0830001
0.0623951
0.04602
0.0411326
0.0428731
0.0550388
0.0661428
0.0776819
0.0878474
0.0955305
0.0953377
0.0933425
0.0872951
0.0817453
0.0767663
0.0738462
0.0730044
0.0717124
0.0718249
0.0700966
0.0695012
0.0656081
0.0649185
0.0620168
0.0627936
0.0633192
0.0718967
0.0803145
0.103946
0.117442
0.144401
0.15318
0.162532
0.16299
0.163451
0.160701
0.15332
0.148086
0.138182
0.134542
0.131521
0.127165
0.126102
0.126609
0.125338
0.12447
0.128111
0.128463
0.129793
0.15253
0.273704
0.34848
0.300008
0.232541
0.22132
0.224036
0.242043
0.274878
0.305966
0.339811
0.346345
0.348549
0.352293
0.302558
0.232738
0.155028
0.0910573
0.0655201
0.0592075
0.0585634
0.0656339
0.0700572
0.0710115
0.0699085
0.0653993
0.0677295
0.0671796
0.0725494
0.0722103
0.0770432
0.0788016
0.0828328
0.0837143
0.084431
0.085301
0.0878508
0.0886021
0.0890707
0.0921775
0.0932933
0.097044
0.0973932
0.100624
0.0998579
0.101325
0.104472
0.111678
0.120925
0.122695
0.130442
0.134342
0.146683
0.155214
0.169366
0.192333
0.207634
0.228211
0.293324
0.299869
0.245101
0.00410247
0.00511224
0.00649006
0.00696232
0.007231
0.00759848
0.00759781
0.0074037
0.00733653
0.00820549
0.0119455
0.0196113
0.0286229
0.0308795
0.0247279
0.0184699
0.0171325
0.0169066
0.0184488
0.0217015
0.0275032
0.0367087
0.0511164
0.0697422
0.0916147
0.116974
0.131534
0.137519
0.132872
0.109179
0.0799446
0.052737
0.0338466
0.0264687
0.0291909
0.0352295
0.0344655
0.0271366
0.0162774
0.0134492
0.0128862
0.0127624
0.013779
0.0188494
0.0338445
0.0707853
0.113379
0.147653
0.162101
0.170266
0.180445
0.179252
0.193204
0.19357
0.206367
0.210971
0.219042
0.223502
0.222805
0.202772
0.142559
0.0915276
0.0814227
0.100937
0.123325
0.119018
0.104247
0.105881
0.112361
0.117898
0.118943
0.111621
0.111298
0.102131
0.0968913
0.0808875
0.0699729
0.0575133
0.0527201
0.050853
0.0540822
0.0624773
0.0795622
0.0956873
0.113281
0.122627
0.12938
0.117198
0.107071
0.0981165
0.100863
0.0919154
0.0751117
0.0499281
0.0419898
0.0437227
0.0572116
0.0706875
0.0850813
0.092097
0.0955119
0.0936302
0.0887886
0.0836386
0.0790433
0.0743118
0.0729551
0.0699991
0.0694835
0.0651412
0.0638834
0.0601858
0.0613265
0.0606052
0.0652323
0.0711554
0.0972039
0.112935
0.145364
0.151752
0.164907
0.165401
0.170255
0.167701
0.167536
0.16166
0.15395
0.143966
0.131648
0.127657
0.124061
0.121066
0.120984
0.12199
0.121931
0.122757
0.129325
0.13494
0.137427
0.146275
0.19978
0.334234
0.358018
0.267431
0.229374
0.228844
0.24685
0.264703
0.27217
0.265874
0.267561
0.278604
0.261832
0.232535
0.170335
0.110514
0.0761328
0.0651557
0.0611204
0.0602234
0.0670918
0.0705818
0.0677537
0.065558
0.0635293
0.066265
0.0666017
0.0709954
0.0721327
0.0781317
0.079437
0.0836751
0.0852008
0.087598
0.0888398
0.0898708
0.0927001
0.0930103
0.0937595
0.0940992
0.0932962
0.093632
0.0929928
0.0944161
0.0959282
0.102805
0.106411
0.116161
0.120742
0.130211
0.134792
0.145431
0.157313
0.164908
0.175263
0.208628
0.231613
0.291582
0.401769
0.307785
0.00449809
0.00399708
0.00618066
0.00694324
0.00724359
0.00762673
0.0076607
0.00744891
0.00739088
0.00794424
0.0101489
0.0165757
0.0286172
0.036468
0.0425143
0.0408394
0.0370263
0.0369402
0.0419371
0.0507308
0.06747
0.0899202
0.12661
0.169089
0.220166
0.270728
0.314592
0.330696
0.3395
0.306826
0.250348
0.175393
0.10684
0.057723
0.038774
0.0373494
0.0389758
0.0362435
0.0264139
0.0185637
0.0169597
0.0148371
0.0152231
0.0236241
0.0533344
0.105998
0.144255
0.155843
0.177829
0.169811
0.186064
0.18057
0.198346
0.197913
0.214862
0.218121
0.226373
0.229411
0.230992
0.233275
0.224215
0.167245
0.106568
0.089055
0.102411
0.118015
0.116541
0.107568
0.107844
0.110306
0.116804
0.111422
0.109044
0.100499
0.0892443
0.0751606
0.0692349
0.0589073
0.0561787
0.0573213
0.0715543
0.093278
0.137873
0.165077
0.204446
0.217532
0.235738
0.226301
0.211582
0.170007
0.1415
0.12272
0.114436
0.0883671
0.0585112
0.0436818
0.0437057
0.0490358
0.0660642
0.0815029
0.090801
0.0919783
0.0892555
0.0842265
0.0799464
0.0740015
0.0722794
0.0666075
0.0645004
0.0596062
0.060852
0.0594375
0.06237
0.0648648
0.0843501
0.0993279
0.136728
0.145827
0.16467
0.165184
0.170729
0.16793
0.171277
0.16746
0.165706
0.151202
0.139443
0.113489
0.0984185
0.0883824
0.0830465
0.08298
0.0851294
0.0929827
0.0999289
0.108061
0.126585
0.135957
0.138762
0.143933
0.164164
0.273349
0.364744
0.330162
0.24719
0.223794
0.219234
0.208014
0.204432
0.201241
0.203357
0.221527
0.21029
0.167511
0.130733
0.0969591
0.0714834
0.0648192
0.0643931
0.0656645
0.0685466
0.0697368
0.0674954
0.0652268
0.0641444
0.0658185
0.0680849
0.0704935
0.0725742
0.0798854
0.084342
0.0896946
0.0956293
0.0974228
0.100781
0.100729
0.100037
0.0985345
0.0955417
0.0944387
0.0899699
0.0897769
0.0895813
0.0925423
0.0946051
0.100946
0.105431
0.115813
0.121195
0.128872
0.133365
0.142269
0.150006
0.163511
0.173125
0.214647
0.251562
0.317772
0.394762
0.453344
0.00484888
0.00439289
0.00623786
0.00717254
0.00786183
0.00803509
0.00806382
0.00783963
0.00751085
0.00756443
0.00835153
0.0120048
0.0263388
0.0385232
0.0502827
0.0575779
0.0655063
0.0743934
0.0928762
0.116507
0.161332
0.206952
0.285553
0.336119
0.420761
0.453025
0.506449
0.511025
0.534178
0.520679
0.506505
0.451745
0.336943
0.19504
0.0964008
0.0540576
0.0419169
0.0381787
0.0304105
0.0211189
0.0170577
0.0165946
0.0175302
0.0297405
0.0761958
0.112851
0.164402
0.164003
0.181978
0.176861
0.193328
0.195358
0.215056
0.214281
0.226049
0.225443
0.239898
0.239029
0.233039
0.231815
0.235771
0.23321
0.182224
0.111843
0.0905141
0.0961358
0.108789
0.105633
0.105422
0.101647
0.104851
0.103628
0.0999641
0.0898073
0.0812455
0.0742817
0.0717595
0.0649502
0.0656085
0.0743301
0.118992
0.151041
0.208361
0.221175
0.254389
0.257026
0.282024
0.283528
0.299619
0.292008
0.268887
0.206954
0.160614
0.139769
0.112459
0.0748864
0.0499546
0.0454151
0.0459371
0.0511181
0.0629585
0.0734839
0.076901
0.0755019
0.0733627
0.0673851
0.0653274
0.0600276
0.0608728
0.0591108
0.0615158
0.061922
0.0729912
0.0848109
0.125133
0.138938
0.163747
0.165524
0.171825
0.169258
0.171938
0.167381
0.166791
0.16157
0.156208
0.135073
0.115277
0.0888029
0.0736376
0.0580537
0.0476474
0.039971
0.036978
0.0377578
0.0429176
0.0594525
0.0952987
0.124018
0.134331
0.141769
0.155624
0.197913
0.334822
0.363013
0.296103
0.235
0.193143
0.181321
0.16714
0.158187
0.18445
0.170756
0.176281
0.144594
0.105793
0.0849041
0.0726649
0.0670212
0.0662278
0.0681575
0.0728752
0.0699266
0.0693374
0.0666962
0.0676019
0.0678131
0.0712464
0.0716684
0.0775439
0.0817879
0.0944174
0.102568
0.111054
0.109661
0.108079
0.104712
0.099555
0.0975182
0.0927049
0.0909669
0.0882686
0.0882374
0.0895522
0.094389
0.0992275
0.10944
0.117177
0.123756
0.12609
0.127045
0.13048
0.133344
0.143095
0.15128
0.171657
0.191798
0.271361
0.33913
0.536834
0.597668
0.0259919
0.0218302
0.027015
0.0205452
0.0234092
0.0194137
0.019611
0.0177342
0.0181667
0.0179898
0.0200565
0.0234997
0.0397199
0.0501568
0.0722282
0.0793594
0.106222
0.125562
0.188946
0.215172
0.30185
0.332916
0.431525
0.454952
0.524242
0.525488
0.555074
0.553166
0.575611
0.568097
0.573853
0.560976
0.549312
0.492437
0.317112
0.155405
0.0758042
0.0509818
0.0339469
0.0234339
0.0177525
0.0175372
0.01995
0.0311699
0.0922025
0.119363
0.173727
0.174576
0.185544
0.189079
0.209945
0.218538
0.231021
0.224063
0.22823
0.223207
0.23832
0.243639
0.253455
0.233419
0.227333
0.233095
0.232909
0.187096
0.116376
0.0890032
0.0914208
0.0972508
0.0992953
0.0970239
0.0953484
0.0913489
0.0863536
0.0761853
0.0750402
0.0744776
0.0773436
0.0747165
0.0862685
0.10519
0.167788
0.189434
0.233933
0.237229
0.261064
0.259802
0.279926
0.27844
0.301398
0.305832
0.328188
0.32142
0.289152
0.206473
0.169655
0.139948
0.103736
0.0646657
0.0511274
0.0467489
0.0495151
0.0514402
0.0576275
0.0574544
0.0596359
0.0582929
0.0602896
0.0589815
0.0613065
0.0610457
0.0677522
0.0750501
0.107054
0.125524
0.154012
0.163201
0.175891
0.175449
0.175775
0.169978
0.168312
0.161247
0.160184
0.153644
0.148244
0.124452
0.105496
0.079164
0.0650663
0.049041
0.0379592
0.0287463
0.0241816
0.0223256
0.0216767
0.0218542
0.0282923
0.061331
0.0933147
0.12158
0.1436
0.164474
0.246046
0.352214
0.351532
0.255581
0.206619
0.185456
0.147562
0.155348
0.141878
0.16105
0.140664
0.132648
0.0991465
0.079555
0.0746619
0.0697122
0.0712987
0.0712418
0.0740437
0.0720424
0.0726249
0.0717427
0.0729812
0.0707361
0.0755148
0.0761579
0.0892869
0.0954676
0.117867
0.118754
0.120041
0.115098
0.107125
0.096419
0.0940103
0.0903002
0.090576
0.089944
0.0922074
0.0949855
0.105344
0.113215
0.126344
0.131583
0.131131
0.130031
0.126871
0.123913
0.122409
0.124862
0.12778
0.138883
0.151368
0.186437
0.230381
0.355921
0.51849
0.867921
0.31601
0.244821
0.270471
0.216623
0.228396
0.187659
0.19545
0.168918
0.178561
0.161654
0.173035
0.154371
0.163755
0.147484
0.163941
0.155763
0.185969
0.19322
0.253847
0.274758
0.36314
0.389179
0.474003
0.490003
0.537548
0.53102
0.546315
0.530404
0.538368
0.519455
0.534415
0.531579
0.559178
0.559756
0.557474
0.428972
0.240712
0.111896
0.0635655
0.0335827
0.0252686
0.0208668
0.0269861
0.0381675
0.101813
0.129672
0.173341
0.17978
0.190774
0.206945
0.223898
0.229507
0.231777
0.226488
0.22281
0.207932
0.209471
0.217705
0.249434
0.243003
0.222895
0.2054
0.224133
0.225506
0.190969
0.116407
0.0873322
0.0813109
0.0842591
0.0862198
0.0862463
0.0808111
0.073568
0.0659177
0.0692147
0.0719251
0.0827343
0.0821654
0.106378
0.127283
0.187423
0.20344
0.23201
0.234242
0.240975
0.231068
0.224678
0.206147
0.214537
0.222228
0.2766
0.310711
0.351182
0.328643
0.281356
0.189045
0.1716
0.135146
0.107961
0.0641468
0.0596389
0.0526689
0.0573809
0.0558793
0.059625
0.0584036
0.0614655
0.0615101
0.0663489
0.0718706
0.0914518
0.115988
0.142578
0.164141
0.173909
0.178478
0.180125
0.179811
0.177515
0.166792
0.161565
0.151238
0.149291
0.143501
0.137342
0.11152
0.092443
0.0645152
0.0522021
0.0383637
0.0301084
0.0223073
0.0188159
0.0168999
0.0161754
0.0161355
0.0164701
0.0174356
0.0225347
0.0553936
0.105907
0.138085
0.166544
0.28762
0.351863
0.302523
0.227009
0.17602
0.151816
0.148966
0.130851
0.138155
0.130812
0.108807
0.0989683
0.079641
0.0757551
0.073723
0.0769502
0.0782241
0.0782727
0.0769213
0.0750107
0.0727231
0.0761332
0.073937
0.0830168
0.0854351
0.113111
0.12042
0.135442
0.131609
0.125893
0.104416
0.100102
0.0915301
0.0930565
0.0925224
0.0999207
0.103099
0.120948
0.125835
0.142182
0.141346
0.143136
0.139811
0.135555
0.12798
0.113876
0.104078
0.0953704
0.0966408
0.0995077
0.111267
0.124001
0.150139
0.200809
0.294868
0.668572
1.504
13.6205
4.86292
0.997393
2.07733
0.910672
1.34404
0.939414
0.956132
1.27554
1.64743
1.97288
2.20877
2.31582
2.27746
2.25556
2.17996
2.15347
2.0786
2.02166
2.0921
6.2509
5.09981
1.26969
1.53244
1.85488
2.25052
2.38245
2.33248
2.07505
2.06339
2.14615
2.23288
2.29414
2.29559
2.31912
2.27054
2.24533
2.2319
2.1744
2.23097
3.10851
5.16169
2.57968
2.17675
2.45719
3.09677
2.82846
2.69395
2.27238
2.08678
1.97175
1.89468
1.89329
1.89447
1.89708
1.87652
1.84445
1.84613
1.80179
1.7374
1.24571
4.70632
3.43308
3.31681
2.85283
3.16087
2.80274
2.31979
1.95706
1.80948
1.60524
1.45379
1.43184
1.45539
1.4621
1.47286
1.4705
1.47606
1.46688
1.35064
0.584615
3.55796
3.28708
3.46467
2.95627
2.7227
2.11244
1.30655
0.980112
1.00423
0.980163
0.833179
0.790707
0.828307
0.863851
0.918586
0.980585
1.03363
1.07932
1.02587
0.349511
2.30426
2.6638
3.04422
2.5797
1.82704
1.12835
0.642925
0.402159
0.387807
0.38958
0.363694
0.326714
0.339533
0.350229
0.372265
0.412169
0.468387
0.597631
0.615155
0.270882
1.36764
1.88839
2.03192
1.72426
1.00046
0.573203
0.334551
0.208702
0.172257
0.164502
0.161963
0.145889
0.14398
0.139622
0.139326
0.142524
0.150025
0.19512
0.248103
0.266246
0.779164
1.25809
1.25546
0.997716
0.548004
0.327151
0.20198
0.139416
0.11117
0.0983214
0.0965035
0.0912804
0.0885722
0.0799524
0.0723769
0.0697727
0.0683974
0.073154
0.0910355
0.275241
0.470663
0.791955
0.762615
0.567331
0.345356
0.225823
0.145936
0.107655
0.087718
0.0747935
0.0715457
0.0669666
0.0637281
0.0549877
0.0512165
0.0503545
0.0481142
0.0479381
0.0509207
0.278937
0.348504
0.504301
0.474728
0.377361
0.264253
0.179088
0.119338
0.0913155
0.0738296
0.0622535
0.0569793
0.0509658
0.0445882
0.0394902
0.0389217
0.0408953
0.0408916
0.0400938
0.0407778
0.26907
0.337513
0.383078
0.365254
0.326936
0.233685
0.149986
0.106093
0.0853974
0.0676922
0.0550805
0.0477688
0.0435268
0.0374573
0.0334591
0.0334285
0.0335185
0.0328472
0.0325682
0.0337155
0.240404
0.350286
0.373689
0.364756
0.319257
0.206511
0.137631
0.103085
0.0850775
0.0661964
0.0538559
0.0463039
0.042709
0.0370789
0.034206
0.0344757
0.0338423
0.0319587
0.0301924
0.0318722
0.224285
0.381031
0.390309
0.381818
0.299166
0.196822
0.135244
0.111291
0.0975202
0.0716866
0.0591433
0.0558985
0.0556647
0.0523252
0.0515093
0.0596771
0.0623655
0.0613689
0.060415
0.0739611
0.240108
0.394435
0.419936
0.393095
0.282095
0.207665
0.154026
0.141025
0.134709
0.108209
0.102595
0.108682
0.128802
0.126229
0.131754
0.176252
0.178057
0.175621
0.182013
0.253289
0.305986
0.430184
0.448137
0.398972
0.305876
0.234747
0.207497
0.229314
0.26189
0.245611
0.254281
0.308357
0.379185
0.385085
0.425928
0.489877
0.471271
0.471527
0.513901
0.67244
0.456915
0.505036
0.500618
0.445519
0.342983
0.321786
0.359731
0.534136
0.683281
0.684066
0.735215
0.902894
0.980609
0.9645
0.981048
0.980333
0.953082
0.973954
1.09058
1.13855
0.667992
0.666352
0.639789
0.528032
0.482522
0.592912
0.968557
1.56411
1.72959
1.71791
1.77568
1.81799
1.77954
1.63441
1.58497
1.52596
1.52676
1.55736
1.58074
1.54155
0.870645
0.811987
0.772079
0.792429
1.09014
1.98247
3.21329
3.41636
3.26848
2.99404
2.69539
2.56187
2.30496
2.14926
2.07898
2.00456
2.01023
1.96886
1.94948
1.86172
0.974782
1.08749
1.45597
2.50269
4.75748
5.72817
5.47638
4.69533
3.93334
3.48893
3.00104
2.78975
2.53379
2.47891
2.39156
2.321
2.31785
2.22627
2.21793
2.12652
0.877363
1.85062
4.813
8.07099
8.63947
7.34721
5.14667
3.58427
2.77895
2.4754
2.21547
2.09928
1.9883
2.05269
2.03584
2.00241
1.99238
1.94299
1.95318
1.85907
)
;

boundaryField
{
    inlet
    {
        type            fixedValue;
        value           uniform 2e-05;
    }
    outlet
    {
        type            inletOutlet;
        inletValue      uniform 0;
        value           nonuniform List<scalar> 
20
(
2.0921
2.23097
1.7374
1.35064
1.02587
0.615155
0.248103
0.0910355
0.0509207
0.0407778
0.0337155
0.0318722
0.0739611
0.253289
0.67244
1.13855
1.54155
1.86172
2.12652
1.85907
)
;
    }
    walls
    {
        type            fixedValue;
        value           uniform 0;
    }
    frontAndBack
    {
        type            empty;
    }
}


// ************************************************************************* //
