/*--------------------------------*- C++ -*----------------------------------*\
| =========                 |                                                 |
| \\      /  F ield         | OpenFOAM: The Open Source CFD Toolbox           |
|  \\    /   O peration     | Version:  2.4.0                                 |
|   \\  /    A nd           | Web:      www.OpenFOAM.org                      |
|    \\/     M anipulation  |                                                 |
\*---------------------------------------------------------------------------*/
FoamFile
{
    version     2.0;
    format      ascii;
    class       volScalarField;
    location    "1.7";
    object      pMean;
}
// * * * * * * * * * * * * * * * * * * * * * * * * * * * * * * * * * * * * * //

dimensions      [0 2 -2 0 0 0 0];

internalField   nonuniform List<scalar> 
8800
(
87.0906
74.6464
67.243
63.68
61.7892
60.3538
59.1454
57.993
56.9631
55.9273
54.9762
53.984
53.0786
52.1296
51.2885
50.4085
49.6463
48.8528
48.1536
47.3637
83.9793
74.292
67.4114
63.7939
61.8492
60.379
59.1529
57.9934
56.961
55.9249
54.9734
53.9819
53.0761
52.1279
51.2866
50.4066
49.6482
48.847
48.1549
47.3221
82.0143
74.368
68.0129
64.1696
62.0168
60.4583
59.1995
58.0261
56.9854
55.9419
54.9837
53.9865
53.0776
52.1261
51.2857
50.4003
49.6527
48.8377
48.2069
47.357
80.479
74.4298
68.5991
64.5931
62.2006
60.5463
59.2622
58.0827
57.034
55.9807
55.0113
54.0039
53.0887
52.1299
51.2889
50.3949
49.6567
48.8409
48.2985
47.5287
79.2303
74.4034
69.074
64.9986
62.3691
60.6139
59.3115
58.1405
57.0897
56.0325
55.0466
54.0311
53.1016
52.14
51.2881
50.396
49.6494
48.8602
48.3025
47.7585
78.2453
74.3065
69.4385
65.3445
62.5194
60.6566
59.3398
58.1851
57.1397
56.0822
55.0815
54.0579
53.1128
52.149
51.2837
50.3952
49.6348
48.8751
48.3516
48.0885
77.4888
74.1898
69.7057
65.624
62.6545
60.6823
59.3485
58.2164
57.1789
56.1239
55.1101
54.0809
53.1195
52.1554
51.2757
50.3926
49.6152
48.8801
48.427
48.4611
76.9352
74.0893
69.8863
65.8365
62.7722
60.7018
59.3411
58.2404
57.2058
56.158
55.1291
54.1018
53.1203
52.1636
51.2633
50.3958
49.5922
48.8791
48.3781
48.7924
76.5748
74.019
69.9999
65.9812
62.857
60.7153
59.3319
58.2565
57.2259
56.1828
55.1439
54.1171
53.1239
52.1704
51.2597
50.3988
49.5823
48.894
48.448
49.1049
76.3953
73.9874
70.0578
66.0584
62.9022
60.7252
59.3273
58.2674
57.239
56.1994
55.154
54.1285
53.1293
52.1785
51.263
50.4067
49.5906
48.9171
48.5122
49.2223
76.3883
73.9982
70.0586
66.0636
62.9018
60.729
59.3249
58.2715
57.2391
56.2042
55.1547
54.1342
53.1315
52.1868
51.268
50.4186
49.6006
48.9412
48.5501
49.3169
76.5571
74.047
70.0025
65.9922
62.857
60.724
59.327
58.2659
57.2273
56.1943
55.1471
54.1325
53.1326
52.1926
51.2762
50.4311
49.6164
48.9587
48.5744
49.3494
76.9079
74.1296
69.8874
65.8498
62.7707
60.7149
59.3323
58.2547
57.2064
56.1755
55.133
54.1269
53.1328
52.2002
51.2892
50.4497
49.6396
48.9803
48.5791
49.3182
77.4539
74.2358
69.7052
65.6373
62.6475
60.6975
59.3355
58.2335
57.1759
56.1457
55.1114
54.1142
53.1307
52.2063
51.3044
50.4724
49.6705
49.0085
48.5682
49.2072
78.2074
74.3521
69.4399
65.3552
62.5086
60.6685
59.3282
58.2002
57.1358
56.1048
55.0829
54.0939
53.1257
52.2081
51.3204
50.4963
49.7107
49.047
48.5684
49.0113
79.1893
74.4501
69.077
65.0082
62.3558
60.6235
59.3021
58.1549
57.0866
56.0557
55.0499
54.0688
53.1191
52.206
51.3364
50.5184
49.7581
49.097
48.5984
48.7511
80.4359
74.4773
68.6044
64.6046
62.1863
60.5559
59.2545
58.0986
57.0316
56.0055
55.0169
54.044
53.1117
52.2015
51.35
50.535
49.8045
49.145
48.6583
48.4771
81.9704
74.4141
68.0214
64.183
62.0027
60.4678
59.1929
58.0424
56.9845
55.9669
54.9924
54.0271
53.1066
52.1996
51.36
50.5477
49.8379
49.1819
48.7177
48.3351
83.9344
74.3354
67.4219
63.809
61.8359
60.3882
59.1466
58.01
56.961
55.9502
54.9833
54.0232
53.1072
52.2029
51.3667
50.5576
49.8535
49.2035
48.7147
48.2592
87.0449
74.6878
67.2532
63.6955
61.7766
60.3629
59.1392
58.01
56.963
55.9531
54.9861
54.0258
53.1099
52.2053
51.3698
50.561
49.857
49.2092
48.7161
48.3791
47.4316
47.3567
47.1458
46.9109
46.7132
46.5593
46.449
46.372
46.3203
46.2884
46.2721
46.2608
46.2505
46.2354
46.2132
46.1803
46.1374
46.0801
46.0113
45.9283
45.8364
45.7401
45.6455
45.5539
45.4715
45.4009
45.3441
45.2955
45.2506
45.2004
45.1409
45.0702
44.9921
44.9095
44.8257
44.7379
44.6459
44.5419
44.4271
44.2975
44.1598
44.0141
43.8772
43.7551
43.6609
43.5929
43.5563
43.5427
43.5498
43.5656
43.5825
43.5858
43.572
43.5311
43.469
43.3754
43.2612
43.1234
42.9752
42.809
42.6344
42.4451
42.2537
42.0619
41.887
41.7378
41.6302
41.571
41.5676
41.6096
41.6952
41.8071
41.9441
42.0852
42.2345
42.3716
42.5031
42.6078
42.6958
42.7503
42.7821
42.7835
42.7704
42.7318
42.691
42.6408
42.5985
42.5643
42.5445
42.5423
42.5604
42.6
42.6613
42.737
42.8285
42.9278
43.0412
43.158
43.2842
43.4074
43.5329
43.6465
43.7575
43.8426
43.9251
43.9817
44.037
44.0742
44.117
44.1421
44.1702
44.1843
44.2016
44.2054
44.2154
44.2202
44.2369
44.2524
44.2823
44.3103
44.3507
44.3871
44.4379
44.4806
44.5422
44.5887
44.6622
44.7195
44.8087
44.8947
45.0117
45.1312
45.272
45.4125
45.5676
45.7193
45.8829
46.0367
46.1953
46.3427
46.4954
46.6432
46.798
46.9479
47.1042
47.2538
47.4095
47.5633
47.7211
47.8764
48.0331
48.1853
48.3398
48.4856
48.6335
48.7761
48.9304
49.0728
49.2316
49.3805
49.5524
49.6976
49.8724
50.0096
50.1765
50.2999
50.4581
50.5657
50.7092
50.7885
50.9307
50.9839
51.1394
51.1895
51.3723
51.4299
51.6513
51.7198
51.9785
52.0802
52.3702
52.5165
52.8493
53.0584
53.4304
53.7054
54.1087
54.4185
54.8432
55.1499
55.5554
55.7837
56.0505
56.0075
55.8661
55.0815
53.8234
50.5287
46.3123
25.8319
47.2037
47.1763
47.1111
46.9612
46.7792
46.6113
46.4873
46.407
46.3639
46.3428
46.3361
46.3311
46.3248
46.3105
46.2891
46.2558
46.213
46.1573
46.0923
46.0156
45.9321
45.8442
45.7588
45.6763
45.6025
45.5369
45.4825
45.4345
45.3916
45.3456
45.2943
45.2329
45.1646
45.0886
45.0096
44.9237
44.8332
44.7318
44.6222
44.4996
44.3713
44.2384
44.1127
43.9992
43.9085
43.8404
43.7993
43.779
43.7769
43.7814
43.7887
43.7844
43.7679
43.7269
43.6677
43.5808
43.4746
43.345
43.2035
43.0452
42.8793
42.7023
42.5228
42.3451
42.1815
42.0402
41.935
41.8702
41.8542
41.8793
41.9454
42.0372
42.1542
42.2784
42.4084
42.5297
42.6416
42.7302
42.7988
42.8385
42.8565
42.8478
42.8253
42.7851
42.7401
42.6913
42.6459
42.6105
42.5862
42.5784
42.5894
42.6208
42.6731
42.7405
42.8252
42.9204
43.0288
43.141
43.2611
43.3798
43.5006
43.6121
43.7175
43.8001
43.8771
43.9331
43.9835
44.0172
44.0503
44.0696
44.0882
44.097
44.105
44.1042
44.1047
44.1063
44.1145
44.1269
44.1477
44.1669
44.1976
44.2234
44.2656
44.3005
44.3549
44.3975
44.4623
44.5162
44.5931
44.6684
44.7691
44.8725
44.9977
45.1226
45.2635
45.3985
45.5466
45.6851
45.8276
45.959
46.0962
46.2272
46.3636
46.4941
46.6333
46.7599
46.9002
47.0325
47.1777
47.3162
47.4615
47.6004
47.7513
47.8861
48.0365
48.1723
48.3354
48.4723
48.6389
48.7837
48.9567
49.0919
49.2645
49.3905
49.5542
49.6666
49.8186
49.9048
50.0437
50.0916
50.2254
50.2455
50.389
50.4028
50.5774
50.6001
50.8102
50.8524
51.0941
51.1741
51.4383
51.5618
51.8541
52.0332
52.3597
52.5753
52.9341
53.1481
53.5071
53.6721
53.9513
53.9546
54.008
53.5675
53.0548
51.4149
49.6486
43.8803
37.9733
19.0915
47.1834
47.1904
47.2076
47.1092
46.9151
46.6972
46.5241
46.4171
46.3749
46.3699
46.383
46.3938
46.3974
46.3867
46.3651
46.3292
46.2841
46.2272
46.1636
46.091
46.0151
45.9357
45.8599
45.7864
45.7208
45.6609
45.6104
45.5644
45.5238
45.481
45.4358
45.3817
45.3217
45.2524
45.1789
45.0964
45.009
44.9116
44.8082
44.6954
44.579
44.46
44.3474
44.2446
44.1601
44.0937
44.0495
44.0223
44.0112
44.0053
44.0025
43.9898
43.968
43.9259
43.8671
43.7854
43.6854
43.5642
43.4299
43.2809
43.124
42.9602
42.7951
42.6332
42.484
42.3537
42.2541
42.1881
42.1624
42.1735
42.2213
42.2948
42.3915
42.4978
42.6086
42.712
42.804
42.8752
42.9248
42.9499
42.954
42.9379
42.907
42.8652
42.8163
42.7671
42.7201
42.6822
42.653
42.6382
42.6402
42.6624
42.7044
42.7651
42.8439
42.9368
43.0405
43.1501
43.2659
43.3814
43.4976
43.6075
43.708
43.7904
43.865
43.923
43.9714
44.0049
44.0329
44.0509
44.0642
44.0725
44.075
44.0727
44.0682
44.0681
44.0726
44.0802
44.0954
44.1064
44.1321
44.1495
44.1872
44.2171
44.2677
44.3103
44.3681
44.4204
44.4866
44.5543
44.6396
44.7287
44.8383
44.9485
45.0745
45.1935
45.3235
45.446
45.5717
45.6862
45.8077
45.9231
46.0439
46.1597
46.284
46.3949
46.5229
46.6382
46.7717
46.8898
47.0213
47.1428
47.2858
47.4086
47.5622
47.6938
47.8622
47.9989
48.1736
48.3206
48.4919
48.6217
48.7904
48.9027
49.0635
49.156
49.3035
49.3594
49.4939
49.5125
49.6355
49.6266
49.7644
49.7461
49.916
49.9121
50.1
50.1256
50.3298
50.395
50.6132
50.7123
50.9614
51.0891
51.3793
51.5121
51.8229
51.9236
52.2003
52.1951
52.3597
52.0716
51.9725
50.9894
50.3591
47.5804
45.6503
38.5214
31.4259
18.5703
47.0384
47.0644
47.2363
47.1931
46.9816
46.7179
46.5084
46.3909
46.3622
46.384
46.4277
46.4645
46.4855
46.4825
46.4611
46.4209
46.3703
46.3092
46.2443
46.1738
46.1035
46.032
45.9653
45.9012
45.8445
45.7918
45.7466
45.7042
45.6664
45.6265
45.5855
45.537
45.4834
45.4203
45.3518
45.2741
45.1913
45.1
45.0044
44.9026
44.7994
44.6948
44.5962
44.5043
44.4268
44.3626
44.3159
44.2819
44.2611
44.2446
44.2314
44.2111
44.1836
44.1406
44.0827
44.0058
43.9123
43.8004
43.6757
43.5386
43.3942
43.2447
43.0953
42.9497
42.8156
42.6975
42.6045
42.5389
42.5062
42.5044
42.5349
42.5893
42.6649
42.7507
42.8406
42.9237
42.9954
43.0489
43.0819
43.0948
43.0881
43.0652
43.028
42.9836
42.9328
42.8826
42.8341
42.7913
42.755
42.7306
42.7228
42.7357
42.77
42.8252
42.9005
42.9905
43.0911
43.1973
43.3101
43.4226
43.5352
43.6424
43.7396
43.821
43.8952
43.9558
44.0052
44.0419
44.0702
44.0908
44.105
44.1145
44.1153
44.1125
44.1084
44.1069
44.113
44.1179
44.1327
44.1402
44.1631
44.1748
44.2099
44.2368
44.2868
44.3279
44.3826
44.4301
44.4917
44.5527
44.6292
44.7075
44.8021
44.8992
45.0092
45.1141
45.227
45.3325
45.4406
45.5382
45.645
45.7452
45.8546
45.9597
46.0734
46.1768
46.2956
46.3973
46.518
46.6148
46.7321
46.8319
46.9666
47.0742
47.2301
47.3612
47.5351
47.6753
47.8603
48.0014
48.1726
48.292
48.4648
48.5502
48.7188
48.7771
48.9286
48.9489
49.0809
49.0688
49.1844
49.148
49.2868
49.2526
49.4048
49.3934
49.5402
49.559
49.7112
49.7569
49.9283
49.9922
50.1995
50.2635
50.5062
50.5478
50.8019
50.7563
50.9963
50.7329
50.8827
50.1623
50.0843
48.3839
47.7508
44.1024
41.6384
34.925
27.3842
18.7846
47.8364
47.7441
47.4805
47.1576
46.831
46.5474
46.3698
46.3014
46.3193
46.3843
46.4678
46.5377
46.5808
46.5889
46.5693
46.5252
46.4681
46.401
46.3323
46.262
46.1956
46.1312
46.0734
46.0192
45.9719
45.9278
45.8894
45.8524
45.8184
45.7823
45.745
45.7015
45.6535
45.597
45.535
45.4647
45.3894
45.307
45.2212
45.1311
45.0407
44.9496
44.8632
44.7811
44.7094
44.6469
44.5971
44.5569
44.5269
44.5012
44.4787
44.452
44.4193
44.3754
44.3189
44.2474
44.1617
44.0611
43.9486
43.8256
43.6959
43.562
43.4289
43.2991
43.1796
43.0734
42.9876
42.9239
42.8867
42.8745
42.8891
42.9249
42.979
43.0427
43.1095
43.1711
43.2227
43.2598
43.2791
43.2816
43.2671
43.2385
43.1977
43.15
43.0969
43.0426
42.9891
42.9377
42.8911
42.855
42.8376
42.8416
42.8706
42.9215
42.9954
43.0838
43.1831
43.2888
43.4001
43.5111
43.6225
43.7279
43.824
43.9061
43.9813
44.0447
44.0961
44.1381
44.1686
44.194
44.2114
44.2226
44.2248
44.2222
44.2218
44.2222
44.2333
44.2406
44.2573
44.267
44.289
44.303
44.3369
44.367
44.4147
44.4553
44.5071
44.5519
44.613
44.6672
44.7412
44.8092
44.8943
44.9769
45.0737
45.1636
45.2646
45.3513
45.4477
45.5282
45.624
45.7088
45.8125
45.9082
46.0189
46.1183
46.2306
46.3191
46.4298
46.5034
46.611
46.6869
46.8132
46.9074
47.0634
47.1901
47.3726
47.5074
47.7059
47.8306
48.0083
48.1097
48.2895
48.3485
48.5275
48.5478
48.7011
48.6876
48.8164
48.7715
48.8804
48.8297
48.9624
48.9347
49.0632
49.0485
49.164
49.1593
49.2745
49.2787
49.4204
49.4262
49.6073
49.5822
49.8012
49.6981
49.9428
49.6693
49.9187
49.324
49.4798
48.3189
48.1719
46.0031
44.9908
41.3231
38.0984
32.7647
25.6681
19.3139
48.4775
48.3322
47.7387
47.1378
46.6522
46.3297
46.1925
46.1952
46.2831
46.4078
46.5363
46.6373
46.6976
46.7127
46.692
46.6429
46.5781
46.5041
46.4304
46.3589
46.2946
46.2361
46.1859
46.141
46.1027
46.0676
46.0365
46.006
45.9766
45.9449
45.9115
45.873
45.8303
45.7808
45.7262
45.6646
45.5982
45.5262
45.4512
45.373
45.2944
45.2153
45.1392
45.0662
44.9997
44.9398
44.8883
44.8438
44.8066
44.773
44.7419
44.7087
44.6708
44.6252
44.5699
44.5034
44.4254
44.3357
44.2357
44.1268
44.0122
43.8944
43.7775
43.664
43.5592
43.4653
43.3876
43.3275
43.2882
43.2688
43.2711
43.2918
43.3268
43.3697
43.4143
43.4555
43.4885
43.5102
43.5175
43.5114
43.4903
43.4566
43.4117
43.3585
43.2998
43.2381
43.1762
43.1139
43.0553
43.0062
42.9801
42.9773
43.002
43.0511
43.1256
43.2141
43.3128
43.4194
43.5311
43.6441
43.7577
43.8669
43.966
44.0526
44.1307
44.1968
44.2516
44.2987
44.3333
44.3621
44.3823
44.3938
44.3979
44.3955
44.401
44.4074
44.4253
44.4401
44.4607
44.4773
44.5031
44.5264
44.5636
44.6016
44.6485
44.6919
44.7402
44.7885
44.8484
44.9049
44.9778
45.0396
45.1193
45.1868
45.2723
45.3462
45.4369
45.5082
45.5973
45.665
45.7518
45.8258
45.9274
46.0154
46.1306
46.2272
46.3359
46.4151
46.5149
46.5672
46.661
46.7185
46.8333
46.9114
47.0706
47.1843
47.3754
47.497
47.7033
47.8075
48.0037
48.0787
48.2758
48.303
48.4931
48.4807
48.637
48.582
48.715
48.6309
48.744
48.6841
48.8187
48.7883
48.9192
48.8781
48.9907
48.938
49.0393
48.9719
49.1058
49.0265
49.1886
49.0554
49.2445
48.995
49.1954
48.7431
48.8953
48.0897
48.0558
46.685
46.2083
44.0178
42.5109
39.3485
35.8431
31.8172
25.7041
20.4411
49.123
48.8891
47.9255
47.0124
46.3577
46.0165
45.9577
46.0706
46.2571
46.4551
46.6293
46.7559
46.8259
46.841
46.8135
46.7555
46.6808
46.5995
46.5207
46.4483
46.3856
46.3323
46.2888
46.2525
46.2226
46.1962
46.1723
46.1486
46.1244
46.0976
46.0681
46.0342
45.9962
45.9529
45.9049
45.8517
45.7942
45.7325
45.6678
45.6007
45.5328
45.4644
45.3975
45.3327
45.2715
45.2146
45.1629
45.1162
45.0741
45.0351
44.9975
44.9592
44.9174
44.8708
44.8171
44.7555
44.6848
44.6053
44.5171
44.4221
44.3222
44.22
44.1185
44.0204
43.9289
43.8466
43.7765
43.7208
43.6814
43.6592
43.654
43.6639
43.6845
43.7101
43.7356
43.7582
43.7745
43.7832
43.7807
43.7663
43.7388
43.6995
43.6482
43.587
43.52
43.4501
43.3793
43.306
43.236
43.1752
43.1401
43.1328
43.1568
43.2088
43.2865
43.3775
43.4784
43.588
43.7021
43.8217
43.9415
44.0578
44.1637
44.2589
44.3398
44.409
44.4683
44.519
44.5569
44.587
44.6109
44.6236
44.6303
44.6296
44.6394
44.6527
44.6777
44.7034
44.7307
44.7593
44.7959
44.8353
44.883
44.9339
44.9863
45.0347
45.0829
45.134
45.1938
45.2563
45.3269
45.3917
45.4636
45.5252
45.5995
45.664
45.7445
45.8094
45.8905
45.9528
46.0346
46.1067
46.2047
46.2912
46.404
46.5028
46.6087
46.6829
46.7695
46.807
46.8805
46.9285
47.0263
47.0877
47.2464
47.3474
47.5337
47.6561
47.8637
47.9425
48.1619
48.2164
48.4285
48.4364
48.6229
48.5923
48.7433
48.6673
48.7862
48.6819
48.7895
48.7432
48.8707
48.8466
48.967
48.9196
49.0136
48.9294
48.9921
48.8792
48.9573
48.8232
48.8993
48.6953
48.7804
48.442
48.5194
47.9564
47.9308
47.0295
46.7768
45.3563
44.6169
42.5852
40.8702
38.3314
34.9859
31.853
26.784
22.1137
50.2764
49.8423
48.1807
46.7947
45.9406
45.6024
45.6578
45.9188
46.2326
46.5155
46.7346
46.8809
46.9541
46.9637
46.9247
46.8548
46.7695
46.6817
46.5994
46.5276
46.4677
46.4201
46.383
46.3546
46.3322
46.3136
46.2964
46.279
46.2596
46.2376
46.2118
46.1823
46.1483
46.1104
46.0679
46.0217
45.9716
45.9183
45.8621
45.804
45.7444
45.6847
45.625
45.5669
45.5105
45.4571
45.4066
45.3596
45.3151
45.2733
45.232
45.1912
45.1481
45.1023
45.0515
44.9955
44.9324
44.8631
44.7866
44.7049
44.6185
44.5303
44.4419
44.3569
44.2767
44.2048
44.1421
44.0917
44.054
44.031
44.0205
44.0224
44.031
44.0424
44.0518
44.0587
44.0607
44.0587
44.0477
44.026
43.9916
43.9457
43.8868
43.8179
43.7439
43.6666
43.5894
43.5081
43.4289
43.3608
43.3201
43.3128
43.34
43.3989
43.4805
43.5756
43.6795
43.7932
43.9133
44.0417
44.1719
44.3004
44.4161
44.5214
44.6062
44.6817
44.745
44.7963
44.8351
44.8655
44.892
44.9083
44.9175
44.9205
44.933
44.9554
44.9889
45.0268
45.0654
45.1115
45.1657
45.227
45.2916
45.3603
45.4222
45.4789
45.5328
45.5891
45.6524
45.718
45.7878
45.8527
45.9175
45.9811
46.0481
46.1109
46.1853
46.25
46.3254
46.3888
46.4664
46.5405
46.6364
46.7242
46.8393
46.9362
47.043
47.1127
47.195
47.2136
47.269
47.3143
47.3959
47.4494
47.6036
47.69
47.8662
47.978
48.1956
48.2517
48.486
48.5341
48.7564
48.7582
48.9402
48.9113
49.0488
48.9601
49.053
48.9391
49.0306
49.005
49.1303
49.119
49.2268
49.1788
49.2586
49.1375
49.159
49.0061
49.017
48.8197
48.803
48.5236
48.5119
48.0779
48.0696
47.3883
47.2475
46.2759
45.8897
44.5134
43.6613
41.8815
40.1504
38.1393
35.112
32.4533
28.2539
24.0294
50.7582
50.2778
48.3647
46.7397
45.7484
45.3818
45.488
45.8378
46.2366
46.5848
46.8436
47.0085
47.0833
47.0841
47.0308
46.9476
46.8519
46.7585
46.6741
46.6038
46.5475
46.5056
46.4749
46.4537
46.4381
46.4263
46.4147
46.4025
46.3873
46.3693
46.3468
46.321
46.2905
46.2568
46.2189
46.1783
46.1338
46.087
46.0372
45.9859
45.9327
45.8794
45.8254
45.7726
45.7202
45.6701
45.6212
45.5749
45.5296
45.4869
45.4445
45.4032
45.3605
45.317
45.2699
45.2199
45.1643
45.1045
45.0383
44.9684
44.8943
44.8189
44.7426
44.6695
44.6002
44.5385
44.4841
44.44
44.4051
44.3822
44.3682
44.3631
44.3604
44.3586
44.353
44.3454
44.3351
44.324
44.3058
44.2789
44.2403
44.19
44.1259
44.051
43.9703
43.8877
43.8053
43.7178
43.6363
43.5653
43.5252
43.5227
43.5584
43.6252
43.7125
43.8105
43.9191
44.0383
44.1682
44.3073
44.452
44.5974
44.7286
44.8444
44.9371
45.0191
45.0844
45.1335
45.17
45.1999
45.2289
45.2474
45.2605
45.2698
45.2885
45.3212
45.3653
45.4158
45.4708
45.537
45.6141
45.7012
45.7881
45.8782
45.9543
46.0239
46.0873
46.1499
46.219
46.2855
46.3556
46.4194
46.4804
46.5474
46.6104
46.6743
46.7476
46.8101
46.8853
46.9495
47.0254
47.1064
47.2038
47.296
47.4189
47.5127
47.6338
47.6934
47.7909
47.7749
47.8308
47.8624
47.9305
47.9825
48.1349
48.1933
48.383
48.4683
48.7066
48.7209
48.9904
49.0265
49.266
49.2351
49.4506
49.4056
49.5664
49.4251
49.5113
49.389
49.4886
49.4748
49.5972
49.6001
49.7015
49.6546
49.7268
49.5449
49.5464
49.3441
49.3075
49.0299
48.9601
48.5807
48.4888
48.0115
47.9227
47.2296
47.0246
45.9976
45.5508
44.2466
43.3519
41.8358
40.1473
38.4811
35.7877
33.3535
29.8039
25.9981
50.9994
50.556
48.5709
46.8371
45.7543
45.329
45.4272
45.8124
46.2606
46.6524
46.9406
47.1201
47.1962
47.1895
47.1243
47.03
46.926
46.8285
46.7435
46.6756
46.6235
46.5873
46.5628
46.5482
46.5385
46.532
46.5249
46.5167
46.5049
46.49
46.4704
46.4476
46.4203
46.3903
46.3563
46.32
46.2802
46.2386
46.1939
46.1482
46.1002
46.0521
46.0027
45.9541
45.9051
45.8578
45.8109
45.7662
45.7219
45.6798
45.638
45.5978
45.5571
45.5168
45.4744
45.4305
45.3823
45.331
45.2743
45.215
45.1519
45.0879
45.0228
44.9611
44.9022
44.8502
44.8044
44.7673
44.7365
44.7152
44.6991
44.6866
44.6723
44.6578
44.6396
44.6195
44.5987
44.5809
44.5587
44.5299
44.4899
44.4381
44.3726
44.2962
44.212
44.1238
44.0377
43.9461
43.8658
43.7956
43.7614
43.7659
43.8145
43.8913
43.9867
44.0889
44.2062
44.3331
44.4736
44.6238
44.7861
44.9503
45.1
45.227
45.3293
45.4153
45.481
45.5272
45.5622
45.5921
45.6227
45.6428
45.6611
45.6782
45.7062
45.7509
45.8082
45.8747
45.9499
46.0389
46.1423
46.2565
46.3711
46.484
46.5795
46.6657
46.7411
46.8101
46.8824
46.9484
47.0196
47.0801
47.1433
47.2112
47.2751
47.3396
47.4158
47.4745
47.5565
47.6206
47.7017
47.7888
47.895
47.9932
48.1334
48.2207
48.3702
48.4154
48.5392
48.4664
48.5558
48.5497
48.6347
48.6707
48.8281
48.846
49.0688
49.1143
49.3935
49.3416
49.682
49.6637
49.9776
49.8526
50.1594
50.0791
50.3083
50.0583
50.1762
50.0081
50.1601
50.1433
50.2989
50.2844
50.3988
50.3277
50.4099
50.1353
50.1569
49.8991
49.8352
49.4578
49.3392
48.8781
48.776
48.2922
48.1904
47.4038
47.2016
46.1021
45.6484
44.4276
43.5069
42.2104
40.6058
39.1122
36.7233
34.4111
31.3148
27.9011
51.1482
50.7252
48.7171
46.9328
45.8051
45.3448
45.4354
45.8361
46.3094
46.7237
47.0268
47.2129
47.2872
47.2731
47.1992
47.098
46.9903
46.8923
46.8093
46.7451
46.6981
46.6676
46.6488
46.6395
46.6344
46.6317
46.6277
46.6221
46.6126
46.6
46.5828
46.5626
46.5382
46.5113
46.4808
46.4483
46.4126
46.3753
46.3352
46.2939
46.2503
46.2064
46.1611
46.1162
46.0707
46.0264
45.9821
45.9394
45.8972
45.8572
45.8175
45.7796
45.7416
45.7049
45.6672
45.6294
45.5886
45.5456
45.4987
45.4498
45.3975
45.3445
45.2911
45.2404
45.1917
45.1486
45.1116
45.0819
45.0557
45.0352
45.0159
44.9953
44.9706
44.9448
44.9152
44.8855
44.8581
44.8358
44.8126
44.7867
44.7508
44.7021
44.6394
44.5645
44.4812
44.3907
44.3032
44.2109
44.1353
44.0688
44.0472
44.0584
44.1215
44.2082
44.3138
44.4212
44.5518
44.6882
44.8407
44.9997
45.1809
45.3613
45.5289
45.6656
45.7757
45.8621
45.927
45.9708
46.0085
46.0407
46.0742
46.0977
46.126
46.1507
46.1932
46.2491
46.3262
46.4079
46.5095
46.6217
46.7557
46.8947
47.0396
47.1713
47.2942
47.3961
47.4887
47.5638
47.6402
47.701
47.7737
47.8269
47.8977
47.9602
48.0334
48.0972
48.1785
48.2388
48.3293
48.3959
48.4899
48.5828
48.7076
48.8075
48.9716
49.0508
49.237
49.2614
49.4084
49.2707
49.4249
49.369
49.5024
49.4936
49.6808
49.659
49.9196
49.9168
50.2152
50.1115
50.5304
50.4522
50.8252
50.6485
51.0686
50.9302
51.2362
50.8726
51.0632
50.8182
51.0736
50.9954
51.2164
51.1657
51.3088
51.2206
51.3111
50.916
50.9496
50.6533
50.5158
50.1066
49.9492
49.5138
49.4331
48.8426
48.7118
47.8218
47.6997
46.5321
46.0651
44.931
43.9871
42.8351
41.3659
39.9117
37.7542
35.5465
32.7664
29.6952
51.2046
50.7796
48.7689
46.9877
45.8685
45.4192
45.5224
45.9321
46.409
46.8206
47.1174
47.2944
47.3587
47.3353
47.2557
47.1523
47.0461
46.9516
46.8738
46.8153
46.7743
46.7491
46.7352
46.7295
46.7273
46.7267
46.7245
46.7203
46.7125
46.7015
46.6864
46.6685
46.6469
46.623
46.5959
46.5668
46.5349
46.5014
46.4655
46.4283
46.389
46.3488
46.3071
46.2655
46.2233
46.1819
46.1407
46.101
46.0621
46.025
45.9885
45.9536
45.9194
45.8868
45.8541
45.8218
45.7882
45.7537
45.7166
45.6779
45.6365
45.5947
45.5534
45.5143
45.4768
45.4439
45.4163
45.3933
45.3705
45.349
45.3256
45.2974
45.2625
45.2243
45.1832
45.1453
45.1139
45.0922
45.0749
45.0576
45.0311
44.9927
44.9394
44.8712
44.7913
44.7019
44.6154
44.5276
44.4598
44.4046
44.4006
44.4189
44.4961
44.588
44.7023
44.8115
44.9566
45.1019
45.2672
45.4335
45.6348
45.8284
46.0132
46.1562
46.2715
46.3489
46.4156
46.4547
46.5004
46.5366
46.5783
46.6076
46.6503
46.6864
46.751
46.8205
46.9237
47.0221
47.1556
47.2888
47.4554
47.6175
47.7959
47.9461
48.0945
48.2096
48.3238
48.4052
48.4899
48.55
48.619
48.6682
48.7443
48.8022
48.8835
48.9521
49.0376
49.1069
49.205
49.2776
49.3812
49.4813
49.6223
49.7346
49.9098
49.9936
50.1984
50.2288
50.3402
50.1818
50.425
50.2926
50.4921
50.426
50.6546
50.6105
50.8872
50.8816
51.1429
51.0206
51.5087
51.4009
51.7923
51.6322
52.1185
51.9523
52.2793
51.8528
52.0824
51.7902
52.1783
52.0606
52.3319
52.2334
52.4054
52.3209
52.3181
51.8987
51.9243
51.519
51.3869
50.9928
50.8024
50.3359
50.1767
49.5681
49.441
48.5662
48.3048
47.2172
46.7185
45.6747
44.7508
43.6253
42.2887
40.8055
38.8325
36.7314
34.1826
31.3925
51.1544
50.7203
48.7411
47.0214
45.9648
45.5739
45.7103
46.1182
46.5711
46.9503
47.2162
47.3659
47.4098
47.375
47.293
47.193
47.094
47.0077
46.9386
46.8879
46.8538
46.8337
46.8234
46.8197
46.8188
46.8186
46.817
46.8132
46.8064
46.7967
46.7836
46.7679
46.7491
46.7281
46.7044
46.6788
46.6509
46.6213
46.5896
46.5563
46.521
46.4844
46.4465
46.4083
46.3698
46.332
46.2949
46.2592
46.2242
46.1907
46.1583
46.1274
46.0978
46.0701
46.0433
46.0171
45.9905
45.9637
45.9363
45.9083
45.8782
45.8476
45.8184
45.7914
45.7662
45.7448
45.7272
45.7105
45.6912
45.6695
45.6416
45.6042
45.5589
45.5097
45.4605
45.4189
45.3875
45.3689
45.3604
45.3554
45.3437
45.3218
45.284
45.227
45.154
45.0714
44.9908
44.912
44.8525
44.8132
44.8265
44.8571
44.9453
45.0377
45.1535
45.2659
45.4274
45.579
45.7548
45.9284
46.1503
46.3524
46.553
46.6967
46.814
46.8803
46.9464
46.983
47.0436
47.0829
47.1374
47.1742
47.2358
47.2888
47.3811
47.4691
47.6026
47.7245
47.8928
48.049
48.2488
48.429
48.6342
48.7993
48.9741
49.1012
49.2379
49.3284
49.4252
49.4839
49.5567
49.6062
49.6865
49.7493
49.8409
49.9165
50.0074
50.0874
50.1867
50.2657
50.3819
50.4886
50.6366
50.7686
50.9458
51.0589
51.2445
51.3127
51.3544
51.2314
51.4902
51.3145
51.563
51.494
51.7644
51.7064
51.958
51.9768
52.184
52.0901
52.5741
52.4855
52.9398
52.8484
53.2925
53.1999
53.4148
52.9873
53.2736
52.9119
53.4196
53.2578
53.5716
53.4672
53.6319
53.5052
53.4817
53.0583
53.0331
52.5417
52.4483
51.9977
51.746
51.3701
51.1155
50.6878
50.2515
49.4973
49.0642
48.1025
47.5686
46.5856
45.7143
44.5498
43.3229
41.7654
39.956
37.9443
35.5749
33.0115
50.9503
50.5116
48.6362
47.06
46.1284
45.8354
46.007
46.3888
46.785
47.1023
47.3135
47.4196
47.4361
47.3904
47.3103
47.2196
47.1333
47.06
47.0026
46.9615
46.9344
46.9186
46.9103
46.9069
46.9054
46.9043
46.9019
46.8979
46.8915
46.8827
46.8713
46.8576
46.8415
46.8233
46.8032
46.7815
46.7577
46.7323
46.7051
46.676
46.6449
46.6123
46.5781
46.5436
46.5098
46.4771
46.4449
46.4135
46.383
46.354
46.3262
46.3
46.2757
46.2538
46.2333
46.2143
46.1964
46.1798
46.1635
46.1455
46.1261
46.1075
46.091
46.0765
46.0644
46.0549
46.0467
46.0365
46.0214
45.9996
45.9682
45.9259
45.8741
45.8166
45.7607
45.7168
45.6895
45.6802
45.685
45.6961
45.7044
45.703
45.6831
45.6402
45.5768
45.5064
45.434
45.3677
45.3203
45.3018
45.3265
45.3656
45.4582
45.5504
45.6653
45.7935
45.971
46.1317
46.3162
46.502
46.734
46.9363
47.1434
47.2868
47.4051
47.4643
47.5329
47.5731
47.647
47.6948
47.7658
47.813
47.8951
47.9685
48.0879
48.1996
48.3641
48.5132
48.7142
48.8973
49.1241
49.3224
49.5468
49.7255
49.9191
50.0574
50.213
50.3196
50.4295
50.4942
50.5759
50.6335
50.7247
50.7961
50.9028
50.9886
51.0871
51.1768
51.2657
51.3524
51.4679
51.5885
51.7401
51.9051
52.0681
52.2181
52.378
52.4725
52.4687
52.4644
52.6236
52.4542
52.7284
52.6809
52.9516
52.9106
53.1344
53.2049
53.3144
53.3495
53.7111
53.7093
54.1979
54.245
54.5929
54.5386
54.6747
54.3165
54.5722
54.3441
54.7459
54.5569
54.8781
54.8065
54.9434
54.7971
54.6665
54.2557
54.2347
53.7021
53.5389
53.1314
52.8316
52.6181
52.1513
51.9223
51.1961
50.7037
49.9658
49.18
48.5513
47.6646
46.833
45.606
44.4467
42.7931
41.116
39.1532
36.9338
34.5479
50.4862
50.0722
48.4619
47.1574
46.4252
46.2383
46.4138
46.7287
47.0324
47.2604
47.3982
47.4523
47.441
47.3878
47.3145
47.2379
47.168
47.1101
47.0656
47.0338
47.0124
46.999
46.9909
46.986
46.9826
46.9796
46.9759
46.9712
46.965
46.9571
46.9472
46.9355
46.922
46.9068
46.8901
46.8721
46.8525
46.8316
46.8089
46.7843
46.7575
46.7294
46.7003
46.6707
46.6416
46.614
46.5881
46.563
46.5381
46.5138
46.4907
46.4702
46.4528
46.4378
46.4247
46.4142
46.406
46.3996
46.3946
46.3895
46.3833
46.3769
46.3721
46.37
46.3702
46.3713
46.3714
46.3676
46.3571
46.3376
46.3055
46.2599
46.2045
46.1432
46.0843
46.0421
46.0238
46.0288
46.0506
46.0809
46.1103
46.129
46.1251
46.0959
46.0459
45.9923
45.9312
45.8858
45.8529
45.8543
45.8884
45.9401
46.0317
46.1187
46.2343
46.3877
46.5778
46.7503
46.9395
47.1447
47.3732
47.5744
47.7766
47.92
48.0367
48.1042
48.1729
48.2265
48.3125
48.3794
48.4687
48.5373
48.637
48.7336
48.875
49.0184
49.2038
49.3851
49.6042
49.8175
50.0547
50.2726
50.5065
50.7032
50.9086
51.0641
51.2324
51.3566
51.4838
51.56
51.6613
51.7357
51.838
51.9287
52.0432
52.1372
52.241
52.3309
52.4107
52.508
52.6234
52.7615
52.9256
53.1267
53.2748
53.4602
53.5765
53.6783
53.7006
53.7715
53.8072
53.7996
53.9814
53.9877
54.2371
54.2062
54.3837
54.4909
54.581
54.734
54.9134
55.1627
55.5811
55.6785
55.9096
55.881
55.9579
55.7716
55.9829
55.9194
56.1116
56.0269
56.2095
56.1859
56.2127
56.051
55.8909
55.6043
55.4702
54.9806
54.755
54.436
54.0414
53.9314
53.3517
53.1923
52.2111
51.9897
51.0029
50.4251
49.6373
48.9161
48.0028
46.7669
45.6333
43.9031
42.3036
40.3555
38.2749
36.0215
49.7269
49.4061
48.273
47.3673
46.8758
46.7657
46.8887
47.0884
47.269
47.3936
47.456
47.4637
47.4315
47.3767
47.3138
47.2528
47.1994
47.1558
47.122
47.0969
47.0787
47.0657
47.0562
47.0492
47.0435
47.0386
47.0337
47.0286
47.0226
47.0156
47.0071
46.9971
46.9857
46.9732
46.9594
46.945
46.9299
46.9137
46.8956
46.8755
46.8537
46.8302
46.8062
46.7827
46.7597
46.7379
46.718
46.6999
46.6825
46.6647
46.6478
46.6347
46.626
46.6201
46.6161
46.6149
46.6167
46.6211
46.626
46.6302
46.6349
46.6418
46.6504
46.6601
46.6702
46.6795
46.6866
46.6882
46.6821
46.6658
46.6358
46.593
46.5391
46.4789
46.425
46.3919
46.3871
46.4077
46.4452
46.4903
46.5339
46.5672
46.5788
46.5649
46.5316
46.4997
46.4528
46.4386
46.4276
46.4497
46.4892
46.5568
46.6402
46.7324
46.8576
47.0276
47.2167
47.4033
47.6022
47.8259
48.0426
48.2453
48.4317
48.5808
48.6952
48.7818
48.8526
48.931
49.0231
49.1202
49.2233
49.3262
49.4389
49.5676
49.721
49.8994
50.0974
50.3086
50.5325
50.7681
51.0004
51.2394
51.4688
51.6828
51.8892
52.073
52.2488
52.4082
52.5425
52.6538
52.7628
52.8659
52.973
53.09
53.1998
53.3164
53.4151
53.5154
53.5948
53.7105
53.8245
53.9882
54.1561
54.3729
54.5201
54.7518
54.8016
54.9489
54.9396
55.0596
55.0776
55.2044
55.2729
55.381
55.4909
55.5407
55.6938
55.8339
55.8707
56.1624
56.2569
56.7256
56.8783
57.0572
57.1658
57.2373
57.2882
57.3267
57.3926
57.4133
57.4369
57.5165
57.5157
57.5515
57.4656
57.3539
57.0692
56.9979
56.6293
56.3764
55.9923
55.7869
55.3415
55.3095
54.5059
54.3219
53.3104
53.2191
52.0545
51.7734
50.7573
50.1716
49.0863
47.9713
46.7827
45.0403
43.4594
41.5392
39.5744
37.4049
48.8938
48.7277
48.1765
47.7072
47.4279
47.3258
47.3373
47.3943
47.4502
47.4828
47.485
47.4603
47.4172
47.3656
47.3135
47.2659
47.2251
47.1915
47.1644
47.1428
47.1255
47.1116
47.1005
47.0914
47.084
47.0778
47.0721
47.0667
47.061
47.0546
47.0471
47.0383
47.0286
47.0187
47.0083
46.9969
46.9849
46.9727
46.9596
46.9442
46.9269
46.9092
46.8915
46.8737
46.8567
46.8425
46.8309
46.8205
46.8106
46.801
46.7935
46.7901
46.7903
46.7932
46.7989
46.8075
46.8185
46.8316
46.8462
46.8608
46.8743
46.8883
46.9041
46.922
46.9395
46.954
46.9646
46.9701
46.9686
46.9565
46.9323
46.8982
46.8555
46.8091
46.7695
46.7507
46.7595
46.7917
46.8392
46.8919
46.9424
46.9848
47.0089
47.0125
47.002
47.0018
46.9818
46.9986
47.0058
47.0503
47.0998
47.1878
47.2633
47.372
47.4945
47.6697
47.8486
48.0617
48.2643
48.494
48.6921
48.9037
49.0732
49.2375
49.3458
49.4611
49.5392
49.6507
49.756
49.8854
50.0005
50.1378
50.2572
50.423
50.5862
50.7975
50.9967
51.2349
51.4557
51.7069
51.9307
52.1818
52.3974
52.6248
52.8325
53.0436
53.222
53.4199
53.5568
53.709
53.8204
53.9565
54.0627
54.2087
54.3149
54.4537
54.5495
54.6676
54.7528
54.8908
55.0026
55.1781
55.3432
55.5692
55.7044
55.9698
55.9655
56.1627
56.1336
56.3611
56.3256
56.5545
56.528
56.722
56.6868
56.9313
56.9551
57.1917
57.2019
57.6092
57.5973
58.0695
58.0047
58.4273
58.3416
58.6708
58.6518
58.7203
58.6344
58.8281
58.689
58.8978
58.7472
58.8993
58.6094
58.6015
58.2035
58.3343
57.7896
57.7187
57.2035
57.1492
56.4786
56.535
55.4801
55.5313
54.3883
54.3618
53.0863
53.0669
51.8613
51.3735
50.1111
49.1082
47.8086
46.1467
44.5348
42.6728
40.7678
38.6635
48.1842
48.1918
48.1734
48.0588
47.9057
47.7702
47.6721
47.6103
47.5719
47.5391
47.5012
47.4566
47.4085
47.3608
47.3168
47.2779
47.2444
47.2157
47.1913
47.1704
47.1527
47.1376
47.125
47.1147
47.1062
47.0993
47.0933
47.0878
47.0821
47.076
47.0693
47.0619
47.0538
47.0451
47.0366
47.0286
47.0207
47.0121
47.0025
46.9916
46.9791
46.9661
46.9532
46.9412
46.9323
46.9265
46.9225
46.9197
46.9177
46.9168
46.9187
46.9245
46.9331
46.9439
46.9576
46.9743
46.993
47.0129
47.0329
47.0527
47.0725
47.0922
47.1117
47.1308
47.1492
47.1661
47.1802
47.1894
47.1919
47.1869
47.1746
47.156
47.132
47.1061
47.0871
47.0859
47.1064
47.1448
47.1941
47.251
47.3076
47.3524
47.3847
47.4068
47.419
47.4452
47.4574
47.5096
47.5411
47.6139
47.6648
47.7741
47.8416
47.9777
48.0937
48.2783
48.438
48.6681
48.8528
49.091
49.2684
49.489
49.6367
49.8319
49.9386
50.0943
50.1798
50.3364
50.4455
50.6163
50.7368
50.9118
51.0304
51.2314
51.3931
51.6363
51.8259
52.0915
52.2963
52.5673
52.7671
53.0326
53.2195
53.4745
53.6662
53.9075
54.0756
54.3018
54.4343
54.6262
54.7368
54.9103
55.018
55.1919
55.297
55.4627
55.5477
55.6882
55.7684
55.927
56.0264
56.2253
56.3751
56.6167
56.7244
57.0106
56.9714
57.2379
57.1928
57.5472
57.424
57.7838
57.6309
57.974
57.8387
58.2394
58.0763
58.4851
58.399
58.879
58.7702
59.2858
59.0643
59.6571
59.405
59.9805
59.7731
60.0335
59.8154
60.1054
59.7709
60.1145
59.8136
60.0874
59.6104
59.8079
59.2455
59.5722
58.824
58.9548
58.2803
58.3578
57.4699
57.602
56.3692
56.6764
55.3344
55.5427
54.1027
54.2728
52.8658
52.4914
51.0657
50.11
48.6795
47.1364
45.4466
43.6609
41.7809
39.7591
48.1986
48.2134
48.2212
48.163
48.0508
47.9247
47.8106
47.7157
47.6368
47.5688
47.5079
47.4522
47.4014
47.356
47.3159
47.2807
47.2499
47.2229
47.1991
47.1784
47.1603
47.1449
47.1319
47.1212
47.1125
47.1055
47.0996
47.0944
47.0893
47.0837
47.0775
47.0709
47.0643
47.0578
47.0516
47.0458
47.0403
47.0348
47.0288
47.0219
47.0144
47.0066
46.9991
46.9934
46.99
46.989
46.9904
46.9945
47.0008
47.0085
47.0181
47.0299
47.0436
47.0599
47.079
47.1006
47.124
47.148
47.1717
47.1944
47.2166
47.2387
47.2607
47.2821
47.3021
47.3201
47.3355
47.3478
47.3557
47.3591
47.359
47.3566
47.3519
47.3458
47.3447
47.3575
47.3871
47.4309
47.4829
47.537
47.5871
47.6303
47.6722
47.7057
47.7273
47.7701
47.812
47.9063
47.9643
48.072
48.1316
48.2598
48.316
48.4672
48.5702
48.7697
48.9146
49.1501
49.3197
49.5698
49.7348
49.9682
50.1071
50.32
50.4299
50.6164
50.7151
50.9116
51.0287
51.2306
51.3506
51.552
51.6746
51.9005
52.0612
52.3193
52.4964
52.7721
52.9584
53.2447
53.4215
53.7034
53.8713
54.1585
54.3321
54.6009
54.7531
54.995
55.1161
55.3318
55.4359
55.6386
55.7441
55.9409
56.0446
56.2296
56.3092
56.4655
56.5468
56.7203
56.8076
57.0313
57.1469
57.4171
57.4858
57.8101
57.745
58.1112
58.0303
58.5056
58.2922
58.7673
58.5378
59.0649
58.8076
59.3503
59.0778
59.5901
59.4159
59.9986
59.7092
60.3358
60.0046
60.693
60.3365
61.0359
60.6302
61.1472
60.7285
61.1284
60.6789
61.1639
60.6738
61.0949
60.5058
60.8745
60.1521
60.6067
59.7145
60.0479
59.2184
59.4357
58.3846
58.6174
57.2566
57.7468
56.188
56.7031
55.083
55.3756
53.7315
53.5432
51.8854
50.9824
49.3642
47.8822
46.1049
44.3939
42.5176
40.6402
48.3458
48.3087
48.2465
48.1658
48.0689
47.9609
47.8512
47.7484
47.657
47.5779
47.5099
47.4512
47.4001
47.3553
47.3158
47.281
47.2501
47.2229
47.1989
47.1778
47.1596
47.144
47.131
47.1203
47.1117
47.1049
47.0992
47.0943
47.0895
47.0846
47.0794
47.0738
47.0681
47.0626
47.0577
47.0534
47.0496
47.046
47.0422
47.0378
47.0329
47.0281
47.0241
47.0218
47.0216
47.0235
47.028
47.0352
47.0445
47.0555
47.0683
47.0827
47.099
47.1177
47.1394
47.1635
47.1889
47.2147
47.2403
47.2655
47.2904
47.3148
47.3383
47.3601
47.3799
47.398
47.4141
47.4276
47.4384
47.4464
47.4524
47.4574
47.4616
47.4649
47.4722
47.4913
47.5257
47.5739
47.6287
47.6819
47.7293
47.7719
47.8115
47.842
47.8737
47.9333
47.9992
48.1254
48.1997
48.3335
48.3973
48.5308
48.5809
48.7318
48.8285
49.042
49.1828
49.4245
49.585
49.8424
49.9987
50.2449
50.378
50.5972
50.7076
50.9043
51.0139
51.235
51.3541
51.5683
51.682
51.8925
52.0192
52.2586
52.4239
52.6899
52.8643
53.141
53.3147
53.6039
53.7743
54.07
54.2339
54.5384
54.7004
54.9829
55.1252
55.3734
55.4863
55.7052
55.8024
56.0138
56.117
56.3272
56.4277
56.617
56.6955
56.8579
56.9421
57.1204
57.2067
57.4522
57.5536
57.8512
57.9092
58.2826
58.1974
58.6957
58.5422
59.0814
58.8116
59.3737
59.091
59.7255
59.4302
60.0685
59.7007
60.3657
60.0417
60.6856
60.3217
61.0723
60.6549
61.4568
61.0018
61.7612
61.2252
61.8304
61.2698
61.8171
61.2602
61.7759
61.2047
61.8082
61.0875
61.6506
60.7897
61.3251
60.3216
60.8173
59.8154
60.1393
59.0194
59.378
58.0042
58.6344
56.9973
57.7103
55.8799
56.3737
54.481
54.3413
52.4058
51.6592
49.7826
48.2898
46.4248
44.7409
42.8337
40.9496
47.353
47.3525
47.3606
47.2955
47.1544
46.9817
46.8113
46.6593
46.5279
46.416
46.3215
46.2479
46.1984
46.1655
46.1345
46.1137
46.1036
46.0895
46.0743
46.0634
46.0588
46.0611
46.0487
46.0183
45.9714
45.9063
45.8384
45.783
45.7378
45.6794
45.5926
45.4898
45.396
45.3293
45.2837
45.2374
45.1714
45.0825
44.9788
44.8676
44.7708
44.7189
44.7026
44.7199
44.7661
44.7837
44.7505
44.6808
44.5896
44.5014
44.4401
44.3969
44.3611
44.3312
44.3231
44.3317
44.3344
44.3465
44.3712
44.3931
44.4191
44.4448
44.465
44.4948
44.5287
44.5681
44.6089
44.6626
44.738
44.8232
44.9331
45.0711
45.2368
45.4097
45.5598
45.6837
45.7726
45.8199
45.8574
45.9339
46.0665
46.2627
46.5062
46.771
47.0148
47.223
47.4355
47.6622
47.888
48.0991
48.3061
48.5103
48.7006
48.8854
49.0525
49.2258
49.4339
49.6486
49.8621
50.079
50.309
50.565
50.8534
51.1721
51.5024
51.835
52.1764
52.5287
52.8909
53.2693
53.6552
54.0271
54.3667
54.6733
54.9673
55.2462
55.5086
55.7595
56.0071
56.2611
56.5213
56.791
57.0651
57.3328
57.5967
57.8562
58.1114
58.3805
58.6555
58.9276
59.197
59.4779
59.7908
60.1142
60.4348
60.76
61.0754
61.3595
61.6055
61.819
62.0286
62.2482
62.486
62.7455
63.0064
63.2486
63.4683
63.6665
63.8587
64.0632
64.2875
64.5228
64.755
64.9774
65.1912
65.3975
65.6029
65.8072
66.0081
66.2034
66.3957
66.585
66.7713
66.9486
67.1107
67.2546
67.381
67.4938
67.5981
67.6951
67.7855
67.871
67.9586
68.0539
68.1643
68.2957
68.4476
68.6074
68.7881
69.0006
69.2416
69.5164
69.7952
70.0782
70.3914
70.7257
71.0571
71.3847
71.7307
72.1096
72.5429
73.0461
73.62
74.2532
74.9246
75.5736
76.1338
76.4806
76.6598
76.8012
47.3249
47.3146
47.3066
47.229
47.0795
46.9002
46.7237
46.5688
46.4391
46.3314
46.243
46.1742
46.1263
46.0947
46.0639
46.0375
46.0206
46.0047
45.9946
45.9928
45.9954
45.9949
45.9675
45.9319
45.8804
45.8082
45.7287
45.6597
45.6055
45.5375
45.4464
45.3453
45.2487
45.1757
45.1266
45.0721
45.0004
44.9278
44.8479
44.7284
44.6181
44.5538
44.52
44.5163
44.5405
44.5453
44.5066
44.4395
44.3569
44.274
44.2076
44.1563
44.1146
44.0779
44.0591
44.0593
44.0567
44.0695
44.0992
44.1235
44.1513
44.1702
44.193
44.2229
44.2406
44.2561
44.2789
44.3235
44.3968
44.485
44.5962
44.731
44.8999
45.0813
45.2368
45.3655
45.4459
45.4779
45.5088
45.5861
45.7219
45.9238
46.17
46.4334
46.676
46.8965
47.13
47.3748
47.6162
47.8273
48.022
48.2107
48.3803
48.5458
48.6914
48.8442
49.0407
49.2554
49.4793
49.7174
49.971
50.2426
50.5366
50.8537
51.18
51.5054
51.8442
52.193
52.5565
52.9468
53.3533
53.7356
54.0766
54.3933
54.6992
54.9818
55.2434
55.4965
55.7466
55.9986
56.2559
56.5242
56.7977
57.0697
57.3424
57.5984
57.8503
58.1215
58.4006
58.6807
58.9613
59.246
59.5575
59.8807
60.1962
60.5165
60.825
61.1025
61.3458
61.5612
61.7711
61.9915
62.2301
62.4928
62.758
63.0037
63.2266
63.4275
63.6189
63.8181
64.0381
64.2747
64.5152
64.7488
64.9726
65.1884
65.4035
65.6165
65.825
66.0257
66.2218
66.4139
66.6021
66.7809
66.9444
67.0896
67.2182
67.334
67.4412
67.5399
67.6297
67.7115
67.7913
67.8759
67.9743
68.0994
68.2496
68.4122
68.5977
68.8071
69.0475
69.3238
69.6059
69.8821
70.1851
70.512
70.837
71.1606
71.508
71.8954
72.3357
72.8383
73.4058
74.0281
74.6912
75.3404
75.9066
76.2541
76.4575
76.6448
47.3116
47.268
47.2146
47.0952
46.9185
46.7223
46.5378
46.3836
46.263
46.1682
46.095
46.043
46.0071
45.9791
45.9506
45.9209
45.8955
45.8757
45.8654
45.8614
45.8581
45.8491
45.8226
45.7762
45.7037
45.6165
45.5248
45.4435
45.3735
45.2864
45.1846
45.0847
44.9941
44.9226
44.8662
44.806
44.7335
44.6448
44.5499
44.4531
44.3578
44.2803
44.2272
44.1963
44.1941
44.1771
44.1317
44.0607
43.9741
43.8832
43.8033
43.7394
43.6949
43.6668
43.6472
43.6386
43.6259
43.6288
43.652
43.6752
43.7069
43.7302
43.7591
43.7829
43.7801
43.7657
43.7617
43.7747
43.8187
43.8982
44.0192
44.1768
44.3709
44.5647
44.7231
44.8434
44.9103
44.939
44.9694
45.0465
45.1848
45.3852
45.6268
45.8883
46.1488
46.3994
46.6409
46.8734
47.1013
47.3127
47.5065
47.6826
47.8364
47.983
48.1072
48.2382
48.4132
48.6221
48.8696
49.1395
49.4251
49.7164
50.0177
50.3235
50.6257
50.9294
51.2528
51.601
51.985
52.3982
52.8163
53.2133
53.579
53.9043
54.2012
54.4707
54.7202
54.9638
55.2115
55.468
55.7291
56.0037
56.2854
56.5719
56.8585
57.1206
57.373
57.638
57.9101
58.1885
58.4804
58.7806
59.0971
59.4225
59.7306
60.0325
60.317
60.571
60.802
61.0181
61.2285
61.4568
61.7087
61.9847
62.2636
62.5204
62.7503
62.9554
63.1493
63.351
63.5722
63.8103
64.0571
64.3035
64.5438
64.7797
65.0125
65.2367
65.451
65.6558
65.8534
66.0466
66.2323
66.4077
66.5682
66.7126
66.8431
66.9633
67.0745
67.1774
67.27
67.353
67.4294
67.5089
67.6016
67.7262
67.879
68.0493
68.2445
68.4654
68.7158
68.9852
69.2538
69.529
69.8242
70.1336
70.4417
70.7639
71.1218
71.5232
71.9584
72.4454
72.9843
73.5828
74.2303
74.8817
75.4706
75.8739
76.1525
76.4049
47.3
47.2079
47.0909
46.9183
46.7063
46.4908
46.2982
46.1452
46.0342
45.9557
45.9039
45.8718
45.8486
45.8263
45.7991
45.7691
45.7415
45.7188
45.705
45.6967
45.6878
45.6738
45.6383
45.575
45.488
45.388
45.2911
45.1988
45.1085
45.0047
44.8966
44.7926
44.6991
44.628
44.5628
44.486
44.3973
44.2916
44.185
44.0879
43.9983
43.9211
43.8695
43.8353
43.8205
43.7893
43.7288
43.6437
43.5412
43.4408
43.3555
43.2867
43.2435
43.2153
43.188
43.1629
43.1391
43.134
43.1488
43.1669
43.1947
43.2221
43.2506
43.2592
43.2334
43.2039
43.1842
43.1663
43.1735
43.2287
43.3483
43.5236
43.7435
43.9633
44.1385
44.2628
44.3297
44.3611
44.3946
44.4673
44.6012
44.7962
45.0305
45.2854
45.5451
45.7944
46.0333
46.2601
46.4745
46.6765
46.8667
47.0339
47.1815
47.3116
47.4228
47.5454
47.7126
47.9215
48.1837
48.4826
48.7992
49.1079
49.4013
49.6835
49.9493
50.2186
50.5162
50.8566
51.243
51.6733
52.1265
52.5513
52.9326
53.2692
53.5738
53.8341
54.0566
54.2696
54.4891
54.7273
54.9886
55.2836
55.5939
55.9065
56.2087
56.4855
56.7425
57.0066
57.2746
57.5451
57.8411
58.1577
58.4891
58.8179
59.125
59.4102
59.6683
59.8978
60.1108
60.322
60.5394
60.78
61.049
61.3392
61.6341
61.9058
62.1474
62.3592
62.5563
62.7587
62.9802
63.2194
63.4715
63.7278
63.9826
64.2352
64.4844
64.7224
64.9427
65.1468
65.3391
65.5239
65.7025
65.8724
66.0281
66.1672
66.2944
66.4133
66.5255
66.6295
66.7249
66.8117
66.8951
66.9783
67.0753
67.2048
67.3686
67.5553
67.7706
68.0122
68.2692
68.5295
68.794
69.0697
69.37
69.6868
70.0148
70.3544
70.7209
71.1094
71.5292
71.9822
72.4776
73.0297
73.651
74.2982
74.9393
75.4289
75.7981
76.1367
47.2627
47.1339
46.9505
46.7283
46.4822
46.2469
46.0439
45.8886
45.7835
45.7192
45.6888
45.6755
45.6644
45.6481
45.6225
45.5919
45.5638
45.5422
45.5259
45.5127
45.4991
45.4802
45.4389
45.3654
45.2661
45.157
45.0531
44.9502
44.8443
44.7303
44.6149
44.5014
44.3955
44.3105
44.2298
44.1378
44.0267
43.8991
43.7748
43.6677
43.5819
43.5191
43.4807
43.4529
43.4313
43.3905
43.3235
43.2317
43.1195
43.0155
42.9263
42.8543
42.8105
42.776
42.7289
42.6784
42.6404
42.625
42.6237
42.6301
42.6484
42.6702
42.6931
42.6916
42.6568
42.6167
42.5755
42.5285
42.504
42.5337
42.6402
42.817
43.0488
43.2829
43.4756
43.6171
43.7002
43.7471
43.7914
43.8625
43.9885
44.1705
44.3882
44.6282
44.8761
45.1193
45.3474
45.5598
45.7619
45.959
46.1476
46.3162
46.459
46.5832
46.6988
46.8212
46.9866
47.201
47.4696
47.7751
48.093
48.3994
48.6783
48.9359
49.1744
49.42
49.6944
50.0201
50.4072
50.8427
51.3014
51.7425
52.1467
52.508
52.8256
53.0798
53.2789
53.461
53.648
53.8637
54.1214
54.4295
54.7655
55.1071
55.4276
55.7198
55.9934
56.267
56.5345
56.8043
57.1019
57.4279
57.7696
58.1019
58.4077
58.6803
58.9173
59.1307
59.3364
59.5423
59.7598
60.0051
60.2834
60.5859
60.8928
61.18
61.4362
61.6595
61.8645
62.0717
62.2923
62.5303
62.7839
63.0466
63.312
63.5785
63.8402
64.0886
64.3149
64.52
64.7071
64.8831
65.0517
65.2136
65.3622
65.4972
65.6204
65.7372
65.8474
65.9514
66.048
66.1399
66.2285
66.3182
66.4251
66.5696
66.748
66.9571
67.1927
67.4544
67.7221
67.9903
68.2648
68.5615
68.8777
69.2155
69.5646
69.9242
70.2949
70.6757
71.0667
71.4819
71.928
72.4408
73.0331
73.6824
74.3557
74.9433
75.4232
75.8832
47.1924
47.0452
46.8173
46.5587
46.2864
46.0352
45.8217
45.6612
45.5565
45.5011
45.4849
45.483
45.4765
45.4594
45.4338
45.4057
45.3801
45.3589
45.3414
45.3239
45.3043
45.2777
45.2295
45.1497
45.0441
44.9306
44.8207
44.7083
44.5921
44.4711
44.3481
44.2241
44.1049
43.9979
43.8935
43.7814
43.6489
43.5035
43.365
43.2505
43.1625
43.1077
43.081
43.0684
43.052
43.0118
42.9447
42.8517
42.7469
42.6485
42.5633
42.4865
42.4261
42.3687
42.2962
42.2245
42.1634
42.1237
42.1022
42.0954
42.1034
42.1175
42.1313
42.1221
42.0825
42.0306
41.9674
41.8964
41.8448
41.8515
41.9406
42.1064
42.3305
42.5665
42.7717
42.9318
43.0383
43.1097
43.1707
43.2482
43.3712
43.5383
43.7375
43.9587
44.1897
44.4192
44.6309
44.8262
45.0161
45.2092
45.3981
45.5687
45.7144
45.8402
45.9674
46.1059
46.2781
46.4936
46.7546
47.049
47.3552
47.6511
47.9211
48.1612
48.3864
48.6193
48.8821
49.1943
49.5661
49.9898
50.4391
50.8828
51.3007
51.6793
52.003
52.2565
52.4475
52.6096
52.7724
52.969
53.219
53.5279
53.8733
54.2295
54.5689
54.8788
55.1684
55.4481
55.7182
55.9935
56.2905
56.6153
56.9529
57.2828
57.5812
57.8424
58.0723
58.283
58.4891
58.6955
58.9141
59.1623
59.4446
59.7513
60.065
60.3603
60.6318
60.8748
61.0952
61.3105
61.5351
61.7738
62.0289
62.2947
62.5651
62.8362
63.1052
63.3629
63.5965
63.8037
63.989
64.1581
64.3171
64.4703
64.6149
64.7469
64.8686
64.9812
65.0889
65.1894
65.2861
65.3803
65.4738
65.5714
65.6916
65.8502
66.0474
66.2759
66.5286
66.8001
67.0822
67.367
67.6673
67.988
68.3312
68.6949
69.0723
69.4511
69.8325
70.204
70.5809
70.9686
71.3959
71.8727
72.4554
73.0966
73.8006
74.4588
75.0745
75.6134
47.114
46.9648
46.7162
46.4352
46.1435
45.8784
45.6538
45.4863
45.3786
45.3244
45.3109
45.3105
45.3011
45.2791
45.2515
45.2253
45.2025
45.1822
45.1618
45.1342
45.1001
45.0599
45.0024
44.9204
44.8144
44.7
44.5869
44.4703
44.3512
44.2267
44.0959
43.9624
43.833
43.7081
43.5818
43.4484
43.2974
43.1404
42.9962
42.8752
42.7837
42.729
42.708
42.7036
42.6968
42.6684
42.6142
42.534
42.4418
42.3522
42.2683
42.1823
42.0994
42.0143
41.9114
41.8079
41.7191
41.6504
41.6019
41.5755
41.5693
41.5757
41.5855
41.5745
41.5325
41.4664
41.3801
41.2853
41.2122
41.2016
41.2765
41.4302
41.6416
41.8729
42.0927
42.2741
42.4057
42.5047
42.5937
42.6878
42.81
42.9665
43.1483
43.3461
43.5526
43.7571
43.9479
44.1278
44.3071
44.4902
44.6713
44.8353
44.9818
45.1195
45.2622
45.42
45.6077
45.8282
46.0807
46.3606
46.6495
46.9303
47.1878
47.4165
47.6394
47.8688
48.125
48.4272
48.7823
49.1849
49.6136
50.0459
50.4609
50.8392
51.1607
51.4142
51.6048
51.7596
51.9074
52.0886
52.3266
52.6273
52.9667
53.3212
53.6664
53.9857
54.2807
54.5639
54.8415
55.1219
55.4172
55.7349
56.0614
56.3808
56.6714
56.9275
57.1547
57.3674
57.5801
57.7952
58.0215
58.2754
58.5603
58.8638
59.1764
59.4749
59.7557
60.0151
60.2542
60.4831
60.7191
60.9628
61.219
61.4863
61.7568
62.0271
62.297
62.5576
62.7936
63.004
63.1913
63.3601
63.5159
63.6664
63.8089
63.9391
64.0582
64.167
64.2697
64.3692
64.467
64.5666
64.6687
64.7791
64.9122
65.0846
65.2935
65.5342
65.7955
66.0751
66.3683
66.6753
66.9992
67.3462
67.7149
68.1027
68.4997
68.9032
69.295
69.6781
70.0535
70.4384
70.8569
71.3352
71.9216
72.5796
73.3036
74.0373
74.7165
75.3218
47.0669
46.9218
46.6649
46.3702
46.0637
45.7855
45.5492
45.3725
45.2569
45.1964
45.1767
45.1691
45.1514
45.1226
45.0911
45.0645
45.0432
45.0223
44.9931
44.9476
44.8913
44.8341
44.7665
44.6831
44.5803
44.4711
44.3612
44.2481
44.1326
44.0084
43.8738
43.7372
43.6023
43.4672
43.3285
43.1822
43.0223
42.8586
42.7101
42.583
42.4852
42.4246
42.4041
42.4006
42.3989
42.3819
42.3415
42.2812
42.2134
42.1434
42.062
41.9662
41.86
41.7447
41.6145
41.4781
41.3513
41.2429
41.1617
41.1086
41.0827
41.0779
41.0826
41.071
41.0266
40.9481
40.8435
40.7308
40.6474
40.6302
40.7003
40.8469
41.0517
41.2843
41.5149
41.7171
41.8754
42.001
42.117
42.2345
42.3656
42.5191
42.6834
42.8549
43.0347
43.2116
43.3788
43.5375
43.6953
43.8559
44.0206
44.1796
44.332
44.4847
44.6446
44.8211
45.0213
45.2461
45.4942
45.7598
46.0275
46.2885
46.5349
46.7657
46.9905
47.2238
47.4791
47.7675
48.0973
48.4708
48.8709
49.2767
49.6693
50.0312
50.3415
50.5938
50.7881
50.9413
51.0827
51.2518
51.4736
51.7557
52.0775
52.4174
52.7507
53.0649
53.3603
53.6461
53.9296
54.214
54.5078
54.816
55.1275
55.4315
55.7144
55.9666
56.1948
56.4131
56.633
56.8588
57.0992
57.3626
57.6514
57.9512
58.2561
58.5528
58.8388
59.1087
59.3648
59.6059
59.8519
60.1025
60.3597
60.6262
60.8945
61.163
61.4313
61.6902
61.9253
62.1352
62.3243
62.4946
62.6529
62.8052
62.9513
63.084
63.2049
63.3147
63.4169
63.5167
63.6194
63.7232
63.8336
63.955
64.102
64.2863
64.5059
64.7511
65.0182
65.3017
65.606
65.9302
66.2769
66.6455
67.0378
67.4425
67.8588
68.2779
68.6917
69.0879
69.4836
69.882
70.3359
70.8431
71.4555
72.127
72.8774
73.6419
74.3877
74.9813
47.0722
46.9311
46.6707
46.366
46.0472
45.7555
45.5059
45.317
45.1892
45.1166
45.0837
45.064
45.0366
45.0006
44.9644
44.9352
44.9116
44.8856
44.8425
44.7763
44.6998
44.6268
44.548
44.462
44.3628
44.2566
44.1512
44.0493
43.9446
43.8269
43.696
43.5647
43.4345
43.3013
43.1626
43.0153
42.8566
42.6908
42.5361
42.3997
42.2911
42.2201
42.1875
42.1743
42.1707
42.1604
42.135
42.0968
42.0552
42.0087
41.9367
41.8367
41.7152
41.5749
41.4164
41.2474
41.0828
40.9332
40.8135
40.7275
40.6746
40.6503
40.6437
40.6288
40.5819
40.4972
40.3864
40.2742
40.2003
40.1958
40.2746
40.4233
40.6282
40.8663
41.1047
41.3195
41.4997
41.651
41.7911
41.9278
42.0715
42.2244
42.3762
42.5219
42.6676
42.8078
42.9412
43.0702
43.2005
43.336
43.4818
43.6328
43.7903
43.9582
44.1355
44.3305
44.5439
44.7729
45.017
45.2691
45.5206
45.7645
46.0016
46.2318
46.4622
46.6984
46.9515
47.2292
47.5341
47.8704
48.2303
48.5963
48.9514
49.2848
49.5773
49.818
50.0098
50.1653
50.3064
50.4687
50.675
50.9323
51.227
51.5398
51.8524
52.1526
52.4395
52.7223
53.0069
53.2906
53.5805
53.876
54.1702
54.4577
54.7323
54.9842
55.2183
55.4436
55.6743
55.9109
56.1671
56.4401
56.7328
57.0298
57.326
57.6134
57.8995
58.1751
58.444
58.695
58.9492
59.2052
59.4661
59.7311
59.9971
60.2589
60.5185
60.7695
61.0017
61.2108
61.4019
61.574
61.7361
61.8917
62.0428
62.1816
62.3068
62.4231
62.5311
62.6356
62.7453
62.8566
62.9731
63.1048
63.2638
63.4595
63.6883
63.9405
64.2053
64.4941
64.804
65.1377
65.4965
65.8756
66.2772
66.7001
67.1319
67.5676
68.0008
68.4262
68.8578
69.2989
69.8054
70.3686
71.0173
71.739
72.5076
73.316
74.0287
74.64
47.1308
46.9922
46.729
46.4153
46.0845
45.7783
45.5141
45.3105
45.1677
45.0788
45.028
44.9941
44.9589
44.9189
44.8801
44.8468
44.8167
44.7804
44.7222
44.6387
44.5476
44.4591
44.3675
44.2758
44.179
44.0759
43.9779
43.8899
43.7989
43.694
43.5741
43.4548
43.3373
43.2156
43.0863
42.9487
42.8006
42.6396
42.4797
42.3306
42.2063
42.1186
42.0669
42.0374
42.0245
42.0144
41.9985
41.9802
41.9641
41.9412
41.8875
41.7937
41.6664
41.51
41.3284
41.1299
40.9303
40.7433
40.5837
40.4601
40.3718
40.319
40.2921
40.2628
40.2084
40.1224
40.0214
39.9316
39.8915
39.9201
40.0195
40.1798
40.3885
40.6288
40.8736
41.0998
41.2973
41.4671
41.6256
41.7805
41.9356
42.0863
42.2228
42.3405
42.4475
42.5443
42.639
42.7345
42.8347
42.9445
43.0713
43.2124
43.3678
43.5429
43.7355
43.9462
44.1719
44.4058
44.6483
44.8897
45.1269
45.3549
45.5841
45.8093
46.0397
46.2764
46.5242
46.7907
47.0727
47.3741
47.6917
48.013
48.325
48.6199
48.8849
49.1113
49.294
49.4476
49.5889
49.7455
49.9378
50.1676
50.4302
50.7092
50.9915
51.2687
51.5409
51.8107
52.0867
52.3632
52.6449
52.9271
53.2072
53.4805
53.7444
53.9942
54.2336
54.4702
54.7137
54.9637
55.2312
55.5119
55.8038
56.0974
56.3847
56.6647
56.9481
57.2251
57.4985
57.7585
58.0177
58.2802
58.5446
58.8084
59.0705
59.325
59.5717
59.8098
60.0346
60.2389
60.4287
60.6035
60.7676
60.9285
61.0844
61.2313
61.3656
61.4936
61.6131
61.7282
61.8479
61.9666
62.0884
62.2259
62.3919
62.5977
62.8354
63.0927
63.3618
63.6485
63.9608
64.2936
64.6514
65.0333
65.4423
65.8755
66.3257
66.7756
67.2376
67.6891
68.1713
68.6639
69.2412
69.8645
70.583
71.3482
72.1524
72.9608
73.7197
74.2663
47.2269
47.0851
46.8172
46.4949
46.1545
45.8361
45.56
45.3438
45.1878
45.0836
45.014
44.9627
44.9183
44.8762
44.8363
44.7995
44.7636
44.7175
44.6461
44.5494
44.4487
44.3466
44.2419
44.1435
44.0488
43.9508
43.8644
43.7906
43.7137
43.6238
43.52
43.4192
43.3188
43.2117
43.0957
42.9729
42.8355
42.6842
42.5244
42.3648
42.2228
42.1119
42.0357
41.9868
41.9589
41.9417
41.9296
41.9273
41.9342
41.9347
41.9036
41.8257
41.7039
41.5423
41.3462
41.1285
40.9039
40.6872
40.4904
40.3232
40.1912
40.1024
40.0455
39.9913
39.9248
39.8415
39.7617
39.708
39.7095
39.7789
39.9084
40.0883
40.307
40.5523
40.8046
41.0426
41.2551
41.4386
41.6045
41.7645
41.9222
42.0677
42.1894
42.2811
42.3515
42.4074
42.4647
42.5247
42.5937
42.6779
42.7834
42.9144
43.0639
43.2378
43.437
43.656
43.8893
44.1248
44.3664
44.597
44.8243
45.039
45.2588
45.4772
45.702
45.9328
46.1712
46.4241
46.6861
46.9565
47.2354
47.5146
47.7849
48.0396
48.2701
48.4723
48.6411
48.788
48.9254
49.0722
49.2468
49.448
49.677
49.9191
50.1703
50.4192
50.6732
50.9249
51.1875
51.4507
51.7219
51.9911
52.2553
52.5152
52.7679
53.0146
53.2553
53.4994
53.7519
54.0109
54.2835
54.566
54.8561
55.1469
55.4312
55.7071
55.9881
56.2638
56.5379
56.8032
57.067
57.3298
57.5956
57.8556
58.1133
58.3577
58.5926
58.814
59.03
59.227
59.4133
59.5886
59.7541
59.9199
60.0814
60.2362
60.3798
60.5216
60.6554
60.7826
60.9141
61.0433
61.1746
61.3173
61.4914
61.7023
61.945
62.2047
62.4758
62.7636
63.0701
63.3947
63.747
64.1261
64.5402
64.982
65.4479
65.9134
66.4054
66.8887
67.4241
67.9711
68.6101
69.3066
70.0816
70.9277
71.7745
72.6436
73.352
73.9625
47.3311
47.1825
46.9057
46.5756
46.2299
45.9061
45.6245
45.4019
45.2401
45.1273
45.045
44.9795
44.9259
44.8801
44.8379
44.7984
44.7589
44.706
44.6253
44.5219
44.4159
44.3049
44.1887
44.0816
43.9879
43.8976
43.8242
43.7647
43.7011
43.6263
43.5406
43.4585
43.3756
43.2838
43.1829
43.0734
42.9486
42.809
42.6508
42.483
42.3231
42.1868
42.0831
42.0096
41.9628
41.9342
41.9208
41.9278
41.9516
41.9734
41.9686
41.9159
41.8111
41.6571
41.4586
41.2324
40.9933
40.7561
40.5288
40.3216
40.1496
40.0216
39.9265
39.8399
39.757
39.6764
39.6189
39.6012
39.6397
39.7459
39.9073
40.1108
40.3443
40.5967
40.8568
41.1037
41.3262
41.518
41.6846
41.84
41.9892
42.1238
42.2311
42.3011
42.343
42.3675
42.3932
42.4222
42.4623
42.5205
42.6044
42.722
42.8616
43.0296
43.23
43.4491
43.6826
43.9133
44.1529
44.373
44.5905
44.7926
45.001
45.2104
45.4233
45.6424
45.8659
46.1
46.3389
46.5794
46.8222
47.0611
47.2909
47.5064
47.7015
47.8774
48.0298
48.1666
48.2967
48.4312
48.5889
48.7636
48.9633
49.1686
49.3902
49.61
49.8436
50.0765
50.3221
50.5713
50.8283
51.0838
51.3332
51.5803
51.8215
52.0604
52.2987
52.5435
52.797
53.0577
53.3304
53.6102
53.8988
54.1861
54.4692
54.7422
55.0208
55.294
55.5675
55.8321
56.0974
56.354
56.6164
56.8669
57.1166
57.3512
57.5757
57.787
57.9916
58.1813
58.3617
58.5389
58.7041
58.8721
59.0381
59.2012
59.3545
59.5069
59.6536
59.7976
59.9419
60.0844
60.2297
60.38
60.5593
60.7726
61.0127
61.2711
61.5394
61.8225
62.1233
62.4436
62.7931
63.1697
63.5881
64.025
64.5075
64.9808
65.5055
66.0194
66.6117
67.2113
67.911
68.6728
69.5133
70.4184
71.3426
72.2602
73.0602
73.5682
47.4204
47.2568
46.9648
46.6256
46.2804
45.9604
45.6851
45.4681
45.3125
45.2015
45.1162
45.044
44.9858
44.9396
44.898
44.8589
44.8183
44.7605
44.674
44.5668
44.4575
44.3405
44.2149
44.0991
44.0045
43.9223
43.8613
43.8152
43.7648
43.7008
43.6267
43.5575
43.4881
43.4125
43.3282
43.2313
43.1173
42.9848
42.8306
42.6588
42.4834
42.324
42.1933
42.095
42.0311
41.9909
41.9723
41.9827
42.0173
42.0578
42.077
42.05
41.9666
41.827
41.6369
41.4122
41.172
40.9282
40.6879
40.4547
40.2484
40.0792
39.9397
39.8154
39.7139
39.6322
39.5924
39.6033
39.671
39.8039
39.9863
40.206
40.4525
40.7115
40.9783
41.2311
41.461
41.6557
41.8194
41.9685
42.1089
42.2292
42.3177
42.369
42.388
42.387
42.387
42.3922
42.4101
42.4485
42.5144
42.6143
42.7423
42.8987
43.092
43.3011
43.5289
43.751
43.9844
44.1939
44.4009
44.5943
44.7882
44.9852
45.1861
45.3865
45.5879
45.7982
46.0092
46.2179
46.4236
46.6229
46.8147
46.9947
47.1572
47.3072
47.4429
47.5689
47.6934
47.8179
47.9628
48.1129
48.2882
48.4589
48.65
48.8433
49.0538
49.2692
49.4964
49.7315
49.9701
50.2093
50.4414
50.6758
50.9041
51.1367
51.3712
51.6143
51.8649
52.122
52.3907
52.6634
52.9442
53.2256
53.5048
53.7746
54.0492
54.3189
54.5895
54.8484
55.1094
55.356
55.607
55.8481
56.0863
56.3088
56.5233
56.7242
56.9181
57.102
57.2792
57.4565
57.6241
57.795
57.9659
58.1331
58.2954
58.4534
58.6115
58.7672
58.9243
59.0814
59.2404
59.4009
59.5851
59.7973
60.0319
60.2829
60.5482
60.8234
61.1231
61.4379
61.7907
62.159
62.5819
63.0105
63.5046
63.983
64.5354
65.0798
65.7174
66.3723
67.1207
67.9505
68.8452
69.8341
70.8136
71.8139
72.5708
73.2493
47.4638
47.2836
46.9731
46.6262
46.2878
45.984
45.7297
45.5345
45.4
45.3036
45.2266
45.1569
45.1004
45.0567
45.0198
44.9821
44.94
44.8802
44.792
44.684
44.5751
44.4556
44.3241
44.2021
44.1048
44.0286
43.9775
43.9396
43.8947
43.8318
43.76
43.6957
43.6348
43.5704
43.4995
43.4121
43.308
43.1845
43.0372
42.8606
42.6728
42.4966
42.3461
42.2276
42.1457
42.0939
42.074
42.0881
42.1292
42.1819
42.2203
42.2168
42.1562
42.0329
41.8567
41.6439
41.4164
41.1785
40.9384
40.6911
40.458
40.2554
40.0763
39.9128
39.7878
39.696
39.6643
39.6944
39.7839
39.9341
40.1282
40.3528
40.6039
40.8644
41.1333
41.3915
41.6234
41.8189
41.9798
42.1228
42.2508
42.3522
42.4226
42.4568
42.455
42.4327
42.4134
42.4011
42.4042
42.4299
42.4865
42.5699
42.6855
42.8254
43.004
43.1945
43.4094
43.6198
43.8437
44.0458
44.2415
44.4265
44.6082
44.7899
44.9738
45.1532
45.3279
45.5086
45.687
45.8604
46.031
46.1943
46.3512
46.4982
46.6345
46.7606
46.8815
46.9948
47.1144
47.2259
47.3584
47.4871
47.6404
47.7877
47.9531
48.123
48.311
48.5072
48.7145
48.9292
49.1462
49.3662
49.5806
49.8014
50.0205
50.2458
50.477
50.7164
50.9651
51.2145
51.4752
51.737
52.0084
52.2785
52.5537
52.8181
53.0878
53.3486
53.6133
53.8627
54.1145
54.3494
54.5856
54.8103
55.0349
55.2424
55.4466
55.6373
55.8256
56.0052
56.1829
56.3578
56.5299
56.7018
56.8754
57.0452
57.2145
57.3765
57.543
57.7053
57.871
58.0394
58.2139
58.3869
58.5771
58.7857
59.0141
59.2546
59.5173
59.7813
60.078
60.3826
60.738
61.0985
61.5253
61.9403
62.4411
62.9239
63.5015
64.0699
64.7416
65.4435
66.2327
67.1074
68.0586
69.0949
70.1513
71.204
72.1147
72.6453
47.4563
47.2514
46.9204
46.5711
46.2511
45.9796
45.7636
45.6072
45.5054
45.4328
45.3718
45.3138
45.2644
45.2247
45.1907
45.1533
45.1114
45.0529
44.9658
44.8586
44.751
44.6312
44.4985
44.3744
44.2742
44.2001
44.1523
44.1151
44.0699
44.0047
43.9263
43.8559
43.7928
43.7334
43.6733
43.5952
43.4971
43.3795
43.2381
43.0658
42.8736
42.6845
42.5191
42.3853
42.2911
42.2339
42.2159
42.2323
42.2787
42.338
42.3862
42.3992
42.3602
42.2551
42.0958
41.8991
41.6884
41.4654
41.2356
40.9892
40.7431
40.5149
40.3026
40.1065
39.959
39.8534
39.8176
39.8522
39.9572
40.1151
40.3097
40.5283
40.7763
41.034
41.2992
41.5576
41.7853
41.979
42.1346
42.2674
42.3841
42.4673
42.5168
42.5285
42.5095
42.4775
42.4473
42.4227
42.4197
42.4408
42.4929
42.5657
42.6704
42.7918
42.9504
43.1219
43.3165
43.5153
43.7263
43.9202
44.1032
44.2783
44.4488
44.6162
44.7795
44.9346
45.0802
45.2299
45.3755
45.5151
45.6536
45.7839
45.9094
46.0256
46.1389
46.2417
46.3488
46.4475
46.5573
46.6576
46.7771
46.8909
47.0245
47.1557
47.2978
47.4479
47.6129
47.7902
47.9747
48.168
48.3639
48.5637
48.7628
48.97
49.1808
49.3985
49.6259
49.8592
50.1018
50.3426
50.5936
50.843
51.1024
51.3599
51.6253
51.8833
52.1437
52.3929
52.6445
52.8841
53.1217
53.345
53.564
53.772
53.9796
54.175
54.3652
54.5495
54.7306
54.9106
55.088
55.2644
55.4378
55.6123
55.7848
55.9564
56.1261
56.2908
56.4616
56.628
56.7981
56.9754
57.1561
57.3392
57.5325
57.7389
57.9618
58.1931
58.4497
58.7029
58.9976
59.2901
59.6477
59.9916
60.4225
60.8237
61.333
61.8165
62.4056
63.0001
63.6885
64.4244
65.2387
66.1423
67.1144
68.1845
69.257
70.3735
71.18
72.0091
47.3898
47.1644
46.8246
46.4953
46.2114
45.9879
45.8231
45.709
45.6362
45.5857
45.5443
45.5037
45.4627
45.4248
45.392
45.3573
45.3155
45.256
45.1696
45.0646
44.9592
44.842
44.7132
44.5913
44.4893
44.4128
44.3626
44.3234
44.278
44.2078
44.1204
44.0374
43.9633
43.8972
43.837
43.7657
43.6719
43.5606
43.4276
43.2619
43.0738
42.8817
42.7105
42.57
42.4703
42.41
42.3918
42.4086
42.4555
42.5134
42.568
42.591
42.5684
42.4825
42.3396
42.1587
41.9659
41.762
41.5467
41.3112
41.0696
40.8329
40.6017
40.3828
40.2137
40.09
40.044
40.0736
40.1731
40.3236
40.5164
40.7286
40.966
41.2121
41.4624
41.7107
41.9328
42.1202
42.2703
42.3902
42.4913
42.5555
42.5904
42.5834
42.5505
42.5076
42.4682
42.4411
42.4399
42.4582
42.5095
42.5772
42.6741
42.7825
42.9203
43.0712
43.2452
43.4277
43.6216
43.8047
43.9762
44.1395
44.2992
44.4517
44.5936
44.7249
44.8462
44.9666
45.0854
45.1941
45.3048
45.4033
45.5026
45.5898
45.6814
45.7632
45.8546
45.9363
46.0342
46.1234
46.2285
46.3324
46.4471
46.564
46.6868
46.8165
46.9582
47.1143
47.2766
47.4479
47.6282
47.8109
48.0004
48.194
48.3977
48.6051
48.8265
49.0488
49.2828
49.5125
49.7524
49.9875
50.2341
50.4781
50.7309
50.9776
51.2271
51.4626
51.7003
51.9263
52.1499
52.3579
52.5613
52.7511
52.9427
53.1231
53.3035
53.4776
53.6562
53.835
54.0161
54.1936
54.3705
54.5435
54.7151
54.882
55.0482
55.2091
55.3808
55.5456
55.7178
55.8962
56.0801
56.2638
56.461
56.6602
56.882
57.0985
57.3527
57.5886
57.8854
58.1589
58.5174
58.8445
59.2777
59.6731
60.1787
60.6663
61.2602
61.8606
62.552
63.2929
64.1124
65.0031
65.9657
66.9908
68.0514
69.1045
70.0505
70.5832
47.3175
47.0791
46.7546
46.4623
46.2265
46.0516
45.9289
45.843
45.7887
45.7536
45.7287
45.7032
45.6716
45.6381
45.6058
45.569
45.5236
45.4644
45.3839
45.2831
45.177
45.0618
44.9396
44.8227
44.722
44.6415
44.5848
44.5416
44.4946
44.4234
44.3322
44.2344
44.1473
44.0733
44.008
43.9324
43.8408
43.7323
43.6101
43.4557
43.2752
43.0851
42.9202
42.7831
42.6814
42.617
42.5958
42.6067
42.6504
42.7035
42.7548
42.7791
42.7688
42.7017
42.5814
42.4197
42.2424
42.0568
41.8618
41.6436
41.4126
41.1783
40.9481
40.7208
40.533
40.3933
40.3305
40.3423
40.4258
40.5638
40.7431
40.9401
41.1602
41.3905
41.6245
41.8547
42.0617
42.234
42.3762
42.4819
42.5687
42.618
42.637
42.6184
42.5775
42.5265
42.4854
42.4546
42.4523
42.4693
42.5226
42.5865
42.6778
42.7773
42.8987
43.0341
43.1884
43.351
43.5266
43.697
43.8544
44.0048
44.1544
44.2901
44.415
44.5252
44.6277
44.7249
44.8221
44.9046
44.9914
45.063
45.139
45.2029
45.2763
45.335
45.4082
45.4738
45.5542
45.6341
45.7245
45.816
45.9166
46.0168
46.1256
46.2339
46.356
46.4877
46.6317
46.7809
46.9488
47.1152
47.3
47.4802
47.6792
47.875
48.0882
48.2969
48.5192
48.7343
48.9612
49.1816
49.4134
49.6435
49.883
50.114
50.3489
50.5689
50.7908
51.0021
51.2102
51.4033
51.5918
51.7678
51.9416
52.1085
52.2774
52.4453
52.6193
52.7968
52.9795
53.1581
53.3364
53.5076
53.6748
53.8368
53.9976
54.1533
54.3206
54.4811
54.6481
54.8213
55.0002
55.1773
55.3742
55.5611
55.7828
55.9785
56.2344
56.4463
56.749
56.9999
57.3611
57.6748
58.1018
58.4912
58.9909
59.4708
60.0553
60.6513
61.326
62.0412
62.8241
63.6637
64.5538
65.491
66.4159
67.329
67.9066
68.7428
47.2749
47.0527
46.7542
46.5048
46.3112
46.1669
46.0653
45.9929
45.9465
45.9197
45.9036
45.8884
45.8673
45.8388
45.8073
45.7725
45.7292
45.6688
45.5884
45.4869
45.3819
45.2717
45.1573
45.0441
44.9449
44.8628
44.8021
44.7536
44.7052
44.6381
44.5508
44.45
44.3557
44.267
44.1887
44.1104
44.0244
43.9166
43.7975
43.651
43.485
43.3058
43.1447
43.0103
42.9139
42.8497
42.8256
42.8282
42.8648
42.9099
42.958
42.9789
42.9691
42.9127
42.8142
42.6755
42.5185
42.3485
42.1695
41.9687
41.7537
41.5279
41.3037
41.0788
40.8869
40.7374
40.6577
40.6473
40.7076
40.8195
40.9787
41.1571
41.357
41.5644
41.776
41.9804
42.1711
42.3277
42.4614
42.5531
42.6262
42.6606
42.6702
42.6437
42.6025
42.5473
42.5055
42.4709
42.4686
42.482
42.5313
42.5916
42.677
42.77
42.8805
43.0019
43.1405
43.2846
43.4435
43.596
43.7428
43.8808
44.0191
44.1409
44.2517
44.3421
44.4314
44.5054
44.5869
44.6474
44.7165
44.7663
44.8249
44.8693
44.9235
44.9646
45.0191
45.0668
45.1332
45.1973
45.2779
45.353
45.4425
45.5263
45.6202
45.7099
45.8151
45.922
46.0514
46.178
46.3362
46.489
46.6684
46.8397
47.0318
47.2194
47.4206
47.6172
47.823
48.0233
48.2307
48.4366
48.6499
48.8632
49.0846
49.2984
49.5134
49.719
49.9233
50.1207
50.3131
50.4949
50.6701
50.8364
50.9984
51.1548
51.3122
51.4758
51.6431
51.8173
51.9974
52.1754
52.3523
52.52
52.6822
52.8379
52.9935
53.1419
53.3028
53.4536
53.6149
53.7704
53.947
54.1029
54.2996
54.4593
54.6887
54.8512
55.1185
55.2987
55.6011
55.8349
56.1893
56.4888
56.9111
57.2832
57.769
58.2335
58.7952
59.3623
60.0069
60.661
61.3761
62.1005
62.8609
63.5921
64.2826
64.8088
65.0112
64.6362
47.3268
47.1374
46.8741
46.6363
46.45
46.3094
46.2169
46.1509
46.1036
46.0757
46.0576
46.0427
46.026
46.0013
45.9726
45.939
45.8957
45.8366
45.7629
45.6681
45.5652
45.4562
45.3466
45.2395
45.1475
45.0702
45.0079
44.9555
44.9061
44.8449
44.7665
44.6733
44.5799
44.488
44.4041
44.3197
44.2297
44.1221
44.0056
43.867
43.7124
43.5432
43.3905
43.2612
43.1637
43.0968
43.0686
43.0692
43.0977
43.1317
43.1665
43.1811
43.1716
43.1271
43.0466
42.9259
42.7843
42.6275
42.4635
42.2799
42.0793
41.8665
41.6522
41.4336
41.2449
41.0892
40.9951
40.9637
40.9979
41.0817
41.2154
41.3739
41.5527
41.7356
41.9245
42.103
42.2764
42.4151
42.5376
42.6164
42.675
42.6985
42.7014
42.6679
42.6281
42.5721
42.5326
42.4969
42.4901
42.4986
42.5355
42.5899
42.6679
42.7574
42.8606
42.9713
43.0994
43.2315
43.3766
43.5138
43.6511
43.779
43.9069
44.0129
44.1131
44.1864
44.2629
44.32
44.3868
44.4312
44.4836
44.5191
44.562
44.5902
44.6269
44.6515
44.691
44.7225
44.7777
44.8264
44.8953
44.956
45.0327
45.101
45.1831
45.2549
45.3472
45.4304
45.5473
45.6553
45.8031
45.9452
46.1164
46.28
46.4621
46.6404
46.8292
47.0123
47.2019
47.3848
47.5722
47.7581
47.9529
48.1452
48.3447
48.5392
48.734
48.924
49.1137
49.2957
49.4777
49.6472
49.815
49.9718
50.1285
50.2743
50.4278
50.5819
50.746
50.9102
51.0881
51.2579
51.4332
51.5929
51.7541
51.8993
52.0568
52.1932
52.3517
52.4831
52.6417
52.768
52.9398
53.0637
53.261
53.3865
53.6193
53.7565
54.0157
54.1782
54.4729
54.6827
55.0348
55.3097
55.723
56.0741
56.5435
56.9718
57.5012
58.0092
58.5974
59.1591
59.7622
60.3152
60.8425
61.2514
61.4644
61.3298
60.1448
58.1056
47.329
47.283
47.0352
46.7996
46.6117
46.4647
46.3588
46.2804
46.2228
46.1901
46.1734
46.1611
46.1495
46.1337
46.1108
46.078
46.0343
45.976
45.9044
45.8149
45.7156
45.6127
45.5107
45.4113
45.3208
45.2437
45.184
45.1362
45.0915
45.0357
44.9669
44.8847
44.7976
44.7089
44.6225
44.5345
44.4436
44.3377
44.2199
44.0846
43.9384
43.7817
43.6366
43.5093
43.4134
43.3466
43.3154
43.3082
43.3239
43.3483
43.3738
43.3836
43.372
43.3301
43.2614
43.1571
43.0325
42.8865
42.7299
42.5555
42.3702
42.1696
41.9672
41.7618
41.5797
41.425
41.3205
41.2723
41.2853
41.3471
41.4554
41.5905
41.7475
41.9082
42.0768
42.2331
42.3861
42.5061
42.612
42.6795
42.725
42.7378
42.7327
42.696
42.6571
42.6032
42.5634
42.5283
42.5144
42.5176
42.5442
42.5916
42.6609
42.7434
42.8411
42.947
43.067
43.1899
43.3229
43.4512
43.5816
43.7016
43.8204
43.9139
44.0043
44.0662
44.1304
44.1748
44.2291
44.2624
44.3023
44.3259
44.3547
44.3689
44.3914
44.4028
44.4306
44.4513
44.4937
44.5309
44.5857
44.6333
44.6961
44.7494
44.8207
44.8777
44.9602
45.0272
45.1305
45.226
45.3596
45.4907
45.6488
45.802
45.9722
46.1385
46.3159
46.4841
46.6592
46.8232
46.993
47.1579
47.3332
47.5028
47.6804
47.8538
48.0289
48.2013
48.3752
48.5423
48.7128
48.8728
49.0331
49.1845
49.3353
49.4787
49.6299
49.7774
49.9376
50.0926
50.267
50.4248
50.5988
50.7481
50.9122
51.046
51.2064
51.3297
51.4812
51.5895
51.7393
51.8326
51.9954
52.0844
52.2748
52.3688
52.5923
52.7025
52.9616
53.0928
53.3902
53.5671
53.9179
54.1595
54.5632
54.8767
55.3221
55.6989
56.1802
56.6033
57.1116
57.5312
57.9873
58.2819
58.5058
58.3973
57.9376
56.7131
54.3921
45.0323
-42.9808
-4.66025
-8.0839
-2.99576
-4.06138
-2.07431
-1.68665
-0.475291
0.061923
0.760364
1.1266
1.47368
1.54076
1.68161
1.59362
1.59391
1.52657
1.21567
0.810723
0.660191
-29.7491
-4.96989
-8.07153
-3.12243
-4.18877
-2.2027
-1.8285
-0.605382
-0.06823
0.640344
1.01083
1.37287
1.44408
1.59787
1.51297
1.52191
1.47415
1.15621
0.74161
0.610081
-19.4463
-4.80488
-7.89835
-3.29341
-4.39343
-2.40267
-2.07257
-0.837484
-0.313534
0.406171
0.778722
1.16443
1.24253
1.42106
1.34999
1.36971
1.35224
1.02414
0.59125
0.508184
-10.4311
-3.90791
-7.1191
-3.41494
-4.50409
-2.6226
-2.31627
-1.11344
-0.598773
0.117473
0.494566
0.900368
0.986751
1.19352
1.14587
1.16774
1.18843
0.867613
0.405109
0.363724
-2.84132
-2.1428
-5.81295
-3.40651
-4.45288
-2.81592
-2.50734
-1.39424
-0.884829
-0.190619
0.188559
0.612609
0.7093
0.938364
0.924384
0.941463
0.99049
0.712054
0.220158
0.206151
3.35538
0.335851
-4.05628
-3.11612
-4.1892
-2.92282
-2.61638
-1.64062
-1.1449
-0.486682
-0.113243
0.324579
0.435044
0.671294
0.693685
0.701157
0.756571
0.554255
0.0560907
0.051708
8.4157
3.23223
-1.96307
-2.48577
-3.71732
-2.90525
-2.638
-1.82235
-1.35807
-0.745328
-0.385026
0.0560986
0.182142
0.407964
0.45827
0.457956
0.494567
0.381441
-0.0839963
-0.0884175
12.6489
6.2748
0.340249
-1.53169
-3.05837
-2.73559
-2.56019
-1.9086
-1.4949
-0.933384
-0.59267
-0.168067
-0.0299187
0.168051
0.227757
0.224204
0.223327
0.186446
-0.202379
-0.204615
16.3041
9.29251
2.75564
-0.291818
-2.21471
-2.3827
-2.34662
-1.85725
-1.51036
-1.01164
-0.70178
-0.320443
-0.181703
-0.0260539
0.0202986
0.0118389
-0.0339016
-0.0204757
-0.3038
-0.291763
19.5114
12.1707
5.18936
1.18087
-1.19415
-1.83081
-1.97022
-1.64287
-1.3745
-0.957678
-0.694299
-0.38001
-0.258927
-0.156191
-0.14321
-0.165043
-0.25025
-0.212269
-0.39469
-0.353115
22.3335
14.8386
7.56005
2.80729
-0.034827
-1.0943
-1.43253
-1.26989
-1.08875
-0.772951
-0.570954
-0.340147
-0.257043
-0.217975
-0.249946
-0.293755
-0.40558
-0.362999
-0.477291
-0.394788
24.8277
17.2702
9.8078
4.49772
1.21578
-0.214174
-0.759371
-0.766822
-0.682697
-0.482934
-0.356819
-0.223081
-0.196
-0.225922
-0.297444
-0.363827
-0.485587
-0.450633
-0.537598
-0.416564
27.0528
19.4721
11.8949
6.18071
2.51962
0.760402
0.00536003
-0.1802
-0.210405
-0.136623
-0.0964415
-0.0636386
-0.0988777
-0.189587
-0.283389
-0.365804
-0.476804
-0.458442
-0.551627
-0.409186
29.0514
21.4476
13.7746
7.77956
3.81945
1.76492
0.795123
0.420148
0.262591
0.211817
0.169474
0.114265
0.0257351
-0.104192
-0.201405
-0.293579
-0.376692
-0.381564
-0.501467
-0.364949
30.876
23.1951
15.4109
9.22482
5.04055
2.72088
1.53792
0.975686
0.692838
0.530072
0.41983
0.303359
0.181973
0.0367795
-0.0508154
-0.148252
-0.195562
-0.227456
-0.385037
-0.283421
32.5415
24.6873
16.7707
10.4632
6.10905
3.55417
2.17243
1.44321
1.05267
0.80263
0.64347
0.495498
0.363224
0.221222
0.149129
0.0502856
0.0367652
-0.0239315
-0.217992
-0.175018
34.0327
25.8875
17.8419
11.4688
6.97566
4.21691
2.66033
1.79767
1.32749
1.01935
0.832278
0.673591
0.543739
0.413952
0.353344
0.254078
0.264275
0.179662
-0.0376494
-0.0628343
35.2876
26.7285
18.5913
12.1971
7.59326
4.67166
2.9815
2.02975
1.51246
1.17501
0.976657
0.815824
0.689971
0.569604
0.5123
0.411636
0.433309
0.334024
0.112098
0.0266157
36.2541
27.1871
18.9917
12.5907
7.9115
4.88927
3.12299
2.13017
1.59718
1.25449
1.05478
0.893565
0.768997
0.652622
0.594876
0.493676
0.518281
0.416955
0.204062
0.0790768
36.4909
27.2302
19.069
12.6762
7.97727
4.93352
3.1511
2.15163
1.61536
1.27013
1.06892
0.906986
0.783118
0.669034
0.612294
0.513585
0.538602
0.439682
0.241582
0.101899
)
;

boundaryField
{
    inlet
    {
        type            calculated;
        value           nonuniform List<scalar> 
20
(
87.0906
83.9793
82.0143
80.479
79.2303
78.2453
77.4888
76.9352
76.5748
76.3953
76.3883
76.5571
76.9079
77.4539
78.2074
79.1893
80.4359
81.9704
83.9344
87.0449
)
;
    }
    outlet
    {
        type            calculated;
        value           uniform 0;
    }
    walls
    {
        type            calculated;
        value           nonuniform List<scalar> 
520
(
87.0449
74.6878
67.2532
63.6955
61.7766
60.3629
59.1392
58.01
56.963
55.9531
54.9861
54.0258
53.1099
52.2053
51.3698
50.561
49.857
49.2092
48.7161
48.3791
48.3458
48.3087
48.2465
48.1658
48.0689
47.9609
47.8512
47.7484
47.657
47.5779
47.5099
47.4512
47.4001
47.3553
47.3158
47.281
47.2501
47.2229
47.1989
47.1778
47.1596
47.144
47.131
47.1203
47.1117
47.1049
47.0992
47.0943
47.0895
47.0846
47.0794
47.0738
47.0681
47.0626
47.0577
47.0534
47.0496
47.046
47.0422
47.0378
47.0329
47.0281
47.0241
47.0218
47.0216
47.0235
47.028
47.0352
47.0445
47.0555
47.0683
47.0827
47.099
47.1177
47.1394
47.1635
47.1889
47.2147
47.2403
47.2655
47.2904
47.3148
47.3383
47.3601
47.3799
47.398
47.4141
47.4276
47.4384
47.4464
47.4524
47.4574
47.4616
47.4649
47.4722
47.4913
47.5257
47.5739
47.6287
47.6819
47.7293
47.7719
47.8115
47.842
47.8737
47.9333
47.9992
48.1254
48.1997
48.3335
48.3973
48.5308
48.5809
48.7318
48.8285
49.042
49.1828
49.4245
49.585
49.8424
49.9987
50.2449
50.378
50.5972
50.7076
50.9043
51.0139
51.235
51.3541
51.5683
51.682
51.8925
52.0192
52.2586
52.4239
52.6899
52.8643
53.141
53.3147
53.6039
53.7743
54.07
54.2339
54.5384
54.7004
54.9829
55.1252
55.3734
55.4863
55.7052
55.8024
56.0138
56.117
56.3272
56.4277
56.617
56.6955
56.8579
56.9421
57.1204
57.2067
57.4522
57.5536
57.8512
57.9092
58.2826
58.1974
58.6957
58.5422
59.0814
58.8116
59.3737
59.091
59.7255
59.4302
60.0685
59.7007
60.3657
60.0417
60.6856
60.3217
61.0723
60.6549
61.4568
61.0018
61.7612
61.2252
61.8304
61.2698
61.8171
61.2602
61.7759
61.2047
61.8082
61.0875
61.6506
60.7897
61.3251
60.3216
60.8173
59.8154
60.1393
59.0194
59.378
58.0042
58.6344
56.9973
57.7103
55.8799
56.3737
54.481
54.3413
52.4058
51.6592
49.7826
48.2898
46.4248
44.7409
42.8337
40.9496
36.4909
27.2302
19.069
12.6762
7.97727
4.93352
3.1511
2.15163
1.61536
1.27013
1.06892
0.906986
0.783118
0.669034
0.612294
0.513585
0.538602
0.439682
0.241582
0.101899
87.0906
74.6464
67.243
63.68
61.7892
60.3538
59.1454
57.993
56.9631
55.9273
54.9762
53.984
53.0786
52.1296
51.2885
50.4085
49.6463
48.8528
48.1536
47.3637
47.353
47.3249
47.3116
47.3
47.2627
47.1924
47.114
47.0669
47.0722
47.1308
47.2269
47.3311
47.4204
47.4638
47.4563
47.3898
47.3175
47.2749
47.3268
47.329
47.353
47.3525
47.3606
47.2955
47.1544
46.9817
46.8113
46.6593
46.5279
46.416
46.3215
46.2479
46.1984
46.1655
46.1345
46.1137
46.1036
46.0895
46.0743
46.0634
46.0588
46.0611
46.0487
46.0183
45.9714
45.9063
45.8384
45.783
45.7378
45.6794
45.5926
45.4898
45.396
45.3293
45.2837
45.2374
45.1714
45.0825
44.9788
44.8676
44.7708
44.7189
44.7026
44.7199
44.7661
44.7837
44.7505
44.6808
44.5896
44.5014
44.4401
44.3969
44.3611
44.3312
44.3231
44.3317
44.3344
44.3465
44.3712
44.3931
44.4191
44.4448
44.465
44.4948
44.5287
44.5681
44.6089
44.6626
44.738
44.8232
44.9331
45.0711
45.2368
45.4097
45.5598
45.6837
45.7726
45.8199
45.8574
45.9339
46.0665
46.2627
46.5062
46.771
47.0148
47.223
47.4355
47.6622
47.888
48.0991
48.3061
48.5103
48.7006
48.8854
49.0525
49.2258
49.4339
49.6486
49.8621
50.079
50.309
50.565
50.8534
51.1721
51.5024
51.835
52.1764
52.5287
52.8909
53.2693
53.6552
54.0271
54.3667
54.6733
54.9673
55.2462
55.5086
55.7595
56.0071
56.2611
56.5213
56.791
57.0651
57.3328
57.5967
57.8562
58.1114
58.3805
58.6555
58.9276
59.197
59.4779
59.7908
60.1142
60.4348
60.76
61.0754
61.3595
61.6055
61.819
62.0286
62.2482
62.486
62.7455
63.0064
63.2486
63.4683
63.6665
63.8587
64.0632
64.2875
64.5228
64.755
64.9774
65.1912
65.3975
65.6029
65.8072
66.0081
66.2034
66.3957
66.585
66.7713
66.9486
67.1107
67.2546
67.381
67.4938
67.5981
67.6951
67.7855
67.871
67.9586
68.0539
68.1643
68.2957
68.4476
68.6074
68.7881
69.0006
69.2416
69.5164
69.7952
70.0782
70.3914
70.7257
71.0571
71.3847
71.7307
72.1096
72.5429
73.0461
73.62
74.2532
74.9246
75.5736
76.1338
76.4806
76.6598
76.8012
76.8012
76.6448
76.4049
76.1367
75.8832
75.6134
75.3218
74.9813
74.64
74.2663
73.9625
73.5682
73.2493
72.6453
72.0091
70.5832
68.7428
64.6362
58.1056
45.0323
-42.9808
-4.66025
-8.0839
-2.99576
-4.06138
-2.07431
-1.68665
-0.475291
0.061923
0.760364
1.1266
1.47368
1.54076
1.68161
1.59362
1.59391
1.52657
1.21567
0.810723
0.660191
)
;
    }
    frontAndBack
    {
        type            empty;
    }
}


// ************************************************************************* //
